    1   -0.00043   -0.03855    0.01039
    2    0.00102   -0.03271    0.01193
    3    0.00512   -0.02905    0.01284
    4    0.00476   -0.02452    0.01363
    5    0.00759   -0.02117    0.01503
    6    0.00724   -0.01802    0.01503
    7    0.00860   -0.01459    0.01571
    8    0.00937   -0.01233    0.01663
    9    0.00886   -0.00983    0.01529
   10    0.01066   -0.00742    0.01619
   11    0.01314   -0.00246    0.01610
   12    0.01540    0.00078    0.01653
   13    0.01672    0.00456    0.01356
   14    0.01861    0.00717    0.01396
   15    0.01759    0.00553    0.01129
   16    0.01623    0.00491    0.01062
   17    0.01594    0.00200    0.00915
   18    0.01474   -0.00301    0.00979
   19    0.01476   -0.00599    0.00757
   20    0.01545   -0.00744    0.00906
   21    0.01591   -0.00433    0.00927
   22    0.01710    0.00034    0.00791
   23    0.01642    0.00229    0.00751
   24    0.01496    0.00044    0.01013
   25    0.01411    0.00064    0.01187
   26    0.01361   -0.00129    0.01486
   27    0.01279   -0.00413    0.01680
   28    0.01415   -0.00140    0.01835
   29    0.01469    0.00262    0.01640
   30    0.01362    0.00627    0.01700
   31    0.01518    0.01029    0.01558
   32    0.01373    0.00972    0.01487
   33    0.01647    0.01538    0.01333
   34    0.01575    0.02175    0.01587
   35    0.02273    0.02467    0.01544
   36    0.02184    0.03146    0.01800
   37    0.01724    0.03166    0.01776
   38    0.01649    0.03671    0.01936
   39    0.01762    0.03253    0.01716
   40    0.01125    0.03259    0.01671
   41    0.00482    0.02845    0.01396
   42    0.00169    0.03202    0.01577
   43   -0.00414    0.03251    0.01432
   44   -0.00687    0.03063    0.01414
   45   -0.01187    0.03458    0.01483
   46   -0.01100    0.03806    0.01448
   47   -0.01080    0.03201    0.01074
   48   -0.00706    0.02917    0.00938
   49   -0.00569    0.02373    0.00758
   50   -0.00735    0.01885    0.00374
   51   -0.00428    0.01747    0.00618
   52   -0.00570    0.01251    0.00410
   53   -0.00445    0.01205    0.00710
   54   -0.00701    0.00662    0.00690
   55   -0.00878    0.00606    0.00319
   56   -0.00753    0.00769    0.00174
   57   -0.00872    0.00899   -0.00120
   58   -0.01091    0.00588   -0.00405
   59   -0.01165    0.00377   -0.00301
   60   -0.01141    0.00634   -0.00356
   61   -0.01222    0.00693   -0.00681
   62   -0.01273    0.00385   -0.00895
   63   -0.01269    0.00237   -0.00870
   64   -0.01278   -0.00007   -0.00577
   65   -0.01293   -0.00307   -0.00632
   66   -0.01294   -0.00163   -0.00188
   67   -0.01196    0.00266   -0.00274
   68   -0.01165    0.00416   -0.00423
   69   -0.01227    0.00506   -0.00674
   70   -0.01223    0.00521   -0.00920
   71   -0.01202    0.01011   -0.00484
   72   -0.01166    0.01351   -0.00413
   73   -0.01236    0.01827   -0.00405
   74   -0.01355    0.01981   -0.00695
   75   -0.01363    0.02296   -0.00184
   76   -0.01124    0.02320    0.00268
   77   -0.00959    0.02528    0.00688
   78   -0.00649    0.02106    0.00622
   79   -0.00508    0.01720    0.00502
   80   -0.00112    0.01705    0.00724
   81   -0.00015    0.01330    0.00750
   82    0.00450    0.01274    0.00986
   83    0.00767    0.00947    0.01145
   84    0.00340    0.00598    0.01209
   85   -0.00473    0.00681    0.00719
   86   -0.00973    0.00301    0.00580
   87   -0.01266    0.00129    0.00229
   88   -0.01160    0.00253   -0.00231
   89   -0.01298    0.00149   -0.00541
   90   -0.01331   -0.00163   -0.00352
   91   -0.01361    0.00067   -0.00767
   92   -0.01421    0.00447   -0.00823
   93   -0.01411    0.00628   -0.00940
   94   -0.01350    0.00785   -0.00993
   95   -0.01301    0.00732   -0.00846
   96   -0.01175    0.00874   -0.00959
   97   -0.00894    0.00880   -0.00781
   98   -0.00908    0.00876   -0.00552
   99   -0.00672    0.01025   -0.00256
  100   -0.00832    0.01034   -0.00419
  101   -0.01061    0.01105   -0.00592
  102   -0.00828    0.01189   -0.00171
  103   -0.00834    0.01338   -0.00142
  104   -0.01132    0.01432   -0.00399
  105   -0.01093    0.01464   -0.00336
  106   -0.00855    0.01650    0.00162
  107   -0.01102    0.01978    0.00119
  108   -0.01372    0.02032   -0.00313
  109   -0.01601    0.02416   -0.00448
  110   -0.01487    0.02151   -0.00989
  111   -0.01407    0.01600   -0.01092
  112   -0.01339    0.01289   -0.01501
  113   -0.01310    0.00867   -0.01508
  114   -0.01277    0.00697   -0.01980
  115   -0.01260    0.00436   -0.02195
  116   -0.01209    0.00599   -0.02364
  117   -0.01156    0.00297   -0.02464
  118   -0.01159    0.00027   -0.02501
  119   -0.01144   -0.00291   -0.02395
  120   -0.01066   -0.00551   -0.02750
  121   -0.01017   -0.00302   -0.03033
  122   -0.01027   -0.00043   -0.02862
  123   -0.01012   -0.00222   -0.02783
  124   -0.00921   -0.00462   -0.03105
  125   -0.00892   -0.00422   -0.03057
  126   -0.00993   -0.00406   -0.02669
  127   -0.01060   -0.00658   -0.02442
  128   -0.01121   -0.00565   -0.02239
  129   -0.01167   -0.00938   -0.02082
  130   -0.01142   -0.00888   -0.01869
  131   -0.01199   -0.00540   -0.01666
  132   -0.01180   -0.00655   -0.01296
  133   -0.01218   -0.00580   -0.01022
  134   -0.01299   -0.00696   -0.00684
  135   -0.01303   -0.00367   -0.00550
  136   -0.01292   -0.00495   -0.00515
  137   -0.01303   -0.00877   -0.00304
  138   -0.01311   -0.00890   -0.00344
  139   -0.01391   -0.01334   -0.00286
  140   -0.01440   -0.01741   -0.00253
  141   -0.01238   -0.01459   -0.00679
  142   -0.01159   -0.00990   -0.00843
  143   -0.01213   -0.00752   -0.00916
  144   -0.01259   -0.00402   -0.01071
  145   -0.01278   -0.00104   -0.01073
  146   -0.01280   -0.00056   -0.01280
  147   -0.01285    0.00260   -0.01445
  148   -0.01268    0.00154   -0.01615
  149   -0.01219   -0.00079   -0.01837
  150   -0.01205   -0.00139   -0.01781
  151   -0.01124   -0.00182   -0.02121
  152   -0.01104   -0.00339   -0.02164
  153   -0.01008   -0.00431   -0.02442
  154   -0.00962   -0.00719   -0.02692
  155   -0.00929   -0.01039   -0.02706
  156   -0.00877   -0.00741   -0.02763
  157   -0.00843   -0.00471   -0.02872
  158   -0.00921   -0.00145   -0.02698
  159   -0.00871   -0.00014   -0.02915
  160   -0.00964    0.00311   -0.02757
  161   -0.01006    0.00342   -0.02678
  162   -0.01000    0.00524   -0.02737
  163   -0.01053    0.00514   -0.02747
  164   -0.01071    0.00785   -0.02753
  165   -0.01123    0.00900   -0.02748
  166   -0.01063    0.01216   -0.02929
  167   -0.01111    0.01410   -0.02787
  168   -0.01139    0.01528   -0.03048
  169   -0.01220    0.01646   -0.02614
  170   -0.01214    0.02139   -0.02594
  171   -0.01357    0.01965   -0.01997
  172   -0.01369    0.01603   -0.01814
  173   -0.01323    0.01262   -0.01856
  174   -0.01319    0.01061   -0.01504
  175   -0.01256    0.00847   -0.01742
  176   -0.01282    0.00699   -0.01517
  177   -0.01264    0.00530   -0.01649
  178   -0.01270    0.00478   -0.01521
  179   -0.01257    0.00587   -0.01652
  180   -0.01243    0.00412   -0.01577
  181   -0.01346    0.00589   -0.01553
  182   -0.01329    0.00373   -0.01558
  183   -0.01484    0.00430   -0.01457
  184   -0.01466    0.00364   -0.01632
  185   -0.01488    0.00381   -0.01826
  186   -0.01310   -0.00053   -0.01884
  187   -0.01257   -0.00110   -0.01758
  188   -0.01230    0.00128   -0.01938
  189   -0.01169   -0.00105   -0.02153
  190   -0.01104   -0.00493   -0.02014
  191   -0.01110   -0.00319   -0.02000
  192   -0.01078   -0.00082   -0.02233
  193   -0.01030   -0.00151   -0.02421
  194   -0.00992    0.00182   -0.02496
  195   -0.01124    0.00395   -0.02281
  196   -0.01117    0.00771   -0.02158
  197   -0.01088    0.00743   -0.02178
  198   -0.01106    0.00912   -0.02172
  199   -0.01111    0.00825   -0.02168
  200   -0.01041    0.00953   -0.02201
  201   -0.01069    0.00919   -0.02195
  202   -0.00987    0.00943   -0.02193
  203   -0.00960    0.00985   -0.02266
  204   -0.00826    0.00898   -0.02126
  205   -0.00886    0.00896   -0.01916
  206   -0.00965    0.00876   -0.01905
  207   -0.00943    0.00943   -0.01982
  208   -0.01003    0.01035   -0.01922
  209   -0.01057    0.01122   -0.02034
  210   -0.01184    0.01044   -0.01961
  211   -0.01232    0.01066   -0.01942
  212   -0.01309    0.00847   -0.01793
  213   -0.01440    0.00954   -0.01639
  214   -0.01474    0.00757   -0.01633
  215   -0.01664    0.00858   -0.01429
  216   -0.01767    0.00802   -0.01341
  217   -0.01798    0.00941   -0.01327
  218   -0.01975    0.00967   -0.01381
  219   -0.01751    0.00669   -0.01199
  220   -0.01639    0.00524   -0.00881
  221   -0.01350   -0.00011   -0.00362
  222   -0.01445   -0.00018   -0.00804
  223   -0.01420    0.00232   -0.01022
  224   -0.01587    0.00530   -0.01239
  225   -0.01472    0.00414   -0.01266
  226   -0.01434    0.00549   -0.01185
  227   -0.01343    0.00461   -0.01215
  228   -0.01338    0.00650   -0.01227
  229   -0.01341    0.00650   -0.01208
  230   -0.01274    0.00758   -0.01340
  231   -0.01266    0.00865   -0.01381
  232   -0.01178    0.00993   -0.01611
  233   -0.01261    0.01166   -0.01634
  234   -0.01151    0.01217   -0.02083
  235   -0.01125    0.01551   -0.02153
  236   -0.01034    0.01977   -0.02503
  237   -0.00846    0.01847   -0.02872
  238   -0.00839    0.01518   -0.02672
  239   -0.00983    0.01282   -0.02734
  240   -0.01013    0.01003   -0.02465
  241   -0.01034    0.00919   -0.02518
  242   -0.01066    0.00733   -0.02416
  243   -0.01027    0.00730   -0.02443
  244   -0.01067    0.00598   -0.02373
  245   -0.01010    0.00452   -0.02417
  246   -0.01099    0.00309   -0.02220
  247   -0.01167    0.00335   -0.01949
  248   -0.01183    0.00357   -0.02004
  249   -0.01238    0.00222   -0.01780
  250   -0.01186    0.00290   -0.02023
  251   -0.01223    0.00418   -0.01945
  252   -0.01235    0.00242   -0.01991
  253   -0.01272    0.00449   -0.01789
  254   -0.01279    0.00744   -0.01763
  255   -0.01302    0.01050   -0.01542
  256   -0.01340    0.01341   -0.01715
  257   -0.01443    0.01703   -0.01306
  258   -0.01672    0.02147   -0.01108
  259   -0.01571    0.02026   -0.00653
  260   -0.01512    0.02281   -0.00183
  261   -0.01441    0.02079    0.00023
  262   -0.01004    0.01832    0.00385
  263   -0.00723    0.01876    0.00557
  264   -0.00344    0.01656    0.00629
  265   -0.00161    0.01531    0.00567
  266    0.00304    0.01683    0.00864
  267    0.00556    0.01423    0.00904
  268    0.00988    0.01735    0.01138
  269    0.01287    0.01978    0.01267
  270    0.01236    0.02478    0.01380
  271    0.00912    0.02858    0.01458
  272    0.00389    0.02879    0.01373
  273    0.00475    0.03574    0.01695
  274    0.00064    0.04034    0.01846
  275    0.00111    0.04203    0.02022
  276   -0.00313    0.03962    0.01912
  277   -0.00188    0.03489    0.01793
  278   -0.00430    0.03052    0.01694
  279    0.00104    0.02694    0.01549
  280    0.00348    0.02592    0.01446
  281    0.00894    0.02285    0.01353
  282    0.00996    0.02069    0.01216
  283    0.01477    0.02355    0.01401
  284    0.01296    0.02877    0.01583
  285    0.00795    0.03101    0.01680
  286    0.00819    0.03000    0.01762
  287    0.00568    0.03150    0.01941
  288    0.00336    0.02465    0.01846
  289    0.00398    0.02176    0.02057
  290    0.00831    0.01687    0.01746
  291    0.00711    0.01163    0.01504
  292    0.01093    0.01308    0.01293
  293    0.01424    0.01751    0.01283
  294    0.01870    0.01722    0.01048
  295    0.01882    0.02093    0.01243
  296    0.01559    0.01747    0.01120
  297    0.01179    0.01349    0.00871
  298    0.00779    0.01484    0.00876
  299    0.00524    0.01874    0.01114
  300    0.00014    0.02047    0.01139
  301   -0.00304    0.02280    0.01300
  302   -0.00381    0.02132    0.01465
  303    0.00223    0.01947    0.01443
  304    0.00633    0.01579    0.01421
  305    0.00721    0.01148    0.01089
  306    0.01146    0.01229    0.00930
  307    0.01465    0.00978    0.00720
  308    0.01917    0.01018    0.00520
  309    0.02016    0.01065    0.00746
  310    0.02442    0.01403    0.00858
  311    0.02155    0.01263    0.01087
  312    0.01716    0.00824    0.01102
  313    0.01641    0.00740    0.01188
  314    0.01352    0.00329    0.01222
  315    0.01373    0.00035    0.01410
  316    0.01292   -0.00233    0.01712
  317    0.01257   -0.00518    0.01790
  318    0.01167   -0.00622    0.01549
  319    0.01147   -0.00471    0.01364
  320    0.01068   -0.00526    0.01375
  321    0.00818   -0.00728    0.01217
  322    0.00541   -0.00815    0.01206
  323    0.00344   -0.00779    0.00991
  324    0.01137   -0.01077    0.01307
  325    0.01143   -0.01152    0.01309
  326    0.01089   -0.01286    0.01414
  327    0.01060   -0.01403    0.01550
  328    0.00946   -0.01462    0.01490
  329    0.00898   -0.01209    0.01397
  330    0.00856   -0.01166    0.01396
  331    0.00933   -0.01477    0.01594
  332    0.00742   -0.01753    0.01602
  333    0.00597   -0.01622    0.01441
  334    0.00482   -0.01477    0.01402
  335    0.00452   -0.01252    0.01250
  336    0.00615   -0.01211    0.01340
  337    0.00608   -0.01489    0.01416
  338    0.00723   -0.01379    0.01476
  339    0.00697   -0.01840    0.01485
  340    0.00934   -0.01815    0.01690
  341    0.01204   -0.01549    0.01955
  342    0.01219   -0.01673    0.02138
  343    0.01222   -0.01496    0.02026
  344    0.01135   -0.01253    0.01863
  345    0.01116   -0.01610    0.01751
  346    0.01051   -0.02052    0.01689
  347    0.00887   -0.02397    0.01502
  348    0.00562   -0.02672    0.01336
  349    0.00401   -0.03256    0.01143
  350   -0.00082   -0.03749    0.00957
  351   -0.00072   -0.04399    0.00789
  352   -0.00497   -0.05434    0.00503
  353   -0.00094   -0.05765    0.00665
  354   -0.00329   -0.05012    0.00759
  355   -0.00108   -0.03825    0.00921
  356    0.00384   -0.03210    0.01194
  357    0.00744   -0.02602    0.01477
  358    0.01060   -0.02614    0.01658
  359    0.01187   -0.02144    0.01845
  360    0.01328   -0.02207    0.01829
  361    0.01363   -0.02134    0.02041
  362    0.01517   -0.02098    0.01826
  363    0.01316   -0.01676    0.01757
  364    0.01282   -0.01525    0.01926
  365    0.01130   -0.01449    0.02174
  366    0.01066   -0.01300    0.01866
  367    0.01140   -0.01049    0.01875
  368    0.01020   -0.00878    0.02225
  369    0.00894   -0.00933    0.02176
  370    0.00889   -0.00819    0.01898
  371    0.01024   -0.00496    0.01927
  372    0.00910   -0.00367    0.02160
  373    0.00674   -0.00458    0.01979
  374    0.00746   -0.00270    0.01699
  375    0.00855    0.00088    0.01722
  376    0.00477    0.00190    0.01950
  377    0.00339   -0.00022    0.01717
  378    0.00602    0.00230    0.01517
  379    0.00551    0.00703    0.01777
  380    0.00068    0.00480    0.01926
  381   -0.00078    0.00297    0.01708
  382    0.00071    0.00670    0.01604
  383   -0.00316    0.00914    0.01843
  384   -0.00312    0.01125    0.01514
  385   -0.00695    0.01338    0.01345
  386   -0.00731    0.01837    0.01207
  387   -0.00408    0.01630    0.00981
  388   -0.00248    0.01631    0.00835
  389    0.00122    0.01311    0.00683
  390    0.00167    0.01263    0.00581
  391   -0.00056    0.01034    0.00230
  392   -0.00068    0.00994    0.00150
  393   -0.00105    0.00864   -0.00314
  394   -0.00435    0.00993   -0.00626
  395   -0.00627    0.01088   -0.01047
  396   -0.00435    0.00976   -0.00957
  397   -0.00143    0.00705   -0.00801
  398    0.00028    0.00832   -0.00958
  399    0.00089    0.00566   -0.00820
  400    0.00039    0.00470   -0.00456
  401    0.00240    0.00694   -0.00489
  402    0.00422    0.00554   -0.00739
  403    0.00194    0.00316   -0.00589
  404    0.00273    0.00485   -0.00224
  405    0.00588    0.00548   -0.00406
  406    0.00633    0.00254   -0.00585
  407    0.00401    0.00249   -0.00128
  408    0.00673    0.00612    0.00101
  409    0.01032    0.00446   -0.00212
  410    0.00775    0.00092   -0.00263
  411    0.00651    0.00258    0.00233
  412    0.01094    0.00492    0.00264
  413    0.01196    0.00136   -0.00088
  414    0.00815   -0.00016    0.00112
  415    0.00930    0.00304    0.00499
  416    0.01363    0.00337    0.00413
  417    0.01304   -0.00101    0.00176
  418    0.00991   -0.00140    0.00500
  419    0.01141    0.00166    0.00770
  420    0.01447    0.00073    0.00576
  421    0.01261   -0.00252    0.00502
  422    0.01026   -0.00208    0.00760
  423    0.01247    0.00019    0.00896
  424    0.01343   -0.00233    0.00760
  425    0.01137   -0.00492    0.00846
  426    0.01056   -0.00364    0.01080
  427    0.01258   -0.00257    0.01165
  428    0.01240   -0.00606    0.01135
  429    0.01104   -0.00719    0.01248
  430    0.01160   -0.00612    0.01443
  431    0.01180   -0.00648    0.01372
  432    0.01116   -0.00937    0.01321
  433    0.01094   -0.00925    0.01427
  434    0.01106   -0.01040    0.01515
  435    0.01048   -0.01168    0.01414
  436    0.01094   -0.01262    0.01442
  437    0.01163   -0.01396    0.01551
  438    0.01064   -0.01562    0.01591
  439    0.01099   -0.01632    0.01532
  440    0.01227   -0.01677    0.01532
  441    0.01220   -0.01970    0.01634
  442    0.01064   -0.01957    0.01549
  443    0.01242   -0.01846    0.01487
  444    0.01429   -0.02130    0.01511
  445    0.01267   -0.02407    0.01487
  446    0.01253   -0.02189    0.01474
  447    0.01591   -0.02059    0.01347
  448    0.01567   -0.02682    0.01357
  449    0.01300   -0.02882    0.01397
  450    0.01447   -0.02492    0.01412
  451    0.01373   -0.02707    0.01503
  452    0.01097   -0.03182    0.01334
  453    0.00771   -0.02979    0.01455
  454    0.00564   -0.02745    0.01604
  455    0.00618   -0.02384    0.01629
  456    0.00242   -0.02431    0.01664
  457    0.00339   -0.02108    0.01608
  458    0.00276   -0.01963    0.01412
  459    0.00543   -0.01974    0.01429
  460    0.00362   -0.02406    0.01413
  461    0.00475   -0.02729    0.01464
  462    0.00183   -0.03115    0.01426
  463    0.00425   -0.03444    0.01267
  464    0.00405   -0.03570    0.01237
  465    0.00602   -0.03996    0.00989
  466    0.00571   -0.04366    0.00780
  467    0.00796   -0.04193    0.00889
  468    0.00847   -0.04652    0.00710
  469    0.01050   -0.04599    0.00877
  470    0.01595   -0.04692    0.00876
  471    0.01456   -0.04204    0.00951
  472    0.01176   -0.03790    0.01106
  473    0.01558   -0.03855    0.01171
  474    0.01857   -0.03808    0.01197
  475    0.01523   -0.03303    0.01346
  476    0.01498   -0.03071    0.01487
  477    0.01803   -0.03200    0.01573
  478    0.01716   -0.02957    0.01529
  479    0.01941   -0.03404    0.01390
  480    0.01697   -0.03418    0.01306
  481    0.01994   -0.03748    0.01133
  482    0.01768   -0.03435    0.01146
  483    0.02151   -0.03606    0.00968
  484    0.01994   -0.04126    0.00886
  485    0.01521   -0.03967    0.00929
  486    0.01592   -0.03599    0.01059
  487    0.01818   -0.03925    0.00852
  488    0.01187   -0.04127    0.00835
  489    0.00926   -0.03677    0.01129
  490    0.01287   -0.03416    0.01250
  491    0.01063   -0.03738    0.01115
  492    0.00533   -0.03748    0.01169
  493    0.00734   -0.03176    0.01563
  494    0.00968   -0.03103    0.01851
  495    0.00461   -0.03413    0.01737
  496    0.00183   -0.03213    0.02009
  497    0.00375   -0.02697    0.02643
  498    0.00176   -0.02760    0.03148
  499    0.03611   -0.00761    0.00607
  500    0.03044   -0.00943    0.00730
  501    0.02726   -0.01024    0.01059
  502    0.02292   -0.01154    0.00989
  503    0.01923   -0.01280    0.01156
  504    0.01648   -0.01310    0.01065
  505    0.01327   -0.01387    0.01131
  506    0.01083   -0.01430    0.01146
  507    0.00926   -0.01350    0.01016
  508    0.00680   -0.01398    0.01154
  509    0.00308   -0.01376    0.01304
  510   -0.00126   -0.01378    0.01512
  511   -0.00579   -0.01086    0.01535
  512   -0.00842   -0.01058    0.01678
  513   -0.00693   -0.00822    0.01582
  514   -0.00628   -0.00807    0.01480
  515   -0.00281   -0.00720    0.01487
  516    0.00188   -0.00801    0.01452
  517    0.00479   -0.00588    0.01485
  518    0.00625   -0.00719    0.01589
  519    0.00321   -0.00729    0.01583
  520   -0.00054   -0.00605    0.01613
  521   -0.00332   -0.00541    0.01466
  522   -0.00228   -0.00808    0.01404
  523   -0.00174   -0.00972    0.01334
  524    0.00037   -0.01264    0.01348
  525    0.00321   -0.01437    0.01336
  526    0.00025   -0.01575    0.01451
  527   -0.00394   -0.01401    0.01441
  528   -0.00715   -0.01483    0.01331
  529   -0.01137   -0.01369    0.01392
  530   -0.01020   -0.01274    0.01281
  531   -0.01651   -0.01048    0.01474
  532   -0.02327   -0.01305    0.01419
  533   -0.02878   -0.01181    0.01967
  534   -0.03612   -0.01541    0.01805
  535   -0.03595   -0.01600    0.01348
  536   -0.04088   -0.01697    0.01239
  537   -0.03634   -0.01472    0.01386
  538   -0.03582   -0.01565    0.00751
  539   -0.03026   -0.01385    0.00165
  540   -0.03276   -0.01607   -0.00206
  541   -0.03302   -0.01591   -0.00837
  542   -0.03023   -0.01553   -0.01113
  543   -0.03073   -0.01560   -0.01790
  544   -0.03579   -0.01638   -0.01707
  545   -0.03097   -0.01268   -0.01536
  546   -0.02881   -0.01184   -0.01064
  547   -0.02344   -0.00916   -0.00902
  548   -0.01830   -0.00565   -0.01002
  549   -0.01758   -0.00737   -0.00615
  550   -0.01245   -0.00531   -0.00709
  551   -0.01273   -0.00813   -0.00491
  552   -0.00712   -0.00810   -0.00709
  553   -0.00618   -0.00443   -0.00904
  554   -0.00780   -0.00277   -0.00841
  555   -0.00835   -0.00005   -0.01067
  556   -0.00506    0.00256   -0.01251
  557   -0.00305    0.00156   -0.01251
  558   -0.00546    0.00195   -0.01310
  559   -0.00580    0.00494   -0.01484
  560   -0.00266    0.00706   -0.01506
  561   -0.00074    0.00734   -0.01471
  562    0.00096    0.00397   -0.01371
  563    0.00381    0.00385   -0.01337
  564    0.00099   -0.00060   -0.01247
  565   -0.00262    0.00089   -0.01245
  566   -0.00220    0.00362   -0.01364
  567   -0.00563    0.00322   -0.01389
  568   -0.00713    0.00588   -0.01548
  569   -0.01088    0.00291   -0.01543
  570   -0.01347   -0.00052   -0.01398
  571   -0.01741    0.00047   -0.01595
  572   -0.01706    0.00341   -0.01836
  573   -0.02091   -0.00133   -0.01828
  574   -0.02180   -0.00552   -0.01536
  575   -0.02452   -0.00864   -0.01345
  576   -0.02063   -0.00757   -0.00955
  577   -0.01704   -0.00615   -0.00738
  578   -0.01813   -0.00791   -0.00321
  579   -0.01438   -0.00730   -0.00203
  580   -0.01488   -0.00881    0.00318
  581   -0.01251   -0.00941    0.00729
  582   -0.00840   -0.01024    0.00641
  583   -0.00767   -0.00721   -0.00419
  584   -0.00333   -0.00649   -0.00893
  585   -0.00070   -0.00421   -0.01223
  586   -0.00202    0.00038   -0.01201
  587   -0.00055    0.00360   -0.01443
  588    0.00254    0.00152   -0.01351
  589    0.00067    0.00542   -0.01506
  590   -0.00284    0.00610   -0.01615
  591   -0.00470    0.00724   -0.01675
  592   -0.00628    0.00769   -0.01658
  593   -0.00594    0.00650   -0.01566
  594   -0.00711    0.00803   -0.01471
  595   -0.00761    0.00654   -0.01207
  596   -0.00801    0.00423   -0.01200
  597   -0.00956    0.00165   -0.00893
  598   -0.00925    0.00300   -0.01084
  599   -0.00968    0.00428   -0.01370
  600   -0.01109    0.00044   -0.01088
  601   -0.01253    0.00002   -0.01110
  602   -0.01261    0.00194   -0.01469
  603   -0.01307    0.00139   -0.01436
  604   -0.01565   -0.00309   -0.01176
  605   -0.01857   -0.00364   -0.01483
  606   -0.01837    0.00040   -0.01841
  607   -0.02179    0.00049   -0.02174
  608   -0.01911    0.00598   -0.02065
  609   -0.01399    0.00763   -0.01919
  610   -0.01106    0.01230   -0.01847
  611   -0.00710    0.01309   -0.01743
  612   -0.00555    0.01800   -0.01785
  613   -0.00294    0.02028   -0.01758
  614   -0.00453    0.02210   -0.01765
  615   -0.00161    0.02335   -0.01695
  616    0.00099    0.02415   -0.01674
  617    0.00377    0.02258   -0.01601
  618    0.00569    0.02666   -0.01577
  619    0.00330    0.02949   -0.01611
  620    0.00108    0.02734   -0.01625
  621    0.00286    0.02669   -0.01566
  622    0.00486    0.03015   -0.01501
  623    0.00429    0.02903   -0.01485
  624    0.00467    0.02520   -0.01513
  625    0.00731    0.02307   -0.01493
  626    0.00657    0.02102   -0.01528
  627    0.01015    0.01955   -0.01486
  628    0.00973    0.01749   -0.01451
  629    0.00620    0.01521   -0.01506
  630    0.00723    0.01158   -0.01371
  631    0.00675    0.00842   -0.01336
  632    0.00778    0.00527   -0.01280
  633    0.00493    0.00336   -0.01336
  634    0.00572    0.00354   -0.01312
  635    0.00879    0.00192   -0.01185
  636    0.00905    0.00250   -0.01205
  637    0.01350    0.00122   -0.01223
  638    0.01556    0.00053   -0.01168
  639    0.01402    0.00496   -0.01087
  640    0.00989    0.00732   -0.01152
  641    0.00797    0.00812   -0.01259
  642    0.00475    0.00892   -0.01410
  643    0.00182    0.00891   -0.01469
  644    0.00149    0.01097   -0.01512
  645   -0.00123    0.01277   -0.01604
  646   -0.00019    0.01433   -0.01617
  647    0.00198    0.01672   -0.01588
  648    0.00239    0.01618   -0.01572
  649    0.00280    0.01963   -0.01554
  650    0.00441    0.02009   -0.01526
  651    0.00498    0.02284   -0.01480
  652    0.00772    0.02566   -0.01451
  653    0.01103    0.02663   -0.01377
  654    0.00755    0.02581   -0.01406
  655    0.00469    0.02689   -0.01421
  656    0.00179    0.02482   -0.01502
  657    0.00048    0.02664   -0.01553
  658   -0.00234    0.02544   -0.01598
  659   -0.00251    0.02523   -0.01635
  660   -0.00417    0.02562   -0.01666
  661   -0.00413    0.02569   -0.01711
  662   -0.00664    0.02620   -0.01755
  663   -0.00772    0.02602   -0.01805
  664   -0.01080    0.02834   -0.01819
  665   -0.01293    0.02615   -0.01831
  666   -0.01379    0.02888   -0.01958
  667   -0.01472    0.02431   -0.01983
  668   -0.02020    0.02390   -0.02061
  669   -0.01853    0.01773   -0.02078
  670   -0.01430    0.01543   -0.02042
  671   -0.01089    0.01640   -0.01898
  672   -0.00928    0.01332   -0.01809
  673   -0.00689    0.01564   -0.01733
  674   -0.00544    0.01328   -0.01695
  675   -0.00379    0.01469   -0.01678
  676   -0.00347    0.01352   -0.01660
  677   -0.00440    0.01458   -0.01682
  678   -0.00281    0.01351   -0.01632
  679   -0.00420    0.01316   -0.01766
  680   -0.00219    0.01321   -0.01724
  681   -0.00283    0.01166   -0.01901
  682   -0.00179    0.01319   -0.01907
  683   -0.00228    0.01474   -0.02016
  684    0.00166    0.01596   -0.01826
  685    0.00248    0.01546   -0.01637
  686    0.00016    0.01690   -0.01706
  687    0.00188    0.01921   -0.01659
  688    0.00544    0.01852   -0.01543
  689    0.00402    0.01821   -0.01511
  690    0.00162    0.02038   -0.01572
  691    0.00223    0.02216   -0.01561
  692   -0.00093    0.02264   -0.01590
  693   -0.00264    0.01954   -0.01735
  694   -0.00611    0.01893   -0.01742
  695   -0.00594    0.01958   -0.01725
  696   -0.00731    0.01950   -0.01722
  697   -0.00670    0.01967   -0.01703
  698   -0.00807    0.02043   -0.01671
  699   -0.00750    0.02012   -0.01654
  700   -0.00819    0.02098   -0.01585
  701   -0.00869    0.02170   -0.01575
  702   -0.00833    0.02098   -0.01393
  703   -0.00753    0.01836   -0.01419
  704   -0.00771    0.01808   -0.01468
  705   -0.00822    0.01877   -0.01496
  706   -0.00874    0.01752   -0.01550
  707   -0.00954    0.01848   -0.01670
  708   -0.00836    0.01734   -0.01728
  709   -0.00870    0.01700   -0.01807
  710   -0.00672    0.01541   -0.01828
  711   -0.00738    0.01338   -0.01940
  712   -0.00576    0.01297   -0.01989
  713   -0.00636    0.01082   -0.02127
  714   -0.00576    0.00994   -0.02199
  715   -0.00745    0.01024   -0.02223
  716   -0.00756    0.01096   -0.02377
  717   -0.00511    0.00902   -0.02014
  718   -0.00414    0.00671   -0.01865
  719    0.00010    0.00271   -0.01483
  720    0.00035    0.00636   -0.01641
  721   -0.00071    0.00754   -0.01655
  722   -0.00355    0.01018   -0.01958
  723   -0.00263    0.01017   -0.01814
  724   -0.00403    0.00957   -0.01765
  725   -0.00315    0.01004   -0.01664
  726   -0.00499    0.01008   -0.01681
  727   -0.00491    0.00954   -0.01667
  728   -0.00591    0.01106   -0.01638
  729   -0.00704    0.01175   -0.01677
  730   -0.00867    0.01417   -0.01659
  731   -0.01003    0.01420   -0.01773
  732   -0.01069    0.01906   -0.01764
  733   -0.01417    0.01996   -0.01812
  734   -0.01800    0.02390   -0.01857
  735   -0.01869    0.02943   -0.01727
  736   -0.01444    0.02579   -0.01630
  737   -0.01148    0.02628   -0.01728
  738   -0.00849    0.02323   -0.01673
  739   -0.00797    0.02391   -0.01696
  740   -0.00618    0.02264   -0.01685
  741   -0.00591    0.02292   -0.01660
  742   -0.00466    0.02194   -0.01664
  743   -0.00353    0.02231   -0.01614
  744   -0.00184    0.02032   -0.01630
  745   -0.00220    0.01760   -0.01638
  746   -0.00245    0.01829   -0.01662
  747   -0.00088    0.01619   -0.01642
  748   -0.00186    0.01861   -0.01656
  749   -0.00275    0.01765   -0.01676
  750   -0.00117    0.01842   -0.01671
  751   -0.00306    0.01615   -0.01697
  752   -0.00594    0.01607   -0.01752
  753   -0.00893    0.01366   -0.01789
  754   -0.01194    0.01510   -0.01914
  755   -0.01472    0.01026   -0.02016
  756   -0.01865    0.00731   -0.02303
  757   -0.01786    0.00333   -0.02044
  758   -0.02047   -0.00153   -0.01969
  759   -0.01939   -0.00419   -0.01811
  760   -0.01627   -0.00728   -0.01192
  761   -0.01815   -0.00781   -0.00964
  762   -0.01610   -0.00686   -0.00598
  763   -0.01558   -0.00589   -0.00386
  764   -0.01814   -0.00803    0.00074
  765   -0.01614   -0.00791    0.00405
  766   -0.02024   -0.00953    0.00803
  767   -0.02312   -0.01037    0.01132
  768   -0.02812   -0.01189    0.01049
  769   -0.03066   -0.01377    0.00694
  770   -0.03024   -0.01370    0.00091
  771   -0.03719   -0.01713    0.00079
  772   -0.04182   -0.01993   -0.00379
  773   -0.04305   -0.02108   -0.00237
  774   -0.04035   -0.02118   -0.00736
  775   -0.03584   -0.01912   -0.00543
  776   -0.03075   -0.01875   -0.00769
  777   -0.02755   -0.01603   -0.00150
  778   -0.02691   -0.01433    0.00106
  779   -0.02452   -0.01217    0.00688
  780   -0.02298   -0.01072    0.00822
  781   -0.02669   -0.01142    0.01356
  782   -0.03104   -0.01400    0.01009
  783   -0.03262   -0.01581    0.00545
  784   -0.03175   -0.01685    0.00557
  785   -0.03542   -0.01982    0.00251
  786   -0.02693   -0.01876    0.00280
  787   -0.02183   -0.02030    0.00314
  788   -0.01672   -0.01668    0.00755
  789   -0.01204   -0.01417    0.00687
  790   -0.01408   -0.01099    0.01037
  791   -0.01891   -0.01032    0.01285
  792   -0.02018   -0.00732    0.01683
  793   -0.02429   -0.00944    0.01630
  794   -0.02000   -0.00848    0.01389
  795   -0.01506   -0.00659    0.01041
  796   -0.01607   -0.00784    0.00681
  797   -0.01981   -0.01054    0.00346
  798   -0.02093   -0.01179   -0.00201
  799   -0.02253   -0.01420   -0.00508
  800   -0.02056   -0.01652   -0.00454
  801   -0.02011   -0.01460    0.00137
  802   -0.01664   -0.01340    0.00568
  803   -0.01237   -0.00975    0.00679
  804   -0.01361   -0.00724    0.01054
  805   -0.01134   -0.00475    0.01328
  806   -0.01230   -0.00211    0.01755
  807   -0.01237   -0.00450    0.01842
  808   -0.01778   -0.00432    0.02205
  809   -0.01468   -0.00742    0.01928
  810   -0.01020   -0.00834    0.01602
  811   -0.00798   -0.00988    0.01476
  812   -0.00415   -0.01052    0.01294
  813   -0.00144   -0.01220    0.01363
  814    0.00130   -0.01494    0.01347
  815    0.00391   -0.01584    0.01365
  816    0.00562   -0.01380    0.01251
  817    0.00388   -0.01197    0.01201
  818    0.00468   -0.01216    0.01115
  819    0.00751   -0.01122    0.00881
  820    0.00868   -0.01132    0.00644
  821    0.00955   -0.00998    0.00328
  822    0.00915   -0.01169    0.01319
  823    0.01028   -0.01182    0.01347
  824    0.01157   -0.01277    0.01333
  825    0.01281   -0.01413    0.01367
  826    0.01320   -0.01329    0.01220
  827    0.01120   -0.01254    0.01105
  828    0.01079   -0.01281    0.01072
  829    0.01355   -0.01462    0.01229
  830    0.01623   -0.01478    0.01131
  831    0.01554   -0.01316    0.00887
  832    0.01418   -0.01325    0.00766
  833    0.01199   -0.01165    0.00647
  834    0.01180   -0.01210    0.00810
  835    0.01465   -0.01243    0.00843
  836    0.01314   -0.01282    0.00907
  837    0.01698   -0.01262    0.00957
  838    0.01595   -0.01409    0.01197
  839    0.01362   -0.01632    0.01462
  840    0.01561   -0.01708    0.01517
  841    0.01299   -0.01718    0.01489
  842    0.01108   -0.01644    0.01375
  843    0.01435   -0.01495    0.01399
  844    0.01817   -0.01409    0.01394
  845    0.02160   -0.01239    0.01296
  846    0.02450   -0.01095    0.01029
  847    0.02935   -0.00920    0.00981
  848    0.03409   -0.00762    0.00586
  849    0.03913   -0.00602    0.00775
  850    0.04803   -0.00336    0.00545
  851    0.05112   -0.00427    0.00872
  852    0.04585   -0.00543    0.00581
  853    0.03584   -0.00733    0.00553
  854    0.02860   -0.00954    0.00846
  855    0.02361   -0.01198    0.01151
  856    0.02309   -0.01322    0.01470
  857    0.01869   -0.01510    0.01525
  858    0.01916   -0.01470    0.01666
  859    0.01853   -0.01696    0.01759
  860    0.01873   -0.01466    0.01930
  861    0.01495   -0.01507    0.01654
  862    0.01330   -0.01677    0.01560
  863    0.01277   -0.01889    0.01478
  864    0.01156   -0.01665    0.01314
  865    0.00898   -0.01663    0.01346
  866    0.00748   -0.02027    0.01261
  867    0.00817   -0.02081    0.01154
  868    0.00728   -0.01788    0.01072
  869    0.00409   -0.01757    0.01183
  870    0.00269   -0.02013    0.01100
  871    0.00459   -0.01910    0.00869
  872    0.00270   -0.01623    0.00877
  873   -0.00111   -0.01637    0.00911
  874   -0.00200   -0.01914    0.00582
  875    0.00033   -0.01689    0.00447
  876   -0.00240   -0.01467    0.00678
  877   -0.00701   -0.01729    0.00643
  878   -0.00467   -0.01983    0.00247
  879   -0.00189   -0.01756    0.00142
  880   -0.00615   -0.01655    0.00213
  881   -0.00877   -0.01905   -0.00157
  882   -0.00987   -0.01632   -0.00306
  883   -0.01194   -0.01576   -0.00700
  884   -0.01742   -0.01394   -0.00857
  885   -0.01564   -0.01095   -0.00590
  886   -0.01645   -0.00945   -0.00375
  887   -0.01328   -0.00662   -0.00045
  888   -0.01330   -0.00530    0.00034
  889   -0.01076   -0.00238   -0.00136
  890   -0.01028   -0.00119   -0.00217
  891   -0.00860    0.00257   -0.00319
  892   -0.00941    0.00603   -0.00764
  893   -0.00968    0.00977   -0.00881
  894   -0.00899    0.00898   -0.00705
  895   -0.00669    0.00790   -0.00373
  896   -0.00808    0.00976   -0.00222
  897   -0.00527    0.00833   -0.00067
  898   -0.00451    0.00479   -0.00070
  899   -0.00730    0.00552    0.00065
  900   -0.00606    0.00826    0.00259
  901   -0.00307    0.00626    0.00083
  902   -0.00534    0.00290    0.00159
  903   -0.00617    0.00490    0.00471
  904   -0.00314    0.00687    0.00502
  905   -0.00265    0.00176    0.00346
  906   -0.00664   -0.00015    0.00597
  907   -0.00574    0.00395    0.00942
  908   -0.00181    0.00394    0.00665
  909   -0.00325   -0.00137    0.00621
  910   -0.00611   -0.00077    0.00988
  911   -0.00279    0.00278    0.01102
  912   -0.00048    0.00004    0.00767
  913   -0.00374   -0.00363    0.00871
  914   -0.00484   -0.00222    0.01274
  915   -0.00035    0.00002    0.01240
  916    0.00067   -0.00387    0.00969
  917   -0.00249   -0.00626    0.01105
  918   -0.00223   -0.00370    0.01361
  919    0.00125   -0.00340    0.01211
  920    0.00160   -0.00676    0.01027
  921   -0.00127   -0.00736    0.01227
  922    0.00112   -0.00588    0.01294
  923    0.00427   -0.00704    0.01153
  924    0.00284   -0.00944    0.01099
  925    0.00144   -0.01004    0.01282
  926    0.00491   -0.00978    0.01314
  927    0.00632   -0.01132    0.01206
  928    0.00519   -0.01304    0.01262
  929    0.00543   -0.01216    0.01274
  930    0.00852   -0.01198    0.01272
  931    0.00842   -0.01277    0.01254
  932    0.00922   -0.01340    0.01292
  933    0.01051   -0.01254    0.01249
  934    0.01119   -0.01276    0.01299
  935    0.01241   -0.01367    0.01409
  936    0.01411   -0.01379    0.01346
  937    0.01440   -0.01344    0.01399
  938    0.01488   -0.01298    0.01522
  939    0.01753   -0.01352    0.01598
  940    0.01777   -0.01317    0.01442
  941    0.01629   -0.01254    0.01590
  942    0.01852   -0.01192    0.01772
  943    0.02131   -0.01178    0.01701
  944    0.01951   -0.01199    0.01666
  945    0.01772   -0.01053    0.01944
  946    0.02297   -0.00971    0.02036
  947    0.02528   -0.01028    0.01866
  948    0.02192   -0.01071    0.01912
  949    0.02423   -0.01093    0.01868
  950    0.02913   -0.00934    0.01705
  951    0.02751   -0.01091    0.01341
  952    0.02496   -0.01243    0.01173
  953    0.02134   -0.01363    0.01128
  954    0.02266   -0.01409    0.00785
  955    0.02006   -0.01477    0.00822
  956    0.01894   -0.01325    0.00719
  957    0.01864   -0.01256    0.00972
  958    0.02259   -0.01209    0.00826
  959    0.02508   -0.01170    0.01030
  960    0.02877   -0.01080    0.00808
  961    0.03188   -0.00916    0.01053
  962    0.03386   -0.00841    0.01073
  963    0.03773   -0.00614    0.01292
  964    0.04070   -0.00439    0.01282
  965    0.03847   -0.00537    0.01483
  966    0.04244   -0.00393    0.01551
  967    0.04122   -0.00533    0.01654
  968    0.04101   -0.00456    0.02131
  969    0.03777   -0.00542    0.02061
  970    0.03405   -0.00742    0.01760
  971    0.03367   -0.00800    0.02085
  972    0.03300   -0.00802    0.02321
  973    0.02924   -0.00966    0.02038
  974    0.02659   -0.01158    0.01973
  975    0.02783   -0.01163    0.02313
  976    0.02536   -0.01113    0.02248
  977    0.02962   -0.00976    0.02477
  978    0.03017   -0.00884    0.02308
  979    0.03320   -0.00732    0.02585
  980    0.03034   -0.00716    0.02336
  981    0.03306   -0.00427    0.02840
  982    0.03801   -0.00486    0.02527
  983    0.03676   -0.00490    0.02162
  984    0.03354   -0.00562    0.02210
  985    0.03721   -0.00355    0.02343
  986    0.03980   -0.00351    0.01900
  987    0.03551   -0.00666    0.01553
  988    0.03260   -0.00706    0.01923
  989    0.03735   -0.00603    0.01530
  990    0.03489   -0.00722    0.01370
  991    0.03004   -0.01159    0.01501
  992    0.02983   -0.01684    0.01405
  993    0.00129    0.00012    0.03808
  994    0.00422   -0.00164    0.03233
  995    0.00600   -0.00617    0.02905
  996    0.00823   -0.00607    0.02444
  997    0.01017   -0.00920    0.02187
  998    0.01102   -0.00862    0.01860
  999    0.01244   -0.00974    0.01531
 1000    0.01339   -0.01033    0.01306
 1001    0.01277   -0.00955    0.01060
 1002    0.01367   -0.01143    0.00877
 1003    0.01385   -0.01359    0.00457
 1004    0.01515   -0.01638    0.00119
 1005    0.01255   -0.01773   -0.00416
 1006    0.01333   -0.01890   -0.00500
 1007    0.01046   -0.01800   -0.00485
 1008    0.01029   -0.01698   -0.00415
 1009    0.00882   -0.01639   -0.00088
 1010    0.00864   -0.01494    0.00330
 1011    0.00600   -0.01479    0.00626
 1012    0.00702   -0.01558    0.00797
 1013    0.00736   -0.01642    0.00477
 1014    0.00721   -0.01750    0.00099
 1015    0.00710   -0.01691   -0.00239
 1016    0.00939   -0.01546   -0.00023
 1017    0.01104   -0.01484   -0.00008
 1018    0.01356   -0.01446    0.00239
 1019    0.01498   -0.01387    0.00536
 1020    0.01688   -0.01541    0.00301
 1021    0.01578   -0.01587   -0.00101
 1022    0.01693   -0.01508   -0.00434
 1023    0.01648   -0.01623   -0.00804
 1024    0.01521   -0.01470   -0.00757
 1025    0.01417   -0.01743   -0.01279
 1026    0.01700   -0.01733   -0.01773
 1027    0.01638   -0.02372   -0.02099
 1028    0.01897   -0.02213   -0.02632
 1029    0.01940   -0.01699   -0.02640
 1030    0.02025   -0.01525   -0.02998
 1031    0.01803   -0.01555   -0.02570
 1032    0.01789   -0.00932   -0.02589
 1033    0.01544   -0.00353   -0.02289
 1034    0.01730   -0.00120   -0.02548
 1035    0.01677    0.00394   -0.02599
 1036    0.01675    0.00662   -0.02506
 1037    0.01722    0.01174   -0.02752
 1038    0.01829    0.01014   -0.03003
 1039    0.01437    0.00993   -0.02580
 1040    0.01171    0.00735   -0.02316
 1041    0.00914    0.00690   -0.01866
 1042    0.00484    0.00893   -0.01466
 1043    0.00655    0.00674   -0.01239
 1044    0.00416    0.00855   -0.00862
 1045    0.00661    0.00801   -0.00744
 1046    0.00652    0.01088   -0.00326
 1047    0.00340    0.01140   -0.00381
 1048    0.00222    0.00970   -0.00640
 1049   -0.00027    0.01131   -0.00782
 1050   -0.00274    0.01313   -0.00595
 1051   -0.00255    0.01417   -0.00353
 1052   -0.00278    0.01391   -0.00536
 1053   -0.00561    0.01463   -0.00687
 1054   -0.00795    0.01536   -0.00478
 1055   -0.00882    0.01563   -0.00251
 1056   -0.00560    0.01594   -0.00033
 1057   -0.00601    0.01624    0.00264
 1058   -0.00183    0.01659    0.00221
 1059   -0.00260    0.01497   -0.00144
 1060   -0.00328    0.01438   -0.00422
 1061   -0.00639    0.01482   -0.00420
 1062   -0.00709    0.01479   -0.00742
 1063   -0.01200    0.01552   -0.00666
 1064   -0.01138    0.01550   -0.00973
 1065   -0.01104    0.01529   -0.01400
 1066   -0.00428    0.01461   -0.01689
 1067    0.00035    0.01421   -0.01910
 1068    0.00515    0.01162   -0.01905
 1069    0.00944    0.00944   -0.02081
 1070    0.00776    0.00696   -0.01716
 1071    0.00626    0.00623   -0.01355
 1072    0.00814    0.00252   -0.01356
 1073    0.00759    0.00247   -0.01005
 1074    0.00958   -0.00153   -0.00932
 1075    0.01074   -0.00465   -0.00610
 1076    0.01241    0.00052   -0.00280
 1077    0.00709    0.00741   -0.00424
 1078    0.00647    0.01302   -0.00174
 1079    0.00247    0.01487   -0.00032
 1080   -0.00148    0.01416   -0.00277
 1081   -0.00435    0.01583   -0.00305
 1082   -0.00325    0.01596    0.00022
 1083   -0.00628    0.01682   -0.00320
 1084   -0.00624    0.01724   -0.00703
 1085   -0.00649    0.01712   -0.00912
 1086   -0.00705    0.01615   -0.01036
 1087   -0.00580    0.01518   -0.00888
 1088   -0.00710    0.01378   -0.01036
 1089   -0.00543    0.01048   -0.00980
 1090   -0.00332    0.01137   -0.00949
 1091   -0.00054    0.00799   -0.01014
 1092   -0.00189    0.00958   -0.01036
 1093   -0.00357    0.01195   -0.01079
 1094    0.00017    0.00961   -0.01097
 1095    0.00092    0.00905   -0.01236
 1096   -0.00113    0.01203   -0.01300
 1097   -0.00127    0.01195   -0.01294
 1098    0.00312    0.00928   -0.01408
 1099    0.00370    0.01127   -0.01718
 1100   -0.00095    0.01387   -0.01799
 1101   -0.00159    0.01592   -0.02172
 1102   -0.00686    0.01536   -0.01978
 1103   -0.00839    0.01524   -0.01504
 1104   -0.01277    0.01528   -0.01209
 1105   -0.01411    0.01544   -0.00899
 1106   -0.01864    0.01556   -0.00832
 1107   -0.02061    0.01566   -0.00651
 1108   -0.02143    0.01519   -0.00872
 1109   -0.02265    0.01490   -0.00656
 1110   -0.02393    0.01521   -0.00391
 1111   -0.02300    0.01538   -0.00134
 1112   -0.02684    0.01495    0.00036
 1113   -0.02889    0.01428   -0.00217
 1114   -0.02646    0.01404   -0.00451
 1115   -0.02568    0.01402   -0.00333
 1116   -0.02886    0.01344   -0.00171
 1117   -0.02757    0.01325   -0.00280
 1118   -0.02425    0.01421   -0.00204
 1119   -0.02267    0.01525    0.00054
 1120   -0.02126    0.01557    0.00051
 1121   -0.02074    0.01635    0.00434
 1122   -0.01852    0.01631    0.00373
 1123   -0.01582    0.01642    0.00079
 1124   -0.01297    0.01594    0.00265
 1125   -0.00997    0.01608    0.00230
 1126   -0.00740    0.01650    0.00386
 1127   -0.00500    0.01664    0.00165
 1128   -0.00544    0.01606    0.00299
 1129   -0.00461    0.01598    0.00665
 1130   -0.00558    0.01642    0.00787
 1131   -0.00546    0.01804    0.01309
 1132   -0.00488    0.01819    0.01409
 1133   -0.00847    0.01563    0.01039
 1134   -0.00983    0.01537    0.00606
 1135   -0.01005    0.01548    0.00466
 1136   -0.01044    0.01601    0.00132
 1137   -0.01015    0.01603   -0.00107
 1138   -0.01233    0.01615   -0.00125
 1139   -0.01345    0.01584   -0.00434
 1140   -0.01469    0.01587   -0.00403
 1141   -0.01687    0.01585   -0.00262
 1142   -0.01599    0.01604   -0.00275
 1143   -0.01911    0.01528   -0.00311
 1144   -0.01959    0.01537   -0.00233
 1145   -0.02180    0.01463   -0.00230
 1146   -0.02475    0.01449   -0.00015
 1147   -0.02577    0.01456    0.00209
 1148   -0.02426    0.01440   -0.00149
 1149   -0.02521    0.01326   -0.00344
 1150   -0.02346    0.01355   -0.00569
 1151   -0.02490    0.01273   -0.00715
 1152   -0.02273    0.01291   -0.00946
 1153   -0.02292    0.01338   -0.00912
 1154   -0.02320    0.01303   -0.01053
 1155   -0.02324    0.01360   -0.00978
 1156   -0.02352    0.01357   -0.01187
 1157   -0.02392    0.01399   -0.01248
 1158   -0.02539    0.01338   -0.01528
 1159   -0.02359    0.01324   -0.01669
 1160   -0.02643    0.01437   -0.01793
 1161   -0.02304    0.01462   -0.01880
 1162   -0.02221    0.01390   -0.02384
 1163   -0.01647    0.01469   -0.02055
 1164   -0.01480    0.01500   -0.01692
 1165   -0.01544    0.01497   -0.01378
 1166   -0.01262    0.01495   -0.01171
 1167   -0.01473    0.01493   -0.01041
 1168   -0.01285    0.01532   -0.00888
 1169   -0.01390    0.01546   -0.00800
 1170   -0.01262    0.01572   -0.00802
 1171   -0.01333    0.01577   -0.00957
 1172   -0.01260    0.01593   -0.00822
 1173   -0.01194    0.01715   -0.01020
 1174   -0.01226    0.01738   -0.00856
 1175   -0.01084    0.01915   -0.00970
 1176   -0.01192    0.01951   -0.00931
 1177   -0.01269    0.02008   -0.01060
 1178   -0.01438    0.01908   -0.00693
 1179   -0.01475    0.01728   -0.00547
 1180   -0.01566    0.01681   -0.00774
 1181   -0.01767    0.01651   -0.00616
 1182   -0.01763    0.01643   -0.00251
 1183   -0.01753    0.01570   -0.00323
 1184   -0.01879    0.01527   -0.00594
 1185   -0.02021    0.01507   -0.00611
 1186   -0.02020    0.01432   -0.00921
 1187   -0.01710    0.01579   -0.01062
 1188   -0.01610    0.01487   -0.01346
 1189   -0.01681    0.01470   -0.01262
 1190   -0.01663    0.01413   -0.01368
 1191   -0.01727    0.01417   -0.01278
 1192   -0.01755    0.01318   -0.01353
 1193   -0.01761    0.01320   -0.01252
 1194   -0.01796    0.01216   -0.01265
 1195   -0.01891    0.01167   -0.01273
 1196   -0.01798    0.00990   -0.01134
 1197   -0.01621    0.01086   -0.01132
 1198   -0.01575    0.01153   -0.01123
 1199   -0.01621    0.01169   -0.01258
 1200   -0.01515    0.01237   -0.01338
 1201   -0.01555    0.01319   -0.01493
 1202   -0.01501    0.01478   -0.01421
 1203   -0.01439    0.01558   -0.01474
 1204   -0.01325    0.01670   -0.01305
 1205   -0.01138    0.01809   -0.01392
 1206   -0.01112    0.01931   -0.01297
 1207   -0.00935    0.02069   -0.01330
 1208   -0.00890    0.02173   -0.01296
 1209   -0.00929    0.02186   -0.01420
 1210   -0.01006    0.02385   -0.01465
 1211   -0.00937    0.02162   -0.01156
 1212   -0.00685    0.02018   -0.00899
 1213   -0.00341    0.01679   -0.00291
 1214   -0.00710    0.01872   -0.00436
 1215   -0.00796    0.01822   -0.00605
 1216   -0.00957    0.01992   -0.01010
 1217   -0.00971    0.01858   -0.00877
 1218   -0.00897    0.01784   -0.00932
 1219   -0.00949    0.01662   -0.00785
 1220   -0.00932    0.01628   -0.00931
 1221   -0.00919    0.01598   -0.00876
 1222   -0.01013    0.01507   -0.00952
 1223   -0.01104    0.01474   -0.01041
 1224   -0.01279    0.01363   -0.01154
 1225   -0.01308    0.01426   -0.01300
 1226   -0.01749    0.01323   -0.01397
 1227   -0.01796    0.01258   -0.01684
 1228   -0.02147    0.01190   -0.02114
 1229   -0.02325    0.01056   -0.01985
 1230   -0.02270    0.01063   -0.01774
 1231   -0.02310    0.01249   -0.01577
 1232   -0.02086    0.01268   -0.01328
 1233   -0.02094    0.01307   -0.01292
 1234   -0.02019    0.01351   -0.01156
 1235   -0.02008    0.01317   -0.01196
 1236   -0.01941    0.01385   -0.01104
 1237   -0.01967    0.01365   -0.01056
 1238   -0.01841    0.01473   -0.00868
 1239   -0.01622    0.01530   -0.00825
 1240   -0.01689    0.01527   -0.00815
 1241   -0.01550    0.01578   -0.00605
 1242   -0.01775    0.01520   -0.00674
 1243   -0.01734    0.01529   -0.00712
 1244   -0.01837    0.01553   -0.00524
 1245   -0.01660    0.01556   -0.00636
 1246   -0.01584    0.01526   -0.00895
 1247   -0.01379    0.01494   -0.01099
 1248   -0.01484    0.01498   -0.01397
 1249   -0.01075    0.01552   -0.01671
 1250   -0.00797    0.01654   -0.02055
 1251   -0.00349    0.01578   -0.01866
 1252    0.00112    0.01476   -0.02054
 1253    0.00405    0.01391   -0.01898
 1254    0.00492    0.01034   -0.01642
 1255    0.00734    0.00722   -0.01542
 1256    0.00784    0.00396   -0.01367
 1257    0.00680    0.00257   -0.01265
 1258    0.00928   -0.00185   -0.01347
 1259    0.00942   -0.00390   -0.01068
 1260    0.01160   -0.00707   -0.01334
 1261    0.01303   -0.00890   -0.01421
 1262    0.01451   -0.00974   -0.01909
 1263    0.01536   -0.00673   -0.02209
 1264    0.01461   -0.00168   -0.02269
 1265    0.01766   -0.00294   -0.02823
 1266    0.01969    0.00031   -0.03249
 1267    0.02209   -0.00167   -0.03368
 1268    0.02152    0.00176   -0.03154
 1269    0.02056    0.00090   -0.02822
 1270    0.01980    0.00270   -0.02468
 1271    0.01784   -0.00230   -0.02205
 1272    0.01631   -0.00375   -0.02085
 1273    0.01463   -0.00871   -0.01792
 1274    0.01301   -0.00884   -0.01614
 1275    0.01478   -0.01378   -0.01844
 1276    0.01678   -0.01103   -0.02241
 1277    0.01850   -0.00811   -0.02480
 1278    0.01951   -0.00944   -0.02450
 1279    0.02195   -0.00724   -0.02564
 1280    0.02049   -0.00545   -0.01971
 1281    0.02237   -0.00621   -0.01943
 1282    0.01923   -0.01016   -0.01319
 1283    0.01605   -0.00888   -0.00929
 1284    0.01360   -0.01248   -0.01049
 1285    0.01391   -0.01524   -0.01413
 1286    0.01134   -0.01928   -0.01432
 1287    0.01321   -0.01896   -0.01708
 1288    0.01171   -0.01545   -0.01408
 1289    0.00926   -0.01196   -0.01084
 1290    0.01027   -0.00815   -0.01187
 1291    0.01264   -0.00544   -0.01530
 1292    0.01337   -0.00062   -0.01683
 1293    0.01547    0.00193   -0.01870
 1294    0.01712    0.00169   -0.01727
 1295    0.01643   -0.00423   -0.01599
 1296    0.01549   -0.00819   -0.01285
 1297    0.01189   -0.00844   -0.00943
 1298    0.00993   -0.01205   -0.00984
 1299    0.00760   -0.01538   -0.00854
 1300    0.00492   -0.01967   -0.00865
 1301    0.00725   -0.02107   -0.00854
 1302    0.00864   -0.02524   -0.01244
 1303    0.01104   -0.02261   -0.01138
 1304    0.01110   -0.01794   -0.00687
 1305    0.01285   -0.01693   -0.00599
 1306    0.01212   -0.01444   -0.00250
 1307    0.01341   -0.01448    0.00136
 1308    0.01570   -0.01417    0.00355
 1309    0.01608   -0.01393    0.00660
 1310    0.01381   -0.01264    0.00758
 1311    0.01208   -0.01236    0.00555
 1312    0.01208   -0.01146    0.00581
 1313    0.01051   -0.00863    0.00816
 1314    0.01046   -0.00556    0.00848
 1315    0.00869   -0.00258    0.00972
 1316    0.01123   -0.01206    0.01181
 1317    0.01106   -0.01232    0.01244
 1318    0.01150   -0.01196    0.01380
 1319    0.01243   -0.01172    0.01533
 1320    0.01163   -0.01049    0.01522
 1321    0.01156   -0.00985    0.01313
 1322    0.01180   -0.00923    0.01276
 1323    0.01277   -0.01005    0.01608
 1324    0.01223   -0.00831    0.01828
 1325    0.01111   -0.00656    0.01712
 1326    0.01114   -0.00515    0.01556
 1327    0.01021   -0.00485    0.01279
 1328    0.01085   -0.00656    0.01292
 1329    0.01084   -0.00660    0.01565
 1330    0.01140   -0.00766    0.01438
 1331    0.01047   -0.00743    0.01830
 1332    0.01203   -0.00999    0.01825
 1333    0.01510   -0.01309    0.01619
 1334    0.01620   -0.01348    0.01802
 1335    0.01614   -0.01368    0.01607
 1336    0.01537   -0.01272    0.01378
 1337    0.01352   -0.01247    0.01719
 1338    0.01187   -0.01173    0.02112
 1339    0.00924   -0.00993    0.02424
 1340    0.00723   -0.00625    0.02635
 1341    0.00449   -0.00579    0.03165
 1342    0.00208   -0.00053    0.03522
 1343   -0.00107   -0.00077    0.04145
 1344   -0.00503    0.00338    0.04989
 1345   -0.00502    0.00044    0.05440
 1346   -0.00269    0.00283    0.04957
 1347    0.00115    0.00007    0.03785
 1348    0.00498   -0.00446    0.03040
 1349    0.00865   -0.00813    0.02556
 1350    0.01008   -0.01162    0.02607
 1351    0.01304   -0.01324    0.02206
 1352    0.01258   -0.01453    0.02269
 1353    0.01509   -0.01594    0.02309
 1354    0.01321   -0.01694    0.02225
 1355    0.01365   -0.01519    0.01868
 1356    0.01552   -0.01455    0.01680
 1357    0.01860   -0.01308    0.01606
 1358    0.01555   -0.01263    0.01460
 1359    0.01635   -0.01299    0.01206
 1360    0.01980   -0.01235    0.01079
 1361    0.02026   -0.01104    0.01136
 1362    0.01740   -0.01063    0.01008
 1363    0.01827   -0.01195    0.00728
 1364    0.02084   -0.01153    0.00613
 1365    0.01923   -0.00819    0.00649
 1366    0.01648   -0.00917    0.00485
 1367    0.01685   -0.00985    0.00078
 1368    0.02010   -0.00649    0.00031
 1369    0.01768   -0.00497    0.00244
 1370    0.01549   -0.00754   -0.00068
 1371    0.01851   -0.00770   -0.00485
 1372    0.02045   -0.00321   -0.00268
 1373    0.01820   -0.00171   -0.00054
 1374    0.01709   -0.00295   -0.00445
 1375    0.01957    0.00065   -0.00647
 1376    0.01677    0.00114   -0.00836
 1377    0.01614    0.00559   -0.01062
 1378    0.01459    0.00584   -0.01488
 1379    0.01184    0.00311   -0.01341
 1380    0.01070    0.00147   -0.01362
 1381    0.00824   -0.00129   -0.01095
 1382    0.00706   -0.00108   -0.01094
 1383    0.00399    0.00076   -0.00949
 1384    0.00238    0.00198   -0.00939
 1385   -0.00145    0.00266   -0.00898
 1386   -0.00437    0.00691   -0.01158
 1387   -0.00820    0.00799   -0.01330
 1388   -0.00767    0.00597   -0.01192
 1389   -0.00694    0.00334   -0.00879
 1390   -0.00839    0.00135   -0.01053
 1391   -0.00749    0.00037   -0.00706
 1392   -0.00360    0.00020   -0.00538
 1393   -0.00402   -0.00164   -0.00794
 1394   -0.00706   -0.00326   -0.00712
 1395   -0.00508   -0.00106   -0.00396
 1396   -0.00140   -0.00229   -0.00535
 1397   -0.00342   -0.00534   -0.00623
 1398   -0.00599   -0.00542   -0.00339
 1399   -0.00085   -0.00382   -0.00241
 1400    0.00174   -0.00673   -0.00560
 1401   -0.00214   -0.01012   -0.00469
 1402   -0.00277   -0.00700   -0.00130
 1403    0.00236   -0.00640   -0.00232
 1404    0.00236   -0.01075   -0.00438
 1405   -0.00165   -0.01156   -0.00150
 1406    0.00083   -0.00797    0.00038
 1407    0.00527   -0.00965   -0.00221
 1408    0.00382   -0.01386   -0.00275
 1409    0.00105   -0.01300    0.00079
 1410    0.00457   -0.01009    0.00203
 1411    0.00753   -0.01180   -0.00091
 1412    0.00523   -0.01459   -0.00044
 1413    0.00439   -0.01242    0.00252
 1414    0.00756   -0.01064    0.00238
 1415    0.00849   -0.01298    0.00014
 1416    0.00683   -0.01370    0.00267
 1417    0.00742   -0.01164    0.00548
 1418    0.01026   -0.01143    0.00447
 1419    0.01078   -0.01332    0.00348
 1420    0.01008   -0.01300    0.00679
 1421    0.01119   -0.01187    0.00816
 1422    0.01307   -0.01243    0.00743
 1423    0.01219   -0.01268    0.00747
 1424    0.01152   -0.01207    0.01066
 1425    0.01247   -0.01208    0.01054
 1426    0.01293   -0.01224    0.01153
 1427    0.01180   -0.01155    0.01260
 1428    0.01190   -0.01205    0.01356
 1429    0.01255   -0.01305    0.01528
 1430    0.01231   -0.01192    0.01662
 1431    0.01173   -0.01236    0.01725
 1432    0.01138   -0.01380    0.01784
 1433    0.01118   -0.01423    0.02070
 1434    0.01085   -0.01243    0.02043
 1435    0.01027   -0.01414    0.01953
 1436    0.00958   -0.01608    0.02218
 1437    0.00876   -0.01459    0.02484
 1438    0.00907   -0.01448    0.02288
 1439    0.00773   -0.01792    0.02165
 1440    0.00635   -0.01798    0.02768
 1441    0.00589   -0.01546    0.02938
 1442    0.00719   -0.01705    0.02556
 1443    0.00716   -0.01536    0.02834
 1444    0.00444   -0.01242    0.03305
 1445    0.00645   -0.00929    0.03017
 1446    0.00873   -0.00690    0.02767
 1447    0.01038   -0.00707    0.02414
 1448    0.01060   -0.00354    0.02475
 1449    0.01176   -0.00424    0.02197
 1450    0.01035   -0.00334    0.02008
 1451    0.01004   -0.00651    0.02068
 1452    0.00868   -0.00465    0.02420
 1453    0.00771   -0.00618    0.02753
 1454    0.00584   -0.00301    0.03122
 1455    0.00353   -0.00472    0.03509
 1456    0.00218   -0.00481    0.03735
 1457   -0.00097   -0.00664    0.04149
 1458   -0.00314   -0.00606    0.04426
 1459   -0.00124   -0.00908    0.04189
 1460   -0.00380   -0.00951    0.04615
 1461   -0.00230   -0.01129    0.04525
 1462   -0.00277   -0.01721    0.04631
 1463   -0.00115   -0.01569    0.04221
 1464    0.00151   -0.01293    0.03804
 1465    0.00201   -0.01725    0.03905
 1466    0.00248   -0.01990    0.03800
 1467    0.00525   -0.01650    0.03314
 1468    0.00725   -0.01675    0.03116
 1469    0.00815   -0.01999    0.03231
 1470    0.00762   -0.01912    0.03086
 1471    0.00522   -0.02183    0.03550
 1472    0.00368   -0.01947    0.03591
 1473    0.00026   -0.02166    0.03883
 1474    0.00079   -0.02010    0.03574
 1475   -0.00234   -0.02455    0.03938
 1476   -0.00446   -0.02239    0.04447
 1477   -0.00225   -0.01648    0.04208
 1478   -0.00080   -0.01792    0.03847
 1479   -0.00317   -0.01767    0.04208
 1480   -0.00403   -0.01252    0.04453
 1481    0.00030   -0.00969    0.03945
 1482    0.00158   -0.01290    0.03728
 1483    0.00016   -0.00720    0.04144
 1484    0.00036   -0.00709    0.03951
 1485    0.00572   -0.00848    0.03440
 1486    0.00792   -0.00953    0.03514
