    1   -0.03933   -0.05298   -0.00650
    2   -0.03552   -0.03846   -0.00053
    3   -0.01669   -0.02736   -0.00464
    4   -0.01861   -0.01784   -0.00195
    5   -0.00534   -0.00909   -0.00223
    6   -0.00743   -0.00712   -0.00267
    7   -0.00327   -0.00510   -0.00283
    8   -0.00295   -0.00703   -0.00440
    9   -0.00846   -0.00648   -0.00395
   10   -0.00919   -0.00933   -0.00521
   11   -0.01299   -0.01242   -0.00521
   12   -0.00495   -0.00068   -0.00258
   13   -0.00743    0.00295   -0.00253
   14   -0.00173    0.00614    0.00002
   15   -0.00163    0.00766    0.00150
   16    0.00129    0.00775    0.00422
   17    0.00225    0.00786    0.00603
   18    0.00347    0.00888    0.00576
   19    0.00438    0.00807    0.00654
   20    0.00338    0.00851    0.00694
   21    0.00073    0.00853    0.00583
   22    0.00055    0.00699    0.00648
   23   -0.00374    0.00778    0.00302
   24   -0.00325    0.00860    0.00200
   25   -0.00460    0.00652    0.00001
   26   -0.00023    0.00611    0.00052
   27    0.00017    0.00171   -0.00110
   28    0.00378    0.00241    0.00050
   29    0.00464    0.00555    0.00186
   30    0.00484    0.00604    0.00205
   31    0.00356    0.00645    0.00230
   32    0.00333    0.00609    0.00232
   33    0.00195    0.00440    0.00222
   34    0.00026    0.00374    0.00117
   35    0.00041    0.00304    0.00181
   36   -0.00071    0.00320    0.00102
   37   -0.00256    0.00263    0.00022
   38   -0.00311    0.00369   -0.00022
   39   -0.00327    0.00271    0.00015
   40   -0.00450    0.00294    0.00007
   41   -0.00549    0.00202    0.00029
   42   -0.00646    0.00307    0.00020
   43   -0.00775    0.00312    0.00071
   44   -0.00810    0.00223    0.00030
   45   -0.00876    0.00323    0.00082
   46   -0.00921    0.00418    0.00190
   47   -0.00956    0.00308    0.00198
   48   -0.00832    0.00291    0.00204
   49   -0.00798    0.00160    0.00153
   50   -0.00765    0.00140    0.00198
   51   -0.00615    0.00159    0.00145
   52   -0.00518    0.00116    0.00118
   53   -0.00331    0.00174    0.00088
   54   -0.00130    0.00163   -0.00004
   55   -0.00234    0.00092   -0.00012
   56   -0.00390   -0.00038   -0.00056
   57   -0.00568   -0.00098   -0.00025
   58   -0.00428   -0.00075   -0.00056
   59   -0.00284    0.00041   -0.00009
   60   -0.00425    0.00067    0.00101
   61   -0.00556    0.00007    0.00085
   62   -0.00423    0.00034    0.00033
   63   -0.00341    0.00146    0.00140
   64   -0.00164    0.00156    0.00047
   65   -0.00047    0.00282    0.00129
   66    0.00040    0.00310    0.00124
   67   -0.00166    0.00236    0.00194
   68   -0.00252    0.00325    0.00354
   69   -0.00412    0.00250    0.00340
   70   -0.00443    0.00353    0.00511
   71   -0.00518    0.00416    0.00500
   72   -0.00669    0.00276    0.00418
   73   -0.00841    0.00305    0.00486
   74   -0.00990    0.00201    0.00559
   75   -0.01070    0.00160    0.00422
   76   -0.00991    0.00112    0.00264
   77   -0.00988    0.00063    0.00144
   78   -0.00884   -0.00030    0.00067
   79   -0.00795   -0.00031    0.00064
   80   -0.00649   -0.00004    0.00039
   81   -0.00534   -0.00042   -0.00032
   82   -0.00423   -0.00008   -0.00056
   83   -0.00338   -0.00062   -0.00166
   84   -0.00173    0.00029   -0.00226
   85   -0.00168    0.00011   -0.00130
   86    0.00019    0.00020   -0.00207
   87    0.00047    0.00111   -0.00129
   88   -0.00145    0.00009   -0.00081
   89   -0.00078   -0.00029   -0.00107
   90    0.00093    0.00040   -0.00191
   91    0.00064   -0.00099   -0.00196
   92    0.00096   -0.00287   -0.00172
   93   -0.00012   -0.00277   -0.00169
   94   -0.00133   -0.00282   -0.00102
   95   -0.00340   -0.00205   -0.00117
   96   -0.00525   -0.00309   -0.00146
   97   -0.00799   -0.00421   -0.00178
   98   -0.00698   -0.00375   -0.00150
   99   -0.00797   -0.00506   -0.00170
  100   -0.00965   -0.00507   -0.00182
  101   -0.00905   -0.00346   -0.00089
  102   -0.00830   -0.00310   -0.00080
  103   -0.00944   -0.00374   -0.00087
  104   -0.01061   -0.00320   -0.00032
  105   -0.00971   -0.00187    0.00066
  106   -0.00933   -0.00181    0.00019
  107   -0.01050   -0.00108    0.00114
  108   -0.01137   -0.00055    0.00268
  109   -0.01256    0.00015    0.00472
  110   -0.01188   -0.00002    0.00561
  111   -0.01016    0.00033    0.00433
  112   -0.00873    0.00087    0.00468
  113   -0.00728    0.00118    0.00375
  114   -0.00705    0.00129    0.00362
  115   -0.00659    0.00148    0.00274
  116   -0.00670    0.00050    0.00164
  117   -0.00660    0.00067    0.00132
  118   -0.00638    0.00179    0.00202
  119   -0.00566    0.00211    0.00154
  120   -0.00667    0.00359    0.00228
  121   -0.00769    0.00257    0.00164
  122   -0.00736    0.00117    0.00083
  123   -0.00702    0.00085    0.00015
  124   -0.00813    0.00132    0.00035
  125   -0.00790   -0.00003   -0.00059
  126   -0.00618   -0.00020   -0.00061
  127   -0.00493    0.00062   -0.00018
  128   -0.00453    0.00152    0.00041
  129   -0.00340    0.00276    0.00083
  130   -0.00219    0.00151   -0.00013
  131   -0.00159    0.00057   -0.00048
  132   -0.00055    0.00122   -0.00029
  133    0.00111    0.00035   -0.00105
  134    0.00302    0.00047   -0.00132
  135    0.00227   -0.00022   -0.00189
  136    0.00149    0.00146   -0.00108
  137    0.00311    0.00308   -0.00071
  138    0.00273    0.00472    0.00092
  139    0.00537    0.00918    0.00217
  140    0.00796    0.01094    0.00047
  141    0.00376    0.00597    0.00100
  142    0.00188    0.00264   -0.00003
  143    0.00052    0.00277    0.00047
  144   -0.00089    0.00166    0.00015
  145   -0.00212    0.00152    0.00063
  146   -0.00315    0.00237    0.00184
  147   -0.00454    0.00125    0.00140
  148   -0.00432    0.00073    0.00045
  149   -0.00402    0.00094    0.00022
  150   -0.00310    0.00018   -0.00054
  151   -0.00403   -0.00004   -0.00069
  152   -0.00365   -0.00067   -0.00113
  153   -0.00461   -0.00124   -0.00143
  154   -0.00560   -0.00067   -0.00098
  155   -0.00505   -0.00139   -0.00135
  156   -0.00554   -0.00330   -0.00229
  157   -0.00681   -0.00281   -0.00213
  158   -0.00620   -0.00219   -0.00199
  159   -0.00781   -0.00226   -0.00238
  160   -0.00784   -0.00194   -0.00220
  161   -0.00708   -0.00108   -0.00172
  162   -0.00675   -0.00078   -0.00162
  163   -0.00661   -0.00065   -0.00084
  164   -0.00605   -0.00079   -0.00073
  165   -0.00670   -0.00067    0.00040
  166   -0.00610   -0.00119    0.00027
  167   -0.00787   -0.00129    0.00198
  168   -0.00852   -0.00147    0.00411
  169   -0.00966   -0.00104    0.00481
  170   -0.01230   -0.00188    0.00620
  171   -0.01220   -0.00195    0.00446
  172   -0.01128   -0.00254    0.00250
  173   -0.00959   -0.00166    0.00202
  174   -0.00889   -0.00147    0.00108
  175   -0.00756   -0.00119    0.00040
  176   -0.00632   -0.00104   -0.00023
  177   -0.00545   -0.00098   -0.00071
  178   -0.00379   -0.00102   -0.00116
  179   -0.00331   -0.00161   -0.00166
  180   -0.00196   -0.00217   -0.00187
  181    0.00022   -0.00325   -0.00255
  182    0.00073   -0.00396   -0.00230
  183    0.00317   -0.00504   -0.00208
  184    0.00315   -0.00619   -0.00291
  185    0.00262   -0.00709   -0.00419
  186    0.00026   -0.00675   -0.00269
  187   -0.00003   -0.00462   -0.00203
  188   -0.00190   -0.00468   -0.00203
  189   -0.00257   -0.00510   -0.00248
  190   -0.00162   -0.00349   -0.00210
  191   -0.00229   -0.00237   -0.00176
  192   -0.00396   -0.00287   -0.00202
  193   -0.00434   -0.00441   -0.00268
  194   -0.00533   -0.00525   -0.00315
  195   -0.00299   -0.00614   -0.00455
  196   -0.00395   -0.00328   -0.00182
  197   -0.00552   -0.00246   -0.00159
  198   -0.00594   -0.00078   -0.00161
  199   -0.00627   -0.00115   -0.00155
  200   -0.00672   -0.00048   -0.00169
  201   -0.00668   -0.00113   -0.00153
  202   -0.00636   -0.00133   -0.00183
  203   -0.00648   -0.00243   -0.00178
  204   -0.00573   -0.00329   -0.00186
  205   -0.00738   -0.00421   -0.00258
  206   -0.00729   -0.00264   -0.00223
  207   -0.00665   -0.00083   -0.00204
  208   -0.00651    0.00041   -0.00197
  209   -0.00621    0.00120   -0.00193
  210   -0.00506    0.00024   -0.00156
  211   -0.00304   -0.00033   -0.00143
  212   -0.00032   -0.00291   -0.00170
  213    0.00257   -0.00384   -0.00137
  214    0.00297   -0.00513   -0.00256
  215    0.00474   -0.00582   -0.00185
  216    0.00507   -0.00615   -0.00097
  217    0.00468   -0.00611   -0.00035
  218    0.00526   -0.00625    0.00065
  219    0.00468   -0.00577    0.00014
  220    0.00386   -0.00468   -0.00071
  221    0.00327   -0.00240   -0.00214
  222    0.00424   -0.00348   -0.00113
  223    0.00302   -0.00400   -0.00159
  224    0.00378   -0.00531   -0.00130
  225    0.00230   -0.00386   -0.00212
  226    0.00102   -0.00300   -0.00222
  227   -0.00090   -0.00162   -0.00194
  228   -0.00215   -0.00194   -0.00162
  229   -0.00362   -0.00160   -0.00097
  230   -0.00592   -0.00168   -0.00128
  231   -0.00750   -0.00216   -0.00068
  232   -0.00857   -0.00251   -0.00089
  233   -0.00980   -0.00291    0.00009
  234   -0.00900   -0.00298    0.00030
  235   -0.00980   -0.00358    0.00090
  236   -0.01035   -0.00277    0.00329
  237   -0.00738   -0.00250    0.00227
  238   -0.00604   -0.00194   -0.00029
  239   -0.00602   -0.00119   -0.00095
  240   -0.00639   -0.00164   -0.00100
  241   -0.00612   -0.00098   -0.00143
  242   -0.00641   -0.00100   -0.00126
  243   -0.00672   -0.00101   -0.00153
  244   -0.00662   -0.00144   -0.00157
  245   -0.00658   -0.00242   -0.00186
  246   -0.00516   -0.00233   -0.00171
  247   -0.00397   -0.00199   -0.00146
  248   -0.00476   -0.00118   -0.00113
  249   -0.00400   -0.00063   -0.00087
  250   -0.00511   -0.00017   -0.00054
  251   -0.00556    0.00001    0.00018
  252   -0.00545    0.00105    0.00101
  253   -0.00589    0.00093    0.00177
  254   -0.00710   -0.00005    0.00162
  255   -0.00821   -0.00036    0.00244
  256   -0.00943   -0.00079    0.00335
  257   -0.01107   -0.00123    0.00366
  258   -0.01348   -0.00178    0.00402
  259   -0.01273   -0.00206    0.00206
  260   -0.01263   -0.00151    0.00206
  261   -0.01247   -0.00195    0.00073
  262   -0.01094   -0.00246   -0.00047
  263   -0.00971   -0.00197   -0.00035
  264   -0.00847   -0.00254   -0.00073
  265   -0.00738   -0.00208   -0.00049
  266   -0.00626   -0.00147   -0.00033
  267   -0.00528   -0.00155   -0.00076
  268   -0.00452   -0.00055   -0.00030
  269   -0.00398    0.00034    0.00010
  270   -0.00411    0.00113    0.00029
  271   -0.00416    0.00259    0.00055
  272   -0.00525    0.00290    0.00099
  273   -0.00566    0.00451    0.00087
  274   -0.00660    0.00548    0.00133
  275   -0.00644    0.00554    0.00009
  276   -0.00679    0.00488    0.00008
  277   -0.00601    0.00377   -0.00056
  278   -0.00616    0.00326   -0.00057
  279   -0.00562    0.00175   -0.00048
  280   -0.00589    0.00077   -0.00039
  281   -0.00477   -0.00012   -0.00014
  282   -0.00481   -0.00068   -0.00002
  283   -0.00372    0.00034    0.00022
  284   -0.00406    0.00163    0.00004
  285   -0.00462    0.00221   -0.00040
  286   -0.00357    0.00276   -0.00036
  287   -0.00279    0.00426   -0.00066
  288   -0.00245    0.00441   -0.00085
  289   -0.00038    0.00572   -0.00081
  290    0.00095    0.00484    0.00024
  291    0.00134    0.00419    0.00043
  292    0.00052    0.00299    0.00135
  293   -0.00030    0.00190    0.00168
  294    0.00001    0.00058    0.00236
  295   -0.00132    0.00033    0.00156
  296   -0.00244   -0.00121    0.00102
  297   -0.00284   -0.00232    0.00090
  298   -0.00462   -0.00284   -0.00003
  299   -0.00543   -0.00146   -0.00048
  300   -0.00704   -0.00102   -0.00070
  301   -0.00714    0.00051   -0.00059
  302   -0.00605    0.00176   -0.00119
  303   -0.00426    0.00145   -0.00045
  304   -0.00184    0.00215    0.00003
  305   -0.00129    0.00114    0.00098
  306   -0.00116   -0.00009    0.00158
  307    0.00036    0.00025    0.00280
  308    0.00106   -0.00035    0.00422
  309    0.00155    0.00231    0.00455
  310    0.00119    0.00292    0.00401
  311    0.00175    0.00498    0.00414
  312    0.00276    0.00606    0.00417
  313    0.00334    0.00701    0.00390
  314    0.00510    0.00748    0.00338
  315    0.00552    0.00755    0.00286
  316    0.00782    0.00530    0.00165
  317    0.00591    0.00357    0.00067
  318    0.00295    0.00554    0.00119
  319   -0.00195    0.00657    0.00176
  320   -0.00638    0.00183   -0.00143
  321   -0.01277   -0.00059   -0.00149
  322   -0.02206   -0.00741   -0.00393
  323   -0.03007   -0.00440   -0.00177
  324    0.00271    0.01109    0.00434
  325    0.00633    0.01089    0.00369
  326    0.00765    0.01158    0.00350
  327    0.00364    0.01047    0.00298
  328    0.00209    0.00946    0.00266
  329   -0.00072    0.00824    0.00215
  330   -0.00467    0.00780    0.00065
  331   -0.00225    0.00914    0.00098
  332   -0.00436    0.00839   -0.00009
  333   -0.00851    0.00384   -0.00135
  334   -0.01188    0.00271   -0.00491
  335   -0.01693   -0.00166   -0.00241
  336   -0.01474   -0.00538   -0.00346
  337   -0.01596   -0.01347   -0.00712
  338   -0.01519   -0.01875   -0.00894
  339   -0.01552   -0.02908   -0.01141
  340   -0.00545   -0.02441   -0.00871
  341   -0.00141   -0.02384   -0.00611
  342    0.00484   -0.02643   -0.00680
  343    0.00789   -0.01598   -0.00539
  344    0.00626   -0.00624   -0.00302
  345    0.00636   -0.00778   -0.00327
  346    0.00508   -0.01652   -0.00655
  347   -0.00184   -0.02344   -0.00828
  348   -0.01576   -0.03309   -0.01001
  349   -0.02233   -0.04915   -0.01318
  350   -0.04642   -0.07413   -0.01559
  351   -0.04833   -0.09668   -0.02201
  352   -0.08857   -0.17157   -0.04173
  353   -0.06817   -0.20430   -0.05373
  354   -0.07781   -0.17200   -0.03755
  355   -0.05164   -0.09529   -0.02707
  356   -0.02710   -0.07058   -0.02105
  357   -0.00957   -0.04183   -0.01425
  358    0.00352   -0.04261   -0.01325
  359    0.00991   -0.02762   -0.01008
  360    0.01449   -0.02161   -0.00719
  361    0.01867   -0.02414   -0.00818
  362    0.02033   -0.01586   -0.00366
  363    0.01677   -0.00640   -0.00099
  364    0.01497   -0.00948   -0.00271
  365    0.01685   -0.01035   -0.00237
  366    0.01654   -0.00324    0.00122
  367    0.01496    0.00068    0.00161
  368    0.01286   -0.00161    0.00053
  369    0.01432   -0.00074    0.00217
  370    0.01415    0.00402    0.00270
  371    0.01248    0.00504    0.00166
  372    0.01110    0.00376    0.00211
  373    0.01191    0.00519    0.00193
  374    0.01131    0.00776    0.00151
  375    0.00875    0.00697    0.00155
  376    0.00751    0.00661    0.00035
  377    0.00897    0.00772    0.00015
  378    0.00722    0.00707    0.00096
  379    0.00478    0.00579    0.00012
  380    0.00470    0.00614   -0.00101
  381    0.00475    0.00573   -0.00044
  382    0.00186    0.00429   -0.00061
  383   -0.00072    0.00414   -0.00217
  384   -0.00309    0.00202   -0.00202
  385   -0.00619    0.00075   -0.00224
  386   -0.00788    0.00021   -0.00134
  387   -0.00781   -0.00168   -0.00115
  388   -0.00798   -0.00264   -0.00091
  389   -0.00647   -0.00349   -0.00063
  390   -0.00658   -0.00427   -0.00066
  391   -0.00737   -0.00554   -0.00107
  392   -0.00702   -0.00570   -0.00168
  393   -0.00661   -0.00657   -0.00066
  394   -0.00486   -0.00700   -0.00016
  395   -0.00322   -0.00757    0.00120
  396   -0.00437   -0.00825    0.00150
  397   -0.00649   -0.00826    0.00142
  398   -0.00578   -0.00833    0.00203
  399   -0.00655   -0.00886    0.00206
  400   -0.00723   -0.00777    0.00085
  401   -0.00632   -0.00724    0.00117
  402   -0.00566   -0.00778    0.00189
  403   -0.00632   -0.00737    0.00145
  404   -0.00598   -0.00642    0.00071
  405   -0.00456   -0.00629    0.00146
  406   -0.00421   -0.00611    0.00180
  407   -0.00467   -0.00499    0.00097
  408   -0.00391   -0.00424    0.00133
  409   -0.00234   -0.00426    0.00220
  410   -0.00221   -0.00349    0.00213
  411   -0.00209   -0.00186    0.00183
  412   -0.00096   -0.00183    0.00249
  413    0.00001   -0.00154    0.00318
  414    0.00028   -0.00001    0.00265
  415    0.00066    0.00107    0.00260
  416    0.00144    0.00118    0.00346
  417    0.00216    0.00237    0.00423
  418    0.00308    0.00381    0.00358
  419    0.00312    0.00474    0.00352
  420    0.00333    0.00517    0.00490
  421    0.00417    0.00580    0.00523
  422    0.00541    0.00708    0.00414
  423    0.00497    0.00721    0.00437
  424    0.00470    0.00792    0.00586
  425    0.00628    0.00843    0.00502
  426    0.00708    0.00873    0.00392
  427    0.00559    0.00874    0.00413
  428    0.00568    0.00964    0.00475
  429    0.00857    0.00974    0.00393
  430    0.00845    0.00888    0.00291
  431    0.00568    0.00943    0.00330
  432    0.00758    0.01049    0.00390
  433    0.01063    0.00932    0.00373
  434    0.00848    0.00724    0.00249
  435    0.00638    0.00959    0.00362
  436    0.01105    0.00987    0.00425
  437    0.01229    0.00617    0.00302
  438    0.00686    0.00460    0.00169
  439    0.00830    0.00948    0.00493
  440    0.01287    0.00844    0.00499
  441    0.01064    0.00241    0.00190
  442    0.00490    0.00597    0.00446
  443    0.01023    0.00971    0.00553
  444    0.01416    0.00664    0.00456
  445    0.01004    0.00075    0.00107
  446    0.00569    0.00832    0.00558
  447    0.01388    0.01317    0.00594
  448    0.01464    0.00174   -0.00080
  449    0.00416   -0.00073    0.00145
  450    0.00727    0.00987    0.00816
  451   -0.00095    0.00703    0.01078
  452   -0.00321   -0.00639    0.00198
  453   -0.01199   -0.00405    0.00904
  454   -0.01186    0.00141    0.01082
  455   -0.00772    0.00412    0.00624
  456   -0.01105    0.00022    0.00232
  457   -0.00787    0.00350   -0.00165
  458   -0.01286    0.00118   -0.00217
  459   -0.00938    0.00066    0.00085
  460   -0.01767   -0.00639    0.00141
  461   -0.01712   -0.00865    0.00534
  462   -0.02619   -0.01690    0.00659
  463   -0.01967   -0.02256    0.00149
  464   -0.02015   -0.01798    0.00644
  465   -0.01150   -0.03061   -0.00663
  466   -0.01303   -0.05291   -0.01835
  467   -0.00711   -0.05832   -0.02360
  468   -0.00936   -0.09445   -0.03795
  469    0.00111   -0.10529   -0.04086
  470    0.02550   -0.10052   -0.05025
  471    0.01846   -0.06704   -0.03706
  472    0.00854   -0.05886   -0.02598
  473    0.02477   -0.06874   -0.03370
  474    0.03507   -0.05440   -0.03480
  475    0.02059   -0.03149   -0.01794
  476    0.02217   -0.03478   -0.01726
  477    0.02721   -0.03619   -0.01736
  478    0.02165   -0.01900   -0.01059
  479    0.02898   -0.02738   -0.02425
  480    0.02255   -0.02296   -0.02128
  481    0.02833   -0.02213   -0.02942
  482    0.01319   -0.00612   -0.01369
  483    0.02171   -0.00595   -0.01986
  484    0.02948   -0.02585   -0.03124
  485    0.01530   -0.02559   -0.02152
  486    0.00500   -0.01039   -0.00865
  487    0.00844   -0.01461   -0.00982
  488   -0.00156   -0.02102   -0.00582
  489   -0.00934   -0.01406    0.00134
  490   -0.00839   -0.00401    0.00666
  491   -0.01457   -0.00417    0.01395
  492   -0.00564   -0.00938    0.01372
  493    0.00012   -0.00367    0.00966
  494    0.01129   -0.00956    0.00414
  495    0.01121   -0.00730    0.00624
  496    0.02036   -0.01834   -0.01903
  497    0.02789   -0.02874   -0.02705
  498    0.05048   -0.06130   -0.09514
  499   -0.07421    0.04518    0.04747
  500   -0.05161    0.03868    0.03999
  501   -0.03681    0.02108    0.02087
  502   -0.02436    0.02138    0.02192
  503   -0.01068    0.01515    0.01133
  504   -0.01054    0.01410    0.01142
  505   -0.00803    0.01116    0.00779
  506   -0.01143    0.00979    0.00621
  507   -0.01385    0.01191    0.01237
  508   -0.01869    0.01170    0.01105
  509   -0.02525    0.01310    0.01294
  510   -0.00619    0.01199    0.00498
  511   -0.00001    0.01099    0.00713
  512    0.00651    0.01080    0.00100
  513    0.00881    0.01003    0.00267
  514    0.00988    0.01082    0.00022
  515    0.01151    0.00994    0.00018
  516    0.01335    0.01017    0.00170
  517    0.01255    0.00915    0.00185
  518    0.01475    0.00874    0.00312
  519    0.01358    0.00769    0.00384
  520    0.01100    0.00715    0.00224
  521    0.01122    0.00598    0.00628
  522    0.01005    0.00946    0.00570
  523    0.00691    0.00995    0.00722
  524    0.00601    0.01110    0.00353
  525   -0.00061    0.01047    0.00252
  526    0.00160    0.01080   -0.00218
  527    0.00623    0.01118   -0.00371
  528    0.00729    0.01112   -0.00440
  529    0.00843    0.01052   -0.00472
  530    0.00793    0.00874   -0.00376
  531    0.00589    0.00734   -0.00461
  532    0.00435    0.00665   -0.00549
  533    0.00351    0.00695   -0.00806
  534    0.00338    0.00675   -0.00845
  535    0.00177    0.00424   -0.00716
  536    0.00184    0.00431   -0.00753
  537    0.00082    0.00247   -0.00830
  538    0.00031    0.00151   -0.00711
  539   -0.00066   -0.00050   -0.00535
  540   -0.00009    0.00041   -0.00429
  541    0.00003    0.00028   -0.00265
  542   -0.00091   -0.00025   -0.00153
  543   -0.00088    0.00022   -0.00008
  544    0.00034    0.00119   -0.00060
  545   -0.00053   -0.00008   -0.00121
  546   -0.00026   -0.00057   -0.00264
  547   -0.00123   -0.00206   -0.00313
  548   -0.00087   -0.00260   -0.00330
  549    0.00035   -0.00343   -0.00476
  550    0.00151   -0.00472   -0.00467
  551    0.00454   -0.00549   -0.00574
  552    0.00721   -0.00885   -0.00622
  553    0.00362   -0.00690   -0.00443
  554    0.00015   -0.00676   -0.00404
  555   -0.00183   -0.00501   -0.00287
  556   -0.00148   -0.00423   -0.00225
  557    0.00177   -0.00415   -0.00159
  558    0.00159   -0.00311   -0.00114
  559   -0.00010   -0.00130   -0.00067
  560    0.00149   -0.00048    0.00019
  561    0.00443   -0.00009    0.00149
  562    0.00546   -0.00234    0.00082
  563    0.00898   -0.00236    0.00263
  564    0.00972   -0.00511    0.00091
  565    0.00579   -0.00369   -0.00009
  566    0.00795   -0.00176    0.00160
  567    0.00436   -0.00081    0.00013
  568    0.00378    0.00088    0.00087
  569    0.00422    0.00093   -0.00002
  570    0.00233   -0.00063   -0.00126
  571    0.00065    0.00003   -0.00090
  572   -0.00072    0.00102   -0.00018
  573   -0.00198   -0.00010   -0.00061
  574   -0.00219   -0.00143   -0.00138
  575   -0.00263   -0.00163   -0.00110
  576   -0.00346   -0.00318   -0.00217
  577   -0.00300   -0.00420   -0.00345
  578   -0.00156   -0.00478   -0.00515
  579   -0.00077   -0.00650   -0.00620
  580    0.00179   -0.00798   -0.00868
  581    0.00115   -0.01044   -0.01064
  582    0.00447   -0.01433   -0.01358
  583    0.00370   -0.01009   -0.00780
  584    0.00454   -0.01039   -0.00558
  585    0.00524   -0.00794   -0.00337
  586    0.00191   -0.00595   -0.00270
  587    0.00121   -0.00386   -0.00127
  588    0.00401   -0.00382   -0.00030
  589    0.00307   -0.00146    0.00083
  590   -0.00069   -0.00174   -0.00067
  591   -0.00281   -0.00100   -0.00105
  592   -0.00482   -0.00166   -0.00195
  593   -0.00431   -0.00225   -0.00185
  594   -0.00609   -0.00182   -0.00162
  595   -0.00747   -0.00361   -0.00143
  596   -0.00728   -0.00499   -0.00262
  597   -0.00924   -0.00670   -0.00309
  598   -0.00913   -0.00578   -0.00157
  599   -0.00673   -0.00347   -0.00141
  600   -0.00659   -0.00517   -0.00230
  601   -0.00799   -0.00537   -0.00152
  602   -0.00736   -0.00357   -0.00064
  603   -0.00525   -0.00273   -0.00116
  604   -0.00531   -0.00389   -0.00155
  605   -0.00484   -0.00249   -0.00060
  606   -0.00463   -0.00083   -0.00024
  607   -0.00414    0.00088   -0.00008
  608   -0.00375    0.00210   -0.00022
  609   -0.00246    0.00161    0.00010
  610   -0.00102    0.00312    0.00052
  611    0.00081    0.00313    0.00112
  612    0.00150    0.00521    0.00186
  613    0.00266    0.00627    0.00300
  614    0.00065    0.00729    0.00156
  615    0.00222    0.00882    0.00356
  616    0.00481    0.00874    0.00559
  617    0.00711    0.00852    0.00769
  618    0.01019    0.01160    0.01122
  619    0.00757    0.01339    0.00941
  620    0.00460    0.01235    0.00702
  621    0.00579    0.01349    0.00905
  622    0.00850    0.01805    0.01289
  623    0.00750    0.01846    0.01266
  624    0.00693    0.01442    0.01077
  625    0.00972    0.01228    0.01195
  626    0.00924    0.00978    0.01048
  627    0.01358    0.00884    0.01291
  628    0.01206    0.00815    0.01179
  629    0.00900    0.00611    0.00846
  630    0.01060    0.00398    0.00824
  631    0.00987    0.00164    0.00605
  632    0.01162   -0.00127    0.00507
  633    0.00804   -0.00225    0.00234
  634    0.00884   -0.00214    0.00299
  635    0.01374   -0.00322    0.00410
  636    0.01665   -0.00292    0.00516
  637    0.03296   -0.00637    0.00482
  638    0.03006   -0.00754    0.00527
  639    0.02269   -0.00247    0.00989
  640    0.01498    0.00071    0.00847
  641    0.01235    0.00097    0.00681
  642    0.00824    0.00151    0.00495
  643    0.00583    0.00101    0.00301
  644    0.00687    0.00249    0.00389
  645    0.00362    0.00277    0.00268
  646    0.00355    0.00402    0.00357
  647    0.00514    0.00602    0.00554
  648    0.00504    0.00641    0.00592
  649    0.00496    0.00926    0.00729
  650    0.00657    0.01056    0.00920
  651    0.00724    0.01430    0.01164
  652    0.01050    0.01668    0.01498
  653    0.01654    0.02097    0.02093
  654    0.01182    0.02179    0.01881
  655    0.00740    0.02176    0.01572
  656    0.00403    0.01704    0.01102
  657    0.00306    0.01732    0.01007
  658    0.00091    0.01536    0.00674
  659    0.00107    0.01339    0.00497
  660    0.00031    0.01177    0.00197
  661    0.00017    0.01084    0.00102
  662   -0.00128    0.01021   -0.00095
  663   -0.00202    0.00988   -0.00123
  664   -0.00350    0.01037   -0.00320
  665   -0.00488    0.00982   -0.00203
  666   -0.00519    0.01132   -0.00260
  667   -0.00491    0.00940   -0.00111
  668   -0.00788    0.01058   -0.00089
  669   -0.00738    0.00721   -0.00054
  670   -0.00670    0.00520   -0.00043
  671   -0.00470    0.00509   -0.00016
  672   -0.00394    0.00298   -0.00017
  673   -0.00288    0.00443    0.00033
  674   -0.00179    0.00322    0.00046
  675   -0.00111    0.00465    0.00118
  676   -0.00111    0.00464    0.00140
  677   -0.00200    0.00625    0.00160
  678   -0.00044    0.00563    0.00244
  679   -0.00175    0.00543    0.00120
  680    0.00028    0.00535    0.00237
  681   -0.00013    0.00347    0.00084
  682    0.00049    0.00511    0.00172
  683    0.00022    0.00731    0.00254
  684    0.00432    0.01111    0.00761
  685    0.00460    0.00835    0.00612
  686    0.00208    0.01028    0.00590
  687    0.00400    0.01456    0.00995
  688    0.00769    0.01189    0.01079
  689    0.00600    0.01066    0.00889
  690    0.00354    0.01332    0.00898
  691    0.00443    0.01756    0.01175
  692    0.00042    0.01890    0.00968
  693   -0.00055    0.01480    0.00605
  694   -0.00275    0.01393    0.00440
  695   -0.00272    0.01361    0.00360
  696   -0.00369    0.01222    0.00181
  697   -0.00332    0.01088    0.00167
  698   -0.00273    0.00935    0.00037
  699   -0.00285    0.00813    0.00009
  700   -0.00171    0.00678   -0.00125
  701   -0.00319    0.00654   -0.00176
  702   -0.00271    0.00470   -0.00197
  703   -0.00448    0.00234   -0.00049
  704   -0.00298    0.00388   -0.00054
  705   -0.00077    0.00551   -0.00043
  706   -0.00116    0.00517    0.00043
  707   -0.00152    0.00741    0.00045
  708   -0.00335    0.00874    0.00004
  709   -0.00456    0.01030   -0.00079
  710   -0.00409    0.00890    0.00012
  711   -0.00476    0.00617   -0.00117
  712   -0.00339    0.00534   -0.00039
  713   -0.00355    0.00219   -0.00119
  714   -0.00225    0.00092   -0.00113
  715   -0.00370    0.00007   -0.00165
  716   -0.00339   -0.00050   -0.00181
  717   -0.00075   -0.00057   -0.00108
  718   -0.00058   -0.00144   -0.00132
  719    0.00363   -0.00275   -0.00038
  720    0.00500   -0.00140    0.00092
  721    0.00263   -0.00014    0.00121
  722    0.00002    0.00103    0.00043
  723    0.00014    0.00198    0.00118
  724   -0.00137    0.00156    0.00040
  725   -0.00083    0.00214    0.00076
  726   -0.00296    0.00199   -0.00025
  727   -0.00279    0.00100   -0.00027
  728   -0.00365    0.00172   -0.00039
  729   -0.00400    0.00213   -0.00051
  730   -0.00495    0.00287   -0.00045
  731   -0.00586    0.00325   -0.00016
  732   -0.00609    0.00618   -0.00061
  733   -0.00799    0.00666   -0.00088
  734   -0.00854    0.00988   -0.00124
  735   -0.00834    0.01234   -0.00314
  736   -0.00603    0.00944   -0.00288
  737   -0.00390    0.00915   -0.00303
  738   -0.00331    0.00827   -0.00143
  739   -0.00222    0.00905   -0.00123
  740   -0.00223    0.00970    0.00067
  741   -0.00176    0.01110    0.00146
  742   -0.00169    0.01205    0.00321
  743   -0.00121    0.01429    0.00612
  744   -0.00006    0.01228    0.00583
  745   -0.00027    0.00943    0.00406
  746   -0.00026    0.00868    0.00350
  747    0.00159    0.00631    0.00355
  748    0.00095    0.00703    0.00331
  749    0.00075    0.00576    0.00242
  750    0.00298    0.00568    0.00346
  751    0.00207    0.00426    0.00216
  752   -0.00071    0.00436    0.00090
  753   -0.00209    0.00332    0.00033
  754   -0.00355    0.00434   -0.00008
  755   -0.00490    0.00261   -0.00006
  756   -0.00648    0.00255    0.00010
  757   -0.00703   -0.00013    0.00022
  758   -0.00630   -0.00084    0.00072
  759   -0.00620   -0.00189    0.00153
  760   -0.00612   -0.00391    0.00102
  761   -0.00547   -0.00394   -0.00039
  762   -0.00603   -0.00488   -0.00195
  763   -0.00517   -0.00550   -0.00352
  764   -0.00397   -0.00526   -0.00509
  765   -0.00288   -0.00682   -0.00693
  766   -0.00058   -0.00616   -0.00858
  767    0.00202   -0.00523   -0.00976
  768   -0.00002   -0.00173   -0.00839
  769    0.00087   -0.00038   -0.00846
  770    0.00102   -0.00049   -0.00623
  771    0.00178    0.00147   -0.00623
  772    0.00288    0.00258   -0.00470
  773    0.00229    0.00314   -0.00466
  774    0.00193    0.00246   -0.00269
  775    0.00108    0.00160   -0.00258
  776    0.00089    0.00121   -0.00125
  777   -0.00041    0.00031   -0.00228
  778   -0.00175   -0.00077   -0.00374
  779   -0.00220   -0.00124   -0.00543
  780   -0.00255   -0.00310   -0.00680
  781   -0.00118   -0.00076   -0.00818
  782   -0.00049    0.00091   -0.00686
  783   -0.00001    0.00134   -0.00516
  784    0.00149    0.00272   -0.00469
  785    0.00340    0.00443   -0.00358
  786    0.00397    0.00452   -0.00262
  787    0.00601    0.00658   -0.00188
  788    0.00578    0.00688   -0.00269
  789    0.00474    0.00498   -0.00224
  790    0.00351    0.00462   -0.00314
  791    0.00180    0.00440   -0.00509
  792    0.00057    0.00411   -0.00664
  793   -0.00034    0.00296   -0.00765
  794   -0.00218   -0.00011   -0.00662
  795   -0.00384   -0.00156   -0.00501
  796   -0.00485   -0.00317   -0.00471
  797   -0.00365   -0.00233   -0.00349
  798   -0.00360   -0.00256   -0.00193
  799   -0.00178   -0.00115   -0.00073
  800    0.00029    0.00021    0.00014
  801    0.00051    0.00099   -0.00160
  802    0.00202    0.00249   -0.00237
  803    0.00077    0.00192   -0.00222
  804   -0.00065    0.00161   -0.00385
  805    0.00048    0.00299   -0.00368
  806    0.00043    0.00408   -0.00510
  807    0.00415    0.00583   -0.00384
  808    0.00413    0.00707   -0.00514
  809    0.00682    0.00846   -0.00399
  810    0.00785    0.00871   -0.00322
  811    0.00907    0.01039   -0.00321
  812    0.00916    0.01023   -0.00285
  813    0.00886    0.01050   -0.00179
  814    0.00668    0.00995   -0.00441
  815    0.00397    0.00941   -0.00253
  816    0.00535    0.01065    0.00225
  817    0.00640    0.01275    0.00738
  818   -0.00161    0.01267    0.01136
  819   -0.00702    0.01646    0.02020
  820   -0.01866    0.01690    0.02777
  821   -0.02302    0.02490    0.04457
  822    0.01689    0.01243    0.00668
  823    0.01511    0.01130    0.00547
  824    0.01463    0.01230    0.00533
  825    0.01764    0.01334    0.00729
  826    0.01300    0.01558    0.00839
  827    0.01016    0.01457    0.00917
  828    0.01229    0.01366    0.01049
  829    0.01666    0.01359    0.00957
  830    0.01723    0.01718    0.01114
  831    0.00519    0.01661    0.01646
  832    0.00439    0.01272    0.01691
  833   -0.00678    0.01758    0.02455
  834   -0.01219    0.01559    0.02039
  835   -0.02487    0.01357    0.02090
  836   -0.03204    0.01151    0.01784
  837   -0.04853    0.01209    0.01662
  838   -0.03626    0.00897    0.00604
  839   -0.03871    0.01079   -0.00290
  840   -0.04131    0.00553   -0.00879
  841   -0.02218    0.00411   -0.00722
  842   -0.00841    0.00627   -0.00376
  843   -0.00905    0.00609   -0.00285
  844   -0.02025    0.00421   -0.00261
  845   -0.03010    0.00641    0.00308
  846   -0.04681    0.01306    0.01639
  847   -0.06414    0.01237    0.02137
  848   -0.09504    0.02366    0.04628
  849   -0.10992    0.02337    0.03784
  850   -0.19400    0.01430    0.06477
  851   -0.24826   -0.00662    0.04399
  852   -0.23492    0.00082    0.06089
  853   -0.13470    0.01104    0.04925
  854   -0.09636    0.00954    0.02713
  855   -0.05990    0.00652    0.00828
  856   -0.05700   -0.00055   -0.00676
  857   -0.03390   -0.00130   -0.00947
  858   -0.02295   -0.00330   -0.01277
  859   -0.02586   -0.00541   -0.01764
  860   -0.01513   -0.00387   -0.01895
  861   -0.00511    0.00079   -0.01257
  862   -0.01011    0.00140   -0.01219
  863   -0.01079    0.00106   -0.01361
  864   -0.00040    0.00572   -0.00874
  865    0.00318    0.00732   -0.00811
  866   -0.00062    0.01000   -0.00790
  867    0.00069    0.01122   -0.00767
  868    0.00659    0.01164   -0.00511
  869    0.00735    0.01104   -0.00573
  870    0.00584    0.01336   -0.00535
  871    0.00688    0.01287   -0.00381
  872    0.00929    0.01041   -0.00314
  873    0.00857    0.01081   -0.00301
  874    0.00784    0.01025   -0.00167
  875    0.00798    0.00846   -0.00121
  876    0.00787    0.00754   -0.00210
  877    0.00685    0.00757   -0.00203
  878    0.00621    0.00710   -0.00031
  879    0.00568    0.00527    0.00026
  880    0.00411    0.00363   -0.00030
  881    0.00298    0.00240    0.00095
  882    0.00085   -0.00001    0.00127
  883   -0.00091   -0.00168    0.00191
  884   -0.00213   -0.00181    0.00121
  885   -0.00423   -0.00315    0.00043
  886   -0.00567   -0.00421   -0.00093
  887   -0.00616   -0.00439   -0.00186
  888   -0.00717   -0.00559   -0.00331
  889   -0.00916   -0.00705   -0.00289
  890   -0.00975   -0.00806   -0.00380
  891   -0.01142   -0.00832   -0.00408
  892   -0.01217   -0.00828   -0.00492
  893   -0.01167   -0.00683   -0.00417
  894   -0.01150   -0.00614   -0.00300
  895   -0.01110   -0.00669   -0.00264
  896   -0.01103   -0.00576   -0.00202
  897   -0.00992   -0.00626   -0.00170
  898   -0.00986   -0.00700   -0.00158
  899   -0.01064   -0.00640   -0.00261
  900   -0.00997   -0.00516   -0.00183
  901   -0.00849   -0.00575   -0.00112
  902   -0.00869   -0.00580   -0.00170
  903   -0.00851   -0.00453   -0.00239
  904   -0.00721   -0.00390   -0.00135
  905   -0.00602   -0.00403   -0.00077
  906   -0.00578   -0.00333   -0.00188
  907   -0.00546   -0.00148   -0.00211
  908   -0.00383   -0.00170   -0.00062
  909   -0.00226   -0.00097   -0.00055
  910   -0.00215    0.00021   -0.00191
  911   -0.00146    0.00134   -0.00127
  912    0.00010    0.00156   -0.00003
  913    0.00134    0.00241   -0.00067
  914    0.00196    0.00360   -0.00180
  915    0.00354    0.00423   -0.00016
  916    0.00464    0.00486    0.00032
  917    0.00641    0.00592   -0.00068
  918    0.00703    0.00677   -0.00099
  919    0.00753    0.00761    0.00051
  920    0.00866    0.00790    0.00019
  921    0.00931    0.00883   -0.00080
  922    0.01106    0.00964    0.00029
  923    0.01054    0.00930    0.00130
  924    0.01007    0.00963    0.00061
  925    0.01077    0.01024    0.00031
  926    0.01212    0.01023    0.00201
  927    0.01121    0.01032    0.00108
  928    0.01051    0.01022   -0.00053
  929    0.01113    0.01109    0.00174
  930    0.01258    0.01115    0.00276
  931    0.01110    0.01054   -0.00039
  932    0.00881    0.01023   -0.00039
  933    0.01158    0.01215    0.00336
  934    0.01218    0.01122    0.00100
  935    0.00912    0.00942   -0.00279
  936    0.00697    0.01111    0.00161
  937    0.01227    0.01259    0.00295
  938    0.01332    0.00876   -0.00190
  939    0.00634    0.00747   -0.00359
  940    0.00819    0.01303    0.00346
  941    0.01595    0.00945    0.00026
  942    0.01697    0.00450   -0.00692
  943    0.00838    0.00620   -0.00431
  944    0.01609    0.01275    0.00169
  945    0.02697    0.00510   -0.00696
  946    0.02231   -0.00176   -0.01188
  947    0.01531    0.00851   -0.00363
  948    0.02534    0.01436   -0.00114
  949    0.02138    0.02350    0.00609
  950    0.01082    0.02640    0.00873
  951    0.00048    0.03816    0.01967
  952    0.01539    0.05422    0.02724
  953    0.01903    0.04192    0.02295
  954    0.01105    0.03724    0.02104
  955    0.01506    0.02593    0.01693
  956    0.00606    0.02131    0.02077
  957    0.00108    0.02198    0.01772
  958   -0.00935    0.02922    0.02662
  959   -0.00697    0.03824    0.02564
  960   -0.01864    0.05225    0.03352
  961   -0.02543    0.04344    0.02946
  962   -0.01410    0.05602    0.03484
  963   -0.03048    0.03612    0.02382
  964   -0.06309    0.02105    0.02099
  965   -0.06771    0.00269    0.00853
  966   -0.11114   -0.01501    0.00518
  967   -0.12711   -0.02578   -0.00564
  968   -0.11055   -0.04864   -0.02883
  969   -0.07055   -0.03126   -0.02018
  970   -0.06590   -0.01539   -0.01086
  971   -0.07473   -0.03177   -0.02965
  972   -0.04907   -0.03716   -0.03374
  973   -0.02491   -0.01451   -0.02027
  974   -0.03094   -0.01328   -0.02172
  975   -0.03112   -0.02132   -0.02882
  976   -0.00782   -0.01530   -0.02019
  977   -0.01258   -0.03069   -0.02471
  978   -0.00478   -0.02049   -0.01829
  979    0.00812   -0.03009   -0.02134
  980    0.02443   -0.00840   -0.01353
  981    0.03390   -0.01278   -0.01887
  982    0.00571   -0.02348   -0.02229
  983    0.00013    0.00051   -0.00764
  984    0.03123    0.01086   -0.00837
  985    0.03788    0.02092   -0.00704
  986    0.00209    0.02860    0.00933
  987    0.00761    0.04171    0.01879
  988    0.03136    0.04074    0.00382
  989    0.02704    0.07228    0.02899
  990    0.01305    0.08278    0.03322
  991    0.02904    0.07562    0.02496
  992    0.01796    0.06542   -0.00044
  993    0.03705   -0.00304   -0.00228
  994    0.03103   -0.00091    0.00073
  995    0.02326    0.00101    0.00055
  996    0.02163    0.00197    0.00385
  997    0.01575    0.00389    0.00386
  998    0.01572    0.00516    0.00827
  999    0.01259    0.00731    0.01103
 1000    0.01072    0.00881    0.01560
 1001    0.01311    0.01137    0.02058
 1002    0.01178    0.01382    0.02893
 1003    0.01274    0.02062    0.04463
 1004    0.01027    0.01447    0.03127
 1005    0.01377    0.01619    0.03164
 1006    0.00995    0.01035    0.02096
 1007    0.01053    0.01008    0.01505
 1008    0.00806    0.00803    0.00946
 1009    0.00790    0.00861    0.00532
 1010    0.00924    0.00900    0.00272
 1011    0.00928    0.00940   -0.00045
 1012    0.01054    0.01010   -0.00312
 1013    0.00915    0.01147    0.00043
 1014    0.00748    0.01151    0.00350
 1015    0.00946    0.01092    0.00885
 1016    0.01237    0.01008    0.01083
 1017    0.01352    0.01169    0.01673
 1018    0.01049    0.01047    0.01627
 1019    0.00867    0.01051    0.01903
 1020    0.00544    0.00905    0.01832
 1021    0.00508    0.00710    0.01553
 1022    0.00409    0.00488    0.01466
 1023    0.00465    0.00313    0.01238
 1024    0.00379    0.00147    0.00930
 1025    0.00303   -0.00027    0.00706
 1026    0.00345   -0.00320    0.00670
 1027    0.00366   -0.00525    0.00467
 1028    0.00439   -0.00793    0.00291
 1029    0.00482   -0.01111    0.00186
 1030    0.00701   -0.01502   -0.00035
 1031    0.00417   -0.01762   -0.00205
 1032    0.00524   -0.01731   -0.00172
 1033    0.00322   -0.01499   -0.00111
 1034    0.00602   -0.01385   -0.00014
 1035    0.00630   -0.01209   -0.00051
 1036    0.00475   -0.00951    0.00045
 1037    0.00574   -0.00730    0.00085
 1038    0.00850   -0.00898   -0.00021
 1039    0.00515   -0.01040   -0.00097
 1040    0.00325   -0.01202   -0.00196
 1041    0.00042   -0.01263   -0.00175
 1042   -0.00141   -0.01211   -0.00225
 1043   -0.00148   -0.01378   -0.00347
 1044   -0.00307   -0.01263   -0.00428
 1045   -0.00261   -0.01425   -0.00816
 1046   -0.00420   -0.01335   -0.01001
 1047   -0.00377   -0.01034   -0.00548
 1048   -0.00435   -0.01026   -0.00281
 1049   -0.00384   -0.00878   -0.00130
 1050   -0.00290   -0.00666   -0.00056
 1051   -0.00254   -0.00498   -0.00267
 1052   -0.00256   -0.00600   -0.00323
 1053   -0.00169   -0.00544   -0.00186
 1054   -0.00059   -0.00332   -0.00223
 1055   -0.00082   -0.00137   -0.00422
 1056   -0.00150   -0.00123   -0.00473
 1057   -0.00158    0.00116   -0.00709
 1058   -0.00322   -0.00106   -0.00893
 1059   -0.00322   -0.00354   -0.00661
 1060   -0.00317   -0.00470   -0.00742
 1061   -0.00217   -0.00367   -0.00590
 1062   -0.00204   -0.00498   -0.00471
 1063   -0.00201   -0.00274   -0.00546
 1064   -0.00255   -0.00403   -0.00411
 1065   -0.00291   -0.00601   -0.00233
 1066   -0.00221   -0.00783   -0.00238
 1067   -0.00168   -0.00916   -0.00130
 1068   -0.00065   -0.01047   -0.00121
 1069    0.00054   -0.01037   -0.00061
 1070   -0.00163   -0.01137   -0.00045
 1071   -0.00287   -0.01274   -0.00103
 1072   -0.00300   -0.01494   -0.00256
 1073   -0.00440   -0.01592   -0.00363
 1074   -0.00542   -0.02005   -0.00643
 1075   -0.00764   -0.02115   -0.00462
 1076   -0.01399   -0.02888   -0.00752
 1077   -0.00587   -0.01480   -0.00632
 1078   -0.00410   -0.00821   -0.00514
 1079   -0.00301   -0.00533   -0.00484
 1080   -0.00324   -0.00525   -0.00220
 1081   -0.00151   -0.00227   -0.00118
 1082    0.00029   -0.00009   -0.00235
 1083    0.00204    0.00185   -0.00283
 1084    0.00109    0.00091   -0.00152
 1085    0.00060    0.00021    0.00024
 1086   -0.00117   -0.00157    0.00165
 1087   -0.00163   -0.00389    0.00154
 1088   -0.00113   -0.00508    0.00216
 1089   -0.00298   -0.00783    0.00189
 1090   -0.00441   -0.00827    0.00204
 1091   -0.00576   -0.01015    0.00248
 1092   -0.00502   -0.00981    0.00210
 1093   -0.00335   -0.00900    0.00130
 1094   -0.00441   -0.00986    0.00104
 1095   -0.00487   -0.00968    0.00169
 1096   -0.00372   -0.00918    0.00133
 1097   -0.00309   -0.00940    0.00031
 1098   -0.00325   -0.01023    0.00027
 1099   -0.00221   -0.00968    0.00011
 1100   -0.00254   -0.00907   -0.00006
 1101   -0.00220   -0.00864   -0.00051
 1102   -0.00269   -0.00812   -0.00133
 1103   -0.00242   -0.00739   -0.00122
 1104   -0.00203   -0.00535   -0.00191
 1105   -0.00136   -0.00375   -0.00294
 1106   -0.00057   -0.00257   -0.00309
 1107    0.00046   -0.00071   -0.00336
 1108    0.00172   -0.00214   -0.00170
 1109    0.00315   -0.00020   -0.00218
 1110    0.00230    0.00173   -0.00371
 1111    0.00292    0.00423   -0.00525
 1112    0.00407    0.00674   -0.00680
 1113    0.00544    0.00509   -0.00553
 1114    0.00614    0.00287   -0.00349
 1115    0.00796    0.00475   -0.00418
 1116    0.01077    0.00767   -0.00616
 1117    0.01315    0.00782   -0.00573
 1118    0.01037    0.00709   -0.00519
 1119    0.00852    0.00868   -0.00695
 1120    0.00605    0.00732   -0.00638
 1121    0.00573    0.01037   -0.00915
 1122    0.00670    0.01005   -0.00826
 1123    0.00578    0.00735   -0.00652
 1124    0.00442    0.00749   -0.00753
 1125    0.00396    0.00636   -0.00706
 1126    0.00271    0.00613   -0.00837
 1127    0.00230    0.00341   -0.00584
 1128    0.00148    0.00288   -0.00559
 1129    0.00066    0.00418   -0.00874
 1130   -0.00091    0.00495   -0.01110
 1131   -0.00182    0.00472   -0.02025
 1132   -0.00185    0.00662   -0.01915
 1133    0.00019    0.01050   -0.01414
 1134    0.00245    0.00829   -0.00999
 1135    0.00193    0.00578   -0.00800
 1136    0.00212    0.00361   -0.00582
 1137    0.00081    0.00121   -0.00462
 1138    0.00030    0.00143   -0.00566
 1139    0.00028   -0.00047   -0.00375
 1140    0.00205    0.00064   -0.00317
 1141    0.00366    0.00314   -0.00398
 1142    0.00510    0.00441   -0.00390
 1143    0.00688    0.00506   -0.00372
 1144    0.00886    0.00701   -0.00501
 1145    0.01210    0.00873   -0.00596
 1146    0.01333    0.01101   -0.00823
 1147    0.01810    0.01536   -0.01330
 1148    0.02093    0.01511   -0.01173
 1149    0.01934    0.01132   -0.00718
 1150    0.01568    0.00765   -0.00421
 1151    0.01603    0.00606   -0.00309
 1152    0.01229    0.00189   -0.00128
 1153    0.00984    0.00053   -0.00099
 1154    0.00834   -0.00196   -0.00028
 1155    0.00653   -0.00247   -0.00045
 1156    0.00572   -0.00398    0.00027
 1157    0.00440   -0.00441    0.00022
 1158    0.00433   -0.00556    0.00074
 1159    0.00259   -0.00587    0.00083
 1160    0.00209   -0.00573    0.00044
 1161    0.00030   -0.00610    0.00008
 1162   -0.00032   -0.00762    0.00067
 1163   -0.00063   -0.00756    0.00068
 1164   -0.00022   -0.00733    0.00084
 1165    0.00022   -0.00612    0.00041
 1166   -0.00026   -0.00611    0.00032
 1167    0.00134   -0.00481    0.00030
 1168    0.00145   -0.00375   -0.00017
 1169    0.00317   -0.00217   -0.00004
 1170    0.00398   -0.00042    0.00025
 1171    0.00578    0.00035    0.00094
 1172    0.00621    0.00214   -0.00072
 1173    0.00705    0.00317   -0.00039
 1174    0.00699    0.00456   -0.00272
 1175    0.00586    0.00582   -0.00365
 1176    0.00820    0.00707   -0.00471
 1177    0.01156    0.00828   -0.00498
 1178    0.01440    0.01080   -0.00755
 1179    0.00974    0.00711   -0.00597
 1180    0.01129    0.00636   -0.00407
 1181    0.01521    0.00945   -0.00604
 1182    0.01249    0.01006   -0.00766
 1183    0.01058    0.00784   -0.00565
 1184    0.01245    0.00701   -0.00395
 1185    0.01704    0.00943   -0.00558
 1186    0.01843    0.00717   -0.00269
 1187    0.01719    0.00610   -0.00227
 1188    0.01301    0.00366    0.00077
 1189    0.01182    0.00205    0.00196
 1190    0.00969   -0.00137    0.00352
 1191    0.00834   -0.00205    0.00300
 1192    0.00671   -0.00414    0.00237
 1193    0.00557   -0.00443    0.00182
 1194    0.00461   -0.00573    0.00056
 1195    0.00438   -0.00606    0.00077
 1196    0.00383   -0.00591   -0.00012
 1197    0.00259   -0.00624    0.00013
 1198    0.00298   -0.00616    0.00009
 1199    0.00424   -0.00598   -0.00007
 1200    0.00402   -0.00439    0.00165
 1201    0.00578   -0.00442    0.00269
 1202    0.00693   -0.00242    0.00426
 1203    0.00884   -0.00039    0.00468
 1204    0.00902    0.00248    0.00210
 1205    0.00695    0.00422    0.00187
 1206    0.00748    0.00590   -0.00065
 1207    0.00442    0.00664   -0.00179
 1208    0.00285    0.00668   -0.00364
 1209    0.00094    0.00606   -0.00327
 1210   -0.00078    0.00689   -0.00428
 1211    0.00069    0.00542   -0.00538
 1212    0.00113    0.00382   -0.00402
 1213    0.00269    0.00166   -0.00411
 1214    0.00228    0.00465   -0.00728
 1215    0.00322    0.00453   -0.00502
 1216    0.00330    0.00567   -0.00479
 1217    0.00457    0.00478   -0.00291
 1218    0.00393    0.00306   -0.00096
 1219    0.00366    0.00129   -0.00003
 1220    0.00277   -0.00054    0.00119
 1221    0.00129   -0.00196    0.00096
 1222    0.00135   -0.00397    0.00143
 1223    0.00088   -0.00571    0.00084
 1224    0.00108   -0.00650    0.00102
 1225    0.00037   -0.00693    0.00100
 1226    0.00212   -0.00627    0.00121
 1227    0.00185   -0.00677    0.00163
 1228    0.00187   -0.00688    0.00190
 1229    0.00381   -0.00644    0.00271
 1230    0.00447   -0.00588    0.00227
 1231    0.00488   -0.00591    0.00145
 1232    0.00462   -0.00515    0.00114
 1233    0.00564   -0.00466    0.00110
 1234    0.00619   -0.00315    0.00141
 1235    0.00782   -0.00269    0.00164
 1236    0.00920   -0.00034    0.00140
 1237    0.01164    0.00225    0.00032
 1238    0.01048    0.00332   -0.00053
 1239    0.00830    0.00248   -0.00055
 1240    0.00667    0.00111   -0.00012
 1241    0.00485    0.00131   -0.00152
 1242    0.00450    0.00050   -0.00124
 1243    0.00269   -0.00102   -0.00138
 1244    0.00185   -0.00000   -0.00290
 1245    0.00038   -0.00153   -0.00282
 1246    0.00036   -0.00371   -0.00132
 1247   -0.00074   -0.00509   -0.00108
 1248   -0.00104   -0.00598   -0.00049
 1249   -0.00204   -0.00729   -0.00018
 1250   -0.00216   -0.00829    0.00019
 1251   -0.00242   -0.00848    0.00085
 1252   -0.00206   -0.00848    0.00073
 1253   -0.00201   -0.00779    0.00144
 1254   -0.00295   -0.00849    0.00145
 1255   -0.00261   -0.00925    0.00130
 1256   -0.00338   -0.01055    0.00108
 1257   -0.00425   -0.01203    0.00020
 1258   -0.00403   -0.01401   -0.00078
 1259   -0.00549   -0.01637   -0.00211
 1260   -0.00498   -0.01923   -0.00447
 1261   -0.00380   -0.02307   -0.00741
 1262   -0.00031   -0.02011   -0.00457
 1263    0.00292   -0.02071   -0.00567
 1264    0.00393   -0.01695   -0.00444
 1265    0.00824   -0.01830   -0.00279
 1266    0.01211   -0.01701   -0.00244
 1267    0.01180   -0.01490   -0.00113
 1268    0.01015   -0.01125    0.00047
 1269    0.00695   -0.00918    0.00192
 1270    0.00499   -0.00737    0.00295
 1271    0.00267   -0.00826    0.00258
 1272    0.00160   -0.01081    0.00123
 1273   -0.00036   -0.01171    0.00116
 1274   -0.00230   -0.01444   -0.00071
 1275   -0.00084   -0.01594   -0.00108
 1276    0.00222   -0.01466   -0.00066
 1277    0.00392   -0.01187    0.00088
 1278    0.00403   -0.00838    0.00334
 1279    0.00549   -0.00623    0.00520
 1280    0.00441   -0.00514    0.00638
 1281    0.00549   -0.00325    0.00827
 1282    0.00402   -0.00145    0.00830
 1283    0.00288   -0.00082    0.00658
 1284    0.00183   -0.00163    0.00546
 1285    0.00120   -0.00365    0.00490
 1286    0.00088   -0.00455    0.00347
 1287    0.00044   -0.00781    0.00212
 1288   -0.00190   -0.00923    0.00155
 1289   -0.00307   -0.00780    0.00229
 1290   -0.00362   -0.00976    0.00166
 1291   -0.00171   -0.00913    0.00201
 1292   -0.00071   -0.00920    0.00193
 1293    0.00110   -0.00768    0.00259
 1294    0.00190   -0.00601    0.00394
 1295    0.00126   -0.00564    0.00422
 1296    0.00149   -0.00394    0.00509
 1297    0.00010   -0.00313    0.00407
 1298   -0.00081   -0.00417    0.00348
 1299    0.00020   -0.00210    0.00338
 1300    0.00086   -0.00174    0.00305
 1301    0.00267    0.00062    0.00404
 1302    0.00393    0.00012    0.00521
 1303    0.00473    0.00258    0.00711
 1304    0.00374    0.00314    0.00748
 1305    0.00477    0.00471    0.01016
 1306    0.00503    0.00558    0.00960
 1307    0.00591    0.00724    0.01097
 1308    0.00446    0.00729    0.01223
 1309    0.00551    0.00826    0.01347
 1310    0.00912    0.00940    0.01226
 1311    0.01284    0.01030    0.01261
 1312    0.01509    0.01289    0.01845
 1313    0.02004    0.01294    0.01849
 1314    0.02232    0.01573    0.02496
 1315    0.02871    0.01671    0.02438
 1316    0.01398    0.00802   -0.00040
 1317    0.01255    0.00907    0.00043
 1318    0.01300    0.00924    0.00225
 1319    0.01657    0.00681   -0.00245
 1320    0.01711    0.00610    0.00255
 1321    0.01594    0.00705    0.00451
 1322    0.01751    0.00449    0.00071
 1323    0.01927    0.00316   -0.00394
 1324    0.02431   -0.00010   -0.00446
 1325    0.02229    0.00174    0.00233
 1326    0.02161   -0.00107    0.00446
 1327    0.02171    0.00618    0.01324
 1328    0.01842    0.00899    0.01612
 1329    0.01699    0.00882    0.01932
 1330    0.01492    0.01154    0.02607
 1331    0.01491    0.01078    0.02855
 1332    0.00999    0.00895    0.02099
 1333    0.00581    0.01104    0.02593
 1334    0.00088    0.01075    0.02041
 1335    0.00191    0.00885    0.01543
 1336    0.00494    0.00790    0.01203
 1337    0.00684    0.00686    0.00821
 1338    0.00813    0.00579    0.00727
 1339    0.01241    0.00439    0.00660
 1340    0.01841    0.00389    0.01046
 1341    0.01894    0.00270    0.00592
 1342    0.02787    0.00169    0.00622
 1343    0.03095   -0.00015    0.00129
 1344    0.03729   -0.00259    0.00008
 1345    0.03027    0.00050    0.00676
 1346    0.02653    0.00532    0.01991
 1347    0.02407    0.00564    0.01577
 1348    0.01777    0.00774    0.02033
 1349    0.01275    0.00691    0.01681
 1350    0.00574    0.00716    0.01287
 1351    0.00258    0.00748    0.01035
 1352    0.00144    0.00706    0.00460
 1353   -0.00429    0.00869    0.00539
 1354   -0.00369    0.00850    0.00211
 1355    0.00047    0.00794    0.00372
 1356   -0.00012    0.00819    0.00842
 1357   -0.00308    0.00827    0.00843
 1358   -0.00174    0.00817    0.00601
 1359    0.00173    0.00835    0.00770
 1360    0.00087    0.00812    0.01093
 1361    0.00069    0.00779    0.00908
 1362    0.00308    0.00787    0.00806
 1363    0.00413    0.00799    0.00952
 1364    0.00331    0.00711    0.01067
 1365    0.00375    0.00657    0.00927
 1366    0.00488    0.00693    0.00852
 1367    0.00424    0.00567    0.01016
 1368    0.00414    0.00417    0.00977
 1369    0.00406    0.00498    0.00846
 1370    0.00401    0.00421    0.00742
 1371    0.00403    0.00199    0.00832
 1372    0.00371    0.00154    0.00849
 1373    0.00305    0.00212    0.00656
 1374    0.00252   -0.00003    0.00593
 1375    0.00278   -0.00214    0.00647
 1376    0.00128   -0.00344    0.00484
 1377    0.00066   -0.00465    0.00431
 1378    0.00004   -0.00630    0.00311
 1379   -0.00182   -0.00700    0.00259
 1380   -0.00290   -0.00861    0.00211
 1381   -0.00414   -0.00805    0.00214
 1382   -0.00541   -0.00980    0.00173
 1383   -0.00669   -0.00997    0.00196
 1384   -0.00748   -0.01093    0.00241
 1385   -0.00884   -0.00986    0.00311
 1386   -0.00977   -0.00822    0.00334
 1387   -0.01004   -0.00547    0.00186
 1388   -0.00939   -0.00560    0.00131
 1389   -0.00998   -0.00752    0.00113
 1390   -0.00981   -0.00663    0.00081
 1391   -0.00992   -0.00719   -0.00018
 1392   -0.00916   -0.00790    0.00070
 1393   -0.00892   -0.00816    0.00186
 1394   -0.00835   -0.00693    0.00104
 1395   -0.00820   -0.00670    0.00030
 1396   -0.00737   -0.00728    0.00133
 1397   -0.00655   -0.00656    0.00169
 1398   -0.00583   -0.00507    0.00073
 1399   -0.00510   -0.00502    0.00099
 1400   -0.00443   -0.00541    0.00189
 1401   -0.00292   -0.00393    0.00169
 1402   -0.00286   -0.00259    0.00074
 1403   -0.00208   -0.00252    0.00155
 1404   -0.00117   -0.00257    0.00206
 1405    0.00029   -0.00057    0.00153
 1406    0.00061    0.00051    0.00154
 1407    0.00072    0.00027    0.00251
 1408    0.00161    0.00107    0.00286
 1409    0.00304    0.00320    0.00157
 1410    0.00330    0.00372    0.00217
 1411    0.00319    0.00311    0.00368
 1412    0.00407    0.00467    0.00322
 1413    0.00579    0.00620    0.00220
 1414    0.00538    0.00596    0.00362
 1415    0.00546    0.00604    0.00517
 1416    0.00716    0.00785    0.00278
 1417    0.00783    0.00827    0.00247
 1418    0.00696    0.00786    0.00527
 1419    0.00745    0.00791    0.00646
 1420    0.00925    0.00907    0.00391
 1421    0.00862    0.00915    0.00450
 1422    0.00764    0.00866    0.00713
 1423    0.00952    0.00897    0.00713
 1424    0.00983    0.00945    0.00452
 1425    0.00780    0.00930    0.00548
 1426    0.00827    0.00869    0.00687
 1427    0.01081    0.00842    0.00473
 1428    0.00934    0.00914    0.00364
 1429    0.00742    0.00780    0.00347
 1430    0.01094    0.00651    0.00353
 1431    0.01125    0.00722    0.00221
 1432    0.00723    0.00732   -0.00036
 1433    0.00742    0.00524   -0.00090
 1434    0.01169    0.00420    0.00009
 1435    0.00955    0.00452   -0.00248
 1436    0.00538    0.00244   -0.00711
 1437    0.00936    0.00060   -0.00787
 1438    0.01241   -0.00011   -0.00548
 1439    0.00698   -0.00018   -0.00829
 1440    0.00876   -0.00329   -0.01809
 1441    0.01387   -0.00729   -0.01653
 1442    0.01357   -0.00520   -0.01257
 1443    0.01775   -0.00818   -0.00951
 1444    0.02726   -0.00867   -0.02077
 1445    0.02869   -0.00502   -0.01148
 1446    0.04178   -0.00093   -0.01127
 1447    0.03838    0.00156   -0.00932
 1448    0.03808   -0.00329   -0.00790
 1449    0.03159   -0.00409   -0.00656
 1450    0.02623   -0.00223    0.00012
 1451    0.02465    0.00139   -0.00096
 1452    0.02866   -0.00040   -0.00206
 1453    0.03133   -0.00020   -0.00506
 1454    0.03855   -0.00332   -0.00609
 1455    0.03571   -0.00432   -0.01209
 1456    0.04255   -0.00461   -0.01913
 1457    0.03617   -0.00705   -0.02188
 1458    0.03265   -0.00429   -0.01721
 1459    0.02352   -0.00214   -0.01521
 1460    0.01862   -0.00038   -0.01342
 1461    0.01143    0.00277   -0.00670
 1462    0.00499    0.00362   -0.01513
 1463    0.01149    0.00144   -0.01807
 1464    0.01234    0.00204   -0.00862
 1465    0.00384    0.00434   -0.00817
 1466    0.00390    0.00413   -0.01576
 1467    0.00821    0.00154   -0.01210
 1468    0.00489    0.00467   -0.00515
 1469   -0.00213    0.00562   -0.00949
 1470    0.00056    0.00343   -0.01398
 1471   -0.00082    0.00396   -0.02213
 1472    0.00685    0.00046   -0.02321
 1473    0.00968    0.00011   -0.03275
 1474    0.01422   -0.00929   -0.03233
 1475    0.01780   -0.00544   -0.04477
 1476    0.01683   -0.00380   -0.04583
 1477    0.02458   -0.00839   -0.03762
 1478    0.02579   -0.01714   -0.04228
 1479    0.03037   -0.02596   -0.05351
 1480    0.03483   -0.01581   -0.04170
 1481    0.03573   -0.01696   -0.03300
 1482    0.03180   -0.02289   -0.03271
 1483    0.03938   -0.03888   -0.04273
 1484    0.06396    0.00681   -0.02654
 1485    0.06044    0.01240   -0.02466
 1486    0.09818    0.03639   -0.04132
