    1   -0.04086   -0.05139   -0.02170
    2   -0.02997   -0.02990   -0.01610
    3   -0.01731   -0.01860   -0.01108
    4   -0.01374   -0.00380   -0.00911
    5   -0.00522    0.00389   -0.00351
    6   -0.00110    0.01341   -0.00382
    7    0.00432    0.02157    0.00171
    8    0.00952    0.03039    0.00632
    9    0.01440    0.03718    0.00089
   10    0.02226    0.04999   -0.00015
   11    0.03723    0.06826   -0.00260
   12    0.03555    0.06675    0.00154
   13    0.04158    0.06688   -0.00852
   14    0.03164    0.05089    0.00021
   15    0.02815    0.03929   -0.00391
   16    0.02190    0.03010   -0.00018
   17    0.02152    0.02234   -0.00497
   18    0.01708    0.01587   -0.00741
   19    0.01594    0.00778   -0.01238
   20    0.01908    0.00572   -0.01573
   21    0.02463    0.01344   -0.01458
   22    0.02866    0.02023   -0.01309
   23    0.03042    0.02955   -0.01168
   24    0.02464    0.03201   -0.01129
   25    0.02588    0.04112   -0.00900
   26    0.02101    0.03985    0.00056
   27    0.01992    0.04357    0.00623
   28    0.01848    0.04535    0.01312
   29    0.01727    0.04239    0.01349
   30    0.01530    0.04310    0.01608
   31    0.01704    0.03807    0.01297
   32    0.01004    0.03232    0.01104
   33    0.01186    0.02389    0.00939
   34    0.01108    0.01863    0.00766
   35    0.00919    0.00945    0.00749
   36    0.00568    0.00295    0.00596
   37   -0.00082   -0.00347   -0.00098
   38   -0.00912   -0.01434   -0.00701
   39   -0.01472   -0.01705   -0.00444
   40   -0.01349   -0.01976   -0.01176
   41   -0.00925   -0.01705   -0.01422
   42   -0.00573   -0.01760   -0.02007
   43   -0.00113   -0.01796   -0.02469
   44    0.00429   -0.01330   -0.02453
   45    0.00909   -0.01403   -0.03132
   46    0.00620   -0.02065   -0.03695
   47    0.00399   -0.01855   -0.02797
   48   -0.00088   -0.01898   -0.02406
   49   -0.00200   -0.01529   -0.01800
   50   -0.00227   -0.01352   -0.01538
   51   -0.00594   -0.01395   -0.01437
   52   -0.00518   -0.00979   -0.01205
   53   -0.00894   -0.01100   -0.01263
   54   -0.00547   -0.00562   -0.01331
   55   -0.00268   -0.00526   -0.01179
   56   -0.00196   -0.00495   -0.00942
   57    0.00069   -0.00526   -0.00738
   58    0.00155   -0.00300   -0.00549
   59    0.00111   -0.00195   -0.00740
   60    0.00130   -0.00444   -0.00804
   61    0.00344   -0.00386   -0.00562
   62    0.00309   -0.00122   -0.00356
   63    0.00181   -0.00040   -0.00500
   64    0.00122    0.00173   -0.00667
   65   -0.00032    0.00416   -0.00782
   66   -0.00304    0.00012   -0.01122
   67   -0.00188   -0.00358   -0.01046
   68   -0.00114   -0.00326   -0.00976
   69   -0.00215   -0.00791   -0.01316
   70   -0.00065   -0.00880   -0.01140
   71    0.00095   -0.00458   -0.00990
   72    0.00136   -0.00844   -0.01294
   73    0.00197   -0.01087   -0.01395
   74    0.00437   -0.01087   -0.01336
   75    0.00532   -0.01312   -0.01634
   76    0.00337   -0.01376   -0.01814
   77    0.00421   -0.01264   -0.01923
   78    0.00140   -0.01062   -0.01532
   79   -0.00123   -0.01005   -0.01276
   80   -0.00515   -0.01092   -0.01184
   81   -0.00636   -0.00853   -0.01019
   82   -0.01153   -0.00864   -0.00887
   83   -0.01523   -0.00554   -0.00710
   84   -0.01234   -0.00438   -0.01051
   85   -0.00596   -0.00453   -0.01050
   86   -0.00218   -0.00144   -0.01132
   87    0.00078   -0.00017   -0.01191
   88    0.00153   -0.00000   -0.00736
   89    0.00271    0.00168   -0.00474
   90    0.00239    0.00452   -0.00744
   91    0.00303    0.00384   -0.00341
   92    0.00404    0.00019   -0.00152
   93    0.00498   -0.00213    0.00084
   94    0.00627   -0.00360    0.00153
   95    0.00590   -0.00347    0.00037
   96    0.00615   -0.00449    0.00181
   97    0.00439   -0.00458    0.00062
   98    0.00346   -0.00397   -0.00120
   99    0.00226   -0.00495   -0.00184
  100    0.00394   -0.00480   -0.00134
  101    0.00446   -0.00542   -0.00242
  102    0.00259   -0.00577   -0.00460
  103    0.00361   -0.00569   -0.00405
  104    0.00583   -0.00647   -0.00394
  105    0.00465   -0.00719   -0.00695
  106    0.00382   -0.00709   -0.00822
  107    0.00627   -0.00805   -0.00916
  108    0.00747   -0.00959   -0.01019
  109    0.00811   -0.01056   -0.01526
  110    0.00839   -0.01088   -0.01256
  111    0.00815   -0.00935   -0.00855
  112    0.00725   -0.00837   -0.00627
  113    0.00540   -0.00578   -0.00438
  114    0.00510   -0.00362   -0.00007
  115    0.00409   -0.00130    0.00284
  116    0.00493   -0.00179    0.00611
  117    0.00318    0.00126    0.00838
  118    0.00164    0.00409    0.00786
  119   -0.00015    0.00700    0.00756
  120   -0.00269    0.01104    0.01073
  121   -0.00126    0.00838    0.01447
  122    0.00043    0.00483    0.01426
  123   -0.00125    0.00735    0.01458
  124   -0.00428    0.01092    0.01907
  125   -0.00574    0.01162    0.02212
  126   -0.00384    0.01021    0.01656
  127   -0.00444    0.01313    0.01333
  128   -0.00287    0.01173    0.00955
  129   -0.00414    0.01494    0.00717
  130   -0.00475    0.01656    0.00608
  131   -0.00212    0.01174    0.00478
  132   -0.00267    0.01205    0.00118
  133   -0.00179    0.01151   -0.00133
  134   -0.00216    0.01347   -0.00594
  135    0.00064    0.00900   -0.00660
  136    0.00029    0.00876   -0.00677
  137   -0.00167    0.01293   -0.00843
  138   -0.00272    0.01275   -0.00877
  139   -0.00241    0.02459   -0.01365
  140   -0.00292    0.03192   -0.01702
  141   -0.00617    0.02450   -0.00878
  142   -0.00438    0.01634   -0.00476
  143   -0.00207    0.01218   -0.00301
  144   -0.00010    0.00794   -0.00176
  145    0.00141    0.00413   -0.00217
  146    0.00139    0.00333   -0.00213
  147    0.00290    0.00087   -0.00055
  148    0.00287    0.00214    0.00199
  149    0.00143    0.00497    0.00459
  150    0.00055    0.00672    0.00565
  151   -0.00052    0.00730    0.00954
  152   -0.00231    0.00987    0.01112
  153   -0.00459    0.01124    0.01532
  154   -0.00706    0.01540    0.01755
  155   -0.01060    0.02158    0.02101
  156   -0.00987    0.01636    0.02256
  157   -0.00867    0.01314    0.02397
  158   -0.00497    0.00819    0.02066
  159   -0.00441    0.00606    0.02233
  160    0.00005    0.00173    0.01890
  161    0.00104    0.00180    0.01724
  162    0.00300   -0.00067    0.01618
  163    0.00379   -0.00050    0.01460
  164    0.00505   -0.00302    0.01372
  165    0.00602   -0.00431    0.01214
  166    0.00698   -0.00697    0.01286
  167    0.00751   -0.00873    0.00971
  168    0.00821   -0.00984    0.00985
  169    0.00942   -0.01022    0.00437
  170    0.01140   -0.01368    0.00349
  171    0.01108   -0.01143    0.00001
  172    0.00994   -0.00937    0.00119
  173    0.00824   -0.00710    0.00216
  174    0.00723   -0.00579    0.00094
  175    0.00635   -0.00405    0.00341
  176    0.00570   -0.00301    0.00256
  177    0.00500   -0.00138    0.00457
  178    0.00455   -0.00073    0.00482
  179    0.00404   -0.00115    0.00712
  180    0.00282    0.00049    0.00635
  181    0.00458   -0.00105    0.00679
  182    0.00295    0.00159    0.00692
  183    0.00557    0.00009    0.00641
  184    0.00639    0.00090    0.00758
  185    0.00607   -0.00007    0.00949
  186    0.00093    0.00525    0.01201
  187   -0.00053    0.00665    0.01044
  188   -0.00053    0.00407    0.01238
  189   -0.00383    0.00758    0.01594
  190   -0.00449    0.01199    0.01308
  191   -0.00275    0.00973    0.01153
  192   -0.00261    0.00693    0.01446
  193   -0.00501    0.00799    0.01840
  194   -0.00412    0.00338    0.02088
  195   -0.00147    0.00117    0.01838
  196    0.00103   -0.00263    0.01528
  197    0.00065   -0.00305    0.01551
  198    0.00302   -0.00500    0.01437
  199    0.00405   -0.00457    0.01285
  200    0.00509   -0.00577    0.01256
  201    0.00562   -0.00478    0.01097
  202    0.00595   -0.00457    0.01097
  203    0.00628   -0.00475    0.01078
  204    0.00578   -0.00345    0.00933
  205    0.00596   -0.00279    0.00855
  206    0.00665   -0.00373    0.00932
  207    0.00616   -0.00462    0.01020
  208    0.00603   -0.00571    0.01039
  209    0.00607   -0.00698    0.01162
  210    0.00616   -0.00640    0.01171
  211    0.00599   -0.00596    0.01242
  212    0.00575   -0.00395    0.01041
  213    0.00795   -0.00518    0.00934
  214    0.00769   -0.00355    0.00825
  215    0.00969   -0.00455    0.00654
  216    0.01036   -0.00499    0.00566
  217    0.00975   -0.00601    0.00604
  218    0.01020   -0.00624    0.00692
  219    0.00736   -0.00362    0.00423
  220    0.00549   -0.00218   -0.00012
  221    0.00220    0.00334   -0.00653
  222    0.00183    0.00303   -0.00188
  223    0.00286    0.00223    0.00044
  224    0.00546   -0.00114    0.00409
  225    0.00419    0.00087    0.00355
  226    0.00482   -0.00058    0.00258
  227    0.00420   -0.00018    0.00282
  228    0.00546   -0.00233    0.00343
  229    0.00562   -0.00237    0.00227
  230    0.00642   -0.00347    0.00337
  231    0.00672   -0.00440    0.00269
  232    0.00752   -0.00550    0.00399
  233    0.00854   -0.00686    0.00295
  234    0.00793   -0.00651    0.00615
  235    0.00853   -0.00861    0.00650
  236    0.00871   -0.01146    0.00750
  237    0.00563   -0.01267    0.01337
  238    0.00596   -0.00916    0.01219
  239    0.00648   -0.00674    0.01274
  240    0.00632   -0.00524    0.01129
  241    0.00541   -0.00484    0.01275
  242    0.00453   -0.00364    0.01266
  243    0.00370   -0.00309    0.01447
  244    0.00232   -0.00200    0.01470
  245    0.00005   -0.00014    0.01602
  246    0.00026    0.00201    0.01359
  247    0.00150    0.00164    0.01041
  248    0.00267    0.00094    0.00978
  249    0.00273    0.00231    0.00643
  250    0.00292    0.00134    0.00738
  251    0.00406   -0.00033    0.00560
  252    0.00328    0.00102    0.00401
  253    0.00419   -0.00120    0.00122
  254    0.00571   -0.00371    0.00078
  255    0.00680   -0.00574   -0.00220
  256    0.00819   -0.00753   -0.00200
  257    0.00982   -0.00942   -0.00509
  258    0.01189   -0.01190   -0.00880
  259    0.01246   -0.01113   -0.00938
  260    0.01327   -0.01006   -0.01417
  261    0.00946   -0.00648   -0.01358
  262    0.00681   -0.00350   -0.01421
  263    0.00475   -0.00705   -0.01420
  264    0.00177   -0.00661   -0.01106
  265   -0.00116   -0.00728   -0.00957
  266   -0.00382   -0.00782   -0.00849
  267   -0.00718   -0.00826   -0.00721
  268   -0.01237   -0.01140   -0.00580
  269   -0.01926   -0.01490   -0.00444
  270   -0.01801   -0.01914   -0.00638
  271   -0.01901   -0.02482   -0.01175
  272   -0.01306   -0.02349   -0.01744
  273   -0.01416   -0.02843   -0.02374
  274   -0.01050   -0.03110   -0.03228
  275   -0.00709   -0.02486   -0.02909
  276   -0.00066   -0.01910   -0.02900
  277    0.00154   -0.00979   -0.02206
  278    0.00485   -0.00222   -0.01994
  279    0.00286   -0.00201   -0.01332
  280   -0.00094   -0.00688   -0.01173
  281   -0.00281   -0.00594   -0.00693
  282   -0.00735   -0.00869   -0.00511
  283   -0.00967   -0.00889   -0.00200
  284   -0.00837   -0.01158   -0.00564
  285   -0.00425   -0.00929   -0.01017
  286    0.00131   -0.00000   -0.00678
  287    0.00185    0.00262   -0.00880
  288    0.00439    0.01871    0.00052
  289    0.00223    0.02691    0.00386
  290    0.00487    0.02887    0.00823
  291    0.00348    0.02446    0.00602
  292    0.00570    0.01974    0.00535
  293    0.00706    0.01360    0.00568
  294    0.00766    0.00686    0.00616
  295    0.00391    0.00214    0.00440
  296    0.00082    0.00057    0.00127
  297    0.00121    0.00296    0.00015
  298   -0.00030   -0.00081   -0.00318
  299    0.00098   -0.00062   -0.00640
  300    0.00218   -0.00311   -0.01193
  301    0.00670   -0.00058   -0.01581
  302    0.00480    0.00656   -0.01173
  303    0.00333    0.01021   -0.00576
  304    0.00357    0.01587    0.00030
  305    0.00333    0.01461    0.00168
  306    0.00423    0.01051    0.00228
  307    0.00659    0.01012    0.00314
  308    0.00884    0.00834    0.00167
  309    0.01265    0.01354    0.00189
  310    0.01835    0.01487    0.00155
  311    0.01860    0.02234    0.00308
  312    0.01352    0.02522    0.00672
  313    0.01702    0.03192    0.00814
  314    0.01224    0.03064    0.00921
  315    0.01330    0.03274    0.00874
  316    0.01039    0.03434    0.01475
  317    0.01235    0.03485    0.01234
  318    0.01259    0.03055    0.00442
  319    0.01620    0.03107   -0.00412
  320    0.01985    0.03782   -0.00521
  321    0.01771    0.03517   -0.01351
  322    0.01770    0.04146   -0.01564
  323    0.01673    0.03869   -0.02421
  324    0.01702    0.04664   -0.02859
  325    0.00789    0.01060   -0.00768
  326    0.00448    0.00683   -0.00656
  327    0.00129    0.00771   -0.00456
  328    0.00250    0.00698   -0.00674
  329    0.00063    0.01019   -0.00758
  330    0.00466    0.01567   -0.00722
  331    0.00849    0.01625   -0.01197
  332    0.00411    0.00760   -0.01200
  333   -0.00318    0.00133   -0.01406
  334   -0.00528    0.00776   -0.01398
  335   -0.00356    0.01383   -0.01794
  336    0.00103    0.02376   -0.01679
  337    0.00478    0.02690   -0.00968
  338    0.00459    0.02753   -0.00617
  339    0.01294    0.03890   -0.00413
  340    0.01113    0.03631   -0.00170
  341    0.00855    0.02808    0.00651
  342    0.01553    0.03711    0.01867
  343    0.01167    0.02980    0.02608
  344    0.00972    0.02799    0.02221
  345    0.00784    0.02646    0.01440
  346    0.00502    0.01692    0.01014
  347    0.00392    0.00906    0.00809
  348   -0.00053   -0.00013    0.00133
  349   -0.00749   -0.00326   -0.00609
  350   -0.01524   -0.02226   -0.01069
  351   -0.03170   -0.03842   -0.01989
  352   -0.03020   -0.05873   -0.01993
  353   -0.06287   -0.10387   -0.03536
  354   -0.04426   -0.11836   -0.02773
  355   -0.04724   -0.08510   -0.02495
  356   -0.02703   -0.03539   -0.01938
  357   -0.00619   -0.01004   -0.00584
  358    0.00169    0.00419    0.00257
  359    0.00593   -0.00074    0.01118
  360    0.00745    0.01007    0.01580
  361    0.00778    0.00432    0.01844
  362    0.00675    0.00892    0.02995
  363    0.00762    0.00448    0.02327
  364    0.00665    0.01057    0.01755
  365    0.00561    0.01976    0.02235
  366    0.00229    0.02118    0.02960
  367   -0.00006    0.01898    0.02212
  368    0.00320    0.02302    0.01857
  369    0.00260    0.02872    0.02821
  370   -0.00346    0.02606    0.02961
  371   -0.00293    0.02340    0.02096
  372    0.00243    0.02757    0.01936
  373   -0.00054    0.03171    0.02536
  374   -0.00616    0.02603    0.02345
  375   -0.00276    0.02475    0.01587
  376    0.00061    0.03051    0.01631
  377   -0.00556    0.02970    0.01802
  378   -0.00731    0.02217    0.01477
  379   -0.00130    0.02195    0.00954
  380   -0.00149    0.02535    0.00962
  381   -0.00730    0.02206    0.01177
  382   -0.00578    0.01654    0.00711
  383   -0.00087    0.01872    0.00371
  384   -0.00338    0.01739    0.00123
  385   -0.00114    0.01665   -0.00156
  386    0.00139    0.01115   -0.00283
  387    0.00211    0.00590   -0.00715
  388    0.00206    0.00075   -0.00941
  389    0.00151    0.00058   -0.00517
  390    0.00017   -0.00262   -0.00574
  391   -0.00030   -0.00265   -0.00314
  392    0.00007   -0.00309   -0.00220
  393   -0.00052   -0.00364   -0.00247
  394   -0.00099   -0.00345    0.00030
  395    0.00077   -0.00449    0.00217
  396    0.00178   -0.00719    0.00443
  397    0.00066   -0.00528    0.00438
  398   -0.00072   -0.00284    0.00300
  399   -0.00180   -0.00448    0.00346
  400   -0.00162   -0.00276    0.00245
  401   -0.00128   -0.00129    0.00088
  402   -0.00212   -0.00355    0.00116
  403   -0.00264   -0.00291    0.00060
  404   -0.00146   -0.00192    0.00002
  405   -0.00111   -0.00131   -0.00049
  406   -0.00227   -0.00213   -0.00058
  407   -0.00157   -0.00150   -0.00176
  408   -0.00073    0.00015   -0.00210
  409    0.00024    0.00134   -0.00142
  410   -0.00016    0.00014   -0.00335
  411   -0.00011    0.00035   -0.00408
  412    0.00045    0.00315   -0.00241
  413    0.00278    0.00476   -0.00189
  414    0.00305    0.00365   -0.00495
  415    0.00155    0.00399   -0.00382
  416    0.00245    0.00850   -0.00103
  417    0.00593    0.00956   -0.00149
  418    0.00534    0.00720   -0.00496
  419    0.00229    0.00865   -0.00210
  420    0.00582    0.01485    0.00145
  421    0.00958    0.01407   -0.00070
  422    0.00704    0.00988   -0.00409
  423    0.00371    0.01327    0.00047
  424    0.00772    0.01888    0.00268
  425    0.01139    0.01533   -0.00279
  426    0.00635    0.01107   -0.00345
  427    0.00436    0.01635    0.00220
  428    0.00974    0.02084    0.00145
  429    0.00915    0.01484   -0.00352
  430    0.00385    0.01398    0.00071
  431    0.00588    0.02095    0.00516
  432    0.00863    0.02122    0.00095
  433    0.00459    0.01429   -0.00069
  434    0.00232    0.01585    0.00457
  435    0.00493    0.01923    0.00528
  436    0.00375    0.01490   -0.00033
  437   -0.00036    0.01071    0.00117
  438    0.00113    0.01253    0.00610
  439    0.00084    0.01177    0.00235
  440   -0.00152    0.00838   -0.00107
  441   -0.00121    0.00597    0.00201
  442    0.00050    0.00362    0.00480
  443   -0.00367    0.00328   -0.00178
  444   -0.00262    0.00257   -0.00319
  445    0.00091   -0.00096    0.00028
  446   -0.00110   -0.00716   -0.00160
  447   -0.00555   -0.00405   -0.00596
  448   -0.00001   -0.00068   -0.00831
  449    0.00213   -0.01495   -0.00693
  450   -0.00871   -0.02065   -0.00797
  451   -0.00778   -0.01200   -0.01087
  452   -0.01208   -0.02224   -0.01104
  453   -0.01789   -0.03321   -0.01050
  454   -0.02387   -0.02526   -0.01163
  455   -0.02197   -0.01319   -0.01148
  456   -0.01992   -0.00511   -0.01141
  457   -0.02432   -0.00746   -0.01648
  458   -0.02138   -0.00295   -0.01604
  459   -0.01578    0.00161   -0.01717
  460   -0.01225    0.00048   -0.01244
  461   -0.02025   -0.00609   -0.01359
  462   -0.02176   -0.01358   -0.01178
  463   -0.03181   -0.02360   -0.01555
  464   -0.03224   -0.03857   -0.01503
  465   -0.03904   -0.04798   -0.01595
  466   -0.03340   -0.06674   -0.01847
  467   -0.03537   -0.06715   -0.01964
  468   -0.01870   -0.06997   -0.01570
  469   -0.01499   -0.08204   -0.01575
  470   -0.00338   -0.07697   -0.00792
  471    0.01121   -0.08758   -0.00315
  472    0.00406   -0.06740   -0.00801
  473    0.00131   -0.04745   -0.00627
  474    0.01517   -0.05142    0.00054
  475    0.01838   -0.05082   -0.00009
  476    0.00878   -0.03360   -0.00074
  477    0.01077   -0.02333    0.00601
  478    0.01554   -0.02818    0.01156
  479    0.01199   -0.02391    0.00622
  480    0.01878   -0.04181    0.00546
  481    0.01384   -0.04672   -0.00165
  482    0.00620   -0.04058   -0.00679
  483    0.00101   -0.04685   -0.00829
  484    0.00688   -0.02614   -0.01264
  485   -0.02353    0.03876    0.04197
  486   -0.01632    0.02870    0.02386
  487   -0.01151    0.01688    0.01413
  488   -0.00784    0.01365    0.00117
  489   -0.00246    0.00553   -0.00507
  490   -0.00190    0.00163   -0.01399
  491    0.00390   -0.00404   -0.02091
  492    0.00896   -0.00960   -0.02885
  493    0.00415   -0.01374   -0.03594
  494    0.00397   -0.02123   -0.04852
  495    0.00253   -0.03543   -0.06661
  496    0.00604   -0.03442   -0.06360
  497   -0.00425   -0.03911   -0.06683
  498    0.00311   -0.03096   -0.05002
  499   -0.00234   -0.02710   -0.03944
  500    0.00066   -0.02165   -0.02988
  501   -0.00546   -0.02068   -0.02344
  502   -0.00794   -0.01599   -0.01738
  503   -0.01405   -0.01429   -0.00998
  504   -0.01804   -0.01685   -0.00884
  505   -0.01635   -0.02235   -0.01590
  506   -0.01449   -0.02652   -0.02256
  507   -0.01194   -0.02842   -0.03140
  508   -0.01012   -0.02261   -0.03331
  509   -0.00717   -0.02469   -0.04254
  510    0.00312   -0.02032   -0.03876
  511    0.00931   -0.01984   -0.04146
  512    0.01630   -0.01949   -0.04231
  513    0.01640   -0.01874   -0.03943
  514    0.01949   -0.01756   -0.03976
  515    0.01552   -0.01911   -0.03551
  516    0.01399   -0.01186   -0.03039
  517    0.01073   -0.01387   -0.02210
  518    0.00841   -0.01305   -0.01710
  519    0.00708   -0.01118   -0.00797
  520    0.00510   -0.00772   -0.00169
  521   -0.00178   -0.00031    0.00387
  522   -0.00830    0.00881    0.01404
  523   -0.00536    0.01406    0.01739
  524   -0.01306    0.01403    0.01889
  525   -0.01554    0.01025    0.01574
  526   -0.02194    0.00754    0.01520
  527   -0.02720    0.00351    0.01456
  528   -0.02694   -0.00192    0.00997
  529   -0.03448   -0.00579    0.00944
  530   -0.04072   -0.00199    0.01522
  531   -0.03092   -0.00092    0.01465
  532   -0.02650    0.00351    0.01588
  533   -0.01968    0.00382    0.01329
  534   -0.01660    0.00395    0.01208
  535   -0.01514    0.00760    0.01289
  536   -0.01208    0.00670    0.00928
  537   -0.01225    0.01074    0.01064
  538   -0.01213    0.00782    0.00532
  539   -0.01101    0.00460    0.00498
  540   -0.00876    0.00328    0.00476
  541   -0.00722    0.00018    0.00522
  542   -0.00504   -0.00078    0.00322
  543   -0.00657    0.00025    0.00216
  544   -0.00778   -0.00014    0.00443
  545   -0.00552   -0.00274    0.00413
  546   -0.00291   -0.00259    0.00184
  547   -0.00408   -0.00108    0.00093
  548   -0.00521    0.00001   -0.00126
  549   -0.00581    0.00177   -0.00357
  550   -0.00948    0.00505    0.00007
  551   -0.00957    0.00356    0.00351
  552   -0.00907    0.00267    0.00335
  553   -0.01324    0.00417    0.00731
  554   -0.01193    0.00214    0.00834
  555   -0.00982    0.00045    0.00449
  556   -0.01370    0.00041    0.00769
  557   -0.01519   -0.00021    0.00970
  558   -0.01479   -0.00281    0.00964
  559   -0.01837   -0.00350    0.01131
  560   -0.02013   -0.00145    0.01166
  561   -0.02124   -0.00239    0.01030
  562   -0.01653   -0.00014    0.00916
  563   -0.01346    0.00238    0.00905
  564   -0.01215    0.00622    0.01023
  565   -0.00982    0.00738    0.00830
  566   -0.00783    0.01237    0.00902
  567   -0.00494    0.01588    0.00634
  568   -0.00804    0.01416    0.00465
  569   -0.00926    0.00756    0.00451
  570   -0.00987    0.00421    0.00117
  571   -0.01046    0.00155   -0.00013
  572   -0.00624   -0.00007    0.00017
  573   -0.00353   -0.00159   -0.00129
  574   -0.00551   -0.00079   -0.00441
  575   -0.00179   -0.00214   -0.00353
  576   -0.00077   -0.00309    0.00023
  577    0.00086   -0.00467    0.00261
  578    0.00110   -0.00574    0.00435
  579    0.00006   -0.00562    0.00404
  580    0.00125   -0.00619    0.00502
  581    0.00016   -0.00459    0.00486
  582   -0.00145   -0.00339    0.00441
  583   -0.00226   -0.00248    0.00508
  584   -0.00170   -0.00399    0.00484
  585   -0.00297   -0.00449    0.00563
  586   -0.00507   -0.00240    0.00579
  587   -0.00480   -0.00360    0.00563
  588   -0.00501   -0.00583    0.00642
  589   -0.00773   -0.00411    0.00688
  590   -0.00916   -0.00328    0.00662
  591   -0.01054   -0.00569    0.00738
  592   -0.01183   -0.00669    0.00875
  593   -0.01717   -0.00661    0.00884
  594   -0.01443   -0.00711    0.00966
  595   -0.00999   -0.00738    0.00882
  596   -0.00734   -0.00678    0.00825
  597   -0.00473   -0.00517    0.00619
  598    0.00012   -0.00555    0.00487
  599    0.00334   -0.00516    0.00319
  600    0.00654   -0.00644    0.00392
  601    0.00935   -0.00528    0.00132
  602    0.00948   -0.00385   -0.00121
  603    0.00979   -0.00207   -0.00403
  604    0.01372   -0.00043   -0.00711
  605    0.01677   -0.00243   -0.00414
  606    0.01584   -0.00394   -0.00113
  607    0.01661   -0.00235   -0.00362
  608    0.02178   -0.00040   -0.00627
  609    0.02499    0.00050   -0.00674
  610    0.01921   -0.00010   -0.00627
  611    0.01655    0.00120   -0.00940
  612    0.01266    0.00031   -0.00851
  613    0.01103    0.00205   -0.01184
  614    0.01031    0.00308   -0.01372
  615    0.00797    0.00095   -0.00942
  616    0.00460    0.00220   -0.01019
  617    0.00201    0.00217   -0.01034
  618   -0.00210    0.00345   -0.01282
  619   -0.00385    0.00079   -0.00878
  620   -0.00405    0.00103   -0.00834
  621   -0.00475    0.00345   -0.01222
  622   -0.00518    0.00454   -0.01167
  623   -0.00818    0.00557   -0.02226
  624   -0.00979    0.00665   -0.03033
  625   -0.00272    0.00793   -0.02273
  626   -0.00035    0.00518   -0.01503
  627    0.00038    0.00262   -0.01074
  628    0.00075    0.00037   -0.00660
  629   -0.00045   -0.00107   -0.00296
  630   -0.00058   -0.00121   -0.00197
  631    0.00050   -0.00305    0.00046
  632    0.00321   -0.00342   -0.00053
  633    0.00633   -0.00263   -0.00287
  634    0.00772   -0.00189   -0.00460
  635    0.01168   -0.00167   -0.00465
  636    0.01381   -0.00017   -0.00701
  637    0.01831    0.00118   -0.00775
  638    0.02135    0.00296   -0.01109
  639    0.02610    0.00595   -0.01659
  640    0.02693    0.00525   -0.01203
  641    0.02740    0.00327   -0.00843
  642    0.02299    0.00047   -0.00419
  643    0.02326   -0.00089   -0.00192
  644    0.01958   -0.00429    0.00143
  645    0.01794   -0.00491    0.00139
  646    0.01620   -0.00669    0.00357
  647    0.01483   -0.00701    0.00339
  648    0.01360   -0.00794    0.00576
  649    0.01182   -0.00857    0.00698
  650    0.01241   -0.00923    0.00971
  651    0.00879   -0.00914    0.01115
  652    0.00924   -0.00980    0.01241
  653    0.00329   -0.01040    0.01192
  654    0.00170   -0.01211    0.01543
  655   -0.00174   -0.01136    0.01237
  656   -0.00025   -0.01032    0.01014
  657    0.00123   -0.00891    0.00815
  658    0.00026   -0.00770    0.00663
  659    0.00323   -0.00707    0.00529
  660    0.00255   -0.00629    0.00419
  661    0.00487   -0.00588    0.00281
  662    0.00525   -0.00543    0.00208
  663    0.00751   -0.00523    0.00260
  664    0.00712   -0.00382    0.00095
  665    0.00710   -0.00538    0.00220
  666    0.00786   -0.00358   -0.00034
  667    0.00644   -0.00611    0.00032
  668    0.00783   -0.00664   -0.00064
  669    0.00974   -0.00755    0.00075
  670    0.01499   -0.00134   -0.00360
  671    0.01250   -0.00111   -0.00504
  672    0.01399   -0.00170   -0.00215
  673    0.01842    0.00080   -0.00508
  674    0.01638    0.00197   -0.00944
  675    0.01426    0.00047   -0.00727
  676    0.01660   -0.00040   -0.00413
  677    0.02095    0.00125   -0.00478
  678    0.02250   -0.00008   -0.00018
  679    0.02070   -0.00116    0.00219
  680    0.01471   -0.00432    0.00493
  681    0.01554   -0.00386    0.00520
  682    0.01366   -0.00606    0.00728
  683    0.01239   -0.00654    0.00657
  684    0.01165   -0.00745    0.00764
  685    0.01037   -0.00759    0.00652
  686    0.01031   -0.00787    0.00611
  687    0.01028   -0.00804    0.00636
  688    0.00911   -0.00713    0.00476
  689    0.00820   -0.00681    0.00386
  690    0.00879   -0.00790    0.00496
  691    0.00943   -0.00772    0.00580
  692    0.00939   -0.00772    0.00695
  693    0.01025   -0.00809    0.00836
  694    0.01064   -0.00800    0.00812
  695    0.01127   -0.00830    0.00778
  696    0.01001   -0.00734    0.00541
  697    0.00840   -0.00924    0.00654
  698    0.00753   -0.00889    0.00444
  699    0.00516   -0.01047    0.00522
  700    0.00382   -0.01064    0.00509
  701    0.00445   -0.00997    0.00679
  702    0.00483   -0.01032    0.00698
  703    0.00319   -0.00696    0.00376
  704   -0.00073   -0.00441    0.00183
  705   -0.00489   -0.00029   -0.00361
  706   -0.00076   -0.00069   -0.00327
  707    0.00175   -0.00172   -0.00202
  708    0.00358   -0.00490    0.00098
  709    0.00426   -0.00427   -0.00016
  710    0.00309   -0.00468    0.00136
  711    0.00342   -0.00441    0.00119
  712    0.00343   -0.00573    0.00332
  713    0.00234   -0.00567    0.00335
  714    0.00306   -0.00690    0.00444
  715    0.00222   -0.00725    0.00527
  716    0.00304   -0.00823    0.00633
  717    0.00218   -0.00887    0.00746
  718    0.00527   -0.00907    0.00798
  719    0.00528   -0.00966    0.01019
  720    0.00602   -0.01000    0.01359
  721    0.01270   -0.00767    0.01605
  722    0.01124   -0.00758    0.01152
  723    0.01201   -0.00876    0.00917
  724    0.01078   -0.00813    0.00721
  725    0.01210   -0.00796    0.00696
  726    0.01230   -0.00703    0.00598
  727    0.01396   -0.00672    0.00565
  728    0.01439   -0.00562    0.00456
  729    0.01657   -0.00348    0.00279
  730    0.01458   -0.00310    0.00049
  731    0.01137   -0.00350    0.00041
  732    0.01052   -0.00462    0.00116
  733    0.00750   -0.00407   -0.00044
  734    0.00826   -0.00458    0.00083
  735    0.00622   -0.00538    0.00226
  736    0.00503   -0.00437    0.00093
  737    0.00187   -0.00473    0.00273
  738    0.00079   -0.00617    0.00487
  739   -0.00272   -0.00681    0.00630
  740   -0.00312   -0.00854    0.00796
  741   -0.00668   -0.00964    0.00938
  742   -0.01113   -0.01127    0.01127
  743   -0.01183   -0.01192    0.01033
  744   -0.01653   -0.01162    0.00849
  745   -0.01525   -0.00856    0.00499
  746   -0.01490   -0.00512    0.00221
  747   -0.01537   -0.00363    0.00559
  748   -0.01173   -0.00100    0.00572
  749   -0.00986    0.00176    0.00674
  750   -0.00855    0.00422    0.00752
  751   -0.00681    0.00748    0.00837
  752   -0.00549    0.01231    0.01181
  753   -0.00388    0.01903    0.01577
  754   -0.00687    0.01793    0.01941
  755   -0.01298    0.01979    0.02417
  756   -0.01921    0.01470    0.02177
  757   -0.02620    0.01656    0.02566
  758   -0.03566    0.01411    0.02676
  759   -0.03200    0.01009    0.02095
  760   -0.03184    0.00362    0.01507
  761   -0.02382    0.00037    0.00685
  762   -0.02092   -0.00330   -0.00041
  763   -0.01402   -0.00222    0.00050
  764   -0.01258    0.00141    0.00572
  765   -0.00740    0.00258    0.00562
  766   -0.00530    0.00697    0.00891
  767   -0.00217    0.00869    0.00961
  768   -0.00643    0.00793    0.01156
  769   -0.01113    0.00446    0.00841
  770   -0.00714   -0.00160   -0.00048
  771   -0.00894   -0.00168   -0.00359
  772    0.00228   -0.00551   -0.01795
  773    0.00706   -0.00386   -0.02540
  774    0.01131   -0.00698   -0.02686
  775    0.00877   -0.00535   -0.02296
  776    0.00713   -0.00740   -0.01854
  777    0.00633   -0.00884   -0.01239
  778    0.00571   -0.00949   -0.00564
  779    0.00383   -0.00565   -0.00104
  780    0.00108   -0.00193    0.00035
  781    0.00043   -0.00217   -0.00252
  782   -0.00313   -0.00023    0.00090
  783   -0.00652   -0.00119    0.00024
  784   -0.01237   -0.00144    0.00189
  785   -0.01622   -0.00518   -0.00132
  786   -0.01135   -0.00454   -0.00779
  787   -0.00448   -0.00353   -0.01051
  788    0.00198   -0.00483   -0.01532
  789    0.00322   -0.00467   -0.01403
  790    0.00311   -0.00554   -0.00992
  791    0.00372   -0.00818   -0.00951
  792    0.00121   -0.00992   -0.00833
  793    0.00153   -0.01359   -0.01349
  794    0.00081   -0.01877   -0.01481
  795    0.00335   -0.01900   -0.02170
  796    0.00790   -0.01515   -0.02393
  797    0.00976   -0.01831   -0.03029
  798    0.01137   -0.01362   -0.02889
  799    0.01074   -0.01424   -0.03062
  800    0.01728   -0.01180   -0.03127
  801    0.01475   -0.01327   -0.03214
  802    0.00656   -0.01239   -0.02895
  803   -0.00202   -0.01494   -0.03077
  804   -0.00235   -0.01829   -0.03743
  805   -0.01017   -0.01527   -0.03610
  806   -0.01103   -0.01506   -0.04247
  807   -0.01932   -0.01326   -0.04116
  808   -0.02211   -0.01319   -0.04949
  809   -0.00743   -0.00652   -0.01104
  810   -0.00673   -0.00330   -0.00752
  811   -0.00396   -0.00007   -0.00791
  812   -0.00608   -0.00124   -0.00729
  813   -0.00619    0.00071   -0.01040
  814   -0.00556   -0.00348   -0.01682
  815   -0.01025   -0.00662   -0.01715
  816   -0.01077   -0.00245   -0.00847
  817   -0.01253    0.00551   -0.00225
  818   -0.01163    0.00683   -0.01007
  819   -0.01402    0.00539   -0.01525
  820   -0.01244    0.00100   -0.02520
  821   -0.00596   -0.00342   -0.02747
  822   -0.00238   -0.00369   -0.02783
  823    0.00012   -0.01191   -0.03853
  824    0.00215   -0.01043   -0.03641
  825    0.00888   -0.00863   -0.02759
  826    0.02081   -0.01685   -0.03467
  827    0.02700   -0.01377   -0.02672
  828    0.02341   -0.01148   -0.02501
  829    0.01617   -0.00883   -0.02393
  830    0.01100   -0.00541   -0.01556
  831    0.00805   -0.00408   -0.00891
  832    0.00093    0.00067   -0.00144
  833   -0.00558    0.00768    0.00023
  834   -0.01175    0.01499    0.01698
  835   -0.02043    0.03061    0.03034
  836   -0.02371    0.02922    0.04813
  837   -0.04030    0.05909    0.08586
  838   -0.03755    0.04185    0.09854
  839   -0.02971    0.04405    0.06981
  840   -0.01989    0.02648    0.02709
  841   -0.00638    0.00597    0.00505
  842    0.00253   -0.00171   -0.00632
  843    0.00922   -0.00645   -0.00067
  844    0.01491   -0.00826   -0.00948
  845    0.01651   -0.00860   -0.00351
  846    0.02840   -0.00825   -0.00649
  847    0.02134   -0.00884   -0.00262
  848    0.01711   -0.00684   -0.00850
  849    0.02193   -0.00752   -0.01685
  850    0.03101   -0.00472   -0.01710
  851    0.02430   -0.00166   -0.01571
  852    0.02042   -0.00464   -0.01964
  853    0.03059   -0.00563   -0.02397
  854    0.03290   -0.00002   -0.02104
  855    0.02387    0.00055   -0.01939
  856    0.02212   -0.00452   -0.02391
  857    0.02904   -0.00266   -0.02704
  858    0.02729    0.00297   -0.02165
  859    0.01926    0.00051   -0.02142
  860    0.01987   -0.00311   -0.02708
  861    0.02235    0.00223   -0.02575
  862    0.01864    0.00457   -0.01900
  863    0.01257   -0.00065   -0.01989
  864    0.01305   -0.00075   -0.02313
  865    0.01563    0.00431   -0.01943
  866    0.01002    0.00362   -0.01497
  867    0.00634   -0.00075   -0.01776
  868    0.00469    0.00190   -0.01625
  869    0.00110   -0.00032   -0.01618
  870   -0.00137   -0.00241   -0.01117
  871   -0.00640   -0.00244   -0.00649
  872   -0.00931   -0.00183   -0.00159
  873   -0.00516   -0.00175   -0.00086
  874   -0.00576   -0.00022    0.00244
  875   -0.00320    0.00010    0.00275
  876   -0.00241   -0.00033    0.00314
  877   -0.00236    0.00048    0.00383
  878    0.00028    0.00057    0.00362
  879    0.00160   -0.00109    0.00524
  880    0.00320   -0.00214    0.00771
  881    0.00337   -0.00128    0.00620
  882    0.00274    0.00004    0.00376
  883    0.00283    0.00132    0.00511
  884    0.00213    0.00106    0.00316
  885    0.00093    0.00109    0.00145
  886    0.00093    0.00177    0.00390
  887    0.00031    0.00231    0.00292
  888   -0.00005    0.00114    0.00186
  889   -0.00039    0.00069    0.00104
  890   -0.00048    0.00177    0.00212
  891   -0.00185    0.00126    0.00089
  892   -0.00177   -0.00001   -0.00116
  893   -0.00125   -0.00093   -0.00190
  894   -0.00342   -0.00068   -0.00121
  895   -0.00431   -0.00025   -0.00158
  896   -0.00221   -0.00116   -0.00384
  897   -0.00177   -0.00354   -0.00551
  898   -0.00514   -0.00337   -0.00509
  899   -0.00374   -0.00210   -0.00515
  900   -0.00043   -0.00332   -0.00908
  901   -0.00118   -0.00666   -0.01023
  902   -0.00497   -0.00555   -0.00853
  903   -0.00148   -0.00297   -0.00920
  904    0.00242   -0.00680   -0.01481
  905   -0.00036   -0.01016   -0.01449
  906   -0.00405   -0.00711   -0.01081
  907    0.00146   -0.00439   -0.01317
  908    0.00390   -0.00854   -0.01833
  909   -0.00264   -0.01123   -0.01583
  910   -0.00326   -0.00619   -0.01161
  911    0.00344   -0.00488   -0.01572
  912    0.00257   -0.00994   -0.02032
  913   -0.00320   -0.00858   -0.01528
  914    0.00165   -0.00380   -0.01343
  915    0.00675   -0.00623   -0.01952
  916    0.00229   -0.00833   -0.02042
  917    0.00020   -0.00406   -0.01378
  918    0.00595   -0.00230   -0.01440
  919    0.00677   -0.00492   -0.01771
  920    0.00086   -0.00313   -0.01420
  921    0.00238    0.00077   -0.00982
  922    0.00696   -0.00099   -0.01104
  923    0.00334   -0.00046   -0.01092
  924   -0.00019    0.00227   -0.00787
  925    0.00228    0.00195   -0.00538
  926    0.00437   -0.00031   -0.00319
  927   -0.00157    0.00407   -0.00350
  928   -0.00311    0.00349   -0.00293
  929   -0.00089   -0.00002    0.00044
  930   -0.00340    0.00157    0.00550
  931   -0.00663    0.00600    0.00270
  932   -0.00889    0.00141   -0.00074
  933   -0.01000   -0.00021    0.01139
  934   -0.01056    0.00834    0.01679
  935   -0.01269    0.00750    0.00879
  936   -0.01346    0.01040    0.01816
  937   -0.01364    0.01642    0.02762
  938   -0.01293    0.02236    0.02087
  939   -0.01086    0.02130    0.01033
  940   -0.00900    0.01991    0.00334
  941   -0.01264    0.02497    0.00485
  942   -0.01170    0.02247    0.00125
  943   -0.01336    0.01712   -0.00339
  944   -0.01033    0.01306   -0.00260
  945   -0.01126    0.02034    0.00370
  946   -0.01094    0.02123    0.01058
  947   -0.01521    0.03136    0.01947
  948   -0.01673    0.03019    0.03184
  949   -0.01824    0.03578    0.04012
  950   -0.02370    0.03108    0.05604
  951   -0.02458    0.03313    0.05603
  952   -0.02317    0.01805    0.05865
  953   -0.02524    0.01469    0.06876
  954   -0.01849    0.00357    0.06484
  955   -0.01743   -0.00996    0.07459
  956   -0.01820   -0.00295    0.05669
  957   -0.01333   -0.00047    0.03949
  958   -0.00919   -0.01359    0.04328
  959   -0.01022   -0.01628    0.04283
  960   -0.00717   -0.00761    0.02812
  961    0.00056   -0.00991    0.01954
  962    0.00483   -0.01418    0.02444
  963    0.00045   -0.00956    0.02004
  964   -0.00505   -0.01786    0.03497
  965   -0.01080   -0.01219    0.03950
  966   -0.01544   -0.00588    0.03260
  967   -0.01568    0.00072    0.03824
  968   -0.01839   -0.00469    0.01822
  969    0.05399    0.02112   -0.03388
  970    0.03245    0.01605   -0.02613
  971    0.01986    0.01207   -0.01541
  972    0.00525    0.01029   -0.01406
  973   -0.00324    0.00534   -0.00650
  974   -0.01334    0.00608   -0.00410
  975   -0.02238    0.00110    0.00044
  976   -0.03224   -0.00277    0.00462
  977   -0.03963    0.00343    0.00759
  978   -0.05378    0.00578    0.01302
  979   -0.07425    0.01047    0.02447
  980   -0.07245    0.00579    0.02369
  981   -0.07336    0.01652    0.02807
  982   -0.05595    0.00567    0.02214
  983   -0.04375    0.00904    0.02000
  984   -0.03383    0.00397    0.01611
  985   -0.02606    0.00879    0.01625
  986   -0.01879    0.01029    0.01278
  987   -0.00995    0.01499    0.01240
  988   -0.00839    0.01906    0.01536
  989   -0.01663    0.01870    0.01968
  990   -0.02455    0.01785    0.02247
  991   -0.03427    0.01706    0.02279
  992   -0.03562    0.01593    0.01681
  993   -0.04589    0.01495    0.01747
  994   -0.04308    0.00385    0.01367
  995   -0.04684   -0.00170    0.01279
  996   -0.04877   -0.00908    0.01219
  997   -0.04572   -0.01017    0.01183
  998   -0.04647   -0.01352    0.01065
  999   -0.04189   -0.01049    0.01281
 1000   -0.03527   -0.00994    0.00669
 1001   -0.02718   -0.00826    0.00967
 1002   -0.02192   -0.00696    0.00998
 1003   -0.01247   -0.00704    0.00954
 1004   -0.00552   -0.00669    0.00778
 1005    0.00204   -0.00081    0.00151
 1006    0.01436    0.00389   -0.00586
 1007    0.01827    0.00065   -0.01046
 1008    0.02115    0.00825   -0.01032
 1009    0.01814    0.01162   -0.00733
 1010    0.01805    0.01798   -0.00465
 1011    0.01782    0.02352   -0.00102
 1012    0.01219    0.02423    0.00361
 1013    0.01211    0.03182    0.00727
 1014    0.01947    0.03705    0.00465
 1015    0.01795    0.02809    0.00339
 1016    0.01936    0.02336   -0.00076
 1017    0.01604    0.01708   -0.00157
 1018    0.01484    0.01453   -0.00192
 1019    0.01608    0.01266   -0.00528
 1020    0.01223    0.01036   -0.00501
 1021    0.01423    0.00996   -0.00872
 1022    0.00891    0.01070   -0.00688
 1023    0.00782    0.01005   -0.00369
 1024    0.00684    0.00796   -0.00238
 1025    0.00651    0.00670    0.00074
 1026    0.00420    0.00488    0.00126
 1027    0.00377    0.00659    0.00006
 1028    0.00597    0.00758    0.00080
 1029    0.00493    0.00560    0.00336
 1030    0.00244    0.00338    0.00283
 1031    0.00226    0.00473    0.00117
 1032    0.00042    0.00596   -0.00027
 1033   -0.00128    0.00693   -0.00240
 1034    0.00348    0.00967   -0.00522
 1035    0.00644    0.00937   -0.00310
 1036    0.00628    0.00920   -0.00223
 1037    0.01097    0.01252   -0.00300
 1038    0.01109    0.01118   -0.00081
 1039    0.00687    0.01008    0.00028
 1040    0.01063    0.01358    0.00086
 1041    0.01232    0.01446    0.00180
 1042    0.01158    0.01437    0.00442
 1043    0.01320    0.01735    0.00528
 1044    0.01384    0.01843    0.00332
 1045    0.01212    0.01932    0.00395
 1046    0.01070    0.01485    0.00147
 1047    0.01090    0.01185   -0.00087
 1048    0.01244    0.01005   -0.00431
 1049    0.01061    0.00798   -0.00570
 1050    0.01159    0.00562   -0.01032
 1051    0.00924    0.00237   -0.01452
 1052    0.00828    0.00621   -0.01290
 1053    0.00732    0.00804   -0.00657
 1054    0.00385    0.00936   -0.00390
 1055    0.00250    0.01041   -0.00156
 1056    0.00175    0.00644    0.00007
 1057   -0.00040    0.00409    0.00131
 1058   -0.00293    0.00645    0.00007
 1059   -0.00298    0.00275    0.00132
 1060   -0.00001    0.00126    0.00295
 1061    0.00177   -0.00080    0.00475
 1062    0.00334   -0.00126    0.00627
 1063    0.00336   -0.00025    0.00610
 1064    0.00398   -0.00158    0.00689
 1065    0.00418   -0.00052    0.00535
 1066    0.00414    0.00106    0.00398
 1067    0.00494    0.00157    0.00313
 1068    0.00448    0.00138    0.00486
 1069    0.00527    0.00250    0.00528
 1070    0.00593    0.00429    0.00319
 1071    0.00544    0.00401    0.00430
 1072    0.00593    0.00434    0.00666
 1073    0.00703    0.00725    0.00515
 1074    0.00685    0.00832    0.00425
 1075    0.00728    0.00962    0.00655
 1076    0.00892    0.01103    0.00786
 1077    0.00975    0.01631    0.00793
 1078    0.01044    0.01396    0.00872
 1079    0.00911    0.01002    0.00890
 1080    0.00848    0.00781    0.00816
 1081    0.00656    0.00542    0.00618
 1082    0.00451    0.00101    0.00630
 1083    0.00254   -0.00201    0.00554
 1084    0.00237   -0.00543    0.00694
 1085   -0.00042   -0.00797    0.00531
 1086   -0.00254   -0.00753    0.00342
 1087   -0.00507   -0.00765    0.00108
 1088   -0.00843   -0.01087   -0.00107
 1089   -0.00635   -0.01442    0.00161
 1090   -0.00365   -0.01417    0.00354
 1091   -0.00606   -0.01482    0.00145
 1092   -0.00928   -0.01961   -0.00097
 1093   -0.01031   -0.02304   -0.00200
 1094   -0.00896   -0.01738   -0.00134
 1095   -0.01125   -0.01408   -0.00322
 1096   -0.00967   -0.01019   -0.00215
 1097   -0.01229   -0.00801   -0.00453
 1098   -0.01389   -0.00721   -0.00581
 1099   -0.00987   -0.00555   -0.00278
 1100   -0.00986   -0.00216   -0.00404
 1101   -0.00970    0.00030   -0.00397
 1102   -0.01117    0.00465   -0.00562
 1103   -0.00732    0.00558   -0.00230
 1104   -0.00651    0.00565   -0.00246
 1105   -0.00980    0.00709   -0.00533
 1106   -0.00866    0.00748   -0.00638
 1107   -0.01716    0.01207   -0.00921
 1108   -0.02540    0.01496   -0.01139
 1109   -0.01947    0.00690   -0.01135
 1110   -0.01319    0.00337   -0.00748
 1111   -0.00940    0.00205   -0.00435
 1112   -0.00581    0.00109   -0.00152
 1113   -0.00224    0.00178    0.00053
 1114   -0.00116    0.00202    0.00077
 1115    0.00058    0.00061    0.00302
 1116   -0.00097   -0.00207    0.00318
 1117   -0.00365   -0.00481    0.00191
 1118   -0.00559   -0.00609    0.00082
 1119   -0.00633   -0.01009    0.00057
 1120   -0.00894   -0.01198   -0.00138
 1121   -0.01040   -0.01649   -0.00296
 1122   -0.01386   -0.01892   -0.00534
 1123   -0.01985   -0.02292   -0.00929
 1124   -0.01585   -0.02475   -0.00793
 1125   -0.01241   -0.02571   -0.00536
 1126   -0.00784   -0.02190   -0.00162
 1127   -0.00591   -0.02334   -0.00005
 1128   -0.00244   -0.01974    0.00395
 1129   -0.00198   -0.01751    0.00496
 1130    0.00026   -0.01617    0.00703
 1131    0.00029   -0.01438    0.00737
 1132    0.00263   -0.01336    0.00886
 1133    0.00400   -0.01148    0.00946
 1134    0.00650   -0.01191    0.01102
 1135    0.00817   -0.00872    0.01116
 1136    0.00935   -0.00810    0.01263
 1137    0.00938   -0.00253    0.01257
 1138    0.01229   -0.00127    0.01510
 1139    0.01023    0.00186    0.01373
 1140    0.00834    0.00020    0.01228
 1141    0.00658   -0.00102    0.01030
 1142    0.00550   -0.00011    0.00878
 1143    0.00389   -0.00289    0.00792
 1144    0.00312   -0.00223    0.00691
 1145    0.00148   -0.00441    0.00623
 1146    0.00068   -0.00482    0.00557
 1147    0.00077   -0.00735    0.00530
 1148   -0.00074   -0.00669    0.00363
 1149    0.00010   -0.00693    0.00522
 1150   -0.00233   -0.00728    0.00301
 1151   -0.00197   -0.00592    0.00556
 1152   -0.00318   -0.00726    0.00589
 1153   -0.00245   -0.00945    0.00689
 1154   -0.00685   -0.01288    0.00123
 1155   -0.00736   -0.01129   -0.00034
 1156   -0.00486   -0.01334    0.00066
 1157   -0.00821   -0.01737   -0.00239
 1158   -0.01194   -0.01443   -0.00416
 1159   -0.00941   -0.01260   -0.00208
 1160   -0.00689   -0.01541   -0.00082
 1161   -0.00822   -0.01993   -0.00270
 1162   -0.00413   -0.02230   -0.00061
 1163   -0.00174   -0.02094    0.00076
 1164    0.00118   -0.01581    0.00431
 1165    0.00200   -0.01601    0.00429
 1166    0.00409   -0.01463    0.00659
 1167    0.00367   -0.01300    0.00739
 1168    0.00466   -0.01262    0.00866
 1169    0.00398   -0.01078    0.00871
 1170    0.00366   -0.01069    0.00900
 1171    0.00392   -0.01049    0.00932
 1172    0.00269   -0.00902    0.00851
 1173    0.00184   -0.00834    0.00805
 1174    0.00269   -0.00892    0.00921
 1175    0.00359   -0.00985    0.00892
 1176    0.00450   -0.00983    0.00872
 1177    0.00583   -0.01132    0.00929
 1178    0.00533   -0.01163    0.00909
 1179    0.00457   -0.01229    0.00891
 1180    0.00247   -0.01050    0.00775
 1181    0.00333   -0.00895    0.00963
 1182    0.00150   -0.00788    0.00881
 1183    0.00218   -0.00557    0.01040
 1184    0.00233   -0.00415    0.01061
 1185    0.00387   -0.00480    0.01005
 1186    0.00397   -0.00510    0.01019
 1187    0.00206   -0.00309    0.00665
 1188    0.00108    0.00115    0.00404
 1189   -0.00264    0.00589   -0.00043
 1190   -0.00301    0.00176   -0.00051
 1191   -0.00273   -0.00061    0.00099
 1192   -0.00018   -0.00356    0.00492
 1193   -0.00165   -0.00364    0.00370
 1194    0.00003   -0.00259    0.00460
 1195    0.00007   -0.00302    0.00428
 1196    0.00202   -0.00338    0.00599
 1197    0.00234   -0.00220    0.00607
 1198    0.00304   -0.00296    0.00755
 1199    0.00399   -0.00224    0.00814
 1200    0.00472   -0.00316    0.00946
 1201    0.00605   -0.00202    0.01062
 1202    0.00581   -0.00525    0.01069
 1203    0.00779   -0.00554    0.01186
 1204    0.01044   -0.00624    0.01248
 1205    0.01240   -0.01352    0.01053
 1206    0.00861   -0.01162    0.01009
 1207    0.00609   -0.01230    0.01024
 1208    0.00458   -0.01086    0.00963
 1209    0.00413   -0.01258    0.00900
 1210    0.00310   -0.01250    0.00795
 1211    0.00239   -0.01443    0.00747
 1212    0.00126   -0.01509    0.00587
 1213   -0.00039   -0.01653    0.00370
 1214   -0.00230   -0.01413    0.00282
 1215   -0.00186   -0.01085    0.00324
 1216   -0.00107   -0.01015    0.00447
 1217   -0.00191   -0.00661    0.00373
 1218   -0.00082   -0.00747    0.00445
 1219    0.00091   -0.00540    0.00558
 1220    0.00010   -0.00381    0.00435
 1221    0.00228   -0.00082    0.00504
 1222    0.00418   -0.00010    0.00691
 1223    0.00586    0.00325    0.00786
 1224    0.00696    0.00374    0.01008
 1225    0.00868    0.00661    0.01111
 1226    0.01064    0.01061    0.01302
 1227    0.00945    0.01095    0.01323
 1228    0.00810    0.01580    0.01315
 1229    0.00469    0.01444    0.00882
 1230    0.00194    0.01455    0.00572
 1231    0.00622    0.01426    0.00429
 1232    0.00640    0.01060    0.00182
 1233    0.00777    0.00850   -0.00066
 1234    0.00867    0.00680   -0.00279
 1235    0.00985    0.00473   -0.00568
 1236    0.01350    0.00266   -0.00977
 1237    0.01839    0.00006   -0.01565
 1238    0.02169    0.00230   -0.01415
 1239    0.02769    0.00751   -0.01522
 1240    0.02564    0.01432   -0.01067
 1241    0.03040    0.02028   -0.01169
 1242    0.03243    0.02940   -0.00910
 1243    0.02523    0.02644   -0.00611
 1244    0.01837    0.02747   -0.00087
 1245    0.00852    0.02084    0.00088
 1246    0.00037    0.01933    0.00317
 1247    0.00045    0.01242    0.00233
 1248    0.00618    0.01035   -0.00032
 1249    0.00555    0.00528   -0.00147
 1250    0.00934    0.00277   -0.00512
 1251    0.00962   -0.00071   -0.00657
 1252    0.01190    0.00298   -0.00556
 1253    0.00880    0.00803   -0.00275
 1254   -0.00164    0.00540    0.00178
 1255   -0.00458    0.00730    0.00142
 1256   -0.02108   -0.00131    0.00259
 1257   -0.02892   -0.00480   -0.00052
 1258   -0.03121   -0.00848    0.00218
 1259   -0.02640   -0.00633    0.00112
 1260   -0.02209   -0.00532    0.00387
 1261   -0.01627   -0.00552    0.00630
 1262   -0.00954   -0.00591    0.00812
 1263   -0.00415   -0.00489    0.00534
 1264   -0.00186   -0.00230    0.00199
 1265   -0.00443   -0.00101    0.00155
 1266    0.00001    0.00210    0.00030
 1267   -0.00041    0.00546    0.00114
 1268    0.00205    0.01124    0.00185
 1269   -0.00129    0.01575    0.00529
 1270   -0.00848    0.01127    0.00287
 1271   -0.01211    0.00481    0.00152
 1272   -0.01788   -0.00085    0.00192
 1273   -0.01654   -0.00203    0.00194
 1274   -0.01258   -0.00253    0.00356
 1275   -0.01242   -0.00296    0.00618
 1276   -0.01115   -0.00088    0.00798
 1277   -0.01696   -0.00035    0.01061
 1278   -0.01913    0.00109    0.01585
 1279   -0.02619   -0.00059    0.01447
 1280   -0.02862   -0.00482    0.01049
 1281   -0.03544   -0.00552    0.01261
 1282   -0.03328   -0.00741    0.00834
 1283   -0.03524   -0.00620    0.00875
 1284   -0.03644   -0.01241    0.00635
 1285   -0.03709   -0.00926    0.00773
 1286   -0.03237   -0.00131    0.00754
 1287   -0.03323    0.00790    0.00984
 1288   -0.04051    0.00990    0.01201
 1289   -0.03757    0.01812    0.00938
 1290   -0.04414    0.02063    0.00804
 1291   -0.04104    0.02940    0.00661
 1292   -0.04949    0.03436    0.00504
 1293   -0.01066    0.00990    0.00504
 1294   -0.00680    0.00806    0.00256
 1295   -0.00723    0.00591   -0.00064
 1296   -0.00634    0.00839    0.00061
 1297   -0.00912    0.00933   -0.00204
 1298   -0.01645    0.00968    0.00088
 1299   -0.01642    0.01471    0.00387
 1300   -0.00678    0.01399    0.00127
 1301    0.00143    0.01572   -0.00548
 1302   -0.00691    0.01581   -0.00852
 1303   -0.01206    0.01927   -0.00825
 1304   -0.02325    0.01910   -0.00525
 1305   -0.02764    0.01277   -0.00134
 1306   -0.02870    0.00955   -0.00131
 1307   -0.04158    0.00876    0.00519
 1308   -0.03943    0.00662    0.00396
 1309   -0.03084   -0.00229    0.00367
 1310   -0.04128   -0.01358    0.01066
 1311   -0.03343   -0.02172    0.00908
 1312   -0.03077   -0.01871    0.00718
 1313   -0.02808   -0.01148    0.00474
 1314   -0.01804   -0.00748    0.00280
 1315   -0.01039   -0.00524    0.00250
 1316   -0.00085    0.00127   -0.00125
 1317    0.00274    0.00828   -0.00839
 1318    0.02225    0.01202   -0.01334
 1319    0.03970    0.01974   -0.02756
 1320    0.05856    0.02046   -0.02331
 1321    0.10504    0.03257   -0.04938
 1322    0.11427    0.02734   -0.02972
 1323    0.08335    0.02343   -0.03626
 1324    0.03519    0.01987   -0.02410
 1325    0.00733    0.00896   -0.00632
 1326   -0.00691    0.00100   -0.00011
 1327   -0.00270   -0.00741    0.00586
 1328   -0.01274   -0.01296    0.00646
 1329   -0.00674   -0.01541    0.00812
 1330   -0.01156   -0.02714    0.00809
 1331   -0.00658   -0.02117    0.00876
 1332   -0.01195   -0.01580    0.00585
 1333   -0.02138   -0.02011    0.00468
 1334   -0.02253   -0.02823    0.00244
 1335   -0.01939   -0.02153   -0.00027
 1336   -0.02372   -0.01726    0.00168
 1337   -0.02999   -0.02679    0.00169
 1338   -0.02641   -0.02949   -0.00328
 1339   -0.02344   -0.02098   -0.00351
 1340   -0.02852   -0.01848    0.00064
 1341   -0.03257   -0.02504   -0.00177
 1342   -0.02605   -0.02426   -0.00644
 1343   -0.02506   -0.01632   -0.00413
 1344   -0.03142   -0.01619   -0.00147
 1345   -0.02997   -0.01910   -0.00680
 1346   -0.02204   -0.01620   -0.00782
 1347   -0.02266   -0.01015   -0.00287
 1348   -0.02653   -0.01054   -0.00356
 1349   -0.02234   -0.01342   -0.00843
 1350   -0.01681   -0.00862   -0.00648
 1351   -0.01979   -0.00456   -0.00260
 1352   -0.01804   -0.00289   -0.00520
 1353   -0.01788    0.00045   -0.00318
 1354   -0.01272    0.00209   -0.00002
 1355   -0.00740    0.00650    0.00087
 1356   -0.00189    0.00880    0.00128
 1357   -0.00156    0.00455    0.00133
 1358    0.00224    0.00481    0.00049
 1359    0.00247    0.00228    0.00025
 1360    0.00304    0.00155    0.00072
 1361    0.00406    0.00156    0.00007
 1362    0.00378   -0.00080   -0.00012
 1363    0.00454   -0.00234    0.00152
 1364    0.00648   -0.00416    0.00264
 1365    0.00503   -0.00415    0.00156
 1366    0.00279   -0.00306   -0.00017
 1367    0.00441   -0.00356   -0.00103
 1368    0.00252   -0.00252   -0.00118
 1369    0.00134   -0.00122   -0.00110
 1370    0.00364   -0.00155   -0.00167
 1371    0.00284   -0.00110   -0.00223
 1372    0.00171   -0.00038   -0.00132
 1373    0.00102   -0.00004   -0.00088
 1374    0.00205   -0.00018   -0.00189
 1375    0.00094    0.00127   -0.00165
 1376   -0.00116    0.00123   -0.00068
 1377   -0.00230    0.00084    0.00019
 1378   -0.00148    0.00279   -0.00011
 1379   -0.00133    0.00355   -0.00057
 1380   -0.00418    0.00179   -0.00004
 1381   -0.00636    0.00168    0.00213
 1382   -0.00526    0.00485    0.00198
 1383   -0.00576    0.00343    0.00073
 1384   -0.01015    0.00083    0.00125
 1385   -0.01188    0.00185    0.00430
 1386   -0.00910    0.00528    0.00355
 1387   -0.01017    0.00186    0.00081
 1388   -0.01681   -0.00100    0.00381
 1389   -0.01654    0.00181    0.00714
 1390   -0.01167    0.00483    0.00477
 1391   -0.01460   -0.00025    0.00173
 1392   -0.02092   -0.00180    0.00529
 1393   -0.01753    0.00452    0.00815
 1394   -0.01234    0.00441    0.00397
 1395   -0.01738   -0.00150    0.00200
 1396   -0.02261    0.00033    0.00628
 1397   -0.01625    0.00541    0.00594
 1398   -0.01451    0.00024    0.00160
 1399   -0.02198   -0.00371    0.00295
 1400   -0.02230    0.00116    0.00496
 1401   -0.01488    0.00223    0.00209
 1402   -0.01587   -0.00349    0.00025
 1403   -0.01966   -0.00350    0.00219
 1404   -0.01485    0.00209    0.00109
 1405   -0.00997   -0.00010   -0.00198
 1406   -0.01220   -0.00476   -0.00039
 1407   -0.01136   -0.00063   -0.00108
 1408   -0.00733    0.00237   -0.00306
 1409   -0.00486   -0.00101   -0.00211
 1410   -0.00324   -0.00315    0.00012
 1411   -0.00232    0.00327   -0.00437
 1412   -0.00125    0.00426   -0.00339
 1413    0.00187    0.00115    0.00063
 1414    0.00784    0.00333   -0.00052
 1415    0.00576    0.00717   -0.00531
 1416    0.00278    0.00941   -0.00131
 1417    0.01565    0.00923    0.00261
 1418    0.02308    0.00924   -0.00675
 1419    0.01381    0.01201   -0.00626
 1420    0.02389    0.01204   -0.00881
 1421    0.03520    0.01189   -0.01224
 1422    0.02827    0.01223   -0.01930
 1423    0.01649    0.01209   -0.01904
 1424    0.00937    0.01218   -0.01889
 1425    0.01150    0.01594   -0.02377
 1426    0.00702    0.01525   -0.02216
 1427    0.00173    0.01720   -0.01789
 1428    0.00158    0.01353   -0.01345
 1429    0.00929    0.01386   -0.02016
 1430    0.01678    0.01242   -0.01976
 1431    0.02836    0.01584   -0.02888
 1432    0.04181    0.01531   -0.02611
 1433    0.05206    0.01605   -0.03043
 1434    0.06919    0.01914   -0.02324
 1435    0.06887    0.02003   -0.02578
 1436    0.06890    0.01750   -0.00973
 1437    0.07884    0.01781   -0.00510
 1438    0.07161    0.01113    0.00570
 1439    0.08001    0.00800    0.02148
 1440    0.06310    0.01147    0.01183
 1441    0.04423    0.00926    0.00644
 1442    0.04565    0.00372    0.02059
 1443    0.04556    0.00455    0.02369
 1444    0.03077    0.00404    0.01236
 1445    0.01986   -0.00247    0.01325
 1446    0.02400   -0.00788    0.01917
 1447    0.02152   -0.00333    0.01471
 1448    0.03719   -0.00052    0.02427
 1449    0.04344    0.00542    0.01895
 1450    0.03959    0.00940    0.01018
 1451    0.04659    0.01077    0.00604
 1452    0.02734    0.01539    0.00744
