    1   -0.16023   -0.26278   -0.06264
    2    0.20792    0.33670    0.00547
    3    0.21937    0.26742   -0.11797
    4    0.02595    0.01110   -0.02686
    5   -0.15699   -0.10975    0.05018
    6   -0.13295   -0.06978    0.04212
    7   -0.13011   -0.04539    0.04890
    8   -0.08879   -0.00606    0.05354
    9   -0.04901    0.00347    0.03171
   10   -0.01527    0.03664    0.04891
   11    0.02619    0.06445    0.04227
   12    0.01185    0.04499    0.02499
   13    0.03533    0.04586   -0.01630
   14    0.01406    0.02837   -0.01374
   15   -0.00186   -0.00100   -0.04823
   16   -0.03146   -0.02450   -0.04998
   17   -0.03801   -0.05133   -0.08820
   18   -0.07498   -0.08730   -0.09570
   19   -0.09130   -0.12125   -0.12439
   20   -0.09179   -0.13209   -0.16161
   21   -0.04992   -0.09568   -0.15127
   22   -0.01703   -0.06083   -0.14329
   23    0.00291   -0.03261   -0.12265
   24   -0.02695   -0.04086   -0.09038
   25   -0.01439   -0.01233   -0.05257
   26   -0.04239   -0.01380   -0.00972
   27   -0.04754    0.00290    0.03387
   28   -0.05557    0.00712    0.05722
   29   -0.05361    0.00034    0.03849
   30   -0.04835    0.00522    0.04436
   31   -0.02480    0.00870    0.01996
   32   -0.02944    0.00155    0.01174
   33   -0.00956    0.01156    0.00263
   34    0.00203    0.01566    0.00843
   35    0.00733    0.01895    0.00149
   36    0.01530    0.01879    0.01095
   37    0.01890    0.01958    0.00999
   38    0.02036    0.01824    0.01446
   39    0.02392    0.01823    0.01060
   40    0.02367    0.01824    0.01037
   41    0.02292    0.01817    0.00809
   42    0.02118    0.01835    0.00987
   43    0.02023    0.01851    0.00807
   44    0.01916    0.01907    0.00731
   45    0.01716    0.01926    0.00761
   46    0.01849    0.01961    0.00672
   47    0.02010    0.01883    0.00326
   48    0.02066    0.01772    0.00306
   49    0.02140    0.01698    0.00265
   50    0.02003    0.01463    0.00081
   51    0.02032    0.01336    0.00294
   52    0.01805    0.01047    0.00306
   53    0.01829    0.00933    0.00440
   54    0.01644    0.00509    0.00626
   55    0.01452    0.00486    0.00643
   56    0.01651    0.00566    0.00830
   57    0.01669    0.00756    0.00614
   58    0.01359    0.00364    0.00777
   59    0.01087    0.00216    0.00597
   60    0.01182    0.00556    0.00154
   61    0.01166    0.00593    0.00050
   62    0.00766    0.00138    0.00193
   63    0.00536    0.00103   -0.00101
   64    0.00477   -0.00191    0.00327
   65    0.00051   -0.00398    0.00060
   66    0.00441   -0.00130    0.00236
   67    0.00759    0.00284   -0.00025
   68    0.00680    0.00469   -0.00422
   69    0.00722    0.00565   -0.00573
   70    0.00542    0.00641   -0.01022
   71    0.00976    0.00840   -0.00749
   72    0.01324    0.01089   -0.00618
   73    0.01560    0.01317   -0.00759
   74    0.01601    0.01561   -0.01095
   75    0.01932    0.01746   -0.00658
   76    0.02079    0.01788   -0.00181
   77    0.02171    0.01966    0.00139
   78    0.02209    0.01866    0.00252
   79    0.02166    0.01609    0.00274
   80    0.02231    0.01486    0.00452
   81    0.02141    0.01161    0.00627
   82    0.02321    0.01007    0.00715
   83    0.02385    0.00748    0.00823
   84    0.02153    0.00375    0.01161
   85    0.01816    0.00417    0.01064
   86    0.01454   -0.00063    0.01399
   87    0.01086   -0.00064    0.01029
   88    0.01105   -0.00060    0.01079
   89    0.00857   -0.00394    0.01291
   90    0.00431   -0.00810    0.01379
   91    0.00212   -0.01147    0.01604
   92    0.00612   -0.01141    0.02151
   93    0.00875   -0.00910    0.02180
   94    0.01325   -0.00466    0.02126
   95    0.01418   -0.00016    0.01557
   96    0.01652    0.00228    0.01614
   97    0.01912    0.00768    0.01440
   98    0.01858    0.00669    0.01263
   99    0.02163    0.01006    0.01252
  100    0.02219    0.01355    0.01048
  101    0.01982    0.01185    0.00638
  102    0.02065    0.01286    0.00624
  103    0.02285    0.01704    0.00634
  104    0.02219    0.01771    0.00246
  105    0.02049    0.01589    0.00054
  106    0.02213    0.01759    0.00220
  107    0.02238    0.01964   -0.00053
  108    0.02126    0.01913   -0.00480
  109    0.02107    0.02077   -0.00913
  110    0.01823    0.01899   -0.01297
  111    0.01555    0.01508   -0.01143
  112    0.01131    0.01251   -0.01501
  113    0.00786    0.00917   -0.01350
  114    0.00409    0.00749   -0.01749
  115   -0.00024    0.00371   -0.01729
  116    0.00120    0.00414   -0.01591
  117   -0.00410   -0.00027   -0.01534
  118   -0.00772   -0.00134   -0.01873
  119   -0.01163   -0.00594   -0.01584
  120   -0.01696   -0.00759   -0.02111
  121   -0.01586   -0.00616   -0.02321
  122   -0.01232   -0.00579   -0.01805
  123   -0.01568   -0.01041   -0.01405
  124   -0.02129   -0.01356   -0.01745
  125   -0.02238   -0.01708   -0.01224
  126   -0.01937   -0.01694   -0.00732
  127   -0.02019   -0.01813   -0.00596
  128   -0.01621   -0.01379   -0.00729
  129   -0.01879   -0.01590   -0.00707
  130   -0.01841   -0.01916   -0.00077
  131   -0.01319   -0.01711    0.00340
  132   -0.01147   -0.01629    0.00438
  133   -0.00953   -0.01801    0.01044
  134   -0.00860   -0.01939    0.01441
  135   -0.00319   -0.01576    0.01595
  136   -0.00263   -0.01206    0.01022
  137   -0.00536   -0.01350    0.00884
  138   -0.00487   -0.01001    0.00365
  139   -0.00753   -0.01058    0.00127
  140   -0.01157   -0.01717    0.00525
  141   -0.01343   -0.01744    0.00326
  142   -0.01208   -0.01777    0.00610
  143   -0.00837   -0.01283    0.00303
  144   -0.00487   -0.00991    0.00300
  145   -0.00023   -0.00506    0.00108
  146   -0.00080   -0.00240   -0.00470
  147    0.00217    0.00020   -0.00515
  148   -0.00062   -0.00355   -0.00250
  149   -0.00626   -0.00779   -0.00322
  150   -0.00805   -0.01201    0.00187
  151   -0.01206   -0.01410   -0.00052
  152   -0.01607   -0.01921    0.00250
  153   -0.02088   -0.02278    0.00137
  154   -0.02518   -0.02343   -0.00431
  155   -0.02961   -0.02869   -0.00152
  156   -0.02915   -0.03061    0.00270
  157   -0.02604   -0.02625   -0.00043
  158   -0.02005   -0.02181    0.00063
  159   -0.01974   -0.01966   -0.00297
  160   -0.01443   -0.01548   -0.00234
  161   -0.01104   -0.01130   -0.00488
  162   -0.00754   -0.00670   -0.00835
  163   -0.00531   -0.00300   -0.01211
  164   -0.00018    0.00192   -0.01358
  165    0.00276    0.00558   -0.01643
  166    0.00653    0.01005   -0.01929
  167    0.00962    0.01332   -0.02053
  168    0.00941    0.01533   -0.02639
  169    0.01218    0.01604   -0.02316
  170    0.01658    0.02068   -0.02351
  171    0.01815    0.01995   -0.01719
  172    0.01768    0.01750   -0.01193
  173    0.01368    0.01310   -0.01103
  174    0.01373    0.01091   -0.00570
  175    0.00981    0.00668   -0.00457
  176    0.00873    0.00332    0.00028
  177    0.00495   -0.00125    0.00266
  178    0.00355   -0.00542    0.00800
  179    0.00207   -0.00922    0.01255
  180   -0.00178   -0.01396    0.01505
  181   -0.00093   -0.01691    0.02171
  182   -0.00580   -0.02181    0.02307
  183   -0.00622   -0.02528    0.02900
  184   -0.01069   -0.02942    0.03013
  185   -0.01429   -0.03120    0.02780
  186   -0.01851   -0.03336    0.02513
  187   -0.01497   -0.02855    0.02164
  188   -0.01381   -0.02623    0.01911
  189   -0.01960   -0.03002    0.01694
  190   -0.02117   -0.02983    0.01433
  191   -0.01731   -0.02461    0.01066
  192   -0.01711   -0.02373    0.00920
  193   -0.02121   -0.02843    0.01131
  194   -0.01783   -0.02614    0.01243
  195   -0.01516   -0.02749    0.01920
  196   -0.01061   -0.02377    0.01944
  197   -0.00821   -0.01908    0.01466
  198   -0.00332   -0.01387    0.01277
  199   -0.00090   -0.00942    0.00845
  200    0.00249   -0.00501    0.00561
  201    0.00574   -0.00042    0.00222
  202    0.00917    0.00406   -0.00053
  203    0.01218    0.00889   -0.00470
  204    0.01624    0.01319   -0.00551
  205    0.01922    0.01369   -0.00025
  206    0.01587    0.00883    0.00301
  207    0.01301    0.00447    0.00607
  208    0.01074   -0.00003    0.01076
  209    0.00616   -0.00515    0.01231
  210    0.00480   -0.00830    0.01571
  211    0.00168   -0.01346    0.02003
  212   -0.00062   -0.01636    0.02163
  213    0.00113   -0.01861    0.02830
  214   -0.00345   -0.02330    0.02957
  215   -0.00175   -0.02491    0.03512
  216   -0.00210   -0.02625    0.03689
  217    0.00318   -0.02224    0.03671
  218    0.00451   -0.02270    0.03941
  219    0.00102   -0.02265    0.03420
  220    0.00412   -0.01756    0.02948
  221    0.00099   -0.01681    0.02389
  222   -0.00390   -0.02212    0.02593
  223   -0.00271   -0.02100    0.02571
  224   -0.00207   -0.02322    0.03075
  225   -0.00197   -0.02035    0.02581
  226    0.00251   -0.01514    0.02316
  227    0.00335   -0.01093    0.01719
  228    0.00785   -0.00649    0.01669
  229    0.00962   -0.00204    0.01140
  230    0.01121    0.00139    0.00849
  231    0.01329    0.00581    0.00401
  232    0.01518    0.00944    0.00080
  233    0.01698    0.01346   -0.00387
  234    0.01516    0.01358   -0.00847
  235    0.01848    0.01833   -0.01171
  236    0.01751    0.01976   -0.01798
  237    0.01494    0.01834   -0.02022
  238    0.01378    0.01509   -0.01496
  239    0.00898    0.01012   -0.01389
  240    0.00735    0.00635   -0.00873
  241    0.00306    0.00183   -0.00731
  242   -0.00019   -0.00256   -0.00394
  243   -0.00320   -0.00652   -0.00117
  244   -0.00631   -0.01123    0.00290
  245   -0.01100   -0.01647    0.00527
  246   -0.01020   -0.01729    0.00813
  247   -0.00620   -0.01526    0.01069
  248   -0.00410   -0.01071    0.00547
  249   -0.00275   -0.00875    0.00402
  250   -0.00270   -0.00562   -0.00176
  251    0.00081   -0.00097   -0.00496
  252   -0.00171   -0.00093   -0.00947
  253    0.00286    0.00325   -0.01044
  254    0.00744    0.00670   -0.00974
  255    0.01127    0.01064   -0.01033
  256    0.01335    0.01402   -0.01402
  257    0.01719    0.01719   -0.01135
  258    0.02087    0.02114   -0.01084
  259    0.02245    0.02160   -0.00538
  260    0.02369    0.02348   -0.00404
  261    0.02476    0.02569   -0.00163
  262    0.02445    0.02430    0.00227
  263    0.02308    0.02184    0.00337
  264    0.02209    0.02009    0.00417
  265    0.02197    0.01699    0.00510
  266    0.02245    0.01717    0.00492
  267    0.02280    0.01369    0.00676
  268    0.02538    0.01415    0.00564
  269    0.02768    0.01367    0.00614
  270    0.02665    0.01680    0.00675
  271    0.02542    0.01673    0.00837
  272    0.02325    0.01709    0.00768
  273    0.02313    0.01798    0.01042
  274    0.02162    0.01909    0.01109
  275    0.02053    0.01876    0.01443
  276    0.01761    0.01845    0.01405
  277    0.01591    0.01778    0.01279
  278    0.01392    0.01694    0.01044
  279    0.01559    0.01836    0.00870
  280    0.01920    0.01960    0.00746
  281    0.01937    0.02049    0.00482
  282    0.02245    0.01820    0.00424
  283    0.02427    0.01837    0.00441
  284    0.02219    0.01865    0.00844
  285    0.01903    0.01867    0.01085
  286    0.01474    0.01819    0.01192
  287    0.00798    0.01508    0.01481
  288    0.00493    0.01059    0.01261
  289   -0.00196    0.00161    0.01661
  290   -0.00609    0.00528    0.01111
  291   -0.00946    0.00669    0.00541
  292   -0.00709    0.01159    0.00054
  293    0.00109    0.01732    0.00043
  294    0.00159    0.02060   -0.00555
  295    0.01116    0.02040   -0.00153
  296    0.01122    0.02231   -0.00139
  297    0.00845    0.02493   -0.00307
  298    0.01467    0.02343    0.00039
  299    0.01650    0.02163    0.00371
  300    0.01940    0.02117    0.00508
  301    0.01742    0.01996    0.00604
  302    0.01280    0.01761    0.00638
  303    0.01053    0.01727    0.00564
  304    0.00350    0.01469    0.00422
  305   -0.00096    0.01682   -0.00208
  306    0.00111    0.02002   -0.00490
  307   -0.00669    0.01845   -0.01299
  308   -0.00795    0.02208   -0.02155
  309   -0.00974    0.01260   -0.03425
  310   -0.00016    0.01685   -0.04133
  311   -0.00370    0.00802   -0.03660
  312   -0.02587   -0.00247   -0.01843
  313   -0.03365   -0.00668   -0.01043
  314   -0.06761   -0.02661    0.00217
  315   -0.08105   -0.03215    0.00726
  316   -0.10299   -0.02874    0.04990
  317   -0.09713   -0.02811    0.05032
  318   -0.09833   -0.04791    0.01083
  319   -0.06980   -0.04575   -0.02984
  320   -0.04068   -0.01625   -0.01654
  321   -0.03455   -0.02323   -0.03651
  322   -0.01088    0.00576   -0.02069
  323    0.00269   -0.00685   -0.05863
