    1    0.04701   -0.03025    0.03255
    2    0.10088    0.10592    0.12808
    3   -0.04276   -0.30968   -0.18639
    4    0.01988   -0.02316   -0.00646
    5   -0.25379   -0.20453    0.12661
    6    0.27740    0.21042   -0.07806
    7    0.08467    0.10202   -0.01436
    8    0.03576    0.07353   -0.01258
    9    0.02289    0.04552    0.00836
   10    0.00681    0.01992    0.00027
   11   -0.01434   -0.01329   -0.00769
   12   -0.01222   -0.01728   -0.00286
   13   -0.01443   -0.04095    0.02401
   14   -0.01421   -0.03451    0.00494
   15   -0.00798   -0.02527    0.01625
   16   -0.00803   -0.01852   -0.00639
   17   -0.00622   -0.01391   -0.00026
   18   -0.00195    0.01843    0.00443
   19   -0.00558    0.03395    0.00058
   20    0.02148    0.05844    0.06601
   21    0.00963    0.02662    0.06420
   22    0.00076   -0.01156    0.05197
   23   -0.00040   -0.01983    0.06120
   24    0.00734    0.00535    0.05381
   25    0.00378   -0.00132    0.04660
   26    0.00258    0.01072    0.01154
   27    0.00232    0.01821   -0.00513
   28   -0.00733    0.01072   -0.04237
   29   -0.01282   -0.00458   -0.03773
   30   -0.02526   -0.01619   -0.04486
   31   -0.02939   -0.03246   -0.04237
   32   -0.04983   -0.03931   -0.04058
   33   -0.03800   -0.04648   -0.04736
   34   -0.03045   -0.02945   -0.03178
   35    0.00109   -0.02336   -0.04270
   36    0.00684   -0.00199   -0.02619
   37    0.00968    0.00509   -0.01406
   38    0.01743    0.02163    0.00593
   39    0.03258    0.02525   -0.00813
   40    0.02430    0.02813    0.00831
   41    0.01358    0.02023    0.01063
   42    0.00131    0.01819    0.03038
   43   -0.00839    0.01461    0.04154
   44   -0.02527    0.00274    0.03530
   45   -0.03978   -0.00036    0.05176
   46   -0.02523    0.00959    0.06590
   47   -0.01318    0.01135    0.04735
   48    0.00023    0.01787    0.03634
   49    0.00408    0.01620    0.02032
   50    0.00978    0.01725    0.01502
   51    0.01780    0.02138    0.01131
   52    0.01836    0.01963    0.00590
   53    0.02733    0.02473    0.00412
   54    0.02652    0.01828   -0.00035
   55    0.01714    0.01517    0.00398
   56    0.01437    0.01199    0.00467
   57    0.01143    0.01178    0.00386
   58    0.01142    0.01067    0.00587
   59    0.01133    0.01078    0.00570
   60    0.01170    0.01322    0.00443
   61    0.01039    0.01223    0.00312
   62    0.00914    0.00933    0.00293
   63    0.00816    0.00847    0.00161
   64    0.00773    0.00637    0.00423
   65    0.00452    0.00372    0.00166
   66    0.01094    0.01133    0.00269
   67    0.01288    0.01492    0.00162
   68    0.01186    0.01501    0.00354
   69    0.01047    0.01185    0.00461
   70    0.01077    0.01108    0.00609
   71    0.01247    0.01450    0.01563
   72    0.01082    0.01539    0.01457
   73    0.00754    0.01320    0.02008
   74    0.00397    0.01129    0.01752
   75   -0.00127    0.01217    0.02168
   76   -0.00207    0.01254    0.02176
   77   -0.01162    0.00796    0.02265
   78   -0.00495    0.00819    0.01104
   79    0.00549    0.01265    0.00599
   80    0.01405    0.01573    0.00178
   81    0.01928    0.01530   -0.00384
   82    0.03214    0.01728   -0.01233
   83    0.03641    0.01017   -0.02596
   84    0.03861    0.01178   -0.01427
   85    0.02267    0.01264   -0.00023
   86    0.01663    0.00773    0.00842
   87    0.01252    0.00963    0.00849
   88    0.01170    0.00818    0.00936
   89    0.00970    0.00537    0.01240
   90    0.00502    0.00071    0.01430
   91    0.00319   -0.00304    0.01760
   92    0.00673   -0.00109    0.02344
   93    0.00884    0.00346    0.02267
   94    0.01228    0.00956    0.02170
   95    0.01258    0.01334    0.01421
   96    0.01196    0.01860    0.01393
   97    0.00817    0.02330    0.01106
   98    0.00995    0.01362    0.00654
   99    0.00646    0.00815    0.00093
  100    0.00387    0.01856    0.00349
  101    0.00634    0.01684    0.00339
  102    0.00615    0.01171    0.00088
  103    0.00087    0.01068    0.00012
  104    0.00147    0.01688    0.00279
  105    0.00388    0.01420    0.00416
  106   -0.00070    0.00991    0.00319
  107   -0.00588    0.00941    0.01096
  108   -0.00307    0.01215    0.01286
  109   -0.00693    0.01094    0.01707
  110    0.00029    0.01161    0.01179
  111    0.00493    0.01094    0.00743
  112    0.00865    0.00989    0.00148
  113    0.00930    0.01006   -0.00136
  114    0.00938    0.00828   -0.00913
  115    0.00773    0.00669   -0.01378
  116    0.01001    0.00874   -0.01640
  117    0.00614    0.00406   -0.01831
  118    0.00267    0.00041   -0.02096
  119   -0.00134   -0.00512   -0.01925
  120   -0.00495   -0.01074   -0.02731
  121   -0.00190   -0.00821   -0.03229
  122    0.00053   -0.00373   -0.02663
  123   -0.00345   -0.00794   -0.02358
  124   -0.00711   -0.01461   -0.03053
  125   -0.00880   -0.01619   -0.02570
  126   -0.00838   -0.01452   -0.01695
  127   -0.01090   -0.01764   -0.01295
  128   -0.00774   -0.01182   -0.01209
  129   -0.01160   -0.01596   -0.01089
  130   -0.01308   -0.01903   -0.00396
  131   -0.00901   -0.01433    0.00130
  132   -0.00838   -0.01414    0.00400
  133   -0.00875   -0.01540    0.01147
  134   -0.00940   -0.01727    0.01774
  135   -0.00380   -0.01041    0.01843
  136   -0.00198   -0.00665    0.01169
  137   -0.00518   -0.00959    0.01047
  138   -0.00236   -0.00462    0.00476
  139   -0.00442   -0.00489    0.00310
  140   -0.01282   -0.02310    0.01021
  141   -0.01372   -0.01952    0.00418
  142   -0.01166   -0.01796    0.00715
  143   -0.00584   -0.00991    0.00353
  144   -0.00159   -0.00491    0.00342
  145    0.00348    0.00147    0.00183
  146    0.00436    0.00332   -0.00266
  147    0.00667    0.00654   -0.00343
  148    0.00472    0.00342   -0.00304
  149    0.00022   -0.00197   -0.00537
  150   -0.00248   -0.00596   -0.00073
  151   -0.00474   -0.00863   -0.00554
  152   -0.00900   -0.01533   -0.00292
  153   -0.01223   -0.02054   -0.00650
  154   -0.01494   -0.02461   -0.01425
  155   -0.02080   -0.03331   -0.01164
  156   -0.02041   -0.03312   -0.00835
  157   -0.01547   -0.02512   -0.01306
  158   -0.00933   -0.01680   -0.01029
  159   -0.00678   -0.01271   -0.01707
  160   -0.00109   -0.00476   -0.01622
  161    0.00145   -0.00098   -0.01686
  162    0.00628    0.00526   -0.02116
  163    0.00826    0.00687   -0.02277
  164    0.01305    0.01280   -0.02279
  165    0.01463    0.01409   -0.02287
  166    0.01861    0.01891   -0.02548
  167    0.01819    0.01904   -0.02262
  168    0.01990    0.01567   -0.02585
  169    0.01619    0.01435   -0.01635
  170    0.01612    0.01940   -0.01617
  171    0.01045    0.01843   -0.00735
  172    0.01062    0.02093   -0.00653
  173    0.01156    0.01776   -0.00709
  174    0.01037    0.01712   -0.00260
  175    0.01113    0.01546   -0.00474
  176    0.01005    0.01343   -0.00063
  177    0.00867    0.01006    0.00027
  178    0.00706    0.00664    0.00579
  179    0.00605    0.00434    0.01023
  180    0.00178   -0.00247    0.01355
  181    0.00170   -0.00425    0.02250
  182   -0.00373   -0.01213    0.02464
  183   -0.00635   -0.01650    0.03428
  184   -0.01058   -0.02136    0.03518
  185   -0.01217   -0.02339    0.02986
  186   -0.01717   -0.02955    0.02684
  187   -0.01321   -0.02362    0.02258
  188   -0.00979   -0.01896    0.01739
  189   -0.01452   -0.02568    0.01336
  190   -0.01759   -0.02818    0.01167
  191   -0.01277   -0.02093    0.00702
  192   -0.01022   -0.01815    0.00308
  193   -0.01357   -0.02393    0.00406
  194   -0.00929   -0.01753    0.00402
  195   -0.00819   -0.01685    0.01355
  196   -0.00285   -0.00894    0.01304
  197   -0.00021   -0.00408    0.00744
  198    0.00468    0.00354    0.00537
  199    0.00686    0.00726    0.00118
  200    0.01083    0.01414   -0.00328
  201    0.01282    0.01799   -0.00575
  202    0.01623    0.02502   -0.00966
  203    0.01797    0.02898   -0.01339
  204    0.02104    0.03983   -0.01631
  205    0.01899    0.03684   -0.00769
  206    0.01766    0.03002   -0.00373
  207    0.01726    0.02886   -0.00228
  208    0.01533    0.02267    0.00382
  209    0.01244    0.01728    0.00469
  210    0.01013    0.01166    0.01105
  211    0.00708    0.00590    0.01657
  212    0.00348   -0.00012    0.02018
  213    0.00382   -0.00178    0.03046
  214   -0.00104   -0.01002    0.03307
  215   -0.00152   -0.01218    0.04335
  216   -0.00376   -0.01616    0.04874
  217    0.00184   -0.01107    0.04802
  218    0.00192   -0.01307    0.05562
  219   -0.00219   -0.01589    0.04629
  220    0.00229   -0.00936    0.03744
  221   -0.00085   -0.00981    0.02892
  222   -0.00589   -0.01791    0.03347
  223   -0.00396   -0.01461    0.03138
  224   -0.00360   -0.01549    0.03841
  225   -0.00154   -0.01095    0.02959
  226    0.00351   -0.00358    0.02542
  227    0.00536    0.00110    0.01716
  228    0.00926    0.00805    0.01606
  229    0.01089    0.01135    0.00980
  230    0.01126    0.01557    0.00631
  231    0.01130    0.01836    0.00242
  232    0.01177    0.02229   -0.00135
  233    0.01137    0.02331   -0.00416
  234    0.01455    0.02415   -0.01036
  235    0.01638    0.02971   -0.01276
  236    0.01818    0.02769   -0.01732
  237    0.02190    0.03046   -0.02515
  238    0.02086    0.03101   -0.02214
  239    0.01901    0.02504   -0.02222
  240    0.01566    0.02172   -0.01626
  241    0.01390    0.01754   -0.01707
  242    0.00986    0.01156   -0.01269
  243    0.00794    0.00880   -0.01190
  244    0.00369    0.00256   -0.00663
  245   -0.00092   -0.00426   -0.00473
  246   -0.00230   -0.00665    0.00120
  247   -0.00033   -0.00425    0.00653
  248    0.00247    0.00020    0.00071
  249    0.00277    0.00053    0.00110
  250    0.00429    0.00337   -0.00568
  251    0.00698    0.00745   -0.00711
  252    0.00555    0.00512   -0.01005
  253    0.00835    0.00828   -0.00759
  254    0.01044    0.01167   -0.00605
  255    0.00986    0.01311   -0.00259
  256    0.00926    0.01253   -0.00299
  257    0.00424    0.01436    0.00271
  258   -0.00259    0.01614    0.00420
  259   -0.00373    0.01711    0.00563
  260   -0.01413    0.01058    0.01064
  261   -0.02471    0.00373    0.00645
  262   -0.01957    0.00035    0.00372
  263   -0.01673   -0.00273    0.00363
  264   -0.00901    0.00069   -0.00523
  265    0.00167    0.00684   -0.00565
  266    0.00736    0.00854   -0.01184
  267    0.01838    0.01105   -0.01690
  268    0.03308    0.01593   -0.02310
  269    0.05184    0.02761   -0.02519
  270    0.04168    0.02996   -0.01469
  271    0.04042    0.04069    0.00398
  272    0.02644    0.03348    0.01934
  273    0.02421    0.03834    0.03789
  274    0.01442    0.03775    0.06002
  275    0.00018    0.02812    0.05953
  276   -0.02056    0.01433    0.05912
  277   -0.03132    0.00127    0.04064
  278   -0.05351   -0.01341    0.03170
  279   -0.04191   -0.01513    0.00878
  280   -0.01916   -0.00404    0.00038
  281   -0.00720   -0.00674   -0.02147
  282    0.01124    0.00297   -0.02682
  283    0.02627    0.00727   -0.03111
  284    0.01582    0.01186   -0.01125
  285   -0.00593    0.00581    0.00597
  286   -0.02332   -0.00615    0.00275
  287   -0.04443   -0.00670    0.01963
  288   -0.07467   -0.02254    0.01579
  289   -0.09032   -0.00991    0.02799
  290   -0.08562   -0.02977   -0.00186
  291   -0.10507   -0.05945   -0.02396
  292   -0.07055   -0.06274   -0.04864
  293   -0.03826   -0.04989   -0.05289
  294   -0.00843   -0.05205   -0.07509
  295    0.00114   -0.02820   -0.05944
  296   -0.00524   -0.03383   -0.06343
  297   -0.02313   -0.05139   -0.07490
  298   -0.02023   -0.02875   -0.05096
  299   -0.02893   -0.02142   -0.02891
  300   -0.03120   -0.01544   -0.00911
  301   -0.05073   -0.02363    0.00468
  302   -0.08139   -0.03945    0.00614
  303   -0.07358   -0.04444   -0.01435
  304   -0.08105   -0.05559   -0.02920
  305   -0.08237   -0.08028   -0.06165
  306   -0.04976   -0.07625   -0.08022
  307   -0.03794   -0.09450   -0.10664
  308    0.00171   -0.10640   -0.13740
  309    0.00033   -0.08876   -0.10187
  310    0.02296   -0.06842   -0.06858
  311   -0.00463   -0.05855   -0.04901
  312   -0.02451   -0.05857   -0.06168
  313   -0.02050   -0.03751   -0.04335
  314   -0.02202   -0.01438   -0.03969
  315   -0.00683    0.00730   -0.02673
  316   -0.00346    0.02432   -0.04188
  317    0.00582    0.03579   -0.02715
  318    0.01847    0.04723   -0.00213
  319    0.02009    0.04193    0.02853
  320    0.01466    0.03049    0.03380
  321    0.02372    0.03984    0.04837
  322    0.02377    0.03088    0.03909
  323    0.02661    0.03045    0.05452
