    1    0.04300   -0.04912   -0.00701
    2   -0.07995   -0.24739   -0.11321
    3    0.12788    0.50474    0.40143
    4   -0.05250   -0.38019   -0.02634
    5    0.17010   -0.11205   -0.10232
    6    0.13581   -0.06612   -0.06468
    7    0.00851   -0.06196    0.01375
    8   -0.00412   -0.02630    0.02964
    9    0.00356    0.00500    0.00259
   10    0.00085    0.02895   -0.00066
   11    0.00276    0.04652    0.00423
   12   -0.00213    0.02618    0.02246
   13   -0.00191    0.01487    0.02466
   14   -0.00201    0.00735    0.03292
   15   -0.00527    0.00433    0.03565
   16   -0.00540    0.00515    0.02925
   17   -0.00597    0.00671    0.02305
   18   -0.00924    0.01875    0.02063
   19   -0.01655    0.02812    0.01023
   20    0.00074    0.03859    0.05143
   21   -0.00504    0.02330    0.04728
   22   -0.00527    0.00775    0.04388
   23   -0.00548    0.00326    0.04780
   24   -0.00347    0.00971    0.04124
   25   -0.00421    0.00954    0.03762
   26   -0.00375    0.01130    0.03823
   27   -0.00513    0.01354    0.03531
   28   -0.01055    0.01535    0.04728
   29   -0.01051    0.01433    0.03603
   30   -0.01885    0.01229    0.03046
   31   -0.00890    0.00175    0.01439
   32   -0.02198   -0.01057   -0.00551
   33   -0.00241   -0.02233   -0.02039
   34    0.00304   -0.01296   -0.01033
   35    0.03409   -0.01076   -0.01520
   36    0.03473    0.00475   -0.00461
   37    0.02648    0.00601   -0.00692
   38    0.02791    0.01901    0.00573
   39    0.03745    0.01872   -0.00722
   40    0.02673    0.02053    0.00198
   41    0.01496    0.01280    0.00198
   42    0.00545    0.01391    0.01582
   43   -0.00462    0.01174    0.02304
   44   -0.01674    0.00235    0.01882
   45   -0.02838    0.00267    0.03068
   46   -0.01900    0.01107    0.04034
   47   -0.01189    0.00899    0.02707
   48   -0.00156    0.01249    0.01903
   49    0.00134    0.00829    0.00794
   50    0.00361    0.00800    0.00441
   51    0.01070    0.01110    0.00161
   52    0.00992    0.00922   -0.00205
   53    0.01638    0.01418   -0.00334
   54    0.01401    0.00993   -0.00648
   55    0.00671    0.00647   -0.00334
   56    0.00545    0.00348   -0.00299
   57    0.00317    0.00230   -0.00325
   58    0.00241    0.00285   -0.00142
   59    0.00159    0.00380   -0.00131
   60    0.00223    0.00501   -0.00191
   61    0.00154    0.00385   -0.00198
   62    0.00085    0.00346   -0.00181
   63   -0.00002    0.00304   -0.00282
   64   -0.00115    0.00248   -0.00162
   65   -0.00369    0.00124   -0.00340
   66   -0.00026    0.00614   -0.00384
   67    0.00222    0.00774   -0.00443
   68    0.00207    0.00784   -0.00332
   69    0.00156    0.00467   -0.00126
   70    0.00203    0.00415   -0.00003
   71    0.00296    0.00739    0.00546
   72    0.00215    0.00737    0.00501
   73   -0.00031    0.00648    0.00888
   74   -0.00293    0.00410    0.00849
   75   -0.00676    0.00488    0.01056
   76   -0.00615    0.00491    0.00960
   77   -0.01166    0.00168    0.01018
   78   -0.00567   -0.00037    0.00162
   79    0.00191    0.00223   -0.00185
   80    0.01039    0.00495   -0.00511
   81    0.01411    0.00449   -0.00910
   82    0.02598    0.00740   -0.01552
   83    0.03252    0.00098   -0.02567
   84    0.03020    0.00401   -0.01777
   85    0.01222    0.00503   -0.00659
   86    0.00580    0.00311   -0.00014
   87    0.00109    0.00411    0.00018
   88    0.00155    0.00275    0.00061
   89   -0.00003    0.00226    0.00294
   90   -0.00404    0.00082    0.00486
   91   -0.00505    0.00122    0.00680
   92   -0.00358    0.00353    0.00950
   93   -0.00137    0.00614    0.00893
   94    0.00115    0.00835    0.00807
   95    0.00222    0.00811    0.00379
   96    0.00187    0.01113    0.00366
   97    0.00020    0.01114    0.00161
   98    0.00219    0.00299   -0.00230
   99    0.00050   -0.00362   -0.00731
  100   -0.00232    0.00332   -0.00473
  101   -0.00109    0.00403   -0.00320
  102   -0.00029   -0.00046   -0.00560
  103   -0.00372   -0.00332   -0.00698
  104   -0.00486    0.00217   -0.00348
  105   -0.00284    0.00180   -0.00206
  106   -0.00486   -0.00158   -0.00379
  107   -0.00961   -0.00084    0.00228
  108   -0.00872    0.00186    0.00483
  109   -0.01179    0.00203    0.00904
  110   -0.00606    0.00207    0.00640
  111   -0.00248    0.00192    0.00267
  112    0.00086    0.00176   -0.00041
  113    0.00175    0.00213   -0.00219
  114    0.00304    0.00113   -0.00579
  115    0.00301    0.00121   -0.00831
  116    0.00504    0.00266   -0.00979
  117    0.00407    0.00096   -0.01084
  118    0.00218   -0.00182   -0.01236
  119   -0.00028   -0.00404   -0.01197
  120   -0.00057   -0.00817   -0.01626
  121    0.00262   -0.00630   -0.01844
  122    0.00330   -0.00239   -0.01530
  123    0.00101   -0.00312   -0.01379
  124    0.00070   -0.00662   -0.01747
  125   -0.00030   -0.00525   -0.01472
  126   -0.00229   -0.00419   -0.01032
  127   -0.00530   -0.00645   -0.00852
  128   -0.00456   -0.00496   -0.00832
  129   -0.00799   -0.00766   -0.00801
  130   -0.01005   -0.00769   -0.00432
  131   -0.00864   -0.00470   -0.00151
  132   -0.01001   -0.00553   -0.00046
  133   -0.01186   -0.00533    0.00361
  134   -0.01438   -0.00637    0.00692
  135   -0.01065   -0.00291    0.00766
  136   -0.00893   -0.00261    0.00336
  137   -0.01215   -0.00468    0.00209
  138   -0.01016   -0.00314   -0.00203
  139   -0.01270   -0.00399   -0.00404
  140   -0.01971   -0.01464    0.00063
  141   -0.01795   -0.01103   -0.00218
  142   -0.01471   -0.00853    0.00050
  143   -0.00996   -0.00498   -0.00152
  144   -0.00638   -0.00205   -0.00119
  145   -0.00284    0.00043   -0.00224
  146   -0.00172    0.00050   -0.00463
  147    0.00025    0.00216   -0.00451
  148   -0.00033    0.00174   -0.00406
  149   -0.00196   -0.00020   -0.00505
  150   -0.00383   -0.00067   -0.00248
  151   -0.00332   -0.00137   -0.00471
  152   -0.00574   -0.00329   -0.00323
  153   -0.00601   -0.00487   -0.00476
  154   -0.00623   -0.00810   -0.00885
  155   -0.00997   -0.01140   -0.00737
  156   -0.00933   -0.00908   -0.00524
  157   -0.00523   -0.00565   -0.00771
  158   -0.00255   -0.00183   -0.00640
  159    0.00078    0.00028   -0.00969
  160    0.00385    0.00423   -0.00924
  161    0.00427    0.00428   -0.00982
  162    0.00743    0.00653   -0.01197
  163    0.00780    0.00534   -0.01285
  164    0.00965    0.00740   -0.01287
  165    0.00951    0.00644   -0.01287
  166    0.01152    0.00810   -0.01394
  167    0.01008    0.00678   -0.01228
  168    0.01154    0.00350   -0.01327
  169    0.00724    0.00307   -0.00844
  170    0.00640    0.00472   -0.00789
  171    0.00152    0.00423   -0.00360
  172    0.00153    0.00647   -0.00429
  173    0.00287    0.00583   -0.00505
  174    0.00180    0.00598   -0.00341
  175    0.00327    0.00637   -0.00446
  176    0.00229    0.00637   -0.00279
  177    0.00213    0.00616   -0.00210
  178    0.00072    0.00605    0.00080
  179    0.00031    0.00712    0.00338
  180   -0.00263    0.00462    0.00522
  181   -0.00373    0.00577    0.01008
  182   -0.00711    0.00246    0.01139
  183   -0.01017    0.00148    0.01669
  184   -0.01165    0.00055    0.01757
  185   -0.01104    0.00063    0.01516
  186   -0.01420   -0.00356    0.01345
  187   -0.01195   -0.00288    0.01063
  188   -0.00830   -0.00021    0.00795
  189   -0.00995   -0.00299    0.00615
  190   -0.01243   -0.00613    0.00489
  191   -0.00926   -0.00389    0.00221
  192   -0.00606   -0.00165    0.00039
  193   -0.00722   -0.00266    0.00135
  194   -0.00395    0.00151    0.00148
  195   -0.00467    0.00350    0.00661
  196   -0.00122    0.00783    0.00626
  197    0.00036    0.00801    0.00302
  198    0.00293    0.01064    0.00170
  199    0.00394    0.01020   -0.00075
  200    0.00651    0.01295   -0.00311
  201    0.00686    0.01283   -0.00468
  202    0.00889    0.01575   -0.00641
  203    0.00941    0.01594   -0.00829
  204    0.01100    0.02201   -0.00996
  205    0.00842    0.01882   -0.00582
  206    0.00800    0.01625   -0.00382
  207    0.00843    0.01832   -0.00291
  208    0.00731    0.01614    0.00015
  209    0.00631    0.01565    0.00094
  210    0.00404    0.01319    0.00423
  211    0.00222    0.01245    0.00753
  212   -0.00100    0.00932    0.00928
  213   -0.00238    0.00994    0.01492
  214   -0.00553    0.00625    0.01635
  215   -0.00792    0.00597    0.02190
  216   -0.01098    0.00344    0.02485
  217   -0.00914    0.00505    0.02400
  218   -0.01177    0.00370    0.02792
  219   -0.01318    0.00009    0.02273
  220   -0.00961    0.00109    0.01823
  221   -0.01054   -0.00172    0.01461
  222   -0.01412   -0.00374    0.01617
  223   -0.01141   -0.00112    0.01496
  224   -0.01134    0.00080    0.01851
  225   -0.00820    0.00242    0.01364
  226   -0.00467    0.00490    0.01118
  227   -0.00218    0.00536    0.00667
  228    0.00054    0.00819    0.00598
  229    0.00177    0.00779    0.00224
  230    0.00259    0.00914    0.00055
  231    0.00251    0.00892   -0.00135
  232    0.00293    0.01011   -0.00312
  233    0.00218    0.00923   -0.00436
  234    0.00528    0.00992   -0.00691
  235    0.00607    0.01235   -0.00777
  236    0.00785    0.01067   -0.00945
  237    0.01178    0.01302   -0.01352
  238    0.01133    0.01474   -0.01239
  239    0.01132    0.01267   -0.01248
  240    0.00896    0.01192   -0.00977
  241    0.00918    0.01128   -0.01013
  242    0.00668    0.00894   -0.00804
  243    0.00659    0.00946   -0.00739
  244    0.00370    0.00742   -0.00461
  245    0.00156    0.00543   -0.00340
  246   -0.00109    0.00371   -0.00063
  247   -0.00172    0.00405    0.00182
  248    0.00023    0.00447   -0.00141
  249   -0.00077    0.00305   -0.00153
  250    0.00125    0.00332   -0.00494
  251    0.00223    0.00386   -0.00571
  252    0.00147    0.00177   -0.00715
  253    0.00208    0.00239   -0.00581
  254    0.00282    0.00373   -0.00494
  255    0.00175    0.00352   -0.00308
  256    0.00120    0.00229   -0.00246
  257   -0.00324    0.00266    0.00059
  258   -0.00956    0.00281    0.00195
  259   -0.01023    0.00286    0.00085
  260   -0.01773   -0.00102    0.00362
  261   -0.02585   -0.00729   -0.00034
  262   -0.01974   -0.01018   -0.00394
  263   -0.01520   -0.01092   -0.00443
  264   -0.00719   -0.00958   -0.01058
  265    0.00153   -0.00456   -0.01039
  266    0.00918   -0.00231   -0.01459
  267    0.01872   -0.00030   -0.01844
  268    0.03150    0.00523   -0.02225
  269    0.04494    0.01681   -0.02408
  270    0.03768    0.01800   -0.01465
  271    0.03427    0.02795   -0.00223
  272    0.02191    0.02351    0.00762
  273    0.02141    0.03014    0.02085
  274    0.01306    0.03246    0.03596
  275    0.00501    0.02671    0.03666
  276   -0.01072    0.01658    0.03614
  277   -0.01637    0.00593    0.02346
  278   -0.03292   -0.00498    0.01736
  279   -0.02250   -0.01009    0.00131
  280   -0.00600   -0.00550   -0.00487
  281    0.00660   -0.01006   -0.01941
  282    0.01885   -0.00503   -0.02413
  283    0.03298    0.00031   -0.02538
  284    0.02422    0.00721   -0.01046
  285    0.00626    0.00511    0.00119
  286   -0.00291   -0.00113    0.00124
  287   -0.01839    0.00328    0.01436
  288   -0.04224   -0.00656    0.01087
  289   -0.05199    0.00446    0.02419
  290   -0.04543   -0.01042    0.00503
  291   -0.06349   -0.02954   -0.01398
  292   -0.03375   -0.03790   -0.03142
  293   -0.00535   -0.03432   -0.03476
  294    0.02244   -0.04135   -0.05061
  295    0.02725   -0.02541   -0.04037
  296    0.01764   -0.03414   -0.04797
  297    0.00038   -0.04931   -0.05860
  298   -0.00285   -0.03278   -0.04209
  299   -0.01177   -0.02320   -0.02620
  300   -0.01860   -0.01756   -0.01290
  301   -0.03337   -0.01912   -0.00280
  302   -0.05479   -0.02622   -0.00106
  303   -0.04517   -0.03002   -0.01445
  304   -0.04749   -0.03495   -0.02284
  305   -0.04919   -0.05573   -0.04779
  306   -0.01940   -0.05852   -0.06008
  307   -0.00888   -0.07023   -0.07872
  308    0.02777   -0.08511   -0.10317
  309    0.02295   -0.06005   -0.06865
  310    0.04449   -0.04315   -0.04061
  311    0.01577   -0.02613   -0.01209
  312   -0.00492   -0.02087   -0.01576
  313   -0.00874   -0.00181    0.01171
  314   -0.01527    0.00496    0.00738
  315   -0.00751    0.01042    0.02281
  316   -0.00956    0.00824    0.02949
  317   -0.00768   -0.00005    0.04219
  318    0.00357   -0.00268    0.03217
  319    0.00460    0.00407    0.03130
  320   -0.00199    0.00755    0.02204
  321    0.00010   -0.00361   -0.00664
  322    0.00541    0.00483   -0.04053
  323    0.01761   -0.00782   -0.08803
