    1   -0.06830    0.07474   -0.04122
    2   -0.00463    0.12411   -0.05316
    3   -0.04294    0.01354   -0.11038
    4   -0.46937   -0.08949    0.23746
    5    0.34112    0.48824   -0.10801
    6    0.05672    0.16816   -0.03395
    7    0.06522    0.10894   -0.06828
    8    0.04051    0.05091   -0.08566
    9    0.01043    0.01557   -0.04731
   10   -0.01301   -0.01911   -0.07390
   11   -0.03526   -0.05569   -0.05253
   12   -0.02831   -0.04382   -0.05754
   13   -0.02906   -0.04545   -0.03650
   14   -0.02597   -0.03605   -0.04962
   15   -0.01965   -0.02975   -0.03903
   16   -0.01792   -0.02846   -0.04241
   17   -0.01598   -0.02973   -0.03721
   18   -0.00904   -0.02775   -0.03096
   19   -0.00722   -0.03275   -0.02726
   20    0.00162   -0.02832   -0.01993
   21   -0.00216   -0.02619   -0.02425
   22   -0.00978   -0.03062   -0.02619
   23   -0.01244   -0.03013   -0.02647
   24   -0.00655   -0.02176   -0.02256
   25   -0.00988   -0.02320   -0.02519
   26   -0.00938   -0.01598   -0.04582
   27   -0.00757   -0.01077   -0.07758
   28   -0.01121   -0.01770   -0.08836
   29   -0.01658   -0.02550   -0.06842
   30   -0.02198   -0.02593   -0.05030
   31   -0.03178   -0.02306   -0.03356
   32   -0.03872   -0.02196   -0.01664
   33   -0.03791   -0.01524   -0.01446
   34   -0.03110   -0.00804   -0.00965
   35   -0.02869   -0.00376   -0.01665
   36   -0.01792    0.00000   -0.00612
   37   -0.00821    0.00463    0.00343
   38   -0.00207    0.00720    0.01187
   39    0.00529    0.01034    0.01000
   40    0.00654    0.01075    0.01494
   41    0.00611    0.01047    0.01462
   42    0.00226    0.00801    0.02039
   43    0.00086    0.00680    0.02294
   44   -0.00296    0.00534    0.02007
   45   -0.00643    0.00344    0.02283
   46   -0.00271    0.00400    0.02826
   47    0.00288    0.00696    0.02154
   48    0.00623    0.00849    0.01964
   49    0.00774    0.00982    0.01496
   50    0.01024    0.00988    0.01271
   51    0.01219    0.01022    0.01263
   52    0.01251    0.00912    0.01080
   53    0.01505    0.00916    0.01135
   54    0.01501    0.00563    0.01067
   55    0.01257    0.00532    0.01093
   56    0.01177    0.00602    0.01132
   57    0.01099    0.00718    0.00999
   58    0.01071    0.00491    0.01018
   59    0.01059    0.00312    0.00985
   60    0.01059    0.00539    0.00834
   61    0.00988    0.00563    0.00673
   62    0.00873    0.00213    0.00679
   63    0.00809    0.00121    0.00602
   64    0.00863   -0.00051    0.00845
   65    0.00751   -0.00259    0.00761
   66    0.01081    0.00095    0.00928
   67    0.01077    0.00358    0.00835
   68    0.00875    0.00272    0.00601
   69    0.01035    0.00516    0.00875
   70    0.01144    0.00725    0.00962
   71    0.00968    0.00550    0.00762
   72    0.01044    0.00683    0.00988
   73    0.01019    0.00761    0.01040
   74    0.00929    0.00801    0.00991
   75    0.00867    0.00885    0.01213
   76    0.00775    0.00950    0.01372
   77    0.00458    0.00955    0.01398
   78    0.00576    0.01057    0.01183
   79    0.00849    0.01109    0.01050
   80    0.00974    0.01113    0.01048
   81    0.01104    0.00977    0.00936
   82    0.01307    0.00882    0.00806
   83    0.01585    0.00606    0.00595
   84    0.01649    0.00552    0.00837
   85    0.01359    0.00538    0.01131
   86    0.01275    0.00173    0.01419
   87    0.01185    0.00135    0.01274
   88    0.01104    0.00147    0.01260
   89    0.01045   -0.00129    0.01393
   90    0.00891   -0.00481    0.01420
   91    0.00767   -0.00817    0.01472
   92    0.00973   -0.00780    0.01824
   93    0.01025   -0.00537    0.01741
   94    0.01161   -0.00100    0.01717
   95    0.01134    0.00283    0.01360
   96    0.01140    0.00544    0.01301
   97    0.00993    0.01015    0.01255
   98    0.01011    0.00810    0.01199
   99    0.00881    0.01088    0.01186
  100    0.00918    0.01360    0.01136
  101    0.00977    0.01153    0.00893
  102    0.00960    0.01096    0.00913
  103    0.00805    0.01365    0.00986
  104    0.00889    0.01451    0.00839
  105    0.00926    0.01248    0.00801
  106    0.00782    0.01236    0.00934
  107    0.00695    0.01185    0.01037
  108    0.00830    0.01205    0.00866
  109    0.00736    0.01152    0.00809
  110    0.00845    0.01044    0.00519
  111    0.00919    0.00896    0.00491
  112    0.00880    0.00752    0.00150
  113    0.00829    0.00620    0.00117
  114    0.00681    0.00497   -0.00331
  115    0.00490    0.00255   -0.00566
  116    0.00515    0.00314   -0.00688
  117    0.00268   -0.00043   -0.00776
  118    0.00084   -0.00274   -0.00920
  119   -0.00088   -0.00596   -0.00741
  120   -0.00378   -0.00880   -0.01119
  121   -0.00373   -0.00743   -0.01453
  122   -0.00180   -0.00552   -0.01232
  123   -0.00314   -0.00896   -0.00995
  124   -0.00607   -0.01261   -0.01315
  125   -0.00731   -0.01565   -0.01171
  126   -0.00556   -0.01525   -0.00693
  127   -0.00547   -0.01688   -0.00415
  128   -0.00346   -0.01287   -0.00384
  129   -0.00404   -0.01531   -0.00190
  130   -0.00393   -0.01827    0.00203
  131   -0.00106   -0.01450    0.00361
  132    0.00021   -0.01445    0.00642
  133    0.00169   -0.01563    0.01086
  134    0.00276   -0.01654    0.01408
  135    0.00522   -0.01251    0.01501
  136    0.00558   -0.00896    0.01148
  137    0.00454   -0.01127    0.01126
  138    0.00493   -0.00887    0.00898
  139    0.00497   -0.01007    0.01000
  140    0.00374   -0.01582    0.01310
  141    0.00111   -0.01695    0.00974
  142    0.00102   -0.01610    0.00963
  143    0.00211   -0.01170    0.00680
  144    0.00364   -0.00837    0.00643
  145    0.00560   -0.00387    0.00579
  146    0.00541   -0.00197    0.00295
  147    0.00617    0.00018    0.00196
  148    0.00489   -0.00246    0.00236
  149    0.00223   -0.00620    0.00070
  150    0.00114   -0.00994    0.00307
  151   -0.00098   -0.01156    0.00020
  152   -0.00295   -0.01646    0.00156
  153   -0.00532   -0.01977   -0.00043
  154   -0.00803   -0.02186   -0.00458
  155   -0.01074   -0.02757   -0.00466
  156   -0.00938   -0.02747   -0.00151
  157   -0.00830   -0.02279   -0.00421
  158   -0.00516   -0.01767   -0.00328
  159   -0.00519   -0.01494   -0.00728
  160   -0.00230   -0.01040   -0.00643
  161   -0.00117   -0.00743   -0.00769
  162    0.00076   -0.00294   -0.00978
  163    0.00190   -0.00096   -0.01008
  164    0.00449    0.00324   -0.01059
  165    0.00600    0.00584   -0.01055
  166    0.00780    0.00918   -0.01246
  167    0.00911    0.01129   -0.01023
  168    0.00936    0.01149   -0.01269
  169    0.00956    0.01123   -0.00888
  170    0.01061    0.01531   -0.00887
  171    0.00999    0.01434   -0.00396
  172    0.01023    0.01379   -0.00198
  173    0.00962    0.01079   -0.00186
  174    0.00969    0.00968    0.00139
  175    0.00880    0.00700    0.00061
  176    0.00845    0.00450    0.00347
  177    0.00709    0.00096    0.00395
  178    0.00690   -0.00213    0.00710
  179    0.00603   -0.00533    0.00885
  180    0.00466   -0.00982    0.01096
  181    0.00523   -0.01219    0.01529
  182    0.00290   -0.01718    0.01643
  183    0.00344   -0.01997    0.02181
  184    0.00107   -0.02347    0.02196
  185   -0.00047   -0.02441    0.01832
  186   -0.00290   -0.02811    0.01737
  187   -0.00211   -0.02435    0.01470
  188   -0.00113   -0.02127    0.01213
  189   -0.00413   -0.02496    0.00928
  190   -0.00535   -0.02664    0.00870
  191   -0.00346   -0.02122    0.00708
  192   -0.00288   -0.01891    0.00460
  193   -0.00503   -0.02275    0.00400
  194   -0.00361   -0.01998    0.00366
  195   -0.00228   -0.02104    0.00862
  196   -0.00012   -0.01641    0.00800
  197    0.00075   -0.01277    0.00548
  198    0.00311   -0.00771    0.00490
  199    0.00429   -0.00425    0.00315
  200    0.00578    0.00011    0.00085
  201    0.00720    0.00398   -0.00044
  202    0.00835    0.00791   -0.00322
  203    0.00957    0.01176   -0.00507
  204    0.01119    0.01670   -0.00600
  205    0.01188    0.01711   -0.00126
  206    0.01086    0.01265    0.00077
  207    0.01019    0.00969    0.00143
  208    0.00954    0.00657    0.00515
  209    0.00794    0.00148    0.00576
  210    0.00727   -0.00199    0.00895
  211    0.00595   -0.00690    0.01119
  212    0.00471   -0.01109    0.01346
  213    0.00679   -0.01153    0.01871
  214    0.00479   -0.01660    0.02045
  215    0.00649   -0.01840    0.02628
  216    0.00658   -0.02117    0.03060
  217    0.00907   -0.01837    0.03064
  218    0.01030   -0.01888    0.03382
  219    0.00834   -0.01849    0.02838
  220    0.01012   -0.01374    0.02527
  221    0.00840   -0.01346    0.02175
  222    0.00622   -0.01846    0.02356
  223    0.00570   -0.01748    0.02137
  224    0.00584   -0.01873    0.02377
  225    0.00540   -0.01567    0.01906
  226    0.00761   -0.01069    0.01768
  227    0.00751   -0.00685    0.01352
  228    0.00919   -0.00243    0.01308
  229    0.00932    0.00087    0.00973
  230    0.00964    0.00429    0.00790
  231    0.00980    0.00741    0.00548
  232    0.01004    0.01053    0.00314
  233    0.01044    0.01299    0.00119
  234    0.01024    0.01305   -0.00287
  235    0.01121    0.01642   -0.00475
  236    0.01106    0.01644   -0.00834
  237    0.01092    0.01651   -0.01259
  238    0.01033    0.01507   -0.00996
  239    0.00866    0.01098   -0.01005
  240    0.00779    0.00835   -0.00651
  241    0.00591    0.00466   -0.00711
  242    0.00452    0.00078   -0.00432
  243    0.00282   -0.00232   -0.00442
  244    0.00155   -0.00641   -0.00137
  245   -0.00071   -0.01126   -0.00047
  246   -0.00010   -0.01251    0.00305
  247    0.00210   -0.01083    0.00657
  248    0.00292   -0.00711    0.00349
  249    0.00382   -0.00583    0.00402
  250    0.00364   -0.00321    0.00011
  251    0.00513    0.00023   -0.00090
  252    0.00411   -0.00058   -0.00262
  253    0.00621    0.00266   -0.00161
  254    0.00794    0.00562   -0.00080
  255    0.00895    0.00796    0.00069
  256    0.00914    0.00958   -0.00052
  257    0.00925    0.01199    0.00184
  258    0.00864    0.01407    0.00273
  259    0.00881    0.01491    0.00551
  260    0.00696    0.01409    0.00826
  261    0.00441    0.01417    0.00859
  262    0.00380    0.01353    0.00933
  263    0.00294    0.01106    0.01043
  264    0.00350    0.01194    0.00810
  265    0.00556    0.01194    0.00800
  266    0.00450    0.01167    0.00652
  267    0.00698    0.01066    0.00558
  268    0.01042    0.01073    0.00415
  269    0.01629    0.01246    0.00479
  270    0.01348    0.01281    0.00838
  271    0.01412    0.01337    0.01461
  272    0.01088    0.01190    0.01800
  273    0.00924    0.01100    0.02432
  274    0.00643    0.00953    0.02984
  275    0.00129    0.00630    0.03085
  276   -0.00472    0.00331    0.02938
  277   -0.00956    0.00070    0.02342
  278   -0.01449   -0.00176    0.01953
  279   -0.01313    0.00085    0.01275
  280   -0.00603    0.00610    0.01040
  281   -0.00538    0.00790    0.00336
  282    0.00113    0.01022    0.00161
  283    0.00289    0.00960    0.00019
  284    0.00075    0.00860    0.00724
  285   -0.00447    0.00578    0.01257
  286   -0.01343    0.00161    0.00979
  287   -0.01775   -0.00111    0.01654
  288   -0.02608   -0.00677    0.01216
  289   -0.03440   -0.01384    0.01419
  290   -0.03930   -0.01444    0.00426
  291   -0.03975   -0.02201   -0.00192
  292   -0.03554   -0.01537   -0.00926
  293   -0.02981   -0.00643   -0.00994
  294   -0.02701   -0.00248   -0.01765
  295   -0.01878    0.00343   -0.01234
  296   -0.01609    0.00592   -0.01126
  297   -0.01785    0.00522   -0.01365
  298   -0.01075    0.00872   -0.00609
  299   -0.00934    0.00689    0.00140
  300   -0.00627    0.00667    0.00762
  301   -0.01133    0.00169    0.01134
  302   -0.02075   -0.00530    0.01127
  303   -0.02211   -0.00524    0.00568
  304   -0.02936   -0.01148   -0.00015
  305   -0.03119   -0.01335   -0.00871
  306   -0.02737   -0.00691   -0.01480
  307   -0.02965   -0.01098   -0.02276
  308   -0.02794   -0.00842   -0.03105
  309   -0.02870   -0.01588   -0.02693
  310   -0.02960   -0.01206   -0.02757
  311   -0.03309   -0.02028   -0.03227
  312   -0.03211   -0.02774   -0.03299
  313   -0.02782   -0.03045   -0.04280
  314   -0.02280   -0.02860   -0.03823
  315   -0.01466   -0.02141   -0.04709
  316   -0.00997   -0.00852   -0.06301
  317   -0.00193    0.01040   -0.08427
  318    0.00078    0.01448   -0.05323
  319    0.00552    0.00985   -0.02527
  320    0.00100    0.00180   -0.02327
  321    0.00807    0.01919    0.01526
  322    0.00277    0.00844    0.01979
  323    0.00367    0.02700    0.07140
  324    0.00566   -0.00395    0.08318
