    1   -0.00824    0.02396   -0.01467
    2   -0.07972   -0.13135   -0.11085
    3   -0.01250    0.07470    0.13720
    4    0.21000    0.30234   -0.00909
    5    0.07926    0.17313    0.03003
    6   -0.05634    0.04755    0.08055
    7   -0.03228    0.00889    0.03925
    8   -0.00903   -0.04018    0.02101
    9   -0.01682   -0.07617    0.04163
   10   -0.00405   -0.12369    0.04118
   11    0.00634   -0.15841    0.05067
   12    0.02315   -0.12221    0.01641
   13    0.02741   -0.11478    0.01167
   14    0.03856   -0.08506   -0.02622
   15    0.03259   -0.06594   -0.04251
   16    0.03022   -0.05656   -0.06211
   17    0.02413   -0.04790   -0.06987
   18    0.00532   -0.02888   -0.07254
   19   -0.00186   -0.01471   -0.08751
   20   -0.02826   -0.00913   -0.08815
   21   -0.01307   -0.02461   -0.06834
   22    0.01092   -0.03902   -0.06990
   23    0.01223   -0.04990   -0.04779
   24    0.00074   -0.04726   -0.03091
   25    0.00831   -0.06605   -0.00866
   26    0.01114   -0.06591   -0.02007
   27    0.01295   -0.08013   -0.01145
   28    0.03110   -0.08316   -0.04240
   29    0.04200   -0.07609   -0.06393
   30    0.05925   -0.07628   -0.07899
   31    0.05921   -0.06170   -0.06784
   32    0.06277   -0.05196   -0.05198
   33    0.04898   -0.02985   -0.03567
   34    0.03958   -0.01152   -0.02308
   35    0.04336   -0.00124   -0.03290
   36    0.03662    0.01661   -0.02695
   37    0.02711    0.02383   -0.01134
   38    0.02053    0.03564   -0.00715
   39    0.01743    0.03435   -0.00193
   40    0.00762    0.03704    0.00825
   41   -0.00004    0.02979    0.01778
   42   -0.00376    0.03198    0.02087
   43   -0.01118    0.02981    0.02788
   44   -0.01400    0.02264    0.02964
   45   -0.01841    0.02324    0.03199
   46   -0.01776    0.03153    0.03316
   47   -0.01890    0.02770    0.03258
   48   -0.01552    0.02846    0.02962
   49   -0.01610    0.02279    0.02901
   50   -0.01818    0.01903    0.02800
   51   -0.01649    0.01840    0.02807
   52   -0.01819    0.01232    0.02939
   53   -0.01706    0.00948    0.02998
   54   -0.01976    0.00103    0.03342
   55   -0.02035    0.00387    0.03208
   56   -0.02039    0.00897    0.03254
   57   -0.01925    0.01214    0.02724
   58   -0.01795    0.01041    0.02438
   59   -0.01774    0.00386    0.02588
   60   -0.01682    0.00524    0.02393
   61   -0.01570    0.00803    0.01869
   62   -0.01350    0.00428    0.01506
   63   -0.01247   -0.00252    0.01650
   64   -0.01439   -0.00600    0.02134
   65   -0.01237   -0.01552    0.02065
   66   -0.01447   -0.01266    0.02761
   67   -0.01447   -0.00389    0.02510
   68   -0.01327   -0.00520    0.02307
   69   -0.01248   -0.00289    0.01968
   70   -0.01019   -0.00535    0.01708
   71   -0.01466    0.00454    0.02118
   72   -0.01626    0.01108    0.02225
   73   -0.01788    0.01655    0.02286
   74   -0.01822    0.01699    0.02170
   75   -0.02127    0.02076    0.02574
   76   -0.02035    0.02103    0.02876
   77   -0.01914    0.01958    0.03052
   78   -0.01662    0.01733    0.02991
   79   -0.01711    0.01640    0.03038
   80   -0.01477    0.01690    0.03053
   81   -0.01617    0.01345    0.03288
   82   -0.01412    0.01137    0.03260
   83   -0.01223    0.00932    0.03573
   84   -0.01989    0.00468    0.04183
   85   -0.02220    0.00508    0.03865
   86   -0.02487    0.00100    0.04184
   87   -0.02138   -0.00144    0.03484
   88   -0.01950    0.00346    0.02950
   89   -0.01783    0.00419    0.02451
   90   -0.01777   -0.00434    0.02633
   91   -0.01475   -0.00214    0.02007
   92   -0.01810    0.00648    0.02363
   93   -0.01781    0.01641    0.01866
   94   -0.01941    0.02496    0.01864
   95   -0.01790    0.02368    0.01730
   96   -0.01855    0.03258    0.01227
   97   -0.01726    0.03510    0.01566
   98   -0.01753    0.02452    0.02029
   99   -0.01781    0.02384    0.02386
  100   -0.01827    0.02882    0.01841
  101   -0.01896    0.02507    0.01765
  102   -0.01846    0.01883    0.02449
  103   -0.01756    0.01984    0.02262
  104   -0.01935    0.02364    0.01893
  105   -0.01896    0.01868    0.02206
  106   -0.01853    0.01672    0.02703
  107   -0.02082    0.01789    0.02661
  108   -0.02220    0.01967    0.02375
  109   -0.02412    0.02173    0.02278
  110   -0.02128    0.01946    0.01847
  111   -0.01806    0.01475    0.01629
  112   -0.01305    0.01002    0.01112
  113   -0.00997    0.00446    0.00932
  114   -0.00482    0.00115    0.00152
  115   -0.00039   -0.00209   -0.00465
  116    0.00065    0.00422   -0.01150
  117    0.00591   -0.00186   -0.01662
  118    0.00822   -0.01155   -0.01433
  119    0.01064   -0.01893   -0.01456
  120    0.01780   -0.02933   -0.02085
  121    0.01955   -0.02140   -0.02915
  122    0.01568   -0.01117   -0.02892
  123    0.01773   -0.01455   -0.03086
  124    0.02505   -0.02280   -0.03932
  125    0.02564   -0.01942   -0.04259
  126    0.01922   -0.01751   -0.03221
  127    0.01719   -0.02520   -0.02338
  128    0.01242   -0.02326   -0.01562
  129    0.01231   -0.03307   -0.00933
  130    0.00902   -0.03134   -0.00670
  131    0.00323   -0.02184   -0.00253
  132   -0.00197   -0.02601    0.00644
  133   -0.00700   -0.02429    0.01372
  134   -0.01173   -0.02843    0.02343
  135   -0.01490   -0.01681    0.02469
  136   -0.01415   -0.01863    0.02338
  137   -0.01505   -0.02908    0.02729
  138   -0.01391   -0.03130    0.02587
  139   -0.01364   -0.04211    0.02900
  140   -0.01506   -0.05469    0.03258
  141   -0.01023   -0.04663    0.02096
  142   -0.00799   -0.03698    0.01720
  143   -0.00752   -0.02832    0.01471
  144   -0.00711   -0.01764    0.01220
  145   -0.00933   -0.00940    0.01220
  146   -0.00692   -0.01128    0.00934
  147   -0.00741   -0.00267    0.00612
  148   -0.00428   -0.00281    0.00069
  149    0.00143   -0.00899   -0.00551
  150    0.00171   -0.00932   -0.00630
  151    0.00814   -0.01065   -0.01643
  152    0.01097   -0.01536   -0.01913
  153    0.01750   -0.01879   -0.02878
  154    0.02339   -0.02784   -0.03363
  155    0.02612   -0.03568   -0.03444
  156    0.02648   -0.02825   -0.04019
  157    0.02618   -0.01961   -0.04428
  158    0.02035   -0.00955   -0.03952
  159    0.02353   -0.00412   -0.04873
  160    0.01989    0.00666   -0.04834
  161    0.01566    0.00657   -0.04082
  162    0.01462    0.01292   -0.04276
  163    0.01210    0.01031   -0.03632
  164    0.00797    0.01672   -0.03313
  165    0.00422    0.01585   -0.02638
  166    0.00204    0.02159   -0.02733
  167   -0.00289    0.02085   -0.01864
  168   -0.00166    0.01730   -0.01778
  169   -0.00821    0.01748   -0.00691
  170   -0.01321    0.02381   -0.00556
  171   -0.01845    0.02365    0.00106
  172   -0.01721    0.02546   -0.00037
  173   -0.01269    0.02034   -0.00132
  174   -0.01386    0.01919    0.00412
  175   -0.00970    0.01736   -0.00228
  176   -0.01060    0.01552    0.00146
  177   -0.00713    0.01341   -0.00337
  178   -0.00761    0.01251   -0.00105
  179   -0.00623    0.01606   -0.00582
  180   -0.00505    0.00877   -0.00372
  181   -0.00734    0.01330   -0.00215
  182   -0.00492    0.00429   -0.00186
  183   -0.00778    0.00242    0.00437
  184   -0.00260    0.00049   -0.00419
  185    0.00428    0.00018   -0.01623
  186    0.00631   -0.01226   -0.01330
  187    0.00254   -0.01118   -0.00739
  188    0.00551   -0.00352   -0.01653
  189    0.01215   -0.01145   -0.02399
  190    0.01074   -0.02083   -0.01713
  191    0.00875   -0.01563   -0.01611
  192    0.01252   -0.00875   -0.02605
  193    0.01728   -0.01081   -0.03362
  194    0.01633    0.00099   -0.03870
  195    0.01196    0.00747   -0.03473
  196    0.00965    0.01927   -0.03732
  197    0.00808    0.01874   -0.03402
  198    0.00453    0.02580   -0.03210
  199    0.00244    0.02421   -0.02770
  200    0.00148    0.03141   -0.03105
  201   -0.00193    0.03146   -0.02602
  202   -0.00355    0.03840   -0.02902
  203   -0.00598    0.03997   -0.02766
  204   -0.00922    0.05131   -0.03166
  205   -0.01490    0.05012   -0.02303
  206   -0.01177    0.04415   -0.02084
  207   -0.00844    0.04686   -0.02697
  208   -0.00737    0.04288   -0.02374
  209   -0.00318    0.04007   -0.02833
  210   -0.00480    0.03408   -0.02078
  211   -0.00304    0.03230   -0.02175
  212   -0.00379    0.02339   -0.01455
  213   -0.00803    0.02647   -0.00807
  214   -0.00596    0.01692   -0.00696
  215   -0.01106    0.01666    0.00297
  216   -0.01447    0.00921    0.01367
  217   -0.01993    0.01346    0.02224
  218   -0.02479    0.00863    0.03456
  219   -0.02215   -0.00319    0.03473
  220   -0.02291   -0.00141    0.03615
  221   -0.02099   -0.01117    0.03524
  222   -0.01759   -0.01752    0.03155
  223   -0.01553   -0.00793    0.02344
  224   -0.01558   -0.00048    0.02035
  225   -0.01174    0.00356    0.01127
  226   -0.01360    0.01039    0.01204
  227   -0.01170    0.01091    0.00836
  228   -0.01343    0.01993    0.00754
  229   -0.01375    0.01890    0.00801
  230   -0.01325    0.02412    0.00234
  231   -0.01422    0.02506    0.00202
  232   -0.01428    0.02990   -0.00311
  233   -0.01546    0.02913   -0.00202
  234   -0.01182    0.02949   -0.01099
  235   -0.01448    0.03379   -0.01199
  236   -0.01273    0.03086   -0.01250
  237   -0.00676    0.03381   -0.02324
  238   -0.00574    0.03595   -0.02572
  239   -0.00054    0.03069   -0.02946
  240   -0.00130    0.02850   -0.02604
  241    0.00384    0.02594   -0.03254
  242    0.00482    0.01974   -0.02956
  243    0.00852    0.02080   -0.03667
  244    0.00914    0.01545   -0.03432
  245    0.01289    0.01043   -0.03802
  246    0.00866    0.00590   -0.02768
  247    0.00223    0.00718   -0.01673
  248    0.00170    0.00782   -0.01630
  249   -0.00137    0.00280   -0.00735
  250    0.00104    0.00370   -0.01224
  251   -0.00213    0.00532   -0.00744
  252   -0.00041   -0.00243   -0.00563
  253   -0.00504    0.00070    0.00073
  254   -0.00828    0.00874    0.00122
  255   -0.01226    0.01232    0.00664
  256   -0.01430    0.01476    0.00581
  257   -0.01982    0.01912    0.01205
  258   -0.02454    0.02356    0.01336
  259   -0.02250    0.02453    0.01651
  260   -0.02398    0.02129    0.02127
  261   -0.02189    0.01733    0.02090
  262   -0.01683    0.01255    0.02462
  263   -0.01503    0.00925    0.02889
  264   -0.01179    0.01090    0.03098
  265   -0.01304    0.01404    0.03161
  266   -0.00822    0.01570    0.03030
  267   -0.00909    0.01462    0.03234
  268   -0.00254    0.01731    0.02488
  269    0.00104    0.02008    0.01997
  270    0.00514    0.02970    0.01269
  271    0.00025    0.03732    0.01374
  272   -0.00413    0.03335    0.01972
  273   -0.00234    0.04222    0.01841
  274   -0.00498    0.04391    0.02351
  275   -0.00253    0.04321    0.01965
  276   -0.00614    0.03512    0.02358
  277   -0.00351    0.02627    0.02148
  278   -0.00634    0.01326    0.02319
  279    0.00131    0.01007    0.02010
  280    0.00134    0.01631    0.02065
  281    0.00800    0.01383    0.01549
  282    0.00497    0.01607    0.01894
  283    0.01410    0.01995    0.00707
  284    0.01349    0.02514    0.00510
  285    0.00923    0.02442    0.00971
  286    0.01646    0.01666    0.00482
  287    0.01786    0.01181    0.00377
  288    0.01735   -0.00843    0.00705
  289    0.02628   -0.01994   -0.00368
  290    0.03797   -0.03271   -0.01487
  291    0.03959   -0.04770   -0.00764
  292    0.03969   -0.03688   -0.01211
  293    0.03529   -0.01894   -0.01117
  294    0.03491   -0.01366   -0.01897
  295    0.02645    0.00218   -0.01139
  296    0.02016   -0.00111    0.00491
  297    0.02177   -0.01267    0.01404
  298    0.01124   -0.00108    0.02410
  299    0.00714    0.00351    0.02342
  300   -0.00271    0.00586    0.02706
  301   -0.00691    0.00215    0.02516
  302   -0.00296   -0.01016    0.02300
  303    0.01047   -0.01489    0.01635
  304    0.02643   -0.02822    0.00753
  305    0.03391   -0.04218    0.00750
  306    0.03306   -0.03129    0.00065
  307    0.04183   -0.04092   -0.01657
  308    0.04480   -0.03736   -0.03315
  309    0.05491   -0.04384   -0.06743
  310    0.06662   -0.03176   -0.07187
  311    0.06845   -0.04439   -0.07848
  312    0.05950   -0.05447   -0.07256
  313    0.05755   -0.06079   -0.07625
  314    0.04700   -0.05726   -0.06130
  315    0.02784   -0.05499   -0.05616
  316    0.02881   -0.05544   -0.05517
  317    0.01290   -0.04962   -0.03951
  318   -0.00970   -0.03359   -0.01687
  319   -0.01470   -0.03413    0.00394
  320   -0.01065   -0.05982    0.02939
  321   -0.02777   -0.04094    0.08670
  322   -0.04212   -0.08101    0.11391
  323   -0.06681   -0.05479    0.18529
