    1   -0.00288    0.00291   -0.02577
    2   -0.00363    0.00409   -0.01955
    3   -0.00483    0.00565   -0.01436
    4   -0.00682    0.00806   -0.01023
    5   -0.00737    0.00889   -0.00496
    6   -0.00984    0.01171   -0.00326
    7   -0.01151    0.01369   -0.00004
    8   -0.01314    0.01588    0.00033
    9   -0.01433    0.01685   -0.00008
   10   -0.01617    0.01872   -0.00116
   11   -0.01720    0.02028   -0.00093
   12   -0.01684    0.01927    0.00234
   13   -0.01862    0.01835    0.00380
   14   -0.01759    0.01520    0.00828
   15   -0.01648    0.01436    0.01096
   16   -0.01319    0.01401    0.01442
   17   -0.01182    0.01348    0.01600
   18   -0.01114    0.01387    0.01689
   19   -0.00990    0.01322    0.01878
   20   -0.01100    0.01317    0.01639
   21   -0.01180    0.01323    0.01450
   22   -0.01203    0.01247    0.01512
   23   -0.01437    0.01347    0.01268
   24   -0.01463    0.01483    0.01007
   25   -0.01616    0.01625    0.00717
   26   -0.01471    0.01650    0.00780
   27   -0.01441    0.01760    0.00568
   28   -0.01465    0.01777    0.00844
   29   -0.01380    0.01646    0.01216
   30   -0.01278    0.01601    0.01357
   31   -0.01216    0.01293    0.01389
   32   -0.01162    0.01277    0.01341
   33   -0.01339    0.00690    0.01347
   34   -0.01652   -0.00081    0.00913
   35   -0.02424   -0.00912    0.01043
   36   -0.03112   -0.01944    0.00345
   37   -0.03513   -0.02593   -0.00408
   38   -0.04246   -0.03851   -0.01250
   39   -0.05181   -0.03920   -0.00738
   40   -0.04632   -0.04302   -0.01627
   41   -0.03765   -0.03821   -0.01949
   42   -0.02981   -0.04119   -0.02803
   43   -0.02024   -0.04157   -0.03511
   44   -0.01105   -0.03386   -0.03479
   45   -0.00290   -0.03679   -0.04408
   46   -0.00782   -0.04665   -0.05024
   47   -0.00971   -0.04226   -0.04130
   48   -0.01893   -0.04259   -0.03552
   49   -0.02143   -0.03493   -0.02716
   50   -0.02236   -0.03214   -0.02456
   51   -0.03132   -0.03253   -0.02090
   52   -0.03044   -0.02528   -0.01819
   53   -0.04079   -0.02818   -0.01604
   54   -0.04059   -0.02030   -0.01552
   55   -0.03068   -0.01659   -0.01689
   56   -0.02620   -0.01121   -0.01505
   57   -0.01859   -0.00992   -0.01493
   58   -0.01689   -0.00498   -0.01424
   59   -0.01938   -0.00878   -0.01654
   60   -0.01698   -0.01498   -0.01810
   61   -0.01027   -0.01134   -0.01731
   62   -0.01109   -0.00674   -0.01579
   63   -0.01316   -0.01090   -0.01802
   64   -0.01815   -0.00813   -0.01749
   65   -0.02000   -0.01007   -0.01864
   66   -0.02914   -0.01738   -0.01927
   67   -0.02513   -0.02113   -0.01970
   68   -0.02075   -0.02540   -0.02124
   69   -0.02384   -0.03301   -0.02430
   70   -0.01957   -0.02945   -0.02312
   71   -0.01360   -0.02544   -0.02404
   72   -0.01202   -0.03348   -0.02923
   73   -0.01169   -0.03285   -0.02901
   74   -0.00494   -0.03059   -0.03008
   75   -0.00447   -0.03214   -0.03181
   76   -0.00985   -0.03179   -0.03040
   77   -0.00903   -0.02880   -0.02963
   78   -0.01409   -0.02352   -0.02262
   79   -0.01946   -0.02208   -0.01929
   80   -0.02912   -0.02342   -0.01608
   81   -0.03267   -0.01821   -0.01233
   82   -0.04496   -0.01913   -0.00788
   83   -0.05271   -0.01352   -0.00338
   84   -0.05311   -0.01390   -0.00728
   85   -0.03799   -0.01234   -0.01291
   86   -0.03314   -0.00583   -0.01754
   87   -0.02837   -0.00774   -0.01807
   88   -0.02283   -0.00381   -0.01596
   89   -0.01884    0.00314   -0.01556
   90   -0.01959    0.00508   -0.01841
   91   -0.01749    0.01129   -0.01635
   92   -0.01721    0.01535   -0.01620
   93   -0.01349    0.01410   -0.01207
   94   -0.01102    0.01141   -0.01003
   95   -0.01023    0.00552   -0.00913
   96   -0.00605    0.00602   -0.00656
   97   -0.00426    0.00478   -0.00613
   98   -0.00967    0.00430   -0.00721
   99   -0.00951    0.00570   -0.00463
  100   -0.00395    0.00345   -0.00507
  101   -0.00441   -0.00133   -0.01006
  102   -0.00858   -0.00260   -0.00959
  103   -0.00406   -0.00027   -0.00754
  104   -0.00042   -0.00450   -0.01134
  105   -0.00405   -0.00975   -0.01564
  106   -0.00505   -0.00938   -0.01449
  107    0.00133   -0.01094   -0.01821
  108    0.00227   -0.01574   -0.02239
  109    0.00195   -0.02183   -0.02842
  110    0.00192   -0.02468   -0.02871
  111    0.00380   -0.02252   -0.02643
  112    0.00473   -0.02406   -0.02645
  113    0.00116   -0.02096   -0.02358
  114    0.00418   -0.01836   -0.02102
  115    0.00381   -0.01473   -0.01811
  116    0.00706   -0.01061   -0.01463
  117    0.00604   -0.00624   -0.01194
  118    0.00442   -0.00754   -0.01331
  119    0.00046   -0.00386   -0.01229
  120    0.00210   -0.00283   -0.01156
  121    0.00761   -0.00403   -0.00904
  122    0.00856   -0.00197   -0.00743
  123    0.00543    0.00301   -0.00587
  124    0.00674    0.00592   -0.00329
  125    0.00616    0.01142    0.00000
  126    0.00169    0.01090   -0.00292
  127   -0.00291    0.01028   -0.00593
  128   -0.00418    0.00577   -0.00918
  129   -0.00906    0.00633   -0.01160
  130   -0.01241    0.01041   -0.01140
  131   -0.01142    0.01018   -0.01202
  132   -0.01384    0.01034   -0.01409
  133   -0.01795    0.01364   -0.01604
  134   -0.02191    0.01395   -0.01926
  135   -0.02144    0.01173   -0.01890
  136   -0.01945    0.00467   -0.01780
  137   -0.02151    0.00381   -0.01897
  138   -0.02240   -0.00388   -0.01896
  139   -0.02808   -0.00781   -0.02219
  140   -0.02876    0.00533   -0.02423
  141   -0.02149    0.00765   -0.01977
  142   -0.01777    0.00971   -0.01765
  143   -0.01530    0.00399   -0.01623
  144   -0.01332    0.00179   -0.01550
  145   -0.01159   -0.00323   -0.01595
  146   -0.00947   -0.00871   -0.01753
  147   -0.00527   -0.00773   -0.01649
  148   -0.00496   -0.00184   -0.01379
  149   -0.00447    0.00169   -0.01211
  150   -0.00704    0.00726   -0.01038
  151   -0.00426    0.00957   -0.00755
  152   -0.00660    0.01451   -0.00566
  153   -0.00468    0.01779   -0.00209
  154   -0.00351    0.01752   -0.00179
  155   -0.00605    0.02315    0.00062
  156   -0.00553    0.02584    0.00325
  157   -0.00003    0.02225    0.00400
  158    0.00110    0.01890    0.00235
  159    0.00649    0.01716    0.00453
  160    0.00896    0.01427    0.00377
  161    0.00868    0.00943    0.00107
  162    0.01123    0.00561    0.00047
  163    0.01105    0.00142   -0.00289
  164    0.01228   -0.00209   -0.00435
  165    0.01275   -0.00639   -0.00792
  166    0.01550   -0.00959   -0.00884
  167    0.01547   -0.01225   -0.01281
  168    0.01808   -0.01608   -0.01604
  169    0.01741   -0.01866   -0.02136
  170    0.02129   -0.01883   -0.02283
  171    0.01681   -0.01650   -0.02222
  172    0.01326   -0.01228   -0.01788
  173    0.00981   -0.01082   -0.01647
  174    0.00462   -0.00875   -0.01501
  175    0.00393   -0.00527   -0.01283
  176   -0.00084   -0.00279   -0.01214
  177   -0.00192    0.00151   -0.01028
  178   -0.00465    0.00627   -0.00951
  179   -0.00507    0.01096   -0.00766
  180   -0.00894    0.01497   -0.00769
  181   -0.01192    0.01877   -0.00637
  182   -0.01511    0.02240   -0.00617
  183   -0.01882    0.02574   -0.00630
  184   -0.02154    0.02942   -0.00079
  185   -0.01975    0.03030    0.00521
  186   -0.02094    0.03391    0.00202
  187   -0.01761    0.02864   -0.00351
  188   -0.01233    0.02609   -0.00105
  189   -0.01145    0.02900    0.00133
  190   -0.01449    0.02725   -0.00197
  191   -0.01066    0.02140   -0.00399
  192   -0.00592    0.02067   -0.00121
  193   -0.00600    0.02569    0.00269
  194   -0.00268    0.02642    0.00555
  195   -0.00692    0.02837    0.00709
  196   -0.00409    0.02136    0.00497
  197    0.00068    0.01955    0.00179
  198    0.00239    0.01426    0.00044
  199    0.00389    0.01044   -0.00210
  200    0.00725    0.00714   -0.00139
  201    0.00811    0.00358   -0.00340
  202    0.01077    0.00082   -0.00205
  203    0.01299   -0.00207   -0.00264
  204    0.01448   -0.00341   -0.00149
  205    0.01285   -0.00105   -0.00165
  206    0.01046   -0.00009   -0.00270
  207    0.01009    0.00131   -0.00096
  208    0.00704    0.00375   -0.00163
  209    0.00597    0.00602   -0.00094
  210    0.00125    0.00962   -0.00260
  211   -0.00344    0.01426   -0.00099
  212   -0.00829    0.01752   -0.00233
  213   -0.01152    0.01876   -0.00261
  214   -0.01512    0.02292   -0.00130
  215   -0.01649    0.02381   -0.00330
  216   -0.01778    0.02486   -0.00703
  217   -0.01625    0.02332   -0.01253
  218   -0.01840    0.02488   -0.01825
  219   -0.02158    0.02743   -0.02333
  220   -0.02090    0.02380   -0.02728
  221   -0.02384    0.02123   -0.02707
  222   -0.02670    0.02706   -0.02501
  223   -0.02180    0.02475   -0.01901
  224   -0.01999    0.02585   -0.01511
  225   -0.01699    0.02169   -0.01183
  226   -0.01409    0.01742   -0.01183
  227   -0.01135    0.01273   -0.01089
  228   -0.00873    0.00984   -0.00957
  229   -0.00676    0.00524   -0.01041
  230   -0.00273    0.00317   -0.00857
  231    0.00044   -0.00084   -0.01011
  232    0.00524   -0.00250   -0.00952
  233    0.00870   -0.00572   -0.01168
  234    0.01222   -0.00604   -0.01117
  235    0.01634   -0.00792   -0.01231
  236    0.01953   -0.01192   -0.01509
  237    0.01881   -0.01206   -0.01062
  238    0.01637   -0.00839   -0.00696
  239    0.01466   -0.00592   -0.00530
  240    0.01191   -0.00305   -0.00541
  241    0.01146    0.00014   -0.00308
  242    0.00856    0.00347   -0.00349
  243    0.00897    0.00739   -0.00044
  244    0.00533    0.01088   -0.00067
  245    0.00362    0.01549    0.00101
  246   -0.00140    0.01600   -0.00189
  247   -0.00465    0.01465   -0.00457
  248   -0.00166    0.00979   -0.00607
  249   -0.00437    0.00686   -0.00901
  250   -0.00028    0.00310   -0.00927
  251    0.00112   -0.00210   -0.01165
  252    0.00038   -0.00608   -0.01404
  253    0.00034   -0.01077   -0.01702
  254    0.00297   -0.01147   -0.01730
  255    0.00393   -0.01497   -0.02018
  256    0.00839   -0.01666   -0.02168
  257    0.00862   -0.01667   -0.02286
  258    0.01116   -0.02019   -0.02698
  259    0.01169   -0.01602   -0.02487
  260    0.01095   -0.01696   -0.02804
  261    0.00676   -0.01187   -0.02352
  262    0.00055   -0.01075   -0.02066
  263   -0.00475   -0.01522   -0.02077
  264   -0.01026   -0.01237   -0.01511
  265   -0.01683   -0.01269   -0.01297
  266   -0.02443   -0.01455   -0.00973
  267   -0.03318   -0.01515   -0.00648
  268   -0.04507   -0.02270   -0.00426
  269   -0.05698   -0.02985   -0.00298
  270   -0.05462   -0.03789   -0.00738
  271   -0.05476   -0.04822   -0.01567
  272   -0.04364   -0.04818   -0.02393
  273   -0.04363   -0.05707   -0.03214
  274   -0.03669   -0.06193   -0.04288
  275   -0.03249   -0.05436   -0.03936
  276   -0.02142   -0.04652   -0.04014
  277   -0.01754   -0.03402   -0.03193
  278   -0.01021   -0.02335   -0.02868
  279   -0.01533   -0.01953   -0.01828
  280   -0.02258   -0.02304   -0.01479
  281   -0.02762   -0.01901   -0.00650
  282   -0.03680   -0.02041   -0.00331
  283   -0.04450   -0.02327    0.00046
  284   -0.03982   -0.03016   -0.00742
  285   -0.03076   -0.02978   -0.01473
  286   -0.02427   -0.02096   -0.01126
  287   -0.02075   -0.02231   -0.01676
  288   -0.01616   -0.00683   -0.00645
  289   -0.01258    0.00143   -0.00389
  290   -0.01183    0.00719    0.00467
  291   -0.00937    0.01027    0.00687
  292   -0.01023    0.00788    0.01027
  293   -0.01416    0.00060    0.01060
  294   -0.01947   -0.00318    0.01436
  295   -0.02572   -0.00989    0.01021
  296   -0.02309   -0.00840    0.00772
  297   -0.01637   -0.00173    0.00885
  298   -0.01681   -0.00569    0.00215
  299   -0.01443   -0.00807   -0.00464
  300   -0.01229   -0.01375   -0.01406
  301   -0.00573   -0.01407   -0.02105
  302   -0.00557   -0.00759   -0.01654
  303   -0.00991   -0.00379   -0.00750
  304   -0.00914    0.00315    0.00170
  305   -0.00827    0.00771    0.00812
  306   -0.01145    0.00486    0.01114
  307   -0.01123    0.00634    0.01611
  308   -0.01183    0.00478    0.01811
  309   -0.01336    0.00705    0.01802
  310   -0.01577    0.00353    0.01739
  311   -0.01404    0.00827    0.01615
  312   -0.01246    0.01199    0.01659
  313   -0.01267    0.01384    0.01594
  314   -0.01201    0.01507    0.01578
  315   -0.01297    0.01559    0.01349
  316   -0.01329    0.01627    0.01213
  317   -0.01328    0.01629    0.00900
  318   -0.01256    0.01526    0.00806
  319   -0.01304    0.01508    0.00700
  320   -0.01408    0.01605    0.00379
  321   -0.01384    0.01563    0.00061
  322   -0.01528    0.01673   -0.00253
  323   -0.01443    0.01622   -0.00466
  324   -0.01621    0.01774   -0.00755
  325   -0.01000    0.01109    0.00942
  326   -0.00889    0.00968    0.01169
  327   -0.00753    0.00819    0.00916
  328   -0.00835    0.00855    0.00595
  329   -0.00849    0.00931    0.00396
  330   -0.01014    0.01156    0.00437
  331   -0.01152    0.01213    0.00297
  332   -0.01057    0.01081    0.00169
  333   -0.00931    0.00916   -0.00175
  334   -0.00997    0.01065   -0.00288
  335   -0.01235    0.01260   -0.00370
  336   -0.01282    0.01400   -0.00291
  337   -0.01320    0.01469   -0.00241
  338   -0.01347    0.01596   -0.00553
  339   -0.01505    0.01784   -0.00556
  340   -0.01460    0.01959   -0.00930
  341   -0.01398    0.01797   -0.00650
  342   -0.01495    0.01984   -0.00326
  343   -0.01367    0.01804   -0.00158
  344   -0.01290    0.01619    0.00197
  345   -0.01205    0.01473    0.00346
  346   -0.01035    0.01253    0.00149
  347   -0.00945    0.01181   -0.00270
  348   -0.00816    0.01038   -0.00720
  349   -0.00920    0.01137   -0.01217
  350   -0.00700    0.00826   -0.01626
  351   -0.00732    0.00781   -0.02208
  352   -0.00551    0.00591   -0.02546
  353   -0.00593    0.00629   -0.03334
  354   -0.00789    0.00934   -0.03253
  355   -0.00973    0.01170   -0.02866
  356   -0.01058    0.01161   -0.02283
  357   -0.01077    0.01505   -0.01733
  358   -0.01145    0.01533   -0.01166
  359   -0.01034    0.01383   -0.00768
  360   -0.01051    0.01356   -0.00266
  361   -0.00856    0.01088    0.00013
  362   -0.00943    0.01193    0.00360
  363   -0.00740    0.00940    0.00594
  364   -0.00808    0.01017    0.00622
  365   -0.01061    0.01300    0.00647
  366   -0.01091    0.01354    0.00949
  367   -0.00985    0.01185    0.01157
  368   -0.01075    0.01296    0.01119
  369   -0.01221    0.01518    0.01225
  370   -0.01201    0.01438    0.01472
  371   -0.01125    0.01355    0.01536
  372   -0.01202    0.01489    0.01428
  373   -0.01294    0.01618    0.01473
  374   -0.01258    0.01514    0.01628
  375   -0.01133    0.01509    0.01591
  376   -0.01180    0.01594    0.01436
  377   -0.01248    0.01542    0.01380
  378   -0.01088    0.01458    0.01598
  379   -0.00942    0.01518    0.01418
  380   -0.00956    0.01440    0.01066
  381   -0.00980    0.01330    0.01279
  382   -0.00722    0.01397    0.01352
  383   -0.00576    0.01413    0.00927
  384   -0.00574    0.01135    0.00405
  385   -0.00670    0.00713   -0.00078
  386   -0.00528    0.00518   -0.00038
  387   -0.00415   -0.00042   -0.00772
  388   -0.00556   -0.00408   -0.00943
  389   -0.00695    0.00058   -0.00081
  390   -0.01127   -0.00281   -0.00237
  391   -0.01242    0.00053    0.00273
  392   -0.00971    0.00358    0.00226
  393   -0.01153    0.00634    0.00019
  394   -0.00587    0.01094    0.00158
  395   -0.00793    0.01379   -0.00154
  396   -0.00089    0.01414   -0.00529
  397    0.00041    0.00955   -0.00323
  398   -0.00002    0.00813    0.00059
  399    0.00375    0.00877   -0.00066
  400    0.00254    0.00572    0.00193
  401    0.00069    0.00650    0.00443
  402   -0.00005    0.01004    0.00537
  403    0.00316    0.00914    0.00488
  404   -0.00018    0.00797    0.00620
  405   -0.00190    0.00905    0.00809
  406    0.00048    0.01050    0.00910
  407   -0.00012    0.01075    0.00912
  408   -0.00281    0.01005    0.01138
  409   -0.00475    0.00980    0.01234
  410   -0.00123    0.01215    0.01332
  411   -0.00309    0.01158    0.01452
  412   -0.00484    0.01177    0.01513
  413   -0.00624    0.01040    0.01590
  414   -0.00419    0.01178    0.01751
  415   -0.00618    0.01259    0.01731
  416   -0.00678    0.01253    0.01624
  417   -0.00713    0.01170    0.01794
  418   -0.00689    0.01307    0.01928
  419   -0.00794    0.01348    0.01796
  420   -0.00895    0.01345    0.01709
  421   -0.00922    0.01344    0.01880
  422   -0.00885    0.01365    0.01932
  423   -0.00969    0.01423    0.01796
  424   -0.01004    0.01473    0.01767
  425   -0.01066    0.01411    0.01850
  426   -0.01043    0.01357    0.01818
  427   -0.01053    0.01395    0.01704
  428   -0.01115    0.01459    0.01586
  429   -0.01047    0.01351    0.01591
  430   -0.01041    0.01285    0.01577
  431   -0.01100    0.01362    0.01404
  432   -0.01114    0.01369    0.01217
  433   -0.00991    0.01181    0.01266
  434   -0.00966    0.01158    0.01260
  435   -0.00995    0.01222    0.00976
  436   -0.00910    0.01081    0.00869
  437   -0.00775    0.00890    0.00952
  438   -0.00796    0.00938    0.00817
  439   -0.00800    0.00938    0.00457
  440   -0.00631    0.00701    0.00475
  441   -0.00478    0.00559    0.00564
  442   -0.00488    0.00609    0.00271
  443   -0.00421    0.00506   -0.00050
  444   -0.00147    0.00224    0.00061
  445   -0.00087    0.00216    0.00075
  446   -0.00066    0.00192   -0.00368
  447    0.00094   -0.00022   -0.00505
  448    0.00393   -0.00156   -0.00376
  449    0.00433   -0.00252   -0.00599
  450    0.00386   -0.00343   -0.01015
  451    0.00630   -0.00580   -0.01036
  452    0.00864   -0.00867   -0.01482
  453    0.00597   -0.00669   -0.01710
  454    0.00301   -0.00368   -0.01720
  455    0.00103   -0.00284   -0.01613
  456   -0.00136   -0.00022   -0.01187
  457   -0.00428    0.00265   -0.01392
  458   -0.00699    0.00574   -0.01111
  459   -0.00854    0.00854   -0.00785
  460   -0.00641    0.00671   -0.00606
  461   -0.00555    0.00563   -0.01096
  462   -0.00237    0.00212   -0.01346
  463   -0.00161    0.00090   -0.01966
  464    0.00125   -0.00128   -0.02105
  465    0.00446   -0.00498   -0.02442
  466    0.00536   -0.00574   -0.02552
  467    0.00183   -0.00191   -0.02686
  468    0.00098   -0.00094   -0.02380
  469   -0.00135    0.00193   -0.02469
  470   -0.00376    0.00500   -0.02114
  471   -0.00120    0.00216   -0.01920
  472    0.00052    0.00010   -0.01728
  473   -0.00237    0.00333   -0.01497
  474   -0.00263    0.00415   -0.01160
  475    0.00046    0.00053   -0.00988
  476   -0.00056    0.00157   -0.00855
  477   -0.00386    0.00536   -0.00576
  478   -0.00224    0.00354   -0.00332
  479    0.00017    0.00061   -0.00244
  480    0.00272   -0.00213   -0.00508
  481    0.00418   -0.00369   -0.00949
  482    0.00653   -0.00665   -0.00970
  483    0.00903   -0.00928   -0.01296
  484    0.01185   -0.00954   -0.01130
  485    0.00242   -0.00671   -0.00981
  486    0.00114   -0.00429   -0.00511
  487   -0.00212   -0.00059   -0.00182
  488   -0.00260    0.00067    0.00343
  489   -0.00498    0.00334    0.00589
  490   -0.00539    0.00488    0.01045
  491   -0.00743    0.00744    0.01345
  492   -0.00888    0.00932    0.01569
  493   -0.00743    0.00990    0.01886
  494   -0.00786    0.01141    0.02188
  495   -0.00736    0.01314    0.02560
  496   -0.00877    0.01256    0.02389
  497   -0.00738    0.01186    0.02314
  498   -0.00932    0.01053    0.01842
  499   -0.00978    0.00994    0.01715
  500   -0.01116    0.01001    0.01639
  501   -0.01050    0.00998    0.01803
  502   -0.01009    0.00935    0.01938
  503   -0.01016    0.00867    0.02079
  504   -0.00800    0.00648    0.02165
  505   -0.00706    0.00695    0.02155
  506   -0.00907    0.00922    0.01860
  507   -0.00954    0.00972    0.01749
  508   -0.00769    0.00879    0.01911
  509   -0.00714    0.00981    0.02059
  510   -0.00839    0.01076    0.02019
  511   -0.00942    0.01141    0.02031
  512   -0.01098    0.01171    0.01964
  513   -0.01084    0.01108    0.01869
  514   -0.00934    0.00958    0.01765
  515   -0.00808    0.00806    0.01351
  516   -0.00613    0.00676    0.01305
  517   -0.00573    0.00327    0.00389
  518    0.00177   -0.00318   -0.00605
  519   -0.00054   -0.01281   -0.01774
  520    0.01018   -0.02397   -0.02892
  521    0.02011   -0.03117   -0.03568
  522    0.03194   -0.04209   -0.04924
  523    0.02358   -0.05276   -0.05139
  524    0.03530   -0.04850   -0.05369
  525    0.03831   -0.03851   -0.04735
  526    0.05120   -0.03077   -0.04879
  527    0.06054   -0.02013   -0.04762
  528    0.06021   -0.00798   -0.03916
  529    0.07370    0.00080   -0.04044
  530    0.08201   -0.00749   -0.05067
  531    0.06738   -0.00906   -0.04709
  532    0.05897   -0.01981   -0.04844
  533    0.04596   -0.02126   -0.04137
  534    0.04009   -0.02266   -0.03821
  535    0.03513   -0.03298   -0.03927
  536    0.02862   -0.03210   -0.03150
  537    0.02667   -0.04367   -0.03499
  538    0.02339   -0.04270   -0.02587
  539    0.02350   -0.03222   -0.02205
  540    0.02014   -0.02646   -0.01743
  541    0.01976   -0.01724   -0.01659
  542    0.01643   -0.01574   -0.01115
  543    0.01948   -0.02009   -0.01381
  544    0.02369   -0.01693   -0.01999
  545    0.02131   -0.00894   -0.01686
  546    0.01685   -0.01021   -0.01175
  547    0.02027   -0.01363   -0.01452
  548    0.01920   -0.01940   -0.01109
  549    0.02106   -0.02271   -0.01159
  550    0.02444   -0.03223   -0.01987
  551    0.02633   -0.02731   -0.02437
  552    0.02903   -0.02339   -0.02756
  553    0.03608   -0.02714   -0.03556
  554    0.03411   -0.02108   -0.03347
  555    0.03314   -0.01538   -0.02806
  556    0.04211   -0.01426   -0.03570
  557    0.04301   -0.01251   -0.03653
  558    0.04397   -0.00428   -0.03470
  559    0.04862   -0.00281   -0.03719
  560    0.04867   -0.00811   -0.03737
  561    0.04927   -0.00582   -0.03477
  562    0.03852   -0.01115   -0.03030
  563    0.03194   -0.01786   -0.02898
  564    0.02782   -0.02891   -0.03116
  565    0.02110   -0.03318   -0.02600
  566    0.01553   -0.04666   -0.02813
  567    0.00810   -0.05514   -0.02254
  568    0.01237   -0.05541   -0.02131
  569    0.01813   -0.03947   -0.01896
  570    0.02026   -0.03467   -0.01081
  571    0.02134   -0.02964   -0.01164
  572    0.01716   -0.02289   -0.00837
  573    0.01399   -0.01875   -0.00134
  574    0.01662   -0.02139    0.00169
  575    0.01184   -0.01786    0.00654
  576    0.01078   -0.01719    0.00845
  577    0.00707   -0.01243    0.00602
  578    0.00628   -0.00945    0.00306
  579    0.00697   -0.00751   -0.00213
  580    0.00448   -0.00248   -0.00190
  581    0.00514   -0.00056   -0.00275
  582    0.00717   -0.00608   -0.00366
  583    0.00606   -0.00523   -0.00246
  584    0.00651    0.00149   -0.00396
  585    0.01255    0.00032   -0.00921
  586    0.01420   -0.00449   -0.01072
  587    0.01280    0.00147   -0.00833
  588    0.01696    0.00570   -0.01255
  589    0.02290    0.00024   -0.01741
  590    0.02392   -0.00024   -0.01739
  591    0.02910    0.00748   -0.01900
  592    0.03378    0.00758   -0.02326
  593    0.04392    0.00655   -0.02792
  594    0.04234    0.00580   -0.03049
  595    0.03667    0.00746   -0.02821
  596    0.03502    0.00720   -0.02891
  597    0.02932    0.00270   -0.02544
  598    0.02316    0.00567   -0.02297
  599    0.01719    0.00525   -0.01926
  600    0.01119    0.00967   -0.01657
  601    0.00583    0.00856   -0.01140
  602    0.00753    0.00609   -0.01126
  603    0.00538    0.00170   -0.00662
  604    0.00307    0.00329   -0.00486
  605   -0.00080    0.00999   -0.00747
  606   -0.00254    0.01156   -0.00692
  607   -0.00544    0.00812   -0.00111
  608   -0.01059    0.00932    0.00253
  609   -0.01593    0.00911    0.00771
  610   -0.01111    0.00440    0.00755
  611   -0.00686   -0.00127    0.00877
  612   -0.00090   -0.00297    0.00396
  613    0.00202   -0.00887    0.00615
  614    0.00135   -0.01270    0.01104
  615    0.00329   -0.01115    0.00878
  616    0.00726   -0.01569    0.00917
  617    0.00929   -0.02011    0.01258
  618    0.01406   -0.02590    0.01396
  619    0.01477   -0.02403    0.00991
  620    0.01572   -0.02254    0.00344
  621    0.01777   -0.02618    0.00444
  622    0.02011   -0.02782   -0.00332
  623    0.02481   -0.03540   -0.00615
  624    0.02320   -0.03689    0.00884
  625    0.01690   -0.02943    0.01048
  626    0.01356   -0.02306    0.01071
  627    0.01316   -0.01895    0.00387
  628    0.01256   -0.01509    0.00004
  629    0.01478   -0.01251   -0.00624
  630    0.01767   -0.01038   -0.01157
  631    0.01573   -0.00492   -0.01193
  632    0.01012   -0.00404   -0.00636
  633    0.00600   -0.00325   -0.00221
  634    0.00239   -0.00547    0.00389
  635   -0.00299   -0.00190    0.00596
  636   -0.00673   -0.00414    0.01193
  637   -0.01283   -0.00213    0.01545
  638   -0.01432   -0.00126    0.01608
  639   -0.01903   -0.00408    0.02334
  640   -0.02223   -0.00303    0.02443
  641   -0.02265    0.00301    0.01898
  642   -0.01870    0.00463    0.01395
  643   -0.02099    0.01093    0.01065
  644   -0.01863    0.01454    0.00651
  645   -0.01440    0.01429    0.00171
  646   -0.01320    0.01789   -0.00329
  647   -0.00817    0.01657   -0.00674
  648   -0.00561    0.01811   -0.01157
  649    0.00015    0.01800   -0.01591
  650    0.00078    0.02051   -0.02057
  651    0.00915    0.02116   -0.02364
  652    0.01294    0.02280   -0.02680
  653    0.02319    0.02256   -0.02781
  654    0.02615    0.02795   -0.03033
  655    0.02691    0.02320   -0.02670
  656    0.02081    0.01988   -0.02204
  657    0.01772    0.01503   -0.01922
  658    0.01608    0.00921   -0.01648
  659    0.01074    0.00774   -0.01272
  660    0.00963    0.00245   -0.00990
  661    0.00523    0.00112   -0.00517
  662    0.00343   -0.00207   -0.00062
  663   -0.00052   -0.00236    0.00354
  664   -0.00066   -0.00659    0.00806
  665   -0.00175   -0.00773    0.01121
  666   -0.00278   -0.01094    0.01619
  667   -0.00102   -0.01293    0.01861
  668   -0.00560   -0.01210    0.02251
  669   -0.01159   -0.00843    0.02206
  670   -0.01452   -0.01331    0.02800
  671   -0.00957   -0.01314    0.02398
  672   -0.01193   -0.00791    0.02032
  673   -0.01699   -0.00781    0.02450
  674   -0.01308   -0.01131    0.02550
  675   -0.00948   -0.00806    0.01892
  676   -0.01317   -0.00271    0.01625
  677   -0.01921   -0.00253    0.02113
  678   -0.02200    0.00165    0.01874
  679   -0.02118   -0.00076    0.02011
  680   -0.01674    0.00328    0.01369
  681   -0.01531    0.00585    0.01089
  682   -0.01206    0.00864    0.00551
  683   -0.00938    0.00898    0.00223
  684   -0.00972    0.01349   -0.00199
  685   -0.00649    0.01365   -0.00572
  686   -0.00794    0.01730   -0.00947
  687   -0.00745    0.01985   -0.01425
  688   -0.01074    0.02168   -0.01790
  689   -0.00893    0.01833   -0.01228
  690   -0.00497    0.01570   -0.01033
  691   -0.00796    0.01607   -0.00824
  692   -0.00685    0.01269   -0.00467
  693   -0.00823    0.01220   -0.00210
  694   -0.00682    0.00649    0.00141
  695   -0.00792    0.00350    0.00483
  696   -0.00719   -0.00214    0.00881
  697   -0.00339   -0.00477    0.00919
  698   -0.00374   -0.00714    0.01355
  699    0.00164   -0.00847    0.01365
  700    0.00488   -0.01032    0.01444
  701    0.00647   -0.01168    0.01152
  702    0.00931   -0.01410    0.01206
  703    0.01278   -0.01951    0.01582
  704    0.01765   -0.02149    0.01397
  705    0.01975   -0.02713    0.01417
  706    0.01542   -0.02824    0.01894
  707    0.00995   -0.02257    0.01737
  708    0.00694   -0.01761    0.01721
  709    0.00388   -0.01458    0.01502
  710    0.00500   -0.01224    0.01035
  711    0.00446   -0.00957    0.00608
  712    0.00434   -0.00640    0.00226
  713    0.00657   -0.00432   -0.00203
  714    0.00496    0.00101   -0.00469
  715    0.00820    0.00494   -0.00875
  716    0.00773    0.01076   -0.01150
  717    0.01160    0.01478   -0.01498
  718    0.00872    0.01857   -0.01620
  719    0.01055    0.02397   -0.01980
  720    0.01389    0.02728   -0.02531
  721    0.00398    0.02610   -0.02816
  722   -0.00177    0.02272   -0.02424
  723   -0.00375    0.02141   -0.01858
  724   -0.00321    0.01794   -0.01372
  725   -0.00784    0.01775   -0.01037
  726   -0.00711    0.01405   -0.00558
  727   -0.01164    0.01508   -0.00198
  728   -0.01158    0.01045    0.00266
  729   -0.01500    0.00799    0.00761
  730   -0.01113    0.00229    0.00950
  731   -0.00638   -0.00152    0.00831
  732   -0.00405    0.00154    0.00337
  733    0.00120   -0.00193    0.00132
  734    0.00162    0.00224   -0.00290
  735    0.00643    0.00364   -0.00831
  736    0.01016    0.00176   -0.01099
  737    0.01607    0.00159   -0.01588
  738    0.01777    0.00558   -0.01749
  739    0.02406    0.00709   -0.02098
  740    0.02676    0.01292   -0.02339
  741    0.03050    0.01434   -0.02436
  742    0.03843    0.01768   -0.02830
  743    0.03696    0.01987   -0.02451
  744    0.04353    0.01840   -0.02431
  745    0.03921    0.01525   -0.01838
  746    0.03688    0.00735   -0.01651
  747    0.03615    0.00057   -0.02190
  748    0.02725   -0.00597   -0.01967
  749    0.02298   -0.01402   -0.02040
  750    0.01958   -0.02228   -0.02296
  751    0.01492   -0.03239   -0.02433
  752    0.01379   -0.04517   -0.03327
  753    0.01274   -0.05938   -0.04135
  754    0.02080   -0.05713   -0.04987
  755    0.03319   -0.05938   -0.05941
  756    0.04444   -0.04753   -0.05731
  757    0.05757   -0.04930   -0.06615
  758    0.07327   -0.04256   -0.06958
  759    0.06907   -0.03581   -0.06181
  760    0.07002   -0.02162   -0.05254
  761    0.05818   -0.01475   -0.03948
  762    0.05321   -0.00417   -0.02731
  763    0.03861   -0.00902   -0.02532
  764    0.03299   -0.01828   -0.03069
  765    0.02077   -0.02298   -0.02790
  766    0.01489   -0.03400   -0.03068
  767    0.01076   -0.04201   -0.03466
  768    0.02299   -0.03815   -0.04062
  769    0.03386   -0.02820   -0.03842
  770    0.02979   -0.01872   -0.02815
  771    0.03845   -0.01498   -0.02816
  772    0.02415   -0.00636   -0.01025
  773    0.02031    0.00005    0.00059
  774    0.00735    0.00287    0.00637
  775    0.00398    0.00635    0.01016
  776   -0.00055    0.00407    0.00566
  777   -0.00066   -0.00132   -0.00498
  778   -0.00633   -0.00709   -0.01121
  779   -0.00072   -0.01641   -0.01936
  780    0.00189   -0.01546   -0.01773
  781   -0.00056   -0.00801   -0.00876
  782    0.00805   -0.01047   -0.01356
  783    0.01803   -0.00775   -0.01520
  784    0.03038   -0.00656   -0.02017
  785    0.04035    0.00149   -0.01863
  786    0.03557    0.00435   -0.01065
  787    0.02313   -0.00040   -0.00735
  788    0.01144    0.00283    0.00056
  789    0.00198    0.00474    0.00530
  790   -0.00281   -0.00007    0.00011
  791   -0.00991    0.00181    0.00167
  792   -0.01284    0.00000   -0.00033
  793   -0.01307    0.00210    0.00319
  794   -0.01294   -0.00034   -0.00176
  795   -0.01200    0.00419    0.00534
  796   -0.01190    0.00685    0.01104
  797   -0.01139    0.00940    0.01485
  798   -0.01091    0.01056    0.01766
  799   -0.01047    0.01103    0.01872
  800   -0.01089    0.01169    0.01849
  801   -0.01064    0.01128    0.01838
  802   -0.00879    0.01031    0.01837
  803   -0.00685    0.00924    0.01908
  804   -0.00625    0.00980    0.02028
  805   -0.00333    0.00840    0.02001
  806   -0.00304    0.00920    0.02076
  807    0.00002    0.00733    0.02008
  808   -0.00029    0.00781    0.02149
  809   -0.00463    0.00440    0.01710
  810   -0.00566    0.00504    0.01627
  811   -0.00469    0.00463    0.01336
  812   -0.00201    0.00170    0.01366
  813   -0.00312    0.00293    0.01264
  814   -0.00438    0.00491    0.01505
  815   -0.00212    0.00350    0.01680
  816    0.00046    0.00004    0.01578
  817    0.00223   -0.00221    0.01265
  818    0.00005    0.00023    0.01273
  819    0.00185   -0.00028    0.01615
  820   -0.00102    0.00391    0.01665
  821   -0.00407    0.00623    0.01639
  822   -0.00520    0.00674    0.01561
  823   -0.00637    0.00901    0.01873
  824   -0.00753    0.00878    0.01649
  825   -0.00999    0.00937    0.01338
  826   -0.01268    0.01156    0.01502
  827   -0.01559    0.01229    0.01187
  828   -0.01412    0.01158    0.01265
  829   -0.01128    0.01017    0.01389
  830   -0.01028    0.00894    0.01062
  831   -0.01030    0.00784    0.00743
  832   -0.00803    0.00553    0.00441
  833   -0.00536    0.00364    0.00450
  834   -0.00406    0.00131   -0.00101
  835   -0.00112   -0.00195   -0.00307
  836   -0.00208   -0.00250   -0.00929
  837   -0.00038   -0.00542   -0.01301
  838   -0.00494   -0.00081   -0.01287
  839   -0.00371   -0.00027   -0.00519
  840   -0.00392    0.00129    0.00058
  841   -0.00757    0.00545    0.00486
  842   -0.00927    0.00726    0.00679
  843   -0.01238    0.00895    0.00477
  844   -0.01351    0.00998    0.00720
  845   -0.01430    0.01060    0.00451
  846   -0.01744    0.01225    0.00522
  847   -0.01548    0.01241    0.00375
  848   -0.01320    0.01138    0.00741
  849   -0.01409    0.01159    0.01065
  850   -0.01619    0.01228    0.01007
  851   -0.01360    0.01228    0.01046
  852   -0.01232    0.01204    0.01348
  853   -0.01328    0.01239    0.01425
  854   -0.01303    0.01281    0.01350
  855   -0.01112    0.01263    0.01510
  856   -0.01045    0.01249    0.01699
  857   -0.00965    0.01192    0.01691
  858   -0.00857    0.01222    0.01714
  859   -0.00838    0.01259    0.01912
  860   -0.00702    0.01147    0.01951
  861   -0.00447    0.00959    0.01866
  862   -0.00662    0.01140    0.01973
  863   -0.00559    0.01233    0.02034
  864   -0.00111    0.00966    0.01795
  865   -0.00188    0.00970    0.01769
  866   -0.00358    0.01226    0.01971
  867    0.00071    0.01143    0.01753
  868    0.00711    0.00884    0.01427
  869    0.01387    0.00607    0.00772
  870    0.01335    0.00628    0.00321
  871    0.02250    0.00593   -0.00398
  872    0.02388    0.00166   -0.00981
  873    0.01235    0.00056   -0.00601
  874    0.01197   -0.00567   -0.01029
  875    0.00398   -0.00711   -0.00718
  876    0.00288   -0.00442   -0.00316
  877    0.00212   -0.00804   -0.00135
  878    0.00020   -0.00388    0.00236
  879    0.00112   -0.00629    0.00489
  880    0.00376   -0.00182    0.00410
  881    0.00376   -0.00025    0.00436
  882    0.00173    0.00115    0.00414
  883    0.00146    0.00235    0.00398
  884    0.00059    0.00339    0.00555
  885   -0.00080    0.00402    0.00389
  886   -0.00198    0.00170    0.00326
  887   -0.00181    0.00383    0.00505
  888   -0.00179    0.00447    0.00636
  889   -0.00294    0.00333    0.00428
  890   -0.00441    0.00262    0.00404
  891   -0.00439    0.00497    0.00827
  892   -0.00442    0.00634    0.00871
  893   -0.00584    0.00412    0.00611
  894   -0.00719    0.00480    0.00710
  895   -0.00797    0.00707    0.01032
  896   -0.00761    0.00812    0.01139
  897   -0.00885    0.00559    0.00801
  898   -0.01069    0.00683    0.01064
  899   -0.01022    0.00882    0.01393
  900   -0.00917    0.00910    0.01383
  901   -0.01137    0.00735    0.01151
  902   -0.01233    0.00825    0.01542
  903   -0.01026    0.01022    0.01682
  904   -0.01024    0.00982    0.01613
  905   -0.01298    0.00916    0.01528
  906   -0.01237    0.00997    0.01801
  907   -0.01085    0.01109    0.01874
  908   -0.01144    0.01052    0.01780
  909   -0.01207    0.01029    0.01835
  910   -0.01083    0.01056    0.01953
  911   -0.01026    0.01107    0.01908
  912   -0.01033    0.01038    0.01880
  913   -0.00944    0.00937    0.01918
  914   -0.00967    0.01035    0.01842
  915   -0.00976    0.01089    0.01806
  916   -0.00885    0.00929    0.01804
  917   -0.00827    0.00856    0.01690
  918   -0.00926    0.01002    0.01590
  919   -0.00894    0.00948    0.01522
  920   -0.00709    0.00725    0.01443
  921   -0.00738    0.00748    0.01260
  922   -0.00874    0.00878    0.01135
  923   -0.00723    0.00670    0.01029
  924   -0.00529    0.00477    0.00864
  925   -0.00705    0.00665    0.00625
  926   -0.00800    0.00671    0.00434
  927   -0.00493    0.00328    0.00336
  928   -0.00452    0.00302    0.00095
  929   -0.00726    0.00547   -0.00171
  930   -0.00600    0.00313   -0.00368
  931   -0.00279   -0.00034   -0.00455
  932   -0.00376    0.00112   -0.00693
  933   -0.00567    0.00179   -0.01095
  934   -0.00299   -0.00221   -0.01257
  935    0.00043   -0.00457   -0.01266
  936    0.00303   -0.00820   -0.01677
  937    0.00103   -0.00761   -0.01756
  938    0.00284   -0.00797   -0.01192
  939    0.00568   -0.00930   -0.00793
  940    0.00502   -0.00736   -0.00299
  941    0.00739   -0.00851    0.00038
  942    0.00637   -0.00655    0.00554
  943    0.00287   -0.00288    0.00893
  944    0.00010   -0.00157    0.00567
  945    0.00105   -0.00301    0.00224
  946    0.00154   -0.00456   -0.00329
  947    0.00438   -0.00777   -0.00659
  948    0.00239   -0.00760   -0.01221
  949    0.00467   -0.01108   -0.01740
  950    0.00166   -0.00925   -0.02201
  951    0.00108   -0.00764   -0.01826
  952   -0.00346   -0.00317   -0.01849
  953   -0.00622   -0.00032   -0.01784
  954   -0.00965    0.00364   -0.01423
  955   -0.01288    0.00559   -0.01914
  956   -0.00955    0.00296   -0.01752
  957   -0.00860    0.00343   -0.01081
  958   -0.01266    0.00723   -0.01118
  959   -0.01257    0.00684   -0.01459
  960   -0.00941    0.00488   -0.00977
  961   -0.01167    0.00741   -0.00499
  962   -0.01399    0.00981   -0.00831
  963   -0.01240    0.00850   -0.01027
  964   -0.01391    0.00880   -0.01676
  965   -0.01019    0.00444   -0.01799
  966   -0.00963    0.00350   -0.02247
  967   -0.00575   -0.00102   -0.02468
  968   -0.00307   -0.00204   -0.02199
  969    0.02843   -0.02255   -0.00087
  970    0.02161   -0.01773    0.00157
  971    0.01729   -0.01535    0.00691
  972    0.01195   -0.01146    0.00891
  973    0.00795   -0.00871    0.01237
  974    0.00454   -0.00663    0.01538
  975    0.00135   -0.00523    0.01941
  976    0.00007   -0.00602    0.02296
  977   -0.00282   -0.00415    0.02365
  978   -0.00512   -0.00471    0.02691
  979   -0.00908   -0.00318    0.02949
  980   -0.01140   -0.00189    0.02997
  981   -0.01385    0.00206    0.03090
  982   -0.01347    0.00301    0.02952
  983   -0.01231    0.00562    0.02704
  984   -0.01132    0.00664    0.02416
  985   -0.01130    0.00881    0.02241
  986   -0.01054    0.01007    0.02056
  987   -0.01065    0.01246    0.01871
  988   -0.01066    0.01226    0.01775
  989   -0.01127    0.01125    0.01933
  990   -0.01204    0.01042    0.02183
  991   -0.01206    0.00832    0.02412
  992   -0.01088    0.00708    0.02311
  993   -0.01104    0.00481    0.02553
  994   -0.00937    0.00263    0.02545
  995   -0.00722   -0.00089    0.02632
  996   -0.00809   -0.00069    0.02763
  997   -0.01039    0.00267    0.02630
  998   -0.01106    0.00386    0.02444
  999   -0.01240    0.00465    0.02323
 1000   -0.01135    0.00542    0.02141
 1001   -0.01118    0.00527    0.02144
 1002   -0.01123    0.00539    0.02032
 1003   -0.00977    0.00470    0.02151
 1004   -0.01026    0.00489    0.02037
 1005   -0.00887    0.00578    0.01769
 1006   -0.00753    0.00675    0.01531
 1007   -0.00518    0.00605    0.01538
 1008   -0.00434    0.00728    0.01239
 1009   -0.00313    0.00774    0.01041
 1010   -0.00469    0.00911    0.00963
 1011   -0.00495    0.01039    0.00794
 1012   -0.00552    0.01047    0.00863
 1013   -0.00709    0.01219    0.00766
 1014   -0.00642    0.01325    0.00660
 1015   -0.00398    0.01210    0.00573
 1016   -0.00255    0.01091    0.00589
 1017   -0.00061    0.00915    0.00625
 1018    0.00171    0.00846    0.00498
 1019    0.00287    0.00729    0.00539
 1020    0.00500    0.00574    0.00446
 1021    0.00528    0.00521    0.00515
 1022    0.00730    0.00362    0.00396
 1023    0.00744    0.00352    0.00342
 1024    0.00692    0.00310    0.00462
 1025    0.00648    0.00360    0.00452
 1026    0.00788    0.00250    0.00342
 1027    0.00823    0.00293    0.00225
 1028    0.00715    0.00470    0.00220
 1029    0.00723    0.00441    0.00233
 1030    0.00849    0.00300    0.00145
 1031    0.00867    0.00401    0.00029
 1032    0.00936    0.00290    0.00002
 1033    0.00989    0.00368   -0.00145
 1034    0.00955    0.00426   -0.00051
 1035    0.00793    0.00538    0.00051
 1036    0.00787    0.00712   -0.00080
 1037    0.00650    0.00861   -0.00001
 1038    0.00557    0.00826    0.00127
 1039    0.00658    0.00867   -0.00001
 1040    0.00522    0.01094   -0.00007
 1041    0.00371    0.01036    0.00167
 1042    0.00303    0.01078    0.00247
 1043    0.00109    0.01107    0.00355
 1044    0.00004    0.01012    0.00502
 1045   -0.00167    0.00959    0.00662
 1046   -0.00003    0.00804    0.00710
 1047    0.00198    0.00682    0.00653
 1048    0.00231    0.00587    0.00758
 1049    0.00426    0.00418    0.00735
 1050    0.00448    0.00361    0.00901
 1051    0.00586    0.00245    0.01085
 1052    0.00714    0.00194    0.00780
 1053    0.00716    0.00233    0.00582
 1054    0.00875    0.00039    0.00409
 1055    0.00923    0.00130    0.00203
 1056    0.00908    0.00144    0.00236
 1057    0.01004    0.00024    0.00166
 1058    0.01085   -0.00068    0.00049
 1059    0.01164   -0.00138    0.00054
 1060    0.01241   -0.00220    0.00098
 1061    0.01138   -0.00130    0.00122
 1062    0.01057   -0.00056    0.00151
 1063    0.00881    0.00025    0.00264
 1064    0.00764    0.00043    0.00320
 1065    0.00604    0.00065    0.00397
 1066    0.00694    0.00143    0.00450
 1067    0.00515    0.00231    0.00580
 1068    0.00435    0.00220    0.00592
 1069    0.00543    0.00258    0.00528
 1070    0.00492    0.00336    0.00562
 1071    0.00364    0.00368    0.00597
 1072    0.00380    0.00393    0.00575
 1073    0.00386    0.00516    0.00528
 1074    0.00259    0.00551    0.00622
 1075    0.00188    0.00625    0.00594
 1076    0.00250    0.00728    0.00539
 1077    0.00080    0.00933    0.00558
 1078    0.00221    0.00992    0.00490
 1079    0.00348    0.00931    0.00398
 1080    0.00408    0.00974    0.00244
 1081    0.00577    0.00809    0.00139
 1082    0.00657    0.00728    0.00060
 1083    0.00770    0.00548   -0.00031
 1084    0.00764    0.00401    0.00056
 1085    0.00832    0.00269   -0.00010
 1086    0.00881    0.00397   -0.00128
 1087    0.00951    0.00294   -0.00188
 1088    0.01005    0.00353   -0.00264
 1089    0.00951    0.00299   -0.00189
 1090    0.00913    0.00153   -0.00090
 1091    0.00962    0.00040   -0.00154
 1092    0.00980   -0.00013   -0.00245
 1093    0.00999   -0.00179   -0.00248
 1094    0.00992   -0.00164   -0.00199
 1095    0.01029   -0.00066   -0.00293
 1096    0.01056    0.00073   -0.00259
 1097    0.01111    0.00116   -0.00341
 1098    0.01115    0.00014   -0.00339
 1099    0.01088   -0.00000   -0.00190
 1100    0.01150    0.00027   -0.00272
 1101    0.01170   -0.00059   -0.00212
 1102    0.01246   -0.00061   -0.00268
 1103    0.01207   -0.00108   -0.00089
 1104    0.01128    0.00046   -0.00155
 1105    0.01193    0.00133   -0.00311
 1106    0.01232    0.00316   -0.00398
 1107    0.01542    0.00384   -0.00589
 1108    0.01488    0.00187   -0.00605
 1109    0.01390    0.00185   -0.00642
 1110    0.01246    0.00105   -0.00430
 1111    0.01148    0.00187   -0.00344
 1112    0.01070    0.00176   -0.00192
 1113    0.00999    0.00259   -0.00090
 1114    0.00957    0.00421   -0.00129
 1115    0.00896    0.00348   -0.00033
 1116    0.00944    0.00172   -0.00019
 1117    0.00993    0.00108   -0.00075
 1118    0.01006   -0.00015   -0.00068
 1119    0.00996   -0.00110   -0.00077
 1120    0.00986   -0.00193   -0.00120
 1121    0.00947   -0.00300   -0.00206
 1122    0.01010   -0.00252   -0.00316
 1123    0.01024   -0.00322   -0.00415
 1124    0.00951   -0.00460   -0.00329
 1125    0.00989   -0.00454   -0.00272
 1126    0.00987   -0.00405   -0.00139
 1127    0.00994   -0.00455   -0.00073
 1128    0.00942   -0.00454    0.00106
 1129    0.00941   -0.00322    0.00152
 1130    0.00888   -0.00350    0.00298
 1131    0.00851   -0.00165    0.00199
 1132    0.00815   -0.00100    0.00235
 1133    0.00767    0.00091    0.00273
 1134    0.00718    0.00195    0.00408
 1135    0.00650    0.00382    0.00489
 1136    0.00559    0.00628    0.00447
 1137    0.00422    0.00850    0.00494
 1138    0.00343    0.00896    0.00752
 1139    0.00397    0.00757    0.00691
 1140    0.00499    0.00520    0.00614
 1141    0.00606    0.00477    0.00456
 1142    0.00640    0.00372    0.00389
 1143    0.00729    0.00223    0.00308
 1144    0.00802    0.00132    0.00262
 1145    0.00860   -0.00010    0.00200
 1146    0.00939   -0.00104    0.00163
 1147    0.00994   -0.00239    0.00152
 1148    0.01050   -0.00223    0.00108
 1149    0.01040   -0.00192    0.00237
 1150    0.01046   -0.00153    0.00211
 1151    0.01104    0.00014    0.00332
 1152    0.01096    0.00239    0.00531
 1153    0.01059    0.00338    0.00597
 1154    0.01113   -0.00232    0.00187
 1155    0.01103   -0.00321    0.00076
 1156    0.01057   -0.00397    0.00032
 1157    0.01013   -0.00476   -0.00126
 1158    0.00954   -0.00340   -0.00150
 1159    0.00981   -0.00313   -0.00094
 1160    0.00969   -0.00413   -0.00092
 1161    0.00974   -0.00507   -0.00158
 1162    0.01070   -0.00573   -0.00045
 1163    0.01164   -0.00614    0.00025
 1164    0.00734   -0.00449    0.00310
 1165    0.00940   -0.00581    0.00191
 1166    0.00857   -0.00557    0.00260
 1167    0.00806   -0.00497    0.00269
 1168    0.00747   -0.00504    0.00418
 1169    0.00762   -0.00439    0.00423
 1170    0.00754   -0.00506    0.00601
 1171    0.00908   -0.00545    0.00696
 1172    0.01080   -0.00962    0.00894
 1173    0.00777   -0.00769    0.00738
 1174    0.00754   -0.00435    0.00578
 1175    0.00648   -0.00563    0.00597
 1176    0.00592   -0.00451    0.00473
 1177    0.00602   -0.00524    0.00477
 1178    0.00739   -0.00439    0.00341
 1179    0.00842   -0.00347    0.00447
 1180    0.00913   -0.00310    0.00393
 1181    0.00980   -0.00069    0.00410
 1182    0.01072    0.00121    0.00446
 1183    0.01154    0.00351    0.00406
 1184    0.01249    0.00239    0.00345
 1185    0.01318   -0.00060    0.00182
 1186    0.01480   -0.00343    0.00139
 1187    0.01617   -0.00497    0.00165
 1188    0.01548   -0.00596    0.00107
 1189    0.01563   -0.00507    0.00075
 1190    0.01644   -0.00430    0.00075
 1191    0.01390   -0.00284    0.00067
 1192    0.01365   -0.00220    0.00184
 1193    0.01163   -0.00206    0.00136
 1194    0.01132   -0.00217    0.00127
 1195    0.01054   -0.00190    0.00121
 1196    0.00987   -0.00127    0.00174
 1197    0.00912   -0.00032    0.00222
 1198    0.00817   -0.00017    0.00306
 1199    0.00726    0.00099    0.00407
 1200    0.00676    0.00096    0.00499
 1201    0.00641    0.00242    0.00584
 1202    0.00664    0.00169    0.00589
 1203    0.00629    0.00218    0.00783
 1204    0.00557    0.00429    0.00894
 1205    0.00692    0.00203    0.00842
 1206    0.00889   -0.00119    0.00819
 1207    0.00819   -0.00196    0.00579
 1208    0.00788   -0.00217    0.00480
 1209    0.00803   -0.00342    0.00437
 1210    0.00819   -0.00321    0.00315
 1211    0.00851   -0.00438    0.00326
 1212    0.00898   -0.00419    0.00193
 1213    0.00947   -0.00526    0.00079
 1214    0.00962   -0.00433    0.00035
 1215    0.00971   -0.00330    0.00072
 1216    0.00949   -0.00270    0.00086
 1217    0.00963   -0.00113    0.00057
 1218    0.00945   -0.00040    0.00054
 1219    0.00892    0.00120    0.00093
 1220    0.00889    0.00271   -0.00038
 1221    0.00814    0.00425    0.00019
 1222    0.00714    0.00470    0.00172
 1223    0.00575    0.00652    0.00288
 1224    0.00442    0.00771    0.00424
 1225    0.00424    0.00739    0.00506
 1226    0.00268    0.00856    0.00583
 1227    0.00184    0.00746    0.00638
 1228   -0.00008    0.00861    0.00716
 1229   -0.00150    0.00808    0.00687
 1230   -0.00281    0.00814    0.00755
 1231   -0.00081    0.00762    0.00711
 1232    0.00067    0.00627    0.00733
 1233    0.00206    0.00518    0.00759
 1234    0.00158    0.00471    0.00937
 1235    0.00270    0.00375    0.01025
 1236    0.00133    0.00457    0.01177
 1237    0.00169    0.00467    0.01197
 1238   -0.00085    0.00573    0.01213
 1239   -0.00127    0.00698    0.01028
 1240   -0.00171    0.00844    0.00856
 1241   -0.00399    0.00976    0.00859
 1242   -0.00574    0.01163    0.00760
 1243   -0.00738    0.01092    0.00944
 1244   -0.00820    0.01102    0.00929
 1245   -0.00873    0.00967    0.01068
 1246   -0.00907    0.00954    0.01106
 1247   -0.00740    0.00805    0.01246
 1248   -0.00505    0.00744    0.01221
 1249   -0.00376    0.00624    0.01367
 1250   -0.00160    0.00535    0.01346
 1251   -0.00301    0.00531    0.01576
 1252   -0.00467    0.00617    0.01428
 1253   -0.00671    0.00718    0.01332
 1254   -0.00913    0.00686    0.01508
 1255   -0.01142    0.00732    0.01468
 1256   -0.01279    0.00653    0.01592
 1257   -0.01320    0.00643    0.01586
 1258   -0.01171    0.00571    0.01831
 1259   -0.01076    0.00590    0.01781
 1260   -0.00994    0.00587    0.01770
 1261   -0.00908    0.00548    0.01846
 1262   -0.00724    0.00529    0.01969
 1263   -0.00627    0.00514    0.01886
 1264   -0.00431    0.00508    0.01621
 1265   -0.00439    0.00510    0.01403
 1266   -0.00299    0.00514    0.01227
 1267   -0.00410    0.00612    0.01200
 1268   -0.00389    0.00736    0.01066
 1269   -0.00612    0.00858    0.01092
 1270   -0.00826    0.00807    0.01187
 1271   -0.00878    0.00684    0.01366
 1272   -0.00959    0.00622    0.01533
 1273   -0.00852    0.00589    0.01552
 1274   -0.00759    0.00540    0.01579
 1275   -0.00776    0.00609    0.01754
 1276   -0.00688    0.00631    0.01744
 1277   -0.00860    0.00663    0.02054
 1278   -0.00948    0.00671    0.02256
 1279   -0.01084    0.00625    0.02364
 1280   -0.01105    0.00606    0.02320
 1281   -0.01150    0.00601    0.02409
 1282   -0.01091    0.00623    0.02345
 1283   -0.01003    0.00465    0.02448
 1284   -0.00787    0.00199    0.02589
 1285   -0.00654   -0.00025    0.02535
 1286   -0.00633    0.00141    0.02293
 1287   -0.00740    0.00321    0.02157
 1288   -0.00726    0.00125    0.02299
 1289   -0.00550    0.00126    0.02018
 1290   -0.00462   -0.00090    0.02134
 1291   -0.00326    0.00023    0.01758
 1292   -0.00212   -0.00206    0.01919
 1293   -0.00604    0.00625    0.01374
 1294   -0.00670    0.00720    0.01333
 1295   -0.00470    0.00497    0.01188
 1296   -0.00343    0.00418    0.00984
 1297   -0.00147    0.00181    0.01118
 1298   -0.00295    0.00178    0.01422
 1299   -0.00375    0.00307    0.01347
 1300   -0.00212    0.00324    0.00994
 1301    0.00141    0.00115    0.00657
 1302    0.00195   -0.00106    0.00903
 1303    0.00004    0.00054    0.00985
 1304   -0.00076   -0.00060    0.01395
 1305   -0.00037   -0.00302    0.01782
 1306    0.00286   -0.00707    0.01944
 1307    0.00049   -0.00761    0.02321
 1308    0.00595   -0.01244    0.02404
 1309    0.00676   -0.01306    0.02505
 1310    0.00510   -0.01328    0.02935
 1311    0.00638   -0.01527    0.02938
 1312    0.00307   -0.01066    0.02730
 1313    0.00020   -0.00637    0.02379
 1314    0.00317   -0.00734    0.02137
 1315    0.00764   -0.01129    0.02018
 1316    0.01157   -0.01336    0.01678
 1317    0.01428   -0.01494    0.01506
 1318    0.01968   -0.01803    0.01124
 1319    0.02449   -0.02056    0.00730
 1320    0.03109   -0.02516    0.00714
 1321    0.04059   -0.03056    0.00367
 1322    0.04361   -0.03339    0.01234
 1323    0.03565   -0.02808    0.01192
 1324    0.02424   -0.02245    0.01358
 1325    0.01961   -0.02090    0.01900
 1326    0.01465   -0.01774    0.02174
 1327    0.01440   -0.01763    0.02364
 1328    0.00919   -0.01435    0.02434
 1329    0.00921   -0.01314    0.02383
 1330    0.00828   -0.01365    0.02658
 1331    0.00727   -0.00917    0.02507
 1332    0.00346   -0.00639    0.02332
 1333    0.00188   -0.00703    0.02503
 1334    0.00226   -0.00683    0.02616
 1335   -0.00031   -0.00221    0.02424
 1336   -0.00304   -0.00089    0.02421
 1337   -0.00246   -0.00249    0.02606
 1338   -0.00241   -0.00036    0.02557
 1339   -0.00506    0.00308    0.02410
 1340   -0.00665    0.00293    0.02502
 1341   -0.00578    0.00268    0.02552
 1342   -0.00620    0.00528    0.02434
 1343   -0.00858    0.00637    0.02304
 1344   -0.00953    0.00594    0.02303
 1345   -0.00917    0.00614    0.02120
 1346   -0.01063    0.00713    0.01942
 1347   -0.01112    0.00673    0.02011
 1348   -0.01043    0.00612    0.01899
 1349   -0.01079    0.00620    0.01659
 1350   -0.01137    0.00666    0.01581
 1351   -0.01051    0.00634    0.01577
 1352   -0.01014    0.00647    0.01320
 1353   -0.00984    0.00663    0.01304
 1354   -0.00776    0.00644    0.01239
 1355   -0.00609    0.00699    0.01055
 1356   -0.00351    0.00699    0.00929
 1357   -0.00238    0.00628    0.00967
 1358   -0.00060    0.00508    0.00927
 1359    0.00065    0.00454    0.00863
 1360    0.00146    0.00449    0.00749
 1361    0.00413    0.00291    0.00644
 1362    0.00503    0.00333    0.00386
 1363    0.00745    0.00338    0.00276
 1364    0.00814    0.00216   -0.00112
 1365    0.00429    0.00380   -0.00065
 1366    0.00275    0.00514    0.00136
 1367    0.00313    0.00449   -0.00064
 1368   -0.00082    0.00623    0.00116
 1369    0.00080    0.00576    0.00314
 1370    0.00398    0.00581    0.00308
 1371    0.00170    0.00665    0.00227
 1372   -0.00017    0.00782    0.00483
 1373    0.00108    0.00710    0.00602
 1374    0.00204    0.00755    0.00453
 1375   -0.00032    0.00916    0.00662
 1376   -0.00249    0.00938    0.00940
 1377   -0.00244    0.00783    0.01045
 1378   -0.00120    0.00913    0.00966
 1379   -0.00292    0.01040    0.01117
 1380   -0.00501    0.00945    0.01289
 1381   -0.00514    0.00878    0.01398
 1382   -0.00482    0.01036    0.01340
 1383   -0.00677    0.01032    0.01533
 1384   -0.00827    0.00855    0.01613
 1385   -0.00777    0.00873    0.01658
 1386   -0.00807    0.01061    0.01642
 1387   -0.00866    0.01014    0.01772
 1388   -0.01004    0.00822    0.01930
 1389   -0.00955    0.00873    0.01971
 1390   -0.00980    0.01037    0.01885
 1391   -0.01007    0.00925    0.01994
 1392   -0.01017    0.00813    0.02113
 1393   -0.01026    0.00982    0.02092
 1394   -0.01020    0.01020    0.02009
 1395   -0.00987    0.00852    0.02078
 1396   -0.00965    0.00771    0.02139
 1397   -0.00937    0.00888    0.01941
 1398   -0.00880    0.00775    0.01999
 1399   -0.00829    0.00559    0.02160
 1400   -0.00770    0.00512    0.02028
 1401   -0.00702    0.00592    0.01801
 1402   -0.00639    0.00444    0.01956
 1403   -0.00450    0.00202    0.01976
 1404   -0.00407    0.00280    0.01626
 1405   -0.00377    0.00290    0.01546
 1406   -0.00191    0.00012    0.01788
 1407    0.00041   -0.00190    0.01581
 1408    0.00024   -0.00033    0.01222
 1409    0.00116   -0.00151    0.01361
 1410    0.00460   -0.00531    0.01460
 1411    0.00542   -0.00554    0.00992
 1412    0.00477   -0.00464    0.00772
 1413    0.00744   -0.00704    0.01100
 1414    0.01113   -0.01024    0.00862
 1415    0.00994   -0.00896    0.00308
 1416    0.00984   -0.00873    0.00310
 1417    0.01515   -0.01277    0.00466
 1418    0.01793   -0.01483    0.00002
 1419    0.01486   -0.01266   -0.00451
 1420    0.01851   -0.01547   -0.00980
 1421    0.02273   -0.01879   -0.00695
 1422    0.01959   -0.01657   -0.00646
 1423    0.01501   -0.01293   -0.00704
 1424    0.01116   -0.00876   -0.00416
 1425    0.01142   -0.00756   -0.00394
 1426    0.00818   -0.00499   -0.00042
 1427    0.00617   -0.00387    0.00438
 1428    0.00705   -0.00533    0.00519
 1429    0.01147   -0.00939    0.00312
 1430    0.01480   -0.01245   -0.00004
 1431    0.01960   -0.01606   -0.00406
 1432    0.02450   -0.01978   -0.00487
 1433    0.02779   -0.02212   -0.01074
 1434    0.03318   -0.02557   -0.00779
 1435    0.03356   -0.02617   -0.00370
 1436    0.03376   -0.02686    0.00345
 1437    0.03683   -0.02923    0.00919
 1438    0.03471   -0.02848    0.01595
 1439    0.03672   -0.03032    0.01809
 1440    0.03152   -0.02576    0.01227
 1441    0.02596   -0.02208    0.01349
 1442    0.02630   -0.02256    0.01944
 1443    0.02552   -0.02170    0.01691
 1444    0.02039   -0.01761    0.01345
 1445    0.01752   -0.01656    0.01840
 1446    0.01866   -0.01710    0.02071
 1447    0.01713   -0.01512    0.01684
 1448    0.02291   -0.01957    0.01698
 1449    0.02457   -0.02032    0.01093
 1450    0.02511   -0.02076    0.00740
 1451    0.02656   -0.02111    0.00058
 1452    0.02161   -0.01725   -0.00316
