    1    0.00911    0.00232    0.01382
    2    0.00894    0.00002    0.00720
    3    0.00646   -0.00198    0.00410
    4    0.00839   -0.00377    0.00050
    5    0.00618   -0.00506   -0.00158
    6    0.00771   -0.00479   -0.00233
    7    0.00678   -0.00398   -0.00280
    8    0.00661   -0.00259   -0.00257
    9    0.00725   -0.00026   -0.00328
   10    0.00711    0.00281   -0.00224
   11    0.00793    0.00946   -0.00263
   12    0.00357    0.00361   -0.00238
   13    0.00471    0.00519   -0.00262
   14    0.00081    0.00163   -0.00128
   15    0.00049    0.00033   -0.00147
   16   -0.00108   -0.00044   -0.00076
   17   -0.00190    0.00034   -0.00148
   18   -0.00109   -0.00044   -0.00260
   19   -0.00223    0.00083   -0.00200
   20   -0.00130    0.00029   -0.00443
   21   -0.00056    0.00054   -0.00459
   22   -0.00193    0.00211   -0.00334
   23    0.00037    0.00132   -0.00263
   24    0.00171   -0.00053   -0.00321
   25    0.00358    0.00043   -0.00331
   26    0.00291   -0.00078   -0.00323
   27    0.00355   -0.00077   -0.00268
   28    0.00161   -0.00052   -0.00201
   29   -0.00046   -0.00065   -0.00100
   30   -0.00282    0.00017    0.00067
   31   -0.00475    0.00083    0.00276
   32   -0.00572    0.00088    0.00515
   33   -0.00727    0.00051    0.00718
   34   -0.00702   -0.00086    0.00751
   35   -0.00924   -0.00291    0.00700
   36   -0.00756   -0.00516    0.00822
   37   -0.00499   -0.00545    0.00949
   38   -0.00326   -0.00637    0.01134
   39   -0.00120   -0.00718    0.01102
   40   -0.00021   -0.00709    0.01082
   41   -0.00181   -0.00721    0.00796
   42   -0.00303   -0.00649    0.00968
   43   -0.00474   -0.00646    0.00996
   44   -0.00624   -0.00734    0.00806
   45   -0.00776   -0.00630    0.01021
   46   -0.00784   -0.00551    0.01317
   47   -0.00760   -0.00650    0.01140
   48   -0.00486   -0.00624    0.01056
   49   -0.00339   -0.00789    0.00690
   50   -0.00225   -0.00738    0.00628
   51    0.00287   -0.00492    0.00489
   52    0.00594   -0.00337    0.00112
   53    0.01425    0.00364   -0.00072
   54    0.02388    0.00802   -0.00990
   55    0.01445   -0.00029   -0.00911
   56    0.00848   -0.00994   -0.01184
   57    0.00120   -0.01435   -0.00692
   58    0.00082   -0.01677   -0.01157
   59    0.00621   -0.00743   -0.00950
   60    0.00170   -0.00543   -0.00015
   61   -0.00501   -0.01113    0.00172
   62   -0.00310   -0.00928   -0.00002
   63    0.00010    0.00167    0.00599
   64    0.00860    0.00422   -0.00406
   65    0.01249    0.01844    0.00297
   66    0.01979    0.01983   -0.00429
   67    0.01066    0.00938    0.00274
   68    0.00856    0.01523    0.01436
   69   -0.00003    0.00779    0.01470
   70   -0.00090    0.01546    0.02537
   71   -0.00049    0.01070    0.02086
   72   -0.00374    0.00076    0.01594
   73   -0.00773   -0.00114    0.01857
   74   -0.01322   -0.00386    0.02196
   75   -0.01136   -0.00836    0.01552
   76   -0.00808   -0.00974    0.00893
   77   -0.00823   -0.01056    0.00680
   78   -0.00653   -0.01226    0.00299
   79   -0.00359   -0.01199    0.00086
   80    0.00060   -0.00916   -0.00003
   81    0.00637   -0.00816   -0.00467
   82    0.01131   -0.00466   -0.00507
   83    0.01613   -0.00592   -0.01166
   84    0.03728   -0.00159   -0.02573
   85    0.02108   -0.00123   -0.01745
   86    0.02274   -0.00182   -0.02746
   87    0.02305    0.00230   -0.02492
   88    0.01118   -0.00887   -0.01920
   89    0.00732   -0.01435   -0.02209
   90    0.01568   -0.00438   -0.02642
   91    0.01199   -0.00893   -0.02757
   92    0.00984   -0.01898   -0.03531
   93    0.00489   -0.02762   -0.03463
   94    0.00320   -0.03415   -0.03588
   95   -0.00359   -0.03284   -0.02268
   96   -0.00585   -0.03535   -0.02097
   97   -0.00890   -0.02917   -0.01510
   98   -0.00578   -0.02783   -0.01490
   99   -0.00260   -0.02219   -0.01175
  100   -0.01029   -0.02239   -0.00659
  101   -0.01013   -0.02556   -0.00712
  102   -0.00606   -0.02141   -0.00634
  103   -0.00913   -0.02047   -0.00456
  104   -0.01418   -0.02462   -0.00264
  105   -0.01134   -0.02035   -0.00009
  106   -0.00907   -0.01777   -0.00000
  107   -0.01020   -0.01534    0.00353
  108   -0.01286   -0.01521    0.00870
  109   -0.01612   -0.01347    0.01739
  110   -0.01987   -0.01289    0.02392
  111   -0.01676   -0.01066    0.02000
  112   -0.01864   -0.00611    0.02625
  113   -0.01530   -0.00308    0.02383
  114   -0.01920   -0.00241    0.03117
  115   -0.01906    0.00002    0.03264
  116   -0.02157   -0.01095    0.03158
  117   -0.02274   -0.00460    0.03321
  118   -0.02087    0.00922    0.03876
  119   -0.01712    0.01880    0.03590
  120   -0.02575    0.04071    0.05491
  121   -0.03330    0.02842    0.05885
  122   -0.03046    0.00901    0.04685
  123   -0.02747    0.01255    0.04224
  124   -0.03765    0.02981    0.06000
  125   -0.03498    0.02145    0.05152
  126   -0.02102    0.01513    0.03390
  127   -0.01200    0.02735    0.02914
  128   -0.01083    0.02550    0.02762
  129   -0.00396    0.04948    0.02929
  130    0.00183    0.03945    0.01613
  131    0.00213    0.02126    0.00682
  132    0.00914    0.02679    0.00289
  133    0.01739    0.01977   -0.01106
  134    0.03267    0.02584   -0.02083
  135    0.02494    0.01024   -0.02638
  136    0.02153    0.01521   -0.01745
  137    0.03627    0.03969   -0.01757
  138    0.03295    0.04873   -0.00389
  139    0.06745    0.12283    0.00340
  140    0.12072    0.23385   -0.03459
  141    0.04818    0.10267    0.00120
  142    0.02519    0.04578   -0.00322
  143    0.01679    0.03366    0.00265
  144    0.00693    0.01634    0.00195
  145    0.00187    0.00787    0.00467
  146   -0.00215    0.01416    0.01749
  147   -0.00778    0.00004    0.01431
  148   -0.00807   -0.00274    0.01016
  149   -0.00850    0.00448    0.01425
  150   -0.00544    0.00290    0.00704
  151   -0.01068    0.00336    0.01412
  152   -0.00692    0.00937    0.01170
  153   -0.01139    0.01383    0.01914
  154   -0.01598    0.03104    0.03367
  155   -0.01223    0.04926    0.03464
  156   -0.01642    0.03247    0.02998
  157   -0.02629    0.01728    0.03510
  158   -0.02400    0.00174    0.02632
  159   -0.03589   -0.00421    0.03416
  160   -0.03056   -0.01957    0.02422
  161   -0.02784   -0.01825    0.02471
  162   -0.02738   -0.02347    0.02497
  163   -0.02592   -0.02053    0.02899
  164   -0.02307   -0.02732    0.02741
  165   -0.02574   -0.02525    0.03387
  166   -0.02403   -0.03023    0.03517
  167   -0.03095   -0.02985    0.04079
  168   -0.03602   -0.02577    0.05562
  169   -0.03444   -0.02222    0.04750
  170   -0.04738   -0.03229    0.05774
  171   -0.03548   -0.02901    0.03521
  172   -0.02665   -0.02878    0.02148
  173   -0.02441   -0.02522    0.02047
  174   -0.01991   -0.02540    0.01064
  175   -0.01952   -0.02569    0.01197
  176   -0.01482   -0.02461    0.00507
  177   -0.01442   -0.02421    0.00319
  178   -0.00961   -0.02402   -0.00567
  179   -0.00917   -0.02770   -0.00996
  180   -0.00270   -0.02039   -0.01501
  181    0.00030   -0.02437   -0.02615
  182    0.00506   -0.01626   -0.02792
  183    0.00526   -0.01517   -0.03550
  184    0.00666   -0.01334   -0.03355
  185    0.00543   -0.01395   -0.02911
  186    0.02103   -0.00108   -0.02784
  187    0.01514    0.00003   -0.02195
  188    0.00491   -0.00860   -0.01651
  189    0.00387   -0.00042   -0.00846
  190    0.01027    0.01313   -0.00599
  191    0.00231    0.00701   -0.00124
  192   -0.00770   -0.00242    0.00482
  193   -0.00867   -0.00003    0.00579
  194   -0.01717   -0.01550    0.00733
  195   -0.00925   -0.02147   -0.00840
  196   -0.01264   -0.02580   -0.00661
  197   -0.01626   -0.03014   -0.00025
  198   -0.01736   -0.03683    0.00242
  199   -0.02032   -0.03794    0.00551
  200   -0.02151   -0.04384    0.00870
  201   -0.02304   -0.04182    0.01023
  202   -0.02197   -0.04023    0.00782
  203   -0.02253   -0.03845    0.00914
  204   -0.02106   -0.03392    0.00743
  205   -0.02329   -0.03452    0.00518
  206   -0.02290   -0.03757    0.00323
  207   -0.02082   -0.03762    0.00433
  208   -0.01891   -0.04039    0.00302
  209   -0.01702   -0.04109    0.00377
  210   -0.01542   -0.03832   -0.00262
  211   -0.01117   -0.03508   -0.00979
  212   -0.00674   -0.03008   -0.01738
  213   -0.00424   -0.02934   -0.03150
  214   -0.00109   -0.02494   -0.03738
  215   -0.00307   -0.02194   -0.04464
  216   -0.00089   -0.01642   -0.04662
  217   -0.00053   -0.01862   -0.05222
  218   -0.00144   -0.01628   -0.05380
  219    0.01187   -0.01212   -0.04548
  220    0.01125   -0.01197   -0.04557
  221    0.02800   -0.00020   -0.03826
  222    0.03384    0.00354   -0.03453
  223    0.01958   -0.00851   -0.03585
  224    0.00961   -0.01401   -0.04117
  225    0.00715   -0.01647   -0.03574
  226    0.00527   -0.02221   -0.03414
  227    0.00091   -0.02357   -0.02340
  228   -0.00392   -0.03131   -0.02242
  229   -0.00810   -0.02936   -0.01500
  230   -0.01428   -0.03332   -0.00638
  231   -0.01723   -0.03188   -0.00155
  232   -0.02243   -0.03599    0.00288
  233   -0.02402   -0.03338    0.00758
  234   -0.02609   -0.03395    0.01680
  235   -0.03044   -0.03649    0.02257
  236   -0.04136   -0.04327    0.04156
  237   -0.03500   -0.04444    0.04447
  238   -0.02609   -0.04049    0.02602
  239   -0.02417   -0.03707    0.02414
  240   -0.02368   -0.03936    0.01965
  241   -0.02308   -0.03771    0.01847
  242   -0.02285   -0.03474    0.01679
  243   -0.02464   -0.03694    0.01573
  244   -0.02396   -0.03190    0.01329
  245   -0.02509   -0.02612    0.01321
  246   -0.01677   -0.02005    0.00638
  247   -0.01011   -0.01940   -0.00257
  248   -0.01441   -0.02087    0.00403
  249   -0.00997   -0.01296    0.00284
  250   -0.01522   -0.01385    0.01225
  251   -0.01555   -0.01402    0.01499
  252   -0.01448   -0.00312    0.02117
  253   -0.01406   -0.00527    0.02072
  254   -0.01703   -0.01388    0.01892
  255   -0.01748   -0.01501    0.01866
  256   -0.02190   -0.01646    0.02384
  257   -0.02035   -0.01914    0.01936
  258   -0.01990   -0.02231    0.02004
  259   -0.01470   -0.02178    0.00950
  260   -0.01140   -0.01680    0.00984
  261   -0.01019   -0.01358    0.00735
  262   -0.01088   -0.01391    0.00231
  263   -0.00882   -0.01215    0.00118
  264   -0.00684   -0.01398   -0.00025
  265   -0.00350   -0.01402   -0.00254
  266   -0.00155   -0.01174   -0.00140
  267    0.00345   -0.01108   -0.00506
  268    0.00429   -0.00803   -0.00134
  269    0.00755   -0.00564    0.00207
  270    0.00323   -0.00765    0.00651
  271    0.00596   -0.00664    0.00990
  272    0.00298   -0.00449    0.01025
  273    0.00123   -0.00465    0.01407
  274   -0.00140   -0.00325    0.01690
  275   -0.00349   -0.00533    0.01500
  276   -0.00577   -0.00495    0.01247
  277   -0.00556   -0.00548    0.00962
  278   -0.00679   -0.00451    0.00858
  279   -0.00652   -0.00516    0.00723
  280   -0.00545   -0.00747    0.00628
  281   -0.00468   -0.00695    0.00591
  282   -0.00241   -0.00901    0.00260
  283   -0.00243   -0.00706    0.00562
  284   -0.00353   -0.00699    0.00829
  285   -0.00489   -0.00647    0.00886
  286   -0.00586   -0.00420    0.00900
  287   -0.00586   -0.00275    0.00960
  288   -0.00680   -0.00060    0.00905
  289   -0.00647    0.00065    0.00827
  290   -0.00624    0.00073    0.00752
  291   -0.00618    0.00203    0.00809
  292   -0.00652    0.00179    0.00883
  293   -0.00700    0.00015    0.00855
  294   -0.00759   -0.00056    0.00860
  295   -0.00674   -0.00368    0.00796
  296   -0.00588   -0.00370    0.00630
  297   -0.00500   -0.00094    0.00776
  298   -0.00421   -0.00437    0.00589
  299   -0.00519   -0.00590    0.00601
  300   -0.00643   -0.00769    0.00487
  301   -0.00716   -0.00565    0.00608
  302   -0.00711   -0.00225    0.00780
  303   -0.00647   -0.00079    0.00851
  304   -0.00668    0.00113    0.00899
  305   -0.00583    0.00267    0.00986
  306   -0.00618    0.00200    0.01019
  307   -0.00648    0.00306    0.00971
  308   -0.00717    0.00285    0.00867
  309   -0.00746    0.00229    0.00682
  310   -0.00862    0.00118    0.00483
  311   -0.00650    0.00100    0.00361
  312   -0.00532    0.00120    0.00464
  313   -0.00343    0.00003    0.00154
  314   -0.00231   -0.00074    0.00126
  315   -0.00005   -0.00163   -0.00126
  316    0.00138   -0.00196   -0.00170
  317    0.00281   -0.00212   -0.00284
  318    0.00397   -0.00298   -0.00377
  319    0.00429   -0.00235   -0.00459
  320    0.00575   -0.00016   -0.00431
  321    0.00726   -0.00014   -0.00574
  322    0.01061    0.00204   -0.00581
  323    0.01314    0.00103   -0.00835
  324    0.00321   -0.00489   -0.00726
  325    0.00351   -0.00453   -0.00659
  326    0.00424   -0.00557   -0.00684
  327    0.00395   -0.00654   -0.00821
  328    0.00480   -0.00645   -0.00664
  329    0.00525   -0.00548   -0.00626
  330    0.00504   -0.00516   -0.00721
  331    0.00436   -0.00661   -0.00829
  332    0.00511   -0.00799   -0.00758
  333    0.00685   -0.00629   -0.00570
  334    0.00768   -0.00512   -0.00576
  335    0.00928   -0.00297   -0.00553
  336    0.00938   -0.00212   -0.00397
  337    0.00984   -0.00183   -0.00177
  338    0.00938    0.00083   -0.00110
  339    0.00970   -0.00234    0.00271
  340    0.00854   -0.00374    0.00174
  341    0.00755   -0.00291    0.00042
  342    0.00650   -0.00279    0.00141
  343    0.00554   -0.00315   -0.00046
  344    0.00490   -0.00330   -0.00230
  345    0.00548   -0.00442   -0.00210
  346    0.00562   -0.00439   -0.00018
  347    0.00647   -0.00400    0.00143
  348    0.00922   -0.00280    0.00426
  349    0.00928    0.00067    0.00781
  350    0.01376    0.00570    0.01280
  351    0.01245    0.00892    0.01864
  352    0.02224    0.02415    0.03255
  353    0.02164    0.02712    0.03674
  354    0.02351    0.02331    0.02452
  355    0.01770    0.00981    0.01576
  356    0.01208    0.00178    0.01103
  357    0.00910   -0.00322    0.00565
  358    0.00670   -0.00277    0.00428
  359    0.00558   -0.00326    0.00154
  360    0.00422   -0.00364   -0.00040
  361    0.00391   -0.00330   -0.00071
  362    0.00381   -0.00399   -0.00339
  363    0.00365   -0.00435   -0.00378
  364    0.00412   -0.00379   -0.00283
  365    0.00330   -0.00391   -0.00376
  366    0.00352   -0.00417   -0.00489
  367    0.00328   -0.00375   -0.00392
  368    0.00230   -0.00316   -0.00297
  369    0.00233   -0.00377   -0.00441
  370    0.00237   -0.00348   -0.00339
  371    0.00151   -0.00250   -0.00173
  372    0.00016   -0.00232   -0.00169
  373    0.00040   -0.00226   -0.00145
  374   -0.00050   -0.00165    0.00005
  375   -0.00193   -0.00121    0.00105
  376   -0.00293    0.00008    0.00199
  377   -0.00237    0.00015    0.00252
  378   -0.00388    0.00069    0.00452
  379   -0.00500    0.00165    0.00544
  380   -0.00451    0.00183    0.00528
  381   -0.00500    0.00274    0.00664
  382   -0.00595    0.00343    0.00835
  383   -0.00687    0.00372    0.00831
  384   -0.00620    0.00340    0.00942
  385   -0.00707    0.00178    0.00911
  386   -0.00742   -0.00315    0.00705
  387   -0.00625   -0.00336    0.00673
  388   -0.00598   -0.00720    0.00382
  389   -0.00532   -0.00470    0.00651
  390   -0.00432   -0.00957    0.00271
  391   -0.00374   -0.00977    0.00184
  392    0.00107   -0.01327   -0.00477
  393    0.00355   -0.01028   -0.00696
  394    0.00889   -0.01864   -0.02328
  395    0.00771   -0.01499   -0.03116
  396    0.00701   -0.00683   -0.02537
  397    0.00160   -0.00129   -0.01366
  398    0.00557    0.00034   -0.01416
  399    0.00404    0.00615   -0.00894
  400   -0.00014    0.00327    0.00185
  401    0.00200    0.00169    0.00080
  402    0.00296    0.00516   -0.00104
  403   -0.00106    0.00729    0.00145
  404   -0.00189    0.00517    0.00623
  405   -0.00061    0.00505    0.00572
  406   -0.00139    0.00955    0.00432
  407   -0.00420    0.00726    0.00979
  408   -0.00323    0.00573    0.00990
  409   -0.00310    0.00751    0.00931
  410   -0.00422    0.00877    0.00878
  411   -0.00454    0.00706    0.01093
  412   -0.00513    0.00597    0.01072
  413   -0.00505    0.00801    0.00946
  414   -0.00545    0.00701    0.00939
  415   -0.00594    0.00499    0.01016
  416   -0.00616    0.00557    0.00880
  417   -0.00612    0.00572    0.00741
  418   -0.00515    0.00434    0.00714
  419   -0.00528    0.00324    0.00684
  420   -0.00517    0.00316    0.00562
  421   -0.00435    0.00248    0.00364
  422   -0.00307    0.00092    0.00419
  423   -0.00289    0.00053    0.00283
  424   -0.00205    0.00021    0.00053
  425   -0.00157   -0.00014    0.00023
  426   -0.00076   -0.00131    0.00013
  427   -0.00007   -0.00173   -0.00117
  428    0.00047   -0.00209   -0.00296
  429    0.00128   -0.00250   -0.00243
  430    0.00202   -0.00309   -0.00259
  431    0.00289   -0.00378   -0.00400
  432    0.00336   -0.00424   -0.00467
  433    0.00338   -0.00420   -0.00417
  434    0.00413   -0.00456   -0.00436
  435    0.00438   -0.00540   -0.00538
  436    0.00404   -0.00546   -0.00560
  437    0.00409   -0.00555   -0.00486
  438    0.00461   -0.00595   -0.00446
  439    0.00411   -0.00638   -0.00534
  440    0.00327   -0.00626   -0.00503
  441    0.00296   -0.00612   -0.00371
  442    0.00306   -0.00625   -0.00356
  443    0.00202   -0.00633   -0.00435
  444    0.00061   -0.00616   -0.00335
  445   -0.00027   -0.00558   -0.00090
  446   -0.00063   -0.00536   -0.00253
  447   -0.00083   -0.00443   -0.00329
  448   -0.00266   -0.00363   -0.00002
  449   -0.00394   -0.00317    0.00179
  450   -0.00375   -0.00260   -0.00008
  451   -0.00676   -0.00146    0.00198
  452   -0.00570   -0.00090    0.00534
  453   -0.00155   -0.00232    0.00337
  454    0.00103   -0.00449    0.00014
  455    0.00353   -0.00737   -0.00458
  456    0.00520   -0.00726   -0.00294
  457    0.00536   -0.00802   -0.00553
  458    0.00737   -0.00658   -0.00423
  459    0.00632   -0.00633   -0.00413
  460    0.00755   -0.00503   -0.00158
  461    0.00503   -0.00411    0.00094
  462    0.00588   -0.00217    0.00499
  463    0.00195   -0.00053    0.00812
  464   -0.00131    0.00058    0.00956
  465   -0.00311    0.00186    0.01515
  466   -0.00064    0.00341    0.01956
  467    0.00061    0.00313    0.01676
  468    0.00286    0.00859    0.02131
  469    0.00338    0.00959    0.01954
  470   -0.00246    0.01022    0.02016
  471   -0.00297    0.00535    0.01583
  472    0.00077    0.00282    0.01111
  473   -0.00083    0.00435    0.01074
  474   -0.00426    0.00351    0.01028
  475   -0.00182   -0.00065    0.00557
  476    0.00050   -0.00125    0.00381
  477    0.00023   -0.00062    0.00281
  478    0.00015   -0.00220    0.00044
  479   -0.00192    0.00020    0.00447
  480   -0.00356   -0.00048    0.00617
  481   -0.00580    0.00148    0.00934
  482   -0.00540    0.00084    0.00593
  483   -0.00505    0.00438    0.00727
  484   -0.01003    0.00338    0.01384
  485   -0.00968    0.00275    0.01462
  486   -0.00899    0.00139    0.00994
  487   -0.01660    0.00370    0.01640
  488   -0.01116    0.00306    0.01778
  489   -0.00995    0.00199    0.01239
  490   -0.01103    0.00182    0.01069
  491   -0.02151    0.00593    0.02233
  492   -0.00900    0.00373    0.01682
  493   -0.01030    0.00285    0.01215
  494   -0.01241    0.00358    0.01097
  495   -0.01579    0.00812    0.02788
  496   -0.00472   -0.00060    0.00693
  497   -0.00490   -0.00254    0.00094
  498   -0.00075   -0.01216   -0.01731
  499   -0.00661    0.01538    0.00321
  500   -0.00135    0.00989    0.00118
  501    0.00161    0.00410   -0.00266
  502    0.00392    0.00189   -0.00340
  503    0.00545   -0.00080   -0.00531
  504    0.00642   -0.00167   -0.00628
  505    0.00790   -0.00220   -0.00660
  506    0.00996   -0.00219   -0.00644
  507    0.01206   -0.00322   -0.00730
  508    0.01716   -0.00298   -0.00775
  509    0.02866   -0.00398   -0.01032
  510    0.01965   -0.00266   -0.00680
  511    0.01928   -0.00484   -0.00894
  512    0.01121   -0.00267   -0.00348
  513    0.00658   -0.00241   -0.00324
  514    0.00309   -0.00170   -0.00079
  515    0.00166   -0.00163   -0.00102
  516    0.00152   -0.00240   -0.00160
  517    0.00049   -0.00188   -0.00079
  518    0.00193   -0.00292   -0.00310
  519    0.00265   -0.00301   -0.00431
  520    0.00211   -0.00229   -0.00398
  521    0.00382   -0.00199   -0.00571
  522    0.00559   -0.00301   -0.00500
  523    0.00933   -0.00386   -0.00649
  524    0.00913   -0.00328   -0.00475
  525    0.01093   -0.00260   -0.00466
  526    0.00988   -0.00195   -0.00179
  527    0.00725   -0.00268    0.00189
  528    0.00508   -0.00262    0.00685
  529    0.00147   -0.00258    0.01043
  530   -0.00104   -0.00064    0.01103
  531   -0.00414    0.00045    0.01439
  532   -0.00608   -0.00105    0.01948
  533   -0.00858   -0.00112    0.02553
  534   -0.01146   -0.00480    0.03153
  535   -0.01089   -0.00371    0.03374
  536   -0.01192   -0.00461    0.03643
  537   -0.00874   -0.00037    0.03882
  538   -0.00648    0.00196    0.03365
  539   -0.00355    0.00661    0.02858
  540   -0.00547    0.00627    0.02645
  541   -0.00605    0.00979    0.02285
  542   -0.00668    0.01046    0.02180
  543   -0.00750    0.01411    0.01951
  544   -0.00835    0.01501    0.01929
  545   -0.00435    0.01809    0.01978
  546   -0.00179    0.01577    0.02144
  547    0.00124    0.01544    0.02193
  548    0.00535    0.01737    0.02005
  549    0.00674    0.01472    0.02113
  550    0.00993    0.01451    0.01821
  551    0.01039    0.01254    0.01730
  552    0.01366    0.00889    0.01102
  553    0.01337    0.00964    0.01170
  554    0.01083    0.00794    0.01486
  555    0.00940    0.01007    0.01631
  556    0.00895    0.00654    0.01519
  557    0.01154    0.00838    0.00985
  558    0.01123    0.01415    0.01116
  559    0.00981    0.01407    0.01356
  560    0.01038    0.01097    0.01028
  561    0.01345    0.01515    0.00611
  562    0.01430    0.01056    0.00331
  563    0.01842    0.01348   -0.00335
  564    0.02037    0.01432   -0.00343
  565    0.01624    0.01747    0.00357
  566    0.01820    0.02544    0.00097
  567    0.01404    0.02344    0.00677
  568    0.01293    0.02706    0.00739
  569    0.01578    0.03131    0.00843
  570    0.01143    0.02502    0.01236
  571    0.00809    0.02775    0.01423
  572    0.00643    0.03007    0.01518
  573    0.00310    0.02771    0.01789
  574    0.00138    0.02137    0.01989
  575   -0.00191    0.01653    0.02000
  576    0.00056    0.01411    0.02150
  577    0.00371    0.01378    0.02213
  578    0.00423    0.01230    0.02467
  579    0.00696    0.01024    0.02369
  580    0.00578    0.00884    0.02791
  581    0.00694    0.00417    0.02865
  582    0.01080    0.00303    0.02810
  583    0.01120    0.00442    0.01533
  584    0.01319   -0.00294    0.00605
  585    0.01523    0.00238    0.00387
  586    0.01131    0.00251    0.00877
  587    0.00867   -0.00127    0.00846
  588    0.01053   -0.00447    0.00214
  589    0.00520   -0.00828   -0.00004
  590   -0.00283   -0.01278    0.00315
  591   -0.00578   -0.01383    0.00808
  592   -0.00750   -0.01520    0.01309
  593   -0.00078   -0.00455    0.01688
  594    0.00028   -0.00371    0.01791
  595    0.00158   -0.00031    0.01937
  596    0.00417    0.00354    0.02166
  597    0.00572    0.00577    0.02153
  598    0.00312    0.00560    0.02014
  599    0.00466    0.00855    0.02041
  600    0.00560    0.00902    0.01990
  601    0.00269    0.00927    0.02064
  602    0.00283    0.01178    0.01978
  603    0.00485    0.01433    0.01889
  604    0.00295    0.01356    0.01983
  605    0.00125    0.01652    0.01873
  606    0.00218    0.02142    0.01868
  607   -0.00021    0.02859    0.02068
  608    0.00235    0.03177    0.01891
  609    0.00576    0.02746    0.01619
  610    0.00752    0.02720    0.01171
  611    0.00998    0.02331    0.00891
  612    0.01047    0.02202    0.00660
  613    0.01148    0.01857    0.00475
  614    0.00953    0.01385    0.00534
  615    0.00950    0.01222    0.00444
  616    0.01244    0.01622    0.00179
  617    0.01445    0.01482   -0.00117
  618    0.01789    0.02039   -0.00177
  619    0.01525    0.01589    0.00274
  620    0.01141    0.00994    0.00380
  621    0.01087    0.00734    0.00184
  622    0.01244    0.00881    0.00159
  623    0.00932    0.00222    0.00031
  624    0.00982    0.00119   -0.00282
  625    0.01325    0.00344   -0.00790
  626    0.01509    0.00791   -0.00628
  627    0.02182    0.01035   -0.01202
  628    0.01732    0.00346   -0.01321
  629    0.01221    0.00249   -0.00771
  630    0.01367    0.00318   -0.00978
  631    0.01196   -0.00223   -0.01184
  632    0.01539   -0.00471   -0.01881
  633    0.01269   -0.00817   -0.01029
  634    0.01435   -0.00010   -0.00681
  635    0.02285    0.00279   -0.01462
  636    0.03079    0.01291   -0.01661
  637    0.08103    0.01983   -0.04313
  638    0.06541    0.00636   -0.05158
  639    0.03986    0.00811   -0.03258
  640    0.02024    0.00389   -0.01829
  641    0.01905    0.00791   -0.01012
  642    0.01417    0.00736   -0.00332
  643    0.01316    0.01096    0.00309
  644    0.01577    0.01798    0.00208
  645    0.01099    0.01486    0.00641
  646    0.00978    0.00939    0.00435
  647    0.01055    0.00754    0.00053
  648    0.00827    0.00152   -0.00132
  649    0.00762    0.00036   -0.00157
  650    0.00741   -0.00354   -0.00609
  651    0.00610   -0.00598   -0.00758
  652    0.01021   -0.00251   -0.01004
  653    0.01242   -0.00587   -0.01797
  654    0.00438   -0.01380   -0.01598
  655    0.00325   -0.01089   -0.00698
  656    0.00227   -0.00842   -0.00177
  657    0.00190   -0.00746    0.00295
  658    0.00057   -0.00704    0.00628
  659    0.00371   -0.00394    0.00624
  660    0.00511   -0.00337    0.00747
  661    0.00768    0.00072    0.00554
  662    0.00943    0.00249    0.00609
  663    0.01046    0.00671    0.00589
  664    0.01276    0.00780    0.00529
  665    0.01101    0.01193    0.00733
  666    0.00895    0.01672    0.00569
  667    0.00637    0.02406    0.00999
  668    0.00350    0.03121    0.01616
  669    0.00470    0.02489    0.01711
  670    0.00672    0.01799    0.01577
  671    0.00630    0.01627    0.01383
  672    0.00696    0.01320    0.01432
  673    0.00650    0.00998    0.01198
  674    0.00687    0.00790    0.01131
  675    0.00612    0.00380    0.00947
  676    0.00201   -0.00225    0.00904
  677   -0.00176   -0.00808    0.00784
  678   -0.00187   -0.01105    0.00344
  679   -0.00574   -0.01772    0.00172
  680   -0.00446   -0.01985   -0.00300
  681   -0.00722   -0.02461   -0.00183
  682   -0.00614   -0.02536   -0.00565
  683   -0.00760   -0.02672   -0.00850
  684   -0.00119   -0.02732   -0.01785
  685    0.00232   -0.02111   -0.01473
  686    0.00001   -0.02003   -0.01007
  687   -0.00008   -0.02244   -0.01490
  688    0.00460   -0.01683   -0.01785
  689    0.00431   -0.01147   -0.01026
  690    0.00130   -0.01239   -0.00666
  691   -0.00021   -0.01845   -0.01056
  692   -0.00351   -0.02003   -0.00505
  693   -0.00504   -0.02472   -0.00592
  694   -0.00603   -0.01919   -0.00292
  695   -0.00395   -0.01508   -0.00023
  696   -0.00230   -0.01265    0.00114
  697    0.00060   -0.00856    0.00453
  698    0.00478   -0.00594    0.00371
  699    0.00672   -0.00246    0.00581
  700    0.01200   -0.00347    0.00416
  701    0.01520   -0.00109    0.00490
  702    0.02292    0.00240    0.00191
  703    0.01772    0.00545    0.00047
  704    0.01357    0.00004    0.00101
  705    0.01388   -0.00274   -0.00102
  706    0.00813   -0.00655   -0.00288
  707    0.00379   -0.00916   -0.00247
  708    0.00119   -0.01304    0.00154
  709   -0.00444   -0.02003    0.00060
  710   -0.00761   -0.01977    0.00246
  711   -0.01100   -0.02947    0.00323
  712   -0.01152   -0.02987    0.00088
  713   -0.01302   -0.03412    0.00351
  714   -0.01130   -0.03387    0.00318
  715   -0.01517   -0.03393    0.00421
  716   -0.01586   -0.03170    0.00493
  717   -0.00996   -0.02398   -0.00336
  718   -0.00743   -0.01917   -0.00241
  719    0.00347   -0.01319   -0.01041
  720    0.00192   -0.01582   -0.01865
  721   -0.00229   -0.01793   -0.00905
  722   -0.00812   -0.02302   -0.00386
  723   -0.00601   -0.02049   -0.00150
  724   -0.00631   -0.01741    0.00258
  725   -0.00223   -0.01054    0.00554
  726   -0.00316   -0.00980    0.01101
  727    0.00007   -0.00234    0.01424
  728    0.00326    0.00149    0.01517
  729    0.00604    0.00522    0.01478
  730    0.00640    0.00437    0.01391
  731    0.00620    0.00932    0.01524
  732    0.00858    0.00914    0.01153
  733    0.01040    0.01256    0.01241
  734    0.00956    0.01619    0.01370
  735    0.01459    0.01000    0.00887
  736    0.01903    0.00400    0.00645
  737    0.01683    0.00157    0.00624
  738    0.01109    0.00222    0.00617
  739    0.01068   -0.00047    0.00565
  740    0.00581   -0.00089    0.00611
  741    0.00363   -0.00416    0.00601
  742    0.00128   -0.00689    0.00536
  743   -0.00138   -0.00928    0.00392
  744    0.00043   -0.00934    0.00154
  745    0.00044   -0.00920    0.00279
  746    0.00239   -0.00456    0.00501
  747    0.00537   -0.00020    0.00376
  748    0.00635    0.00327    0.00504
  749    0.00761    0.00818    0.00671
  750    0.01042    0.01240    0.00467
  751    0.00989    0.01621    0.00679
  752    0.00801    0.01590    0.00998
  753    0.00737    0.01928    0.01222
  754    0.00653    0.02192    0.01277
  755    0.00453    0.02360    0.01735
  756    0.00244    0.02552    0.02094
  757    0.00257    0.01864    0.01781
  758    0.00005    0.01937    0.01681
  759   -0.00233    0.01668    0.01390
  760   -0.00311    0.01318    0.01547
  761   -0.00178    0.01244    0.01917
  762    0.00039    0.01100    0.02062
  763    0.00329    0.00926    0.02132
  764    0.00181    0.00843    0.02529
  765    0.00444    0.00658    0.02684
  766    0.00094    0.00870    0.03357
  767   -0.00086    0.00909    0.03777
  768   -0.00244    0.00619    0.03593
  769   -0.00126    0.00575    0.03337
  770   -0.00133    0.00851    0.02797
  771   -0.00506    0.00600    0.02960
  772   -0.00824    0.00659    0.02738
  773   -0.01125    0.00166    0.02870
  774   -0.01087    0.00323    0.02373
  775   -0.00972    0.00282    0.02289
  776   -0.00930    0.00440    0.02056
  777   -0.00804    0.00474    0.02279
  778   -0.00597    0.00585    0.02601
  779   -0.00481    0.00552    0.02813
  780   -0.00213    0.00688    0.03141
  781   -0.00465    0.00442    0.03600
  782   -0.00639    0.00261    0.03368
  783   -0.00855    0.00179    0.02931
  784   -0.00937   -0.00011    0.02642
  785   -0.01144   -0.00310    0.02352
  786   -0.00773   -0.00131    0.02023
  787   -0.00554   -0.00322    0.01738
  788   -0.00397   -0.00148    0.01539
  789   -0.00452    0.00151    0.01348
  790   -0.00526    0.00258    0.01453
  791   -0.00610    0.00298    0.01771
  792   -0.00692    0.00365    0.01971
  793   -0.00697    0.00284    0.02571
  794   -0.00560    0.00503    0.02465
  795   -0.00547    0.00708    0.01970
  796   -0.00416    0.00742    0.02171
  797   -0.00462    0.00697    0.02198
  798   -0.00454    0.00817    0.02074
  799   -0.00647    0.00769    0.01884
  800   -0.00766    0.00601    0.01724
  801   -0.00713    0.00485    0.01805
  802   -0.00640    0.00364    0.01690
  803   -0.00585    0.00577    0.01496
  804   -0.00602    0.00631    0.01685
  805   -0.00587    0.00581    0.01396
  806   -0.00662    0.00525    0.01361
  807   -0.00596    0.00368    0.01137
  808   -0.00648    0.00292    0.01259
  809   -0.00300    0.00097    0.00811
  810   -0.00206    0.00076    0.00772
  811    0.00118   -0.00125    0.00536
  812    0.00237   -0.00184    0.00396
  813    0.00479   -0.00232    0.00029
  814    0.00640   -0.00259   -0.00071
  815    0.00813   -0.00235   -0.00298
  816    0.00801   -0.00328   -0.00505
  817    0.00813   -0.00410   -0.00621
  818    0.01136   -0.00439   -0.00731
  819    0.01139   -0.00575   -0.00862
  820    0.01423   -0.00619   -0.00909
  821    0.01485   -0.00859   -0.01111
  822    0.00432   -0.00466   -0.00569
  823    0.00398   -0.00465   -0.00536
  824    0.00472   -0.00474   -0.00600
  825    0.00376   -0.00518   -0.00559
  826    0.00541   -0.00425   -0.00601
  827    0.00634   -0.00419   -0.00624
  828    0.00578   -0.00496   -0.00668
  829    0.00437   -0.00464   -0.00608
  830    0.00346   -0.00405   -0.00517
  831    0.00565   -0.00310   -0.00566
  832    0.00635   -0.00426   -0.00675
  833    0.00867   -0.00477   -0.00758
  834    0.00954   -0.00376   -0.00715
  835    0.00945   -0.00219   -0.00690
  836    0.01360   -0.00241   -0.00781
  837    0.01056    0.00019   -0.00863
  838    0.00796    0.00048   -0.00891
  839    0.00975    0.00145   -0.01012
  840    0.00744    0.00232   -0.00963
  841    0.00881    0.00002   -0.00677
  842    0.00873   -0.00134   -0.00557
  843    0.00746   -0.00168   -0.00687
  844    0.00539   -0.00088   -0.00756
  845    0.00352    0.00004   -0.00707
  846    0.00090    0.00222   -0.00567
  847   -0.00275    0.00358   -0.00368
  848   -0.00840    0.00779    0.00139
  849   -0.01367    0.01088    0.00073
  850   -0.03280    0.01417    0.00514
  851   -0.04800    0.01100   -0.00236
  852   -0.03915    0.00748    0.00208
  853   -0.01457    0.00647    0.00001
  854   -0.00425    0.00413   -0.00613
  855    0.00068    0.00229   -0.00849
  856    0.00041    0.00102   -0.01019
  857    0.00515   -0.00014   -0.00877
  858    0.00588   -0.00200   -0.00788
  859    0.00616   -0.00158   -0.00737
  860    0.00635   -0.00366   -0.00704
  861    0.00730   -0.00330   -0.00620
  862    0.00777   -0.00244   -0.00541
  863    0.00710   -0.00355   -0.00307
  864    0.00694   -0.00401   -0.00301
  865    0.00724   -0.00339   -0.00362
  866    0.00746   -0.00359   -0.00105
  867    0.00626   -0.00459    0.00057
  868    0.00533   -0.00418   -0.00015
  869    0.00562   -0.00354   -0.00042
  870    0.00508   -0.00404    0.00308
  871    0.00384   -0.00376    0.00369
  872    0.00284   -0.00268    0.00279
  873    0.00311   -0.00259    0.00567
  874    0.00186   -0.00307    0.00817
  875    0.00010   -0.00115    0.00632
  876   -0.00129   -0.00006    0.00703
  877   -0.00184   -0.00107    0.01034
  878   -0.00163   -0.00067    0.01062
  879   -0.00334    0.00194    0.00913
  880   -0.00486    0.00298    0.01134
  881   -0.00527    0.00322    0.01257
  882   -0.00608    0.00630    0.01311
  883   -0.00641    0.00873    0.01392
  884   -0.00590    0.00995    0.01567
  885   -0.00455    0.01057    0.01698
  886   -0.00249    0.01070    0.01871
  887   -0.00296    0.00912    0.01720
  888   -0.00076    0.00899    0.01880
  889    0.00106    0.00784    0.01795
  890    0.00482    0.00626    0.01946
  891    0.00403    0.00105    0.01544
  892   -0.00353   -0.01064    0.01188
  893   -0.01695   -0.02414    0.00293
  894   -0.01721   -0.02438   -0.00446
  895   -0.00805   -0.01216    0.00262
  896   -0.01059   -0.01455   -0.00077
  897   -0.00676   -0.00828    0.00116
  898   -0.00348    0.00068    0.00548
  899   -0.00481   -0.00067    0.00654
  900   -0.00619   -0.00239    0.00450
  901   -0.00458    0.00125    0.00691
  902   -0.00332    0.00503    0.00976
  903   -0.00445    0.00437    0.01056
  904   -0.00427    0.00351    0.01020
  905   -0.00452    0.00787    0.01186
  906   -0.00472    0.00783    0.01261
  907   -0.00465    0.00639    0.01183
  908   -0.00514    0.00663    0.01161
  909   -0.00530    0.00829    0.01179
  910   -0.00562    0.00733    0.01274
  911   -0.00554    0.00602    0.01084
  912   -0.00542    0.00625    0.01041
  913   -0.00550    0.00605    0.01123
  914   -0.00509    0.00515    0.01079
  915   -0.00506    0.00453    0.00894
  916   -0.00450    0.00409    0.00799
  917   -0.00367    0.00317    0.00849
  918   -0.00325    0.00263    0.00650
  919   -0.00304    0.00161    0.00474
  920   -0.00199    0.00119    0.00391
  921   -0.00094    0.00019    0.00370
  922   -0.00034   -0.00066    0.00101
  923   -0.00019   -0.00078    0.00067
  924    0.00053   -0.00116    0.00093
  925    0.00181   -0.00211   -0.00027
  926    0.00218   -0.00271   -0.00198
  927    0.00241   -0.00255   -0.00240
  928    0.00397   -0.00295   -0.00222
  929    0.00473   -0.00350   -0.00397
  930    0.00440   -0.00374   -0.00474
  931    0.00511   -0.00346   -0.00462
  932    0.00653   -0.00366   -0.00514
  933    0.00591   -0.00393   -0.00559
  934    0.00563   -0.00390   -0.00584
  935    0.00677   -0.00363   -0.00614
  936    0.00664   -0.00318   -0.00615
  937    0.00593   -0.00359   -0.00600
  938    0.00689   -0.00343   -0.00683
  939    0.00704   -0.00292   -0.00663
  940    0.00630   -0.00190   -0.00547
  941    0.00662   -0.00313   -0.00602
  942    0.00863   -0.00309   -0.00720
  943    0.00795   -0.00188   -0.00622
  944    0.00802   -0.00115   -0.00374
  945    0.01037   -0.00244   -0.00627
  946    0.01232   -0.00247   -0.00726
  947    0.01073    0.00013   -0.00426
  948    0.01198    0.00072   -0.00294
  949    0.01074    0.00365    0.00125
  950    0.01130    0.00706    0.00055
  951    0.00785    0.00853    0.00153
  952    0.00806    0.01212    0.00438
  953    0.00575    0.00540    0.00126
  954    0.00404    0.00706    0.00092
  955    0.00340    0.00166   -0.00138
  956    0.00464   -0.00034   -0.00336
  957    0.00573   -0.00048   -0.00360
  958    0.00477    0.00350   -0.00113
  959    0.00552    0.00774    0.00046
  960    0.00333    0.01370    0.00267
  961    0.00350    0.01268    0.00204
  962    0.00693    0.01781    0.00556
  963    0.00275    0.01506    0.00313
  964   -0.00527    0.01300    0.00136
  965   -0.00598    0.00678   -0.00321
  966   -0.01483    0.00433   -0.00583
  967   -0.01742    0.00035   -0.00922
  968   -0.01370   -0.00488   -0.01298
  969   -0.00563   -0.00209   -0.00955
  970   -0.00455   -0.00035   -0.00839
  971   -0.00571   -0.00476   -0.01243
  972   -0.00074   -0.00634   -0.01234
  973    0.00330   -0.00291   -0.00907
  974    0.00253   -0.00324   -0.01052
  975    0.00310   -0.00513   -0.01131
  976    0.00703   -0.00500   -0.00945
  977    0.00697   -0.00700   -0.01028
  978    0.00834   -0.00441   -0.00828
  979    0.01301   -0.00574   -0.00775
  980    0.01568   -0.00039   -0.00594
  981    0.01951    0.00116   -0.00420
  982    0.01294   -0.00083   -0.00607
  983    0.01092    0.00587   -0.00194
  984    0.01919    0.00702   -0.00269
  985    0.02312    0.01221   -0.00008
  986    0.01213    0.01604    0.00451
  987    0.01320    0.01580    0.00435
  988    0.01734    0.01480    0.00360
  989    0.01950    0.02786    0.01171
  990    0.01249    0.03071    0.01662
  991    0.01641    0.02879    0.02073
  992    0.01789    0.03559    0.01904
  993   -0.00242    0.00882    0.00321
  994    0.00004    0.00621   -0.00130
  995    0.00003    0.00155   -0.00454
  996    0.00250    0.00173   -0.00677
  997    0.00243   -0.00134   -0.00802
  998    0.00303   -0.00064   -0.00788
  999    0.00258   -0.00082   -0.00755
 1000    0.00205   -0.00004   -0.00685
 1001    0.00247    0.00012   -0.00562
 1002    0.00163    0.00040   -0.00542
 1003    0.00169   -0.00018   -0.00475
 1004    0.00109    0.00002   -0.00391
 1005    0.00089   -0.00008   -0.00206
 1006   -0.00034    0.00082   -0.00232
 1007    0.00033   -0.00001   -0.00084
 1008   -0.00058    0.00065   -0.00041
 1009    0.00060   -0.00050    0.00124
 1010    0.00116   -0.00099    0.00025
 1011    0.00111   -0.00136    0.00125
 1012    0.00362   -0.00291   -0.00052
 1013    0.00368   -0.00328    0.00099
 1014    0.00261   -0.00266    0.00312
 1015    0.00206   -0.00159    0.00194
 1016    0.00239   -0.00140   -0.00108
 1017    0.00200   -0.00095   -0.00224
 1018    0.00157   -0.00027   -0.00378
 1019    0.00116    0.00008   -0.00486
 1020   -0.00021    0.00103   -0.00423
 1021   -0.00205    0.00255   -0.00317
 1022   -0.00515    0.00534   -0.00211
 1023   -0.00690    0.00750    0.00010
 1024   -0.00760    0.00756    0.00120
 1025   -0.00907    0.00953    0.00141
 1026   -0.01005    0.01402    0.00014
 1027   -0.00937    0.01643   -0.00226
 1028   -0.01287    0.02497   -0.00472
 1029   -0.01134    0.02775   -0.00642
 1030   -0.01374    0.03162   -0.00865
 1031   -0.00845    0.03494   -0.01111
 1032   -0.00578    0.03223   -0.01180
 1033    0.00077    0.02575   -0.01183
 1034   -0.00126    0.02314   -0.00979
 1035    0.00110    0.01879   -0.00852
 1036    0.00358    0.01616   -0.00789
 1037    0.00379    0.01306   -0.00514
 1038    0.00169    0.01387   -0.00483
 1039    0.00607    0.01382   -0.00824
 1040    0.00652    0.01673   -0.00978
 1041    0.00986    0.01780   -0.01330
 1042    0.01248    0.01695   -0.01468
 1043    0.01229    0.02216   -0.01370
 1044    0.01618    0.02150   -0.01362
 1045    0.01678    0.02915   -0.00521
 1046    0.02447    0.03304    0.00187
 1047    0.02253    0.02267   -0.01048
 1048    0.02424    0.01844   -0.01903
 1049    0.02061    0.01334   -0.02337
 1050    0.02166    0.01172   -0.02482
 1051    0.02068    0.01175   -0.01673
 1052    0.01632    0.01037   -0.01622
 1053    0.01338    0.00595   -0.02122
 1054    0.01203    0.00479   -0.01867
 1055    0.00791    0.00459   -0.00919
 1056    0.01469    0.00846   -0.00640
 1057    0.01131    0.00810    0.00428
 1058    0.01843    0.01289    0.00532
 1059    0.01462    0.01209   -0.00439
 1060    0.00974    0.01322   -0.00293
 1061    0.00593    0.00663   -0.00438
 1062    0.00492    0.00446   -0.00736
 1063   -0.00153   -0.00157   -0.00421
 1064   -0.00196   -0.00169   -0.00498
 1065   -0.00038   -0.00135   -0.01075
 1066    0.00675    0.00457   -0.01288
 1067    0.01076    0.00783   -0.01514
 1068    0.01225    0.01215   -0.01476
 1069    0.01012    0.01224   -0.01330
 1070    0.01215    0.01332   -0.01665
 1071    0.01547    0.01654   -0.01857
 1072    0.01423    0.02239   -0.01637
 1073    0.01856    0.02600   -0.01669
 1074    0.01839    0.03561   -0.01136
 1075    0.02240    0.03849   -0.01351
 1076    0.05589    0.07599   -0.00482
 1077    0.02718    0.03093   -0.00883
 1078    0.03517    0.02737   -0.00547
 1079    0.02859    0.02006   -0.00688
 1080    0.02702    0.01488   -0.01664
 1081    0.02535    0.01122   -0.01841
 1082    0.02338    0.01142   -0.00887
 1083    0.02145    0.00672   -0.00688
 1084    0.02505    0.00724   -0.00970
 1085    0.02369    0.00730   -0.01648
 1086    0.02379    0.00934   -0.02307
 1087    0.02268    0.00840   -0.03007
 1088    0.02011    0.00634   -0.03348
 1089    0.01875    0.00655   -0.03070
 1090    0.02335    0.01154   -0.03220
 1091    0.02173    0.01451   -0.02824
 1092    0.01549    0.00716   -0.02754
 1093    0.01889    0.00741   -0.03146
 1094    0.01959    0.01057   -0.02861
 1095    0.01643    0.00938   -0.02517
 1096    0.01650    0.00384   -0.02905
 1097    0.01545    0.00577   -0.02643
 1098    0.01540    0.00860   -0.02325
 1099    0.01359    0.00782   -0.01976
 1100    0.01219    0.00561   -0.02106
 1101    0.00869    0.00519   -0.01937
 1102    0.00501    0.00186   -0.02027
 1103    0.00557    0.00072   -0.01974
 1104   -0.00062   -0.00311   -0.01736
 1105   -0.00298   -0.00404   -0.01618
 1106   -0.01236   -0.00887   -0.01654
 1107   -0.01706   -0.01028   -0.01494
 1108   -0.01894   -0.01213   -0.02454
 1109   -0.02306   -0.01370   -0.01978
 1110   -0.02754   -0.01374   -0.00864
 1111   -0.02544   -0.01347   -0.00035
 1112   -0.04331   -0.01939    0.01131
 1113   -0.05110   -0.02210    0.00231
 1114   -0.04028   -0.01936   -0.01090
 1115   -0.03881   -0.01877   -0.00617
 1116   -0.05740   -0.02540    0.00586
 1117   -0.05269   -0.02376    0.00143
 1118   -0.03453   -0.01684   -0.00012
 1119   -0.02774   -0.01429    0.01028
 1120   -0.02226   -0.01250    0.00674
 1121   -0.02303   -0.01253    0.02247
 1122   -0.01527   -0.00865    0.01932
 1123   -0.00595   -0.00565    0.00903
 1124   -0.00035   -0.00152    0.01416
 1125    0.00869    0.00318    0.01160
 1126    0.01561    0.00783    0.01781
 1127    0.02045    0.00921    0.00676
 1128    0.01614    0.00884    0.00529
 1129    0.01535    0.01213    0.01895
 1130    0.00946    0.01171    0.02678
 1131    0.00160    0.03628    0.08738
 1132    0.01459    0.03927    0.08409
 1133    0.00786    0.00888    0.04732
 1134    0.00594    0.00382    0.02584
 1135    0.00325    0.00384    0.01644
 1136    0.00515    0.00230    0.00391
 1137    0.00627    0.00280   -0.00480
 1138   -0.00052   -0.00019   -0.00152
 1139    0.00078   -0.00092   -0.01195
 1140   -0.00110   -0.00331   -0.01238
 1141   -0.00720   -0.00668   -0.00634
 1142   -0.00454   -0.00636   -0.00520
 1143   -0.01389   -0.01001   -0.00580
 1144   -0.01581   -0.01056    0.00083
 1145   -0.02537   -0.01409    0.00451
 1146   -0.03971   -0.01868    0.01503
 1147   -0.05256   -0.02373    0.03732
 1148   -0.04842   -0.02528    0.02429
 1149   -0.04840   -0.02450    0.00615
 1150   -0.03640   -0.01960   -0.00611
 1151   -0.04274   -0.02420   -0.01471
 1152   -0.03070   -0.02047   -0.02613
 1153   -0.02855   -0.01698   -0.02731
 1154   -0.02700   -0.01599   -0.03449
 1155   -0.02498   -0.01544   -0.03461
 1156   -0.02220   -0.01476   -0.04215
 1157   -0.02427   -0.01605   -0.04281
 1158   -0.02446   -0.01501   -0.04949
 1159   -0.02503   -0.01912   -0.04930
 1160   -0.03533   -0.01986   -0.04418
 1161   -0.02753   -0.01924   -0.03913
 1162   -0.03404   -0.02593   -0.05336
 1163   -0.01261   -0.01560   -0.04191
 1164   -0.00373   -0.01021   -0.04019
 1165   -0.00348   -0.00938   -0.03528
 1166    0.00359   -0.00572   -0.03469
 1167    0.00000   -0.00755   -0.03509
 1168    0.00472   -0.00455   -0.03210
 1169    0.00313   -0.00593   -0.03058
 1170    0.00606   -0.00268   -0.02497
 1171    0.00539   -0.00328   -0.02476
 1172    0.00799   -0.00140   -0.01623
 1173    0.01158   -0.00178   -0.01460
 1174    0.01079   -0.00190   -0.00723
 1175    0.01246   -0.00269   -0.00389
 1176    0.01001   -0.00328   -0.00204
 1177    0.00508   -0.00713   -0.00220
 1178    0.00246   -0.00352    0.00443
 1179    0.00425   -0.00224    0.00212
 1180    0.00031   -0.00662   -0.00573
 1181   -0.01045   -0.01017    0.00046
 1182   -0.00876   -0.00664    0.01001
 1183   -0.00843   -0.00703    0.00342
 1184   -0.01462   -0.01165   -0.00522
 1185   -0.02225   -0.01538   -0.00149
 1186   -0.02435   -0.01807   -0.01420
 1187   -0.01140   -0.01372   -0.01540
 1188   -0.00915   -0.01503   -0.02013
 1189   -0.01059   -0.01431   -0.02588
 1190   -0.00998   -0.01587   -0.03490
 1191   -0.00915   -0.01537   -0.03935
 1192   -0.00901   -0.01891   -0.04992
 1193   -0.00726   -0.01821   -0.04977
 1194   -0.00529   -0.02001   -0.05387
 1195   -0.00477   -0.02026   -0.05523
 1196    0.00145   -0.02279   -0.05754
 1197    0.00494   -0.02617   -0.05205
 1198    0.00238   -0.02589   -0.05113
 1199   -0.00155   -0.02550   -0.05235
 1200   -0.00405   -0.02454   -0.04712
 1201   -0.00653   -0.02166   -0.04439
 1202   -0.00407   -0.01500   -0.03782
 1203   -0.00426   -0.01165   -0.02862
 1204    0.00290   -0.00673   -0.01980
 1205    0.00640   -0.00566   -0.01588
 1206    0.00949   -0.00632   -0.00944
 1207    0.01092   -0.00594   -0.00586
 1208    0.01295   -0.00403   -0.00112
 1209    0.01825   -0.00325    0.00079
 1210    0.02050   -0.00240    0.00347
 1211    0.02197    0.00126    0.00341
 1212    0.02737    0.00345    0.00284
 1213    0.02638    0.01157    0.00365
 1214    0.02191    0.00914    0.00932
 1215    0.02008    0.00438    0.00215
 1216    0.01949    0.00038    0.00053
 1217    0.01744   -0.00000   -0.00502
 1218    0.01912    0.00227   -0.01080
 1219    0.01588    0.00264   -0.01724
 1220    0.01634    0.00302   -0.02535
 1221    0.01576    0.00281   -0.02816
 1222    0.01242   -0.00220   -0.03686
 1223    0.00959   -0.00508   -0.03945
 1224    0.00505   -0.01095   -0.04370
 1225    0.00423   -0.01021   -0.04214
 1226   -0.00497   -0.01490   -0.04660
 1227   -0.00798   -0.01832   -0.05136
 1228   -0.02246   -0.02377   -0.05958
 1229   -0.02548   -0.02195   -0.06701
 1230   -0.01642   -0.01934   -0.06325
 1231   -0.01648   -0.01700   -0.05759
 1232   -0.01243   -0.01708   -0.05380
 1233   -0.01404   -0.01601   -0.05095
 1234   -0.01413   -0.01555   -0.04404
 1235   -0.01569   -0.01579   -0.04300
 1236   -0.01633   -0.01542   -0.03542
 1237   -0.01961   -0.01713   -0.02814
 1238   -0.01333   -0.01301   -0.02145
 1239   -0.00367   -0.00766   -0.01943
 1240   -0.00600   -0.00923   -0.02450
 1241   -0.00198   -0.00677   -0.01883
 1242   -0.00838   -0.00916   -0.02150
 1243   -0.00676   -0.00786   -0.02297
 1244   -0.01037   -0.00778   -0.01554
 1245   -0.00620   -0.00563   -0.01722
 1246   -0.00373   -0.00571   -0.02470
 1247   -0.00040   -0.00413   -0.02512
 1248   -0.00321   -0.00742   -0.02796
 1249    0.00289   -0.00214   -0.02909
 1250    0.00289    0.00012   -0.03092
 1251    0.00929    0.00320   -0.02781
 1252    0.00960    0.00569   -0.02101
 1253    0.00982    0.00490   -0.01491
 1254    0.01200    0.00448   -0.01863
 1255    0.01254    0.00822   -0.01456
 1256    0.01340    0.01202   -0.01759
 1257    0.01517    0.01479   -0.02023
 1258    0.01337    0.02085   -0.01738
 1259    0.01630    0.02601   -0.01841
 1260    0.01345    0.03327   -0.01346
 1261    0.01065    0.04215   -0.01046
 1262    0.00272    0.03585   -0.01359
 1263    0.00010    0.03733   -0.01286
 1264    0.00133    0.02945   -0.01068
 1265   -0.00520    0.03094   -0.01166
 1266   -0.00827    0.02820   -0.00906
 1267   -0.01030    0.02640   -0.00743
 1268   -0.00662    0.01988   -0.00490
 1269   -0.00455    0.01813   -0.00470
 1270   -0.00308    0.01507   -0.00278
 1271   -0.00167    0.01666   -0.00476
 1272    0.00123    0.01982   -0.00905
 1273    0.00128    0.02167   -0.00951
 1274    0.00651    0.02538   -0.01313
 1275    0.00068    0.03055   -0.01113
 1276   -0.00284    0.02766   -0.01064
 1277   -0.00511    0.02344   -0.00770
 1278   -0.00803    0.02062   -0.00392
 1279   -0.01102    0.01781   -0.00114
 1280   -0.00941    0.01380    0.00101
 1281   -0.01216    0.01287    0.00129
 1282   -0.01023    0.01095    0.00167
 1283   -0.00846    0.00936    0.00337
 1284   -0.00803    0.01012    0.00321
 1285   -0.00752    0.01253    0.00138
 1286   -0.00685    0.01335    0.00019
 1287   -0.00554    0.01880   -0.00425
 1288   -0.00160    0.01799   -0.00448
 1289   -0.00205    0.01531   -0.00019
 1290    0.00211    0.01651   -0.00607
 1291    0.00196    0.01556   -0.00704
 1292    0.00457    0.01382   -0.00843
 1293    0.00224    0.01250   -0.00473
 1294   -0.00177    0.01135    0.00038
 1295   -0.00442    0.01326    0.00099
 1296   -0.00689    0.01198    0.00297
 1297   -0.00611    0.01127    0.00444
 1298   -0.00585    0.01240    0.00357
 1299   -0.00659    0.01019    0.00441
 1300   -0.00602    0.00917    0.00574
 1301   -0.00509    0.00647    0.00564
 1302   -0.00468    0.00616    0.00409
 1303   -0.00461    0.00488    0.00301
 1304   -0.00579    0.00479    0.00253
 1305   -0.00435    0.00423    0.00036
 1306   -0.00434    0.00312   -0.00125
 1307   -0.00141    0.00135   -0.00296
 1308   -0.00149    0.00133   -0.00435
 1309    0.00055    0.00035   -0.00519
 1310    0.00193   -0.00070   -0.00592
 1311    0.00315   -0.00129   -0.00505
 1312    0.00305   -0.00108   -0.00459
 1313    0.00422   -0.00105   -0.00460
 1314    0.00421    0.00070   -0.00413
 1315    0.00592    0.00111   -0.00441
 1316    0.00565   -0.00313   -0.00631
 1317    0.00478   -0.00313   -0.00612
 1318    0.00480   -0.00355   -0.00730
 1319    0.00623   -0.00342   -0.00768
 1320    0.00543   -0.00286   -0.00833
 1321    0.00518   -0.00216   -0.00757
 1322    0.00637   -0.00258   -0.00690
 1323    0.00730   -0.00283   -0.00781
 1324    0.00752   -0.00222   -0.00852
 1325    0.00602   -0.00087   -0.00814
 1326    0.00582   -0.00070   -0.00742
 1327    0.00506    0.00018   -0.00649
 1328    0.00354    0.00081   -0.00641
 1329    0.00242    0.00172   -0.00633
 1330    0.00163    0.00133   -0.00592
 1331    0.00004    0.00184   -0.00724
 1332    0.00016    0.00073   -0.00704
 1333    0.00037    0.00046   -0.00709
 1334   -0.00034   -0.00019   -0.00671
 1335    0.00021   -0.00040   -0.00720
 1336    0.00103   -0.00061   -0.00730
 1337    0.00140   -0.00180   -0.00798
 1338    0.00068   -0.00196   -0.00725
 1339    0.00018   -0.00094   -0.00636
 1340   -0.00055    0.00242   -0.00451
 1341   -0.00336    0.00294   -0.00097
 1342   -0.00450    0.00929    0.00383
 1343   -0.00762    0.00918    0.00832
 1344   -0.01547    0.01887    0.02257
 1345   -0.02271    0.01790    0.03292
 1346   -0.01678    0.02170    0.03367
 1347   -0.00871    0.01173    0.00968
 1348   -0.00491    0.00474   -0.00024
 1349   -0.00185    0.00139   -0.00451
 1350   -0.00221   -0.00112   -0.00396
 1351   -0.00078   -0.00202   -0.00617
 1352   -0.00059   -0.00328   -0.00723
 1353   -0.00097   -0.00295   -0.00685
 1354   -0.00016   -0.00316   -0.00778
 1355    0.00100   -0.00339   -0.00849
 1356    0.00050   -0.00171   -0.00780
 1357   -0.00127   -0.00025   -0.00786
 1358    0.00019   -0.00088   -0.00783
 1359   -0.00001   -0.00116   -0.00723
 1360   -0.00203    0.00072   -0.00683
 1361   -0.00292    0.00164   -0.00690
 1362   -0.00217    0.00116   -0.00603
 1363   -0.00273    0.00106   -0.00512
 1364   -0.00453    0.00323   -0.00495
 1365   -0.00463    0.00335   -0.00443
 1366   -0.00418    0.00242   -0.00339
 1367   -0.00523    0.00397   -0.00283
 1368   -0.00751    0.00523   -0.00126
 1369   -0.00593    0.00432   -0.00021
 1370   -0.00640    0.00444    0.00130
 1371   -0.00835    0.00680    0.00199
 1372   -0.00803    0.00700    0.00212
 1373   -0.00727    0.00608    0.00424
 1374   -0.00723    0.00765    0.00563
 1375   -0.00674    0.00794    0.00566
 1376   -0.00480    0.00936    0.00588
 1377   -0.00130    0.00878    0.00407
 1378    0.00277    0.01027   -0.00156
 1379    0.00336    0.01146   -0.00294
 1380    0.00759    0.01268   -0.00866
 1381    0.00335    0.01201   -0.00647
 1382    0.00789    0.01349   -0.01255
 1383    0.00920    0.01344   -0.01441
 1384    0.01593    0.01661   -0.01923
 1385    0.01131    0.01453   -0.01533
 1386    0.01641    0.01480   -0.01497
 1387    0.00563    0.00636    0.00326
 1388   -0.00044    0.00070    0.01187
 1389    0.00031    0.00238    0.00629
 1390   -0.00279    0.00371    0.01119
 1391   -0.00249    0.00449    0.01283
 1392   -0.00255    0.00612    0.00601
 1393   -0.00263    0.00948    0.00369
 1394   -0.00412    0.00839    0.01065
 1395   -0.00361    0.00726    0.01065
 1396   -0.00249    0.01062    0.00491
 1397   -0.00359    0.01111    0.00708
 1398   -0.00411    0.00994    0.01140
 1399   -0.00483    0.01020    0.00943
 1400   -0.00482    0.01134    0.00740
 1401   -0.00578    0.01070    0.00859
 1402   -0.00559    0.00984    0.01077
 1403   -0.00542    0.01004    0.00890
 1404   -0.00616    0.01002    0.00747
 1405   -0.00630    0.00822    0.01027
 1406   -0.00604    0.00766    0.00954
 1407   -0.00641    0.00813    0.00721
 1408   -0.00611    0.00718    0.00772
 1409   -0.00533    0.00528    0.00832
 1410   -0.00528    0.00522    0.00667
 1411   -0.00569    0.00555    0.00506
 1412   -0.00502    0.00391    0.00522
 1413   -0.00352    0.00266    0.00460
 1414   -0.00400    0.00318    0.00252
 1415   -0.00366    0.00274    0.00136
 1416   -0.00149    0.00085    0.00124
 1417   -0.00090    0.00026    0.00046
 1418   -0.00148    0.00093   -0.00078
 1419   -0.00055    0.00035   -0.00166
 1420    0.00118   -0.00110   -0.00223
 1421    0.00058   -0.00116   -0.00308
 1422    0.00028   -0.00034   -0.00416
 1423    0.00190   -0.00119   -0.00489
 1424    0.00269   -0.00218   -0.00572
 1425    0.00181   -0.00200   -0.00629
 1426    0.00201   -0.00166   -0.00730
 1427    0.00373   -0.00247   -0.00771
 1428    0.00346   -0.00360   -0.00784
 1429    0.00260   -0.00356   -0.00887
 1430    0.00331   -0.00305   -0.00897
 1431    0.00419   -0.00401   -0.00898
 1432    0.00344   -0.00574   -0.00991
 1433    0.00260   -0.00528   -0.00986
 1434    0.00355   -0.00414   -0.00918
 1435    0.00329   -0.00615   -0.00972
 1436    0.00242   -0.00806   -0.01089
 1437    0.00127   -0.00720   -0.00999
 1438    0.00268   -0.00632   -0.00941
 1439    0.00264   -0.00926   -0.01055
 1440    0.00061   -0.01046   -0.01036
 1441    0.00022   -0.00836   -0.00951
 1442    0.00138   -0.00849   -0.01031
 1443   -0.00031   -0.00567   -0.00784
 1444   -0.00070   -0.00572   -0.00720
 1445    0.00216   -0.00156   -0.00693
 1446    0.00833    0.00222   -0.00755
 1447    0.00993    0.00174   -0.00950
 1448    0.00942    0.00271   -0.00775
 1449    0.00958    0.00054   -0.00828
 1450    0.00646    0.00129   -0.00812
 1451    0.00572   -0.00009   -0.00859
 1452    0.00547    0.00235   -0.00759
 1453    0.00446    0.00182   -0.00692
 1454    0.00354    0.00477   -0.00426
 1455   -0.00004    0.00212   -0.00292
 1456   -0.00000    0.00183   -0.00257
 1457   -0.00525   -0.00009    0.00036
 1458   -0.00912    0.00199    0.00485
 1459   -0.00926   -0.00115    0.00314
 1460   -0.01472   -0.00009    0.00975
 1461   -0.01551   -0.00145    0.01121
 1462   -0.01845   -0.00827    0.01048
 1463   -0.01316   -0.00716    0.00411
 1464   -0.00903   -0.00414    0.00181
 1465   -0.01144   -0.00773    0.00362
 1466   -0.01070   -0.01086    0.00026
 1467   -0.00492   -0.00800   -0.00432
 1468   -0.00439   -0.00725   -0.00375
 1469   -0.00419   -0.00813   -0.00390
 1470   -0.00276   -0.00878   -0.00605
 1471   -0.00619   -0.01050   -0.00401
 1472   -0.00700   -0.01090   -0.00458
 1473   -0.00811   -0.01122   -0.00325
 1474   -0.00356   -0.00963   -0.00593
 1475   -0.00586   -0.01033   -0.00369
 1476   -0.01187   -0.01265   -0.00099
 1477   -0.00855   -0.00905   -0.00220
 1478   -0.00421   -0.01010   -0.00620
 1479   -0.00538   -0.00953   -0.00571
 1480   -0.00747   -0.00583   -0.00135
 1481   -0.00412   -0.00609   -0.00391
 1482   -0.00457   -0.00753   -0.00414
 1483   -0.00753   -0.00899   -0.00363
 1484    0.00143    0.00687   -0.00120
 1485    0.00453    0.00753   -0.00390
 1486    0.01634    0.01461   -0.00786
