    1    0.01638   -0.01548    0.02661
    2    0.01618   -0.01514    0.02500
    3    0.01580   -0.01465    0.02487
    4    0.01594   -0.01434    0.02416
    5    0.01523   -0.01422    0.02359
    6    0.01515   -0.01358    0.02319
    7    0.01482   -0.01316    0.02257
    8    0.01452   -0.01249    0.02240
    9    0.01474   -0.01167    0.02227
   10    0.01503   -0.01134    0.02315
   11    0.01520   -0.01137    0.02322
   12    0.01345   -0.01176    0.02262
   13    0.01378   -0.01321    0.02243
   14    0.01223   -0.01163    0.01968
   15    0.01198   -0.01191    0.01893
   16    0.00950   -0.01148    0.01665
   17    0.00891   -0.01090    0.01666
   18    0.00945   -0.01111    0.01622
   19    0.00846   -0.01028    0.01548
   20    0.01030   -0.01057    0.01695
   21    0.01036   -0.01074    0.01754
   22    0.00952   -0.01069    0.01800
   23    0.01122   -0.01196    0.01932
   24    0.01229   -0.01202    0.01975
   25    0.01353   -0.01237    0.02070
   26    0.01270   -0.01221    0.01970
   27    0.01245   -0.01237    0.02073
   28    0.01137   -0.01277    0.01929
   29    0.00916   -0.01176    0.01501
   30    0.00530   -0.01249    0.01054
   31    0.00289   -0.01287    0.00861
   32    0.00253   -0.01355    0.00612
   33   -0.00020   -0.01273    0.00475
   34   -0.00759   -0.01392   -0.00049
   35   -0.01124   -0.01525    0.00148
   36   -0.02282   -0.01649   -0.00901
   37   -0.02799   -0.01837   -0.01275
   38   -0.03287   -0.02027   -0.01777
   39   -0.03952   -0.01823   -0.01425
   40   -0.03599   -0.01920   -0.01640
   41   -0.03070   -0.01659   -0.01530
   42   -0.02658   -0.01872   -0.01905
   43   -0.02145   -0.01904   -0.02024
   44   -0.01703   -0.01752   -0.01907
   45   -0.01309   -0.02016   -0.02228
   46   -0.01671   -0.02187   -0.02482
   47   -0.01749   -0.01795   -0.01793
   48   -0.02128   -0.01605   -0.01672
   49   -0.02173   -0.01149   -0.01315
   50   -0.02153   -0.00672   -0.01086
   51   -0.02547   -0.00489   -0.01136
   52   -0.02338    0.00118   -0.01074
   53   -0.02842    0.00148   -0.01168
   54   -0.02515    0.00853   -0.01285
   55   -0.02123    0.00884   -0.01215
   56   -0.02099    0.00886   -0.01174
   57   -0.01852    0.00760   -0.01021
   58   -0.01688    0.01178   -0.00994
   59   -0.01628    0.01272   -0.01014
   60   -0.01662    0.00871   -0.00829
   61   -0.01488    0.00925   -0.00694
   62   -0.01386    0.01362   -0.00760
   63   -0.01324    0.01389   -0.00689
   64   -0.01344    0.01648   -0.00911
   65   -0.01227    0.01834   -0.00849
   66   -0.01643    0.01482   -0.00996
   67   -0.01746    0.01015   -0.00834
   68   -0.01499    0.01000   -0.00558
   69   -0.01758    0.00520   -0.00701
   70   -0.01785    0.00304   -0.00631
   71   -0.01505    0.00731   -0.00409
   72   -0.01537    0.00289   -0.00410
   73   -0.01647   -0.00100   -0.00633
   74   -0.01549   -0.00209   -0.00534
   75   -0.01516   -0.00696   -0.00774
   76   -0.01719   -0.00939   -0.01078
   77   -0.01646   -0.01187   -0.01296
   78   -0.01814   -0.00853   -0.01080
   79   -0.02015   -0.00487   -0.00994
   80   -0.02501   -0.00431   -0.01109
   81   -0.02563    0.00096   -0.01106
   82   -0.03233    0.00246   -0.01097
   83   -0.03601    0.00734   -0.01201
   84   -0.03361    0.01022   -0.01345
   85   -0.02532    0.00963   -0.01369
   86   -0.02096    0.01473   -0.01655
   87   -0.01730    0.01548   -0.01438
   88   -0.01631    0.01587   -0.01231
   89   -0.01403    0.01935   -0.01286
   90   -0.01180    0.02241   -0.01526
   91   -0.01052    0.02395   -0.01483
   92   -0.01107    0.02318   -0.01568
   93   -0.01168    0.02166   -0.01355
   94   -0.01259    0.01956   -0.01191
   95   -0.01431    0.01609   -0.01029
   96   -0.01392    0.01365   -0.00937
   97   -0.01257    0.01011   -0.00917
   98   -0.01461    0.01077   -0.00906
   99   -0.01426    0.00835   -0.00823
  100   -0.01280    0.00569   -0.00789
  101   -0.01404    0.00627   -0.00832
  102   -0.01453    0.00466   -0.00834
  103   -0.01205    0.00247   -0.00766
  104   -0.01232    0.00153   -0.00803
  105   -0.01334    0.00050   -0.00778
  106   -0.01279   -0.00221   -0.00869
  107   -0.01048   -0.00404   -0.00884
  108   -0.01197   -0.00324   -0.00786
  109   -0.01329   -0.00670   -0.00878
  110   -0.01515   -0.00384   -0.00601
  111   -0.01465   -0.00073   -0.00333
  112   -0.01370    0.00093   -0.00064
  113   -0.01324    0.00534   -0.00106
  114   -0.01184    0.00818    0.00156
  115   -0.01014    0.01175    0.00148
  116   -0.01054    0.01185    0.00164
  117   -0.00940    0.01564    0.00160
  118   -0.00821    0.01770    0.00365
  119   -0.00726    0.02087    0.00183
  120   -0.00604    0.02379    0.00502
  121   -0.00631    0.02186    0.00675
  122   -0.00721    0.01988    0.00404
  123   -0.00618    0.02288    0.00207
  124   -0.00480    0.02571    0.00400
  125   -0.00430    0.02750    0.00204
  126   -0.00509    0.02677   -0.00099
  127   -0.00423    0.02836   -0.00134
  128   -0.00544    0.02651   -0.00126
  129   -0.00454    0.02869   -0.00222
  130   -0.00443    0.03058   -0.00525
  131   -0.00647    0.02769   -0.00691
  132   -0.00692    0.02791   -0.00859
  133   -0.00752    0.02847   -0.01200
  134   -0.00786    0.03009   -0.01483
  135   -0.00916    0.02712   -0.01585
  136   -0.00968    0.02493   -0.01290
  137   -0.00876    0.02757   -0.01247
  138   -0.00892    0.02626   -0.00961
  139   -0.00765    0.03216   -0.01094
  140   -0.00660    0.03785   -0.01531
  141   -0.00622    0.03506   -0.01118
  142   -0.00697    0.03062   -0.01064
  143   -0.00746    0.02666   -0.00818
  144   -0.00903    0.02334   -0.00785
  145   -0.01066    0.01949   -0.00695
  146   -0.01052    0.01761   -0.00428
  147   -0.01104    0.01569   -0.00422
  148   -0.01042    0.01833   -0.00537
  149   -0.00879    0.02137   -0.00448
  150   -0.00804    0.02389   -0.00641
  151   -0.00708    0.02495   -0.00539
  152   -0.00586    0.02758   -0.00665
  153   -0.00467    0.02882   -0.00583
  154   -0.00331    0.03111   -0.00276
  155   -0.00187    0.03509   -0.00306
  156   -0.00295    0.03257   -0.00565
  157   -0.00362    0.03065   -0.00361
  158   -0.00548    0.02767   -0.00492
  159   -0.00600    0.02636   -0.00349
  160   -0.00780    0.02371   -0.00450
  161   -0.00836    0.02217   -0.00294
  162   -0.00969    0.01939   -0.00245
  163   -0.00951    0.01704   -0.00031
  164   -0.01099    0.01392    0.00062
  165   -0.01168    0.01123    0.00194
  166   -0.01330    0.00779    0.00359
  167   -0.01510    0.00488    0.00323
  168   -0.01484    0.00274    0.00682
  169   -0.01567    0.00004    0.00562
  170   -0.01841   -0.00363    0.00517
  171   -0.01707   -0.00159    0.00042
  172   -0.01514    0.00167   -0.00255
  173   -0.01431    0.00565   -0.00181
  174   -0.01391    0.00711   -0.00420
  175   -0.01374    0.01047   -0.00412
  176   -0.01372    0.01305   -0.00633
  177   -0.01263    0.01602   -0.00724
  178   -0.01180    0.01878   -0.00939
  179   -0.01115    0.02067   -0.01141
  180   -0.01000    0.02286   -0.01252
  181   -0.00962    0.02305   -0.01538
  182   -0.00839    0.02485   -0.01530
  183   -0.00735    0.02419   -0.01658
  184   -0.00660    0.02499   -0.01629
  185   -0.00592    0.02473   -0.01591
  186   -0.00428    0.02894   -0.01548
  187   -0.00519    0.02902   -0.01453
  188   -0.00620    0.02713   -0.01404
  189   -0.00451    0.02936   -0.01278
  190   -0.00419    0.03118   -0.01145
  191   -0.00557    0.02900   -0.01043
  192   -0.00601    0.02738   -0.00959
  193   -0.00483    0.02888   -0.01007
  194   -0.00614    0.02715   -0.01105
  195   -0.00660    0.02642   -0.01421
  196   -0.00898    0.02355   -0.01451
  197   -0.00931    0.02331   -0.01240
  198   -0.01096    0.02100   -0.01198
  199   -0.01173    0.01935   -0.01046
  200   -0.01303    0.01740   -0.01007
  201   -0.01392    0.01555   -0.00836
  202   -0.01548    0.01431   -0.00825
  203   -0.01636    0.01328   -0.00724
  204   -0.01832    0.01323   -0.01015
  205   -0.01877    0.01080   -0.01160
  206   -0.01689    0.01188   -0.00995
  207   -0.01645    0.01338   -0.01134
  208   -0.01492    0.01461   -0.01228
  209   -0.01437    0.01702   -0.01307
  210   -0.01311    0.01867   -0.01389
  211   -0.01197    0.02028   -0.01507
  212   -0.01044    0.02147   -0.01586
  213   -0.00998    0.02088   -0.01814
  214   -0.00829    0.02174   -0.01818
  215   -0.00655    0.02089   -0.01945
  216   -0.00459    0.01990   -0.01826
  217   -0.00507    0.01943   -0.01685
  218   -0.00410    0.01944   -0.01504
  219   -0.00599    0.02255   -0.01707
  220   -0.00831    0.02371   -0.01942
  221   -0.00967    0.02677   -0.02093
  222   -0.00844    0.02751   -0.01892
  223   -0.00811    0.02601   -0.01754
  224   -0.00723    0.02366   -0.01679
  225   -0.00851    0.02461   -0.01651
  226   -0.00978    0.02333   -0.01588
  227   -0.01088    0.02206   -0.01342
  228   -0.01227    0.01942   -0.01216
  229   -0.01317    0.01713   -0.01000
  230   -0.01428    0.01434   -0.00881
  231   -0.01513    0.01122   -0.00728
  232   -0.01536    0.00900   -0.00681
  233   -0.01514    0.00668   -0.00536
  234   -0.01573    0.00684   -0.00339
  235   -0.01751    0.00442   -0.00292
  236   -0.01929    0.00061    0.00145
  237   -0.01937    0.00245    0.00331
  238   -0.01790    0.00771   -0.00132
  239   -0.01513    0.00993   -0.00103
  240   -0.01437    0.01206   -0.00325
  241   -0.01293    0.01410   -0.00376
  242   -0.01193    0.01638   -0.00502
  243   -0.01108    0.01863   -0.00599
  244   -0.01010    0.02061   -0.00750
  245   -0.00863    0.02300   -0.00837
  246   -0.00823    0.02403   -0.00947
  247   -0.00911    0.02320   -0.01069
  248   -0.00979    0.02135   -0.00867
  249   -0.01001    0.02103   -0.00784
  250   -0.01001    0.01931   -0.00531
  251   -0.01100    0.01633   -0.00386
  252   -0.00985    0.01612   -0.00186
  253   -0.01122    0.01283   -0.00175
  254   -0.01250    0.00968   -0.00194
  255   -0.01379    0.00544   -0.00173
  256   -0.01467    0.00201   -0.00062
  257   -0.01340    0.00045   -0.00382
  258   -0.01287   -0.00372   -0.00564
  259   -0.01022   -0.00520   -0.00812
  260   -0.00972   -0.00791   -0.01032
  261   -0.00720   -0.00919   -0.01064
  262   -0.00876   -0.01065   -0.01054
  263   -0.01228   -0.00890   -0.01014
  264   -0.01443   -0.00595   -0.00848
  265   -0.01774   -0.00352   -0.00899
  266   -0.02189   -0.00450   -0.00920
  267   -0.02665   -0.00129   -0.00940
  268   -0.03456   -0.00512   -0.00862
  269   -0.04174   -0.00582   -0.00892
  270   -0.04079   -0.01341   -0.01089
  271   -0.04046   -0.01673   -0.01507
  272   -0.03396   -0.01695   -0.01690
  273   -0.03477   -0.02254   -0.02227
  274   -0.03157   -0.02584   -0.02682
  275   -0.02874   -0.02523   -0.02695
  276   -0.02190   -0.02401   -0.02601
  277   -0.01844   -0.02075   -0.02247
  278   -0.01357   -0.01811   -0.01968
  279   -0.01659   -0.01627   -0.01426
  280   -0.02131   -0.01505   -0.01198
  281   -0.02334   -0.01304   -0.00790
  282   -0.02956   -0.01003   -0.00735
  283   -0.03445   -0.01197   -0.00644
  284   -0.03148   -0.01580   -0.01149
  285   -0.02565   -0.01791   -0.01535
  286   -0.02107   -0.01738   -0.01455
  287   -0.01684   -0.01969   -0.01917
  288   -0.01112   -0.01602   -0.01328
  289   -0.00594   -0.01419   -0.01020
  290   -0.00260   -0.01394   -0.00344
  291    0.00140   -0.01284   -0.00057
  292   -0.00128   -0.01255    0.00183
  293   -0.00549   -0.01319    0.00250
  294   -0.00928   -0.01291    0.00473
  295   -0.01666   -0.01387    0.00076
  296   -0.01619   -0.01195    0.00022
  297   -0.01172   -0.01123    0.00159
  298   -0.01432   -0.00987   -0.00207
  299   -0.01397   -0.01073   -0.00621
  300   -0.01463   -0.01220   -0.00956
  301   -0.01230   -0.01399   -0.01302
  302   -0.00806   -0.01418   -0.01251
  303   -0.00820   -0.01408   -0.00875
  304   -0.00384   -0.01306   -0.00363
  305   -0.00126   -0.01196    0.00163
  306   -0.00575   -0.01173    0.00285
  307   -0.00344   -0.01130    0.00743
  308   -0.00436   -0.01145    0.01146
  309   -0.00006   -0.01307    0.01307
  310   -0.00053   -0.01462    0.01423
  311    0.00377   -0.01346    0.01406
  312    0.00517   -0.01258    0.01138
  313    0.00661   -0.01207    0.01204
  314    0.00792   -0.01120    0.01111
  315    0.01008   -0.01214    0.01535
  316    0.01089   -0.01303    0.01681
  317    0.01182   -0.01299    0.01946
  318    0.01257   -0.01266    0.01946
  319    0.01312   -0.01231    0.01981
  320    0.01384   -0.01175    0.02094
  321    0.01503   -0.01197    0.02137
  322    0.01624   -0.01153    0.02228
  323    0.01711   -0.01217    0.02195
  324    0.01801   -0.01175    0.02323
  325    0.01372   -0.01351    0.01802
  326    0.01346   -0.01404    0.01747
  327    0.01374   -0.01455    0.01812
  328    0.01485   -0.01457    0.01888
  329    0.01473   -0.01429    0.02005
  330    0.01440   -0.01326    0.01996
  331    0.01503   -0.01275    0.01992
  332    0.01570   -0.01383    0.02014
  333    0.01640   -0.01442    0.02115
  334    0.01627   -0.01396    0.02171
  335    0.01718   -0.01364    0.02134
  336    0.01663   -0.01315    0.02171
  337    0.01595   -0.01236    0.02218
  338    0.01611   -0.01234    0.02323
  339    0.01588   -0.01135    0.02367
  340    0.01601   -0.01257    0.02528
  341    0.01573   -0.01311    0.02534
  342    0.01479   -0.01324    0.02496
  343    0.01397   -0.01315    0.02570
  344    0.01339   -0.01309    0.02391
  345    0.01317   -0.01272    0.02214
  346    0.01407   -0.01340    0.02299
  347    0.01452   -0.01355    0.02447
  348    0.01534   -0.01392    0.02495
  349    0.01641   -0.01393    0.02533
  350    0.01629   -0.01385    0.02571
  351    0.01699   -0.01378    0.02638
  352    0.01670   -0.01459    0.02788
  353    0.01748   -0.01476    0.03061
  354    0.01796   -0.01536    0.03243
  355    0.01789   -0.01373    0.02969
  356    0.01754   -0.01244    0.02766
  357    0.01649   -0.01317    0.02738
  358    0.01631   -0.01371    0.02657
  359    0.01510   -0.01377    0.02654
  360    0.01416   -0.01345    0.02556
  361    0.01357   -0.01391    0.02517
  362    0.01195   -0.01380    0.02535
  363    0.01180   -0.01451    0.02337
  364    0.01246   -0.01412    0.02249
  365    0.01213   -0.01338    0.02239
  366    0.01051   -0.01386    0.02172
  367    0.01045   -0.01436    0.01948
  368    0.01135   -0.01374    0.01896
  369    0.01044   -0.01419    0.01797
  370    0.00969   -0.01460    0.01669
  371    0.00962   -0.01444    0.01518
  372    0.01010   -0.01346    0.01489
  373    0.00887   -0.01420    0.01235
  374    0.00870   -0.01413    0.01096
  375    0.00915   -0.01266    0.01103
  376    0.00811   -0.01209    0.00853
  377    0.00686   -0.01402    0.00614
  378    0.00809   -0.01321    0.00794
  379    0.00871   -0.01216    0.00726
  380    0.00719   -0.01365    0.00380
  381    0.00715   -0.01427    0.00457
  382    0.00854   -0.01264    0.00593
  383    0.00601   -0.01144    0.00271
  384    0.00419   -0.01241   -0.00138
  385    0.00050   -0.01240   -0.00461
  386   -0.00242   -0.01122   -0.00403
  387   -0.00498   -0.01116   -0.00766
  388   -0.00839   -0.00995   -0.00771
  389   -0.00928   -0.00761   -0.00455
  390   -0.01265   -0.00608   -0.00463
  391   -0.01332   -0.00271   -0.00285
  392   -0.01205    0.00087   -0.00397
  393   -0.01374    0.00594   -0.00621
  394   -0.00938    0.00755   -0.00593
  395   -0.01114    0.01252   -0.00716
  396   -0.00747    0.01324   -0.00725
  397   -0.00667    0.01145   -0.00783
  398   -0.00493    0.00622   -0.00546
  399   -0.00510    0.00773   -0.00347
  400   -0.00449    0.00764   -0.00271
  401   -0.00287    0.00322   -0.00203
  402   -0.00546    0.00442   -0.00174
  403   -0.00506    0.00441    0.00019
  404   -0.00335    0.00382    0.00030
  405   -0.00412    0.00034    0.00016
  406   -0.00526    0.00060    0.00132
  407   -0.00360    0.00150    0.00295
  408   -0.00209   -0.00129    0.00315
  409   -0.00418   -0.00403    0.00352
  410   -0.00330   -0.00330    0.00566
  411   -0.00104   -0.00214    0.00647
  412   -0.00024   -0.00508    0.00548
  413   -0.00209   -0.00732    0.00691
  414   -0.00080   -0.00625    0.00919
  415    0.00210   -0.00646    0.00849
  416    0.00193   -0.00886    0.00726
  417    0.00108   -0.00983    0.01000
  418    0.00298   -0.00951    0.01131
  419    0.00502   -0.00974    0.00993
  420    0.00476   -0.01116    0.00962
  421    0.00482   -0.01118    0.01155
  422    0.00592   -0.01033    0.01203
  423    0.00741   -0.01051    0.01072
  424    0.00727   -0.01124    0.01095
  425    0.00803   -0.01131    0.01347
  426    0.00891   -0.01122    0.01380
  427    0.00919   -0.01156    0.01331
  428    0.00966   -0.01195    0.01465
  429    0.01006   -0.01218    0.01589
  430    0.01082   -0.01275    0.01585
  431    0.01096   -0.01287    0.01647
  432    0.01184   -0.01282    0.01744
  433    0.01223   -0.01316    0.01727
  434    0.01208   -0.01328    0.01747
  435    0.01239   -0.01335    0.01858
  436    0.01302   -0.01362    0.01871
  437    0.01297   -0.01392    0.01883
  438    0.01307   -0.01378    0.01992
  439    0.01386   -0.01418    0.02118
  440    0.01422   -0.01500    0.02053
  441    0.01375   -0.01529    0.02101
  442    0.01384   -0.01530    0.02241
  443    0.01445   -0.01560    0.02242
  444    0.01421   -0.01629    0.02189
  445    0.01374   -0.01655    0.02297
  446    0.01389   -0.01632    0.02361
  447    0.01438   -0.01670    0.02282
  448    0.01379   -0.01730    0.02285
  449    0.01360   -0.01737    0.02451
  450    0.01411   -0.01752    0.02483
  451    0.01503   -0.01839    0.02403
  452    0.01570   -0.01912    0.02446
  453    0.01462   -0.01775    0.02547
  454    0.01552   -0.01737    0.02472
  455    0.01641   -0.01696    0.02324
  456    0.01646   -0.01614    0.02221
  457    0.01726   -0.01545    0.02166
  458    0.01741   -0.01475    0.02149
  459    0.01674   -0.01410    0.02183
  460    0.01592   -0.01459    0.02237
  461    0.01621   -0.01456    0.02308
  462    0.01582   -0.01556    0.02367
  463    0.01646   -0.01602    0.02457
  464    0.01527   -0.01649    0.02566
  465    0.01505   -0.01743    0.02606
  466    0.01456   -0.01745    0.02746
  467    0.01527   -0.01650    0.02759
  468    0.01531   -0.01618    0.02842
  469    0.01564   -0.01559    0.02942
  470    0.01568   -0.01519    0.02974
  471    0.01481   -0.01578    0.03085
  472    0.01437   -0.01566    0.02865
  473    0.01489   -0.01499    0.02732
  474    0.01429   -0.01512    0.02794
  475    0.01373   -0.01591    0.02796
  476    0.01394   -0.01571    0.02612
  477    0.01418   -0.01519    0.02617
  478    0.01333   -0.01568    0.02642
  479    0.01330   -0.01647    0.02594
  480    0.01319   -0.01723    0.02790
  481    0.01339   -0.01685    0.02720
  482    0.01336   -0.01848    0.02814
  483    0.01369   -0.01896    0.02729
  484    0.01458   -0.01925    0.02587
  485    0.02151   -0.02038    0.01784
  486    0.01992   -0.01977    0.01764
  487    0.01968   -0.01908    0.01741
  488    0.01898   -0.01902    0.01739
  489    0.01840   -0.01802    0.01739
  490    0.01807   -0.01779    0.01703
  491    0.01744   -0.01718    0.01674
  492    0.01732   -0.01671    0.01620
  493    0.01738   -0.01685    0.01558
  494    0.01822   -0.01712    0.01557
  495    0.01830   -0.01714    0.01584
  496    0.01786   -0.01537    0.01567
  497    0.01749   -0.01575    0.01743
  498    0.01504   -0.01394    0.01514
  499    0.01439   -0.01365    0.01522
  500    0.01249   -0.01100    0.01443
  501    0.01292   -0.01048    0.01426
  502    0.01237   -0.01089    0.01426
  503    0.01194   -0.00992    0.01349
  504    0.01318   -0.01203    0.01389
  505    0.01380   -0.01213    0.01421
  506    0.01419   -0.01119    0.01408
  507    0.01497   -0.01299    0.01540
  508    0.01520   -0.01435    0.01559
  509    0.01608   -0.01536    0.01626
  510    0.01506   -0.01445    0.01584
  511    0.01599   -0.01429    0.01620
  512    0.01457   -0.01302    0.01634
  513    0.01084   -0.01031    0.01464
  514    0.00693   -0.00598    0.01472
  515    0.00537   -0.00344    0.01458
  516    0.00290   -0.00302    0.01497
  517    0.00215   -0.00016    0.01329
  518   -0.00185    0.00763    0.01336
  519    0.00020    0.01054    0.01445
  520   -0.00836    0.02298    0.01384
  521   -0.01106    0.02825    0.01498
  522   -0.01508    0.03324    0.01553
  523   -0.01086    0.03891    0.01416
  524   -0.01302    0.03590    0.01457
  525   -0.01214    0.03098    0.01226
  526   -0.01612    0.02771    0.01361
  527   -0.01766    0.02323    0.01355
  528   -0.01683    0.01927    0.01255
  529   -0.02032    0.01619    0.01449
  530   -0.02229    0.01976    0.01540
  531   -0.01550    0.01957    0.01275
  532   -0.01390    0.02269    0.01111
  533   -0.01019    0.02260    0.00749
  534   -0.00754    0.02216    0.00323
  535   -0.00739    0.02569    0.00137
  536   -0.00643    0.02368   -0.00430
  537   -0.00672    0.02828   -0.00479
  538   -0.00738    0.02539   -0.01172
  539   -0.00715    0.02186   -0.01182
  540   -0.00693    0.02178   -0.01150
  541   -0.00594    0.01952   -0.00998
  542   -0.00535    0.01801   -0.01390
  543   -0.00534    0.01767   -0.01491
  544   -0.00399    0.01751   -0.01107
  545   -0.00290    0.01595   -0.01130
  546   -0.00317    0.01510   -0.01556
  547   -0.00245    0.01433   -0.01609
  548   -0.00422    0.01460   -0.01868
  549   -0.00341    0.01333   -0.02057
  550   -0.00470    0.01718   -0.01757
  551   -0.00366    0.01809   -0.01276
  552   -0.00120    0.01548   -0.01245
  553   -0.00268    0.01792   -0.00816
  554   -0.00245    0.01820   -0.00568
  555    0.00004    0.01554   -0.00953
  556   -0.00025    0.01583   -0.00548
  557   -0.00282    0.01717   -0.00190
  558   -0.00216    0.01640   -0.00060
  559   -0.00511    0.01632    0.00377
  560   -0.00810    0.01845    0.00578
  561   -0.01063    0.01801    0.00802
  562   -0.00825    0.01922    0.00522
  563   -0.00687    0.02082    0.00192
  564   -0.00745    0.02531    0.00122
  565   -0.00681    0.02577   -0.00378
  566   -0.00578    0.03184   -0.00492
  567   -0.00596    0.03529   -0.00983
  568   -0.00708    0.03320   -0.01295
  569   -0.00822    0.02573   -0.01254
  570   -0.01084    0.02200   -0.01785
  571   -0.00902    0.01844   -0.01845
  572   -0.00716    0.01752   -0.01831
  573   -0.00756    0.01556   -0.02161
  574   -0.00967    0.01385   -0.02482
  575   -0.00923    0.01269   -0.02618
  576   -0.01021    0.01326   -0.02545
  577   -0.00835    0.01354   -0.02354
  578   -0.00701    0.01436   -0.02122
  579   -0.00565    0.01568   -0.01778
  580   -0.00518    0.01527   -0.01509
  581   -0.00570    0.01410   -0.01141
  582   -0.00520    0.01578   -0.01235
  583   -0.00480    0.01557   -0.00952
  584   -0.00554    0.01382   -0.00681
  585   -0.00511    0.01544   -0.00803
  586   -0.00517    0.01566   -0.00646
  587   -0.00524    0.01327   -0.00418
  588   -0.00560    0.01384   -0.00350
  589   -0.00534    0.01450   -0.00271
  590   -0.00651    0.01405   -0.00019
  591   -0.00705    0.01212    0.00143
  592   -0.00563    0.01356    0.00060
  593   -0.00645    0.01493    0.00371
  594   -0.00320    0.01649    0.00123
  595   -0.00043    0.01578   -0.00135
  596    0.00223    0.01452   -0.00265
  597    0.00223    0.01406   -0.00698
  598    0.00473    0.01251   -0.00936
  599    0.00474    0.01096   -0.01283
  600    0.00478    0.01146   -0.01272
  601    0.00504    0.01045   -0.01631
  602    0.00727    0.00904   -0.01817
  603    0.00583    0.00832   -0.02145
  604    0.00916    0.00693   -0.02392
  605    0.01038    0.00725   -0.02183
  606    0.00759    0.00832   -0.02008
  607    0.00599    0.00756   -0.02313
  608    0.00802    0.00616   -0.02560
  609    0.00628    0.00599   -0.02743
  610    0.00340    0.00690   -0.02711
  611    0.00321    0.00595   -0.02875
  612    0.00339    0.00693   -0.02715
  613    0.00271    0.00608   -0.02945
  614    0.00005    0.00627   -0.03155
  615   -0.00167    0.00833   -0.02892
  616   -0.00311    0.00874   -0.02940
  617   -0.00622    0.00954   -0.03033
  618   -0.00857    0.00999   -0.03238
  619   -0.00984    0.01135   -0.02959
  620   -0.00716    0.01152   -0.02715
  621   -0.00640    0.01043   -0.02992
  622   -0.00371    0.01017   -0.02858
  623   -0.00414    0.00885   -0.03515
  624   -0.00780    0.00852   -0.04088
  625   -0.00435    0.00796   -0.03717
  626   -0.00454    0.00867   -0.03255
  627   -0.00265    0.00895   -0.02836
  628   -0.00267    0.01054   -0.02502
  629   -0.00213    0.01199   -0.02124
  630    0.00026    0.01157   -0.01926
  631   -0.00009    0.01220   -0.01735
  632   -0.00095    0.01187   -0.01980
  633    0.00007    0.01035   -0.02258
  634   -0.00160    0.00986   -0.02513
  635   -0.00070    0.00899   -0.02594
  636   -0.00174    0.00801   -0.02855
  637   -0.00102    0.00692   -0.02955
  638    0.00209    0.00536   -0.03147
  639    0.00219    0.00405   -0.03532
  640   -0.00057    0.00545   -0.03308
  641    0.00116    0.00585   -0.03095
  642   -0.00029    0.00783   -0.02823
  643    0.00075    0.00830   -0.02677
  644   -0.00022    0.01017   -0.02435
  645    0.00117    0.01043   -0.02284
  646    0.00138    0.01165   -0.02014
  647    0.00309    0.01106   -0.01767
  648    0.00375    0.01226   -0.01460
  649    0.00477    0.01268   -0.01192
  650    0.00600    0.01406   -0.00847
  651    0.00566    0.01607   -0.00580
  652    0.00893    0.01514   -0.00325
  653    0.00778    0.01607   -0.00079
  654    0.00725    0.01887    0.00268
  655    0.00289    0.01808    0.00016
  656    0.00019    0.01676   -0.00348
  657    0.00124    0.01552   -0.00697
  658   -0.00091    0.01527   -0.00866
  659   -0.00048    0.01516   -0.01183
  660   -0.00228    0.01524   -0.01460
  661   -0.00298    0.01434   -0.01751
  662   -0.00476    0.01378   -0.02031
  663   -0.00661    0.01341   -0.02235
  664   -0.00747    0.01238   -0.02456
  665   -0.01030    0.01231   -0.02501
  666   -0.01002    0.01114   -0.02664
  667   -0.01148    0.01019   -0.02626
  668   -0.01114    0.00963   -0.02718
  669   -0.01094    0.00900   -0.02653
  670   -0.01095    0.00673   -0.03084
  671   -0.00919    0.00811   -0.03061
  672   -0.00907    0.00903   -0.02881
  673   -0.00767    0.00747   -0.03071
  674   -0.00613    0.00689   -0.03240
  675   -0.00524    0.00808   -0.03023
  676   -0.00467    0.00860   -0.02853
  677   -0.00513    0.00762   -0.02989
  678   -0.00623    0.00912   -0.02825
  679   -0.00960    0.00960   -0.02814
  680   -0.00953    0.01220   -0.02514
  681   -0.00758    0.01227   -0.02476
  682   -0.00723    0.01386   -0.02265
  683   -0.00597    0.01426   -0.02089
  684   -0.00580    0.01563   -0.01907
  685   -0.00428    0.01607   -0.01702
  686   -0.00431    0.01747   -0.01590
  687   -0.00330    0.01828   -0.01475
  688   -0.00589    0.02050   -0.01505
  689   -0.00789    0.02100   -0.01259
  690   -0.00602    0.01889   -0.01355
  691   -0.00715    0.01875   -0.01520
  692   -0.00813    0.01737   -0.01644
  693   -0.00865    0.01698   -0.01894
  694   -0.00922    0.01584   -0.02056
  695   -0.01027    0.01483   -0.02213
  696   -0.01093    0.01336   -0.02339
  697   -0.01326    0.01284   -0.02283
  698   -0.01328    0.01120   -0.02379
  699   -0.01482    0.00936   -0.02282
  700   -0.01438    0.00734   -0.02240
  701   -0.01238    0.00735   -0.02106
  702   -0.01130    0.00594   -0.02128
  703   -0.01232    0.00826   -0.02498
  704   -0.01450    0.01092   -0.02674
  705   -0.01470    0.01248   -0.02971
  706   -0.01305    0.01084   -0.03029
  707   -0.01175    0.01100   -0.02838
  708   -0.01224    0.01010   -0.02635
  709   -0.01112    0.01116   -0.02669
  710   -0.01062    0.01231   -0.02547
  711   -0.00832    0.01306   -0.02401
  712   -0.00731    0.01420   -0.02122
  713   -0.00535    0.01513   -0.01872
  714   -0.00452    0.01597   -0.01590
  715   -0.00330    0.01675   -0.01271
  716   -0.00310    0.01717   -0.01062
  717   -0.00190    0.01688   -0.00839
  718   -0.00024    0.01717   -0.00810
  719    0.00013    0.01894   -0.00576
  720    0.00403    0.02012   -0.00173
  721    0.00576    0.01985   -0.00339
  722    0.00143    0.01908   -0.00928
  723    0.00202    0.01638   -0.01098
  724    0.00021    0.01617   -0.01336
  725   -0.00042    0.01459   -0.01540
  726   -0.00123    0.01399   -0.01755
  727   -0.00202    0.01344   -0.01979
  728   -0.00326    0.01241   -0.02175
  729   -0.00386    0.01121   -0.02414
  730   -0.00478    0.01076   -0.02529
  731   -0.00590    0.01152   -0.02470
  732   -0.00410    0.01197   -0.02274
  733   -0.00320    0.01194   -0.02244
  734   -0.00111    0.01172   -0.02052
  735    0.00012    0.01248   -0.01757
  736    0.00199    0.01106   -0.01731
  737    0.00194    0.01225   -0.01419
  738    0.00153    0.01357   -0.01105
  739    0.00148    0.01479   -0.00691
  740    0.00216    0.01556   -0.00344
  741   -0.00114    0.01485   -0.00245
  742   -0.00333    0.01461    0.00116
  743   -0.00633    0.01237    0.00234
  744   -0.00859    0.01227    0.00470
  745   -0.00960    0.00938    0.00616
  746   -0.00977    0.01010    0.00769
  747   -0.00848    0.01372    0.00598
  748   -0.00648    0.01537    0.00349
  749   -0.00638    0.01842    0.00109
  750   -0.00636    0.02216    0.00204
  751   -0.00586    0.02632   -0.00101
  752   -0.00444    0.03368    0.00260
  753   -0.00393    0.04020    0.00306
  754   -0.00678    0.03957    0.00996
  755   -0.01089    0.03967    0.01212
  756   -0.01308    0.03400    0.01196
  757   -0.01851    0.03542    0.01629
  758   -0.02317    0.03318    0.01860
  759   -0.02374    0.03067    0.01828
  760   -0.02352    0.02440    0.01747
  761   -0.02052    0.02081    0.01534
  762   -0.01827    0.01608    0.01359
  763   -0.01288    0.01812    0.01278
  764   -0.01007    0.02205    0.01176
  765   -0.00604    0.02331    0.01058
  766   -0.00451    0.02897    0.00770
  767   -0.00342    0.03337    0.00976
  768   -0.00882    0.03119    0.01242
  769   -0.01322    0.02637    0.01386
  770   -0.01313    0.02223    0.01386
  771   -0.01821    0.01869    0.01547
  772   -0.01322    0.01271    0.01340
  773   -0.01079    0.00746    0.01248
  774   -0.00520    0.00331    0.01353
  775   -0.00283   -0.00094    0.01289
  776   -0.00030    0.00126    0.01279
  777    0.00084    0.00511    0.01302
  778    0.00332    0.00832    0.01285
  779    0.00050    0.01581    0.01300
  780    0.00029    0.01547    0.01109
  781    0.00109    0.01102    0.01088
  782   -0.00157    0.01406    0.00877
  783   -0.00537    0.01444    0.00890
  784   -0.00837    0.01546    0.00962
  785   -0.01194    0.01400    0.01085
  786   -0.01211    0.01004    0.01146
  787   -0.00893    0.00940    0.01215
  788   -0.00482    0.00453    0.01224
  789   -0.00026    0.00122    0.01208
  790    0.00135    0.00539    0.01200
  791    0.00527    0.00270    0.01209
  792    0.00927    0.00278    0.01297
  793    0.01000   -0.00153    0.01491
  794    0.01103   -0.00120    0.01639
  795    0.01041   -0.00531    0.01547
  796    0.00766   -0.00650    0.01440
  797    0.00822   -0.00752    0.01428
  798    0.00728   -0.00865    0.01346
  799    0.01099   -0.01130    0.01508
  800    0.01218   -0.01226    0.01615
  801    0.01467   -0.01354    0.01651
  802    0.01475   -0.01434    0.01616
  803    0.01519   -0.01499    0.01588
  804    0.01631   -0.01579    0.01555
  805    0.01671   -0.01713    0.01580
  806    0.01750   -0.01836    0.01550
  807    0.01716   -0.01932    0.01600
  808    0.01831   -0.02033    0.01583
  809    0.01336   -0.01575    0.01674
  810    0.01270   -0.01539    0.01720
  811    0.01326   -0.01576    0.01748
  812    0.01395   -0.01713    0.01763
  813    0.01513   -0.01712    0.01748
  814    0.01517   -0.01661    0.01658
  815    0.01527   -0.01727    0.01623
  816    0.01540   -0.01831    0.01722
  817    0.01631   -0.01933    0.01774
  818    0.01675   -0.01901    0.01732
  819    0.01645   -0.01991    0.01716
  820    0.01679   -0.01910    0.01675
  821    0.01725   -0.01830    0.01604
  822    0.01823   -0.01854    0.01609
  823    0.01870   -0.01821    0.01543
  824    0.01998   -0.01858    0.01673
  825    0.01982   -0.01830    0.01707
  826    0.01937   -0.01716    0.01728
  827    0.02001   -0.01642    0.01712
  828    0.01848   -0.01566    0.01686
  829    0.01706   -0.01530    0.01633
  830    0.01772   -0.01640    0.01687
  831    0.01906   -0.01712    0.01700
  832    0.01952   -0.01816    0.01719
  833    0.01993   -0.01942    0.01721
  834    0.02043   -0.01952    0.01678
  835    0.02121   -0.02056    0.01661
  836    0.02252   -0.02053    0.01716
  837    0.02519   -0.02192    0.01739
  838    0.02647   -0.02228    0.01821
  839    0.02415   -0.02178    0.01681
  840    0.02238   -0.02101    0.01572
  841    0.02186   -0.01962    0.01679
  842    0.02091   -0.01920    0.01735
  843    0.02081   -0.01789    0.01729
  844    0.01996   -0.01676    0.01706
  845    0.01955   -0.01608    0.01728
  846    0.01951   -0.01447    0.01727
  847    0.01792   -0.01395    0.01763
  848    0.01717   -0.01464    0.01731
  849    0.01717   -0.01423    0.01683
  850    0.01654   -0.01253    0.01723
  851    0.01445   -0.01221    0.01747
  852    0.01405   -0.01299    0.01690
  853    0.01304   -0.01195    0.01726
  854    0.01187   -0.01106    0.01746
  855    0.01058   -0.01080    0.01716
  856    0.01037   -0.01122    0.01622
  857    0.00797   -0.00971    0.01658
  858    0.00675   -0.00939    0.01632
  859    0.00697   -0.00984    0.01496
  860    0.00507   -0.00848    0.01395
  861    0.00244   -0.00711    0.01558
  862    0.00431   -0.00844    0.01519
  863    0.00350   -0.00896    0.01386
  864    0.00038   -0.00714    0.01465
  865    0.00100   -0.00714    0.01544
  866    0.00230   -0.00876    0.01402
  867   -0.00017   -0.00587    0.01224
  868   -0.00337   -0.00362    0.01261
  869   -0.00615    0.00061    0.01162
  870   -0.00504    0.00330    0.01039
  871   -0.00784    0.00630    0.00942
  872   -0.00722    0.00950    0.00797
  873   -0.00408    0.00986    0.00636
  874   -0.00373    0.01300    0.00450
  875   -0.00149    0.01327    0.00183
  876   -0.00220    0.01231   -0.00169
  877   -0.00344    0.01421   -0.00692
  878   -0.00360    0.01008   -0.00795
  879   -0.00348    0.01163   -0.01308
  880   -0.00399    0.00795   -0.01393
  881   -0.00487    0.00732   -0.01180
  882   -0.00386    0.00565   -0.00696
  883   -0.00133    0.00511   -0.00748
  884   -0.00074    0.00490   -0.00731
  885   -0.00123    0.00294   -0.00331
  886   -0.00052    0.00537   -0.00437
  887    0.00143    0.00473   -0.00388
  888    0.00092    0.00318   -0.00354
  889    0.00043    0.00396   -0.00005
  890    0.00179    0.00500   -0.00010
  891    0.00320    0.00308   -0.00061
  892    0.00250    0.00191    0.00213
  893    0.00294    0.00371    0.00478
  894    0.00503    0.00276    0.00438
  895    0.00582    0.00030    0.00356
  896    0.00418   -0.00027    0.00614
  897    0.00538    0.00133    0.00861
  898    0.00765   -0.00021    0.00807
  899    0.00650   -0.00272    0.00808
  900    0.00512   -0.00256    0.01060
  901    0.00744   -0.00209    0.01170
  902    0.00857   -0.00412    0.01179
  903    0.00689   -0.00575    0.01155
  904    0.00636   -0.00551    0.01312
  905    0.00813   -0.00583    0.01338
  906    0.00870   -0.00698    0.01279
  907    0.00717   -0.00819    0.01275
  908    0.00724   -0.00806    0.01345
  909    0.00956   -0.00914    0.01394
  910    0.00994   -0.01008    0.01400
  911    0.00934   -0.01017    0.01420
  912    0.01052   -0.01087    0.01477
  913    0.01168   -0.01151    0.01517
  914    0.01145   -0.01223    0.01573
  915    0.01198   -0.01237    0.01592
  916    0.01290   -0.01345    0.01600
  917    0.01271   -0.01389    0.01626
  918    0.01279   -0.01361    0.01634
  919    0.01381   -0.01413    0.01654
  920    0.01393   -0.01494    0.01677
  921    0.01399   -0.01489    0.01697
  922    0.01494   -0.01504    0.01689
  923    0.01610   -0.01611    0.01738
  924    0.01542   -0.01654    0.01798
  925    0.01575   -0.01596    0.01812
  926    0.01708   -0.01626    0.01825
  927    0.01716   -0.01711    0.01848
  928    0.01661   -0.01682    0.01899
  929    0.01752   -0.01631    0.01917
  930    0.01822   -0.01674    0.01886
  931    0.01757   -0.01738    0.01907
  932    0.01754   -0.01676    0.01951
  933    0.01896   -0.01662    0.01950
  934    0.01940   -0.01752    0.01957
  935    0.01848   -0.01839    0.02016
  936    0.01900   -0.01948    0.02072
  937    0.02018   -0.01853    0.01946
  938    0.01951   -0.01935    0.01936
  939    0.01820   -0.02017    0.01902
  940    0.01725   -0.01992    0.01844
  941    0.01686   -0.02073    0.01788
  942    0.01672   -0.02069    0.01753
  943    0.01700   -0.01977    0.01720
  944    0.01737   -0.01895    0.01757
  945    0.01810   -0.01942    0.01736
  946    0.01861   -0.01925    0.01805
  947    0.01950   -0.02017    0.01843
  948    0.02056   -0.01921    0.01859
  949    0.02101   -0.01933    0.01919
  950    0.02223   -0.01888    0.01907
  951    0.02237   -0.01948    0.01840
  952    0.02290   -0.01927    0.01820
  953    0.02373   -0.01952    0.01778
  954    0.02384   -0.01929    0.01770
  955    0.02471   -0.01843    0.01811
  956    0.02290   -0.01789    0.01783
  957    0.02171   -0.01819    0.01746
  958    0.02208   -0.01739    0.01767
  959    0.02206   -0.01686    0.01824
  960    0.02050   -0.01698    0.01813
  961    0.02043   -0.01704    0.01797
  962    0.02051   -0.01610    0.01828
  963    0.02012   -0.01601    0.01887
  964    0.02169   -0.01626    0.01934
  965    0.02140   -0.01658    0.01883
  966    0.02197   -0.01690    0.02022
  967    0.02146   -0.01727    0.02043
  968    0.02007   -0.01789    0.02063
  969    0.01327   -0.02549    0.02229
  970    0.01292   -0.02352    0.02186
  971    0.01252   -0.02308    0.02152
  972    0.01226   -0.02209    0.02162
  973    0.01223   -0.02129    0.02089
  974    0.01173   -0.02077    0.02081
  975    0.01140   -0.01996    0.02046
  976    0.01092   -0.01983    0.02016
  977    0.01011   -0.01967    0.02028
  978    0.00981   -0.02055    0.02076
  979    0.00986   -0.02058    0.02098
  980    0.01036   -0.02005    0.01925
  981    0.01158   -0.01971    0.01983
  982    0.01010   -0.01688    0.01760
  983    0.01038   -0.01613    0.01717
  984    0.01033   -0.01404    0.01427
  985    0.01010   -0.01429    0.01359
  986    0.01011   -0.01364    0.01390
  987    0.00944   -0.01294    0.01267
  988    0.00934   -0.01419    0.01475
  989    0.00955   -0.01486    0.01497
  990    0.00951   -0.01540    0.01418
  991    0.01051   -0.01656    0.01634
  992    0.01049   -0.01685    0.01769
  993    0.01086   -0.01797    0.01896
  994    0.01079   -0.01698    0.01801
  995    0.01109   -0.01816    0.01795
  996    0.01164   -0.01676    0.01676
  997    0.01092   -0.01263    0.01374
  998    0.01226   -0.00871    0.00932
  999    0.01281   -0.00715    0.00663
 1000    0.01360   -0.00481    0.00600
 1001    0.01285   -0.00388    0.00300
 1002    0.01484    0.00008   -0.00479
 1003    0.01621   -0.00232   -0.00767
 1004    0.01890    0.00621   -0.02016
 1005    0.02130    0.00884   -0.02539
 1006    0.02350    0.01289   -0.03041
 1007    0.02228    0.00872   -0.03656
 1008    0.02263    0.01089   -0.03347
 1009    0.01948    0.01031   -0.02872
 1010    0.02104    0.01428   -0.02504
 1011    0.02070    0.01584   -0.02037
 1012    0.01890    0.01524   -0.01629
 1013    0.02098    0.01860   -0.01271
 1014    0.02283    0.02039   -0.01628
 1015    0.01899    0.01374   -0.01663
 1016    0.01756    0.01231   -0.02025
 1017    0.01326    0.00898   -0.02079
 1018    0.00851    0.00680   -0.02100
 1019    0.00719    0.00691   -0.02496
 1020    0.00110    0.00665   -0.02376
 1021    0.00142    0.00700   -0.02864
 1022   -0.00575    0.00861   -0.02665
 1023   -0.00652    0.00836   -0.02297
 1024   -0.00638    0.00804   -0.02273
 1025   -0.00542    0.00669   -0.02019
 1026   -0.00963    0.00676   -0.01917
 1027   -0.01062    0.00689   -0.01900
 1028   -0.00712    0.00503   -0.01832
 1029   -0.00764    0.00386   -0.01663
 1030   -0.01197    0.00469   -0.01635
 1031   -0.01249    0.00405   -0.01568
 1032   -0.01491    0.00631   -0.01645
 1033   -0.01702    0.00583   -0.01548
 1034   -0.01320    0.00675   -0.01898
 1035   -0.00854    0.00497   -0.01917
 1036   -0.00899    0.00253   -0.01651
 1037   -0.00409    0.00354   -0.01846
 1038   -0.00167    0.00284   -0.01831
 1039   -0.00625    0.00088   -0.01609
 1040   -0.00211    0.00068   -0.01581
 1041    0.00200    0.00275   -0.01659
 1042    0.00305    0.00180   -0.01548
 1043    0.00787    0.00419   -0.01474
 1044    0.01064    0.00704   -0.01662
 1045    0.01319    0.00934   -0.01581
 1046    0.01020    0.00723   -0.01753
 1047    0.00683    0.00622   -0.01980
 1048    0.00688    0.00686   -0.02456
 1049    0.00188    0.00690   -0.02582
 1050    0.00129    0.00610   -0.03229
 1051   -0.00302    0.00538   -0.03802
 1052   -0.00600    0.00829   -0.03489
 1053   -0.00654    0.00958   -0.02702
 1054   -0.01192    0.01289   -0.02401
 1055   -0.01330    0.01111   -0.02045
 1056   -0.01369    0.00919   -0.01940
 1057   -0.01726    0.01003   -0.01788
 1058   -0.02031    0.01259   -0.01663
 1059   -0.02200    0.01233   -0.01552
 1060   -0.02096    0.01321   -0.01595
 1061   -0.01939    0.01103   -0.01613
 1062   -0.01717    0.00943   -0.01656
 1063   -0.01383    0.00758   -0.01746
 1064   -0.01144    0.00673   -0.01672
 1065   -0.00792    0.00676   -0.01504
 1066   -0.00854    0.00644   -0.01679
 1067   -0.00591    0.00575   -0.01621
 1068   -0.00373    0.00560   -0.01429
 1069   -0.00436    0.00563   -0.01563
 1070   -0.00272    0.00558   -0.01574
 1071   -0.00081    0.00538   -0.01301
 1072    0.00003    0.00551   -0.01330
 1073    0.00100    0.00491   -0.01401
 1074    0.00363    0.00594   -0.01323
 1075    0.00516    0.00630   -0.01080
 1076    0.00438    0.00495   -0.01231
 1077    0.00778    0.00550   -0.01320
 1078    0.00505    0.00249   -0.01509
 1079    0.00192   -0.00008   -0.01473
 1080   -0.00001   -0.00266   -0.01372
 1081   -0.00437   -0.00206   -0.01387
 1082   -0.00735   -0.00442   -0.01262
 1083   -0.01103   -0.00398   -0.01149
 1084   -0.01093   -0.00414   -0.01192
 1085   -0.01472   -0.00382   -0.01132
 1086   -0.01703   -0.00570   -0.01013
 1087   -0.02018   -0.00367   -0.00985
 1088   -0.02329   -0.00664   -0.00867
 1089   -0.02139   -0.00834   -0.00850
 1090   -0.01919   -0.00579   -0.00950
 1091   -0.02216   -0.00361   -0.00914
 1092   -0.02512   -0.00527   -0.00797
 1093   -0.02679   -0.00318   -0.00800
 1094   -0.02588   -0.00036   -0.00899
 1095   -0.02758    0.00015   -0.00836
 1096   -0.02578   -0.00028   -0.00920
 1097   -0.02805    0.00076   -0.00872
 1098   -0.02972    0.00378   -0.00933
 1099   -0.02651    0.00509   -0.01113
 1100   -0.02662    0.00669   -0.01182
 1101   -0.02695    0.00996   -0.01287
 1102   -0.02848    0.01270   -0.01375
 1103   -0.02535    0.01354   -0.01474
 1104   -0.02337    0.01057   -0.01455
 1105   -0.02621    0.01029   -0.01396
 1106   -0.02523    0.00748   -0.01353
 1107   -0.03163    0.00896   -0.01311
 1108   -0.03670    0.01335   -0.01357
 1109   -0.03393    0.00935   -0.01246
 1110   -0.02937    0.00876   -0.01247
 1111   -0.02554    0.00623   -0.01211
 1112   -0.02206    0.00564   -0.01312
 1113   -0.01817    0.00451   -0.01406
 1114   -0.01655    0.00181   -0.01331
 1115   -0.01456    0.00177   -0.01357
 1116   -0.01700    0.00296   -0.01352
 1117   -0.02017    0.00235   -0.01224
 1118   -0.02258    0.00442   -0.01210
 1119   -0.02373    0.00360   -0.01120
 1120   -0.02636    0.00508   -0.01054
 1121   -0.02769    0.00451   -0.00945
 1122   -0.03027    0.00171   -0.00801
 1123   -0.03435    0.00226   -0.00719
 1124   -0.03157    0.00469   -0.00828
 1125   -0.02967    0.00258   -0.00846
 1126   -0.02645    0.00356   -0.01005
 1127   -0.02514    0.00217   -0.01025
 1128   -0.02224    0.00313   -0.01160
 1129   -0.02084    0.00130   -0.01183
 1130   -0.01801    0.00061   -0.01269
 1131   -0.01587   -0.00166   -0.01189
 1132   -0.01270   -0.00283   -0.01235
 1133   -0.01005   -0.00448   -0.01291
 1134   -0.00646   -0.00637   -0.01377
 1135   -0.00337   -0.00648   -0.01530
 1136   -0.00134   -0.00992   -0.01391
 1137    0.00133   -0.00919   -0.01487
 1138    0.00543   -0.00927   -0.01720
 1139    0.00340   -0.00425   -0.01676
 1140    0.00001   -0.00083   -0.01566
 1141   -0.00409   -0.00134   -0.01527
 1142   -0.00552    0.00121   -0.01529
 1143   -0.00881    0.00116   -0.01564
 1144   -0.01126    0.00347   -0.01615
 1145   -0.01423    0.00457   -0.01563
 1146   -0.01682    0.00682   -0.01552
 1147   -0.01867    0.00895   -0.01540
 1148   -0.02085    0.01023   -0.01471
 1149   -0.02094    0.01309   -0.01475
 1150   -0.02281    0.01313   -0.01376
 1151   -0.02238    0.01461   -0.01285
 1152   -0.02325    0.01447   -0.01229
 1153   -0.02311    0.01421   -0.01135
 1154   -0.02753    0.01455   -0.00986
 1155   -0.02738    0.01296   -0.01103
 1156   -0.02550    0.01255   -0.01160
 1157   -0.02786    0.01146   -0.01019
 1158   -0.02976    0.01015   -0.00990
 1159   -0.02755    0.00889   -0.01091
 1160   -0.02588    0.00808   -0.01104
 1161   -0.02745    0.00875   -0.01016
 1162   -0.02551    0.00956   -0.01138
 1163   -0.02487    0.01296   -0.01192
 1164   -0.02137    0.01273   -0.01411
 1165   -0.02127    0.01055   -0.01411
 1166   -0.01886    0.00984   -0.01533
 1167   -0.01730    0.00806   -0.01571
 1168   -0.01544    0.00749   -0.01666
 1169   -0.01350    0.00573   -0.01710
 1170   -0.01224    0.00550   -0.01854
 1171   -0.01122    0.00429   -0.01921
 1172   -0.01097    0.00700   -0.02175
 1173   -0.00832    0.00835   -0.02197
 1174   -0.00967    0.00694   -0.01983
 1175   -0.01119    0.00855   -0.01986
 1176   -0.01213    0.00941   -0.01826
 1177   -0.01465    0.01051   -0.01841
 1178   -0.01629    0.01120   -0.01739
 1179   -0.01779    0.01268   -0.01662
 1180   -0.01913    0.01352   -0.01539
 1181   -0.01841    0.01588   -0.01508
 1182   -0.01946    0.01608   -0.01352
 1183   -0.01872    0.01757   -0.01173
 1184   -0.01834    0.01702   -0.00961
 1185   -0.01750    0.01485   -0.00968
 1186   -0.01797    0.01360   -0.00848
 1187   -0.02069    0.01495   -0.01106
 1188   -0.02184    0.01742   -0.01394
 1189   -0.02449    0.01836   -0.01576
 1190   -0.02542    0.01657   -0.01437
 1191   -0.02406    0.01522   -0.01397
 1192   -0.02162    0.01468   -0.01247
 1193   -0.02254    0.01422   -0.01396
 1194   -0.02121    0.01360   -0.01488
 1195   -0.01997    0.01099   -0.01549
 1196   -0.01724    0.00959   -0.01632
 1197   -0.01492    0.00725   -0.01681
 1198   -0.01210    0.00581   -0.01714
 1199   -0.00915    0.00429   -0.01742
 1200   -0.00692    0.00371   -0.01738
 1201   -0.00478    0.00226   -0.01670
 1202   -0.00477    0.00021   -0.01692
 1203   -0.00208   -0.00071   -0.01824
 1204    0.00162   -0.00543   -0.01920
 1205   -0.00014   -0.00751   -0.01895
 1206   -0.00554   -0.00225   -0.01926
 1207   -0.00820   -0.00196   -0.01659
 1208   -0.01032    0.00043   -0.01642
 1209   -0.01252    0.00114   -0.01533
 1210   -0.01467    0.00267   -0.01480
 1211   -0.01687    0.00391   -0.01441
 1212   -0.01892    0.00536   -0.01393
 1213   -0.02129    0.00660   -0.01292
 1214   -0.02233    0.00763   -0.01276
 1215   -0.02139    0.00861   -0.01368
 1216   -0.01971    0.00640   -0.01384
 1217   -0.01942    0.00557   -0.01383
 1218   -0.01786    0.00305   -0.01330
 1219   -0.01493    0.00138   -0.01367
 1220   -0.01507   -0.00049   -0.01224
 1221   -0.01175   -0.00088   -0.01308
 1222   -0.00843   -0.00093   -0.01395
 1223   -0.00414   -0.00138   -0.01460
 1224   -0.00048   -0.00297   -0.01511
 1225    0.00084    0.00064   -0.01387
 1226    0.00487    0.00234   -0.01303
 1227    0.00621    0.00526   -0.01057
 1228    0.00880    0.00745   -0.00993
 1229    0.00991    0.00835   -0.00671
 1230    0.01159    0.00824   -0.00830
 1231    0.01011    0.00737   -0.01185
 1232    0.00747    0.00564   -0.01401
 1233    0.00544    0.00580   -0.01751
 1234    0.00682    0.00554   -0.02131
 1235    0.00434    0.00534   -0.02617
 1236    0.00898    0.00366   -0.03296
 1237    0.01064    0.00299   -0.03963
 1238    0.01757    0.00505   -0.03805
 1239    0.02054    0.00896   -0.03783
 1240    0.01994    0.01132   -0.03195
 1241    0.02539    0.01627   -0.03263
 1242    0.02819    0.02083   -0.02987
 1243    0.02750    0.02145   -0.02727
 1244    0.02568    0.02139   -0.02086
 1245    0.02237    0.01863   -0.01751
 1246    0.01945    0.01664   -0.01286
 1247    0.01801    0.01122   -0.01523
 1248    0.01721    0.00843   -0.01956
 1249    0.01550    0.00442   -0.02113
 1250    0.01326    0.00314   -0.02736
 1251    0.01574    0.00179   -0.03155
 1252    0.01900    0.00695   -0.02889
 1253    0.02045    0.01129   -0.02365
 1254    0.01965    0.01125   -0.01928
 1255    0.02147    0.01623   -0.01555
 1256    0.01753    0.01161   -0.00969
 1257    0.01527    0.00939   -0.00451
 1258    0.01465    0.00352   -0.00031
 1259    0.01304    0.00123    0.00373
 1260    0.01296   -0.00138    0.00139
 1261    0.01381   -0.00260   -0.00250
 1262    0.01378   -0.00520   -0.00582
 1263    0.01555   -0.00250   -0.01332
 1264    0.01364   -0.00212   -0.01329
 1265    0.01248   -0.00289   -0.00900
 1266    0.01143    0.00007   -0.01224
 1267    0.01231    0.00400   -0.01241
 1268    0.01376    0.00685   -0.01342
 1269    0.01537    0.01037   -0.01144
 1270    0.01525    0.01064   -0.00718
 1271    0.01519    0.00733   -0.00665
 1272    0.01371    0.00321   -0.00187
 1273    0.01229   -0.00139    0.00119
 1274    0.01258   -0.00316   -0.00303
 1275    0.01156   -0.00699   -0.00036
 1276    0.01184   -0.01108   -0.00045
 1277    0.01295   -0.01199    0.00435
 1278    0.01432   -0.01317    0.00433
 1279    0.01282   -0.01235    0.00845
 1280    0.01195   -0.00944    0.00959
 1281    0.01146   -0.00990    0.01073
 1282    0.01058   -0.00874    0.01176
 1283    0.01112   -0.01277    0.01470
 1284    0.01193   -0.01417    0.01590
 1285    0.01174   -0.01683    0.01719
 1286    0.01127   -0.01676    0.01781
 1287    0.01080   -0.01708    0.01834
 1288    0.01021   -0.01825    0.01916
 1289    0.01026   -0.01871    0.02038
 1290    0.00972   -0.01960    0.02169
 1291    0.01022   -0.01928    0.02250
 1292    0.00979   -0.02056    0.02361
 1293    0.01180   -0.01515    0.01867
 1294    0.01234   -0.01451    0.01832
 1295    0.01259   -0.01524    0.01863
 1296    0.01250   -0.01598    0.01988
 1297    0.01231   -0.01732    0.01995
 1298    0.01143   -0.01724    0.01956
 1299    0.01094   -0.01719    0.02012
 1300    0.01179   -0.01742    0.02100
 1301    0.01223   -0.01854    0.02184
 1302    0.01186   -0.01909    0.02167
 1303    0.01149   -0.01866    0.02266
 1304    0.01108   -0.01906    0.02199
 1305    0.01051   -0.01959    0.02143
 1306    0.01061   -0.02076    0.02179
 1307    0.00975   -0.02121    0.02160
 1308    0.01111   -0.02304    0.02217
 1309    0.01156   -0.02298    0.02198
 1310    0.01193   -0.02255    0.02113
 1311    0.01185   -0.02330    0.02034
 1312    0.01173   -0.02140    0.01943
 1313    0.01129   -0.01959    0.01879
 1314    0.01173   -0.02043    0.01980
 1315    0.01183   -0.02208    0.02043
 1316    0.01206   -0.02273    0.02126
 1317    0.01202   -0.02326    0.02242
 1318    0.01187   -0.02392    0.02217
 1319    0.01177   -0.02485    0.02292
 1320    0.01258   -0.02659    0.02291
 1321    0.01288   -0.02968    0.02402
 1322    0.01366   -0.03130    0.02510
 1323    0.01213   -0.02837    0.02444
 1324    0.01060   -0.02601    0.02369
 1325    0.01161   -0.02556    0.02282
 1326    0.01203   -0.02452    0.02263
 1327    0.01219   -0.02434    0.02146
 1328    0.01191   -0.02320    0.02034
 1329    0.01229   -0.02275    0.01965
 1330    0.01247   -0.02292    0.01815
 1331    0.01306   -0.02085    0.01767
 1332    0.01251   -0.01987    0.01823
 1333    0.01202   -0.01981    0.01785
 1334    0.01278   -0.01920    0.01624
 1335    0.01316   -0.01689    0.01584
 1336    0.01244   -0.01628    0.01660
 1337    0.01318   -0.01543    0.01573
 1338    0.01368   -0.01413    0.01480
 1339    0.01345   -0.01260    0.01445
 1340    0.01245   -0.01232    0.01481
 1341    0.01350   -0.00997    0.01339
 1342    0.01345   -0.00852    0.01295
 1343    0.01187   -0.00854    0.01311
 1344    0.01151   -0.00631    0.01170
 1345    0.01358   -0.00420    0.01036
 1346    0.01262   -0.00592    0.01149
 1347    0.01139   -0.00506    0.01188
 1348    0.01305   -0.00211    0.01012
 1349    0.01372   -0.00279    0.01054
 1350    0.01174   -0.00389    0.01139
 1351    0.01103   -0.00131    0.00832
 1352    0.01234    0.00201    0.00607
 1353    0.01265    0.00468    0.00210
 1354    0.01176    0.00366   -0.00092
 1355    0.01192    0.00652   -0.00399
 1356    0.01100    0.00600   -0.00750
 1357    0.00885    0.00307   -0.00824
 1358    0.00740    0.00275   -0.01172
 1359    0.00435    0.00087   -0.01251
 1360    0.00076    0.00215   -0.01207
 1361   -0.00403    0.00394   -0.01478
 1362   -0.00508    0.00484   -0.01042
 1363   -0.01018    0.00526   -0.01318
 1364   -0.01140    0.00561   -0.00977
 1365   -0.00970    0.00647   -0.00892
 1366   -0.00492    0.00453   -0.00616
 1367   -0.00638    0.00238   -0.00630
 1368   -0.00641    0.00164   -0.00580
 1369   -0.00261    0.00159   -0.00339
 1370   -0.00325    0.00090   -0.00589
 1371   -0.00331   -0.00092   -0.00537
 1372   -0.00312   -0.00072   -0.00353
 1373    0.00049   -0.00077   -0.00371
 1374    0.00040   -0.00185   -0.00491
 1375   -0.00068   -0.00323   -0.00306
 1376    0.00182   -0.00264   -0.00131
 1377    0.00476   -0.00363   -0.00270
 1378    0.00411   -0.00558   -0.00180
 1379    0.00248   -0.00599    0.00053
 1380    0.00520   -0.00478    0.00159
 1381    0.00770   -0.00645    0.00037
 1382    0.00651   -0.00844    0.00176
 1383    0.00670   -0.00742    0.00476
 1384    0.00901   -0.00636    0.00471
 1385    0.01008   -0.00888    0.00446
 1386    0.00935   -0.00983    0.00640
 1387    0.00926   -0.00821    0.00826
 1388    0.01076   -0.00802    0.00823
 1389    0.01077   -0.00973    0.00859
 1390    0.00982   -0.00998    0.00963
 1391    0.00987   -0.00847    0.01093
 1392    0.01055   -0.00879    0.01119
 1393    0.01054   -0.01103    0.01215
 1394    0.01029   -0.01131    0.01304
 1395    0.01063   -0.01074    0.01328
 1396    0.01096   -0.01205    0.01405
 1397    0.01094   -0.01317    0.01459
 1398    0.01151   -0.01306    0.01541
 1399    0.01168   -0.01373    0.01574
 1400    0.01140   -0.01473    0.01688
 1401    0.01174   -0.01447    0.01705
 1402    0.01180   -0.01463    0.01692
 1403    0.01187   -0.01585    0.01744
 1404    0.01198   -0.01596    0.01803
 1405    0.01217   -0.01605    0.01794
 1406    0.01204   -0.01716    0.01823
 1407    0.01233   -0.01853    0.01923
 1408    0.01295   -0.01785    0.01948
 1409    0.01324   -0.01833    0.01904
 1410    0.01329   -0.01988    0.01937
 1411    0.01348   -0.02003    0.01993
 1412    0.01402   -0.01946    0.01953
 1413    0.01438   -0.02056    0.01925
 1414    0.01408   -0.02148    0.01947
 1415    0.01421   -0.02072    0.01978
 1416    0.01479   -0.02078    0.01912
 1417    0.01493   -0.02257    0.01919
 1418    0.01510   -0.02313    0.01960
 1419    0.01547   -0.02224    0.02048
 1420    0.01595   -0.02296    0.02108
 1421    0.01495   -0.02418    0.02018
 1422    0.01462   -0.02332    0.02107
 1423    0.01406   -0.02168    0.02183
 1424    0.01349   -0.02032    0.02175
 1425    0.01280   -0.01972    0.02255
 1426    0.01224   -0.01933    0.02273
 1427    0.01185   -0.01952    0.02210
 1428    0.01234   -0.02007    0.02134
 1429    0.01226   -0.02105    0.02164
 1430    0.01313   -0.02190    0.02130
 1431    0.01357   -0.02311    0.02198
 1432    0.01406   -0.02447    0.02093
 1433    0.01481   -0.02518    0.02069
 1434    0.01494   -0.02665    0.02039
 1435    0.01418   -0.02673    0.02122
 1436    0.01392   -0.02729    0.02147
 1437    0.01356   -0.02823    0.02206
 1438    0.01333   -0.02827    0.02231
 1439    0.01387   -0.02936    0.02161
 1440    0.01360   -0.02716    0.02065
 1441    0.01298   -0.02563    0.02103
 1442    0.01327   -0.02607    0.02065
 1443    0.01387   -0.02610    0.02001
 1444    0.01363   -0.02419    0.01990
 1445    0.01327   -0.02401    0.02031
 1446    0.01378   -0.02423    0.01950
 1447    0.01434   -0.02374    0.01929
 1448    0.01493   -0.02574    0.01955
 1449    0.01454   -0.02543    0.01937
 1450    0.01587   -0.02640    0.01947
 1451    0.01617   -0.02580    0.01952
 1452    0.01624   -0.02421    0.01999
