    1    0.00518    0.01198   -0.01425
    2    0.00445    0.01202   -0.01543
    3    0.00425    0.00991   -0.01268
    4    0.00365    0.00813   -0.01145
    5    0.00384    0.01198   -0.01909
    6    0.00327    0.01205   -0.01994
    7    0.00075    0.01215   -0.02402
    8    0.00016    0.01235   -0.02280
    9    0.00404    0.01064   -0.01278
   10    0.00355    0.00929   -0.01110
   11    0.00307    0.00768   -0.01144
   12    0.00304    0.00797   -0.01298
   13    0.00385    0.01043   -0.01061
   14    0.00433    0.01220   -0.01212
   15    0.00564    0.01438   -0.01174
   16    0.00642    0.01604   -0.01110
   17    0.00579    0.01387   -0.01155
   18    0.00265    0.00651   -0.01040
   19    0.00216    0.00529   -0.01072
   20    0.00230    0.00541   -0.01093
   21    0.00272    0.00636   -0.01095
   22    0.00170    0.00417   -0.00960
   23    0.00138    0.00374   -0.00924
   24    0.00111    0.00324   -0.00802
   25    0.00097    0.00340   -0.01022
   26    0.00183    0.00445   -0.01107
   27    0.00184    0.00425   -0.01096
   28    0.00141    0.00384   -0.00972
   29    0.00107    0.00346   -0.00914
   30    0.00149    0.00342   -0.01124
   31    0.00193    0.00362   -0.01244
   32    0.00166    0.00282   -0.01257
   33    0.00198    0.00284   -0.01369
   34    0.00284    0.00343   -0.01475
   35    0.00122    0.00389   -0.00931
   36    0.00081    0.00317   -0.00801
   37    0.00032    0.00238   -0.00795
   38    0.00029    0.00209   -0.00856
   39    0.00036    0.00280   -0.00761
   40    0.00088    0.00354   -0.00890
   41    0.00171    0.00422   -0.00990
   42    0.00004    0.00186   -0.00678
   43   -0.00017    0.00144   -0.00624
   44   -0.00063    0.00066   -0.00530
   45   -0.00066    0.00061   -0.00441
   46   -0.00029    0.00140   -0.00568
   47   -0.00064    0.00087   -0.00513
   48   -0.00064    0.00058   -0.00563
   49   -0.00070    0.00105   -0.00633
   50   -0.00073    0.00022   -0.00543
   51   -0.00090   -0.00052   -0.00474
   52   -0.00111   -0.00062   -0.00364
   53   -0.00111   -0.00059   -0.00369
   54   -0.00094   -0.00097   -0.00512
   55   -0.00114   -0.00180   -0.00411
   56   -0.00077   -0.00241   -0.00444
   57   -0.00064   -0.00238   -0.00576
   58   -0.00090   -0.00337   -0.00385
   59   -0.00136   -0.00123   -0.00286
   60   -0.00138   -0.00129   -0.00229
   61   -0.00169   -0.00176   -0.00204
   62   -0.00214   -0.00231   -0.00170
   63   -0.00166   -0.00118   -0.00191
   64   -0.00146   -0.00138   -0.00110
   65   -0.00175   -0.00164   -0.00168
   66   -0.00156   -0.00170   -0.00071
   67   -0.00123   -0.00141   -0.00202
   68   -0.00126   -0.00162   -0.00196
   69   -0.00105   -0.00129   -0.00201
   70   -0.00108   -0.00080   -0.00229
   71   -0.00125   -0.00233   -0.00304
   72   -0.00121   -0.00290   -0.00295
   73   -0.00138   -0.00312   -0.00219
   74   -0.00097   -0.00310   -0.00395
   75   -0.00101   -0.00163   -0.00119
   76   -0.00056   -0.00139   -0.00034
   77   -0.00069   -0.00089   -0.00075
   78   -0.00062   -0.00025   -0.00003
   79   -0.00041   -0.00196    0.00007
   80   -0.00145   -0.00274   -0.00037
   81   -0.00151   -0.00240   -0.00057
   82   -0.00027   -0.00119   -0.00125
   83   -0.00032   -0.00142   -0.00171
   84   -0.00149   -0.00096   -0.00339
   85   -0.00157    0.00004   -0.00285
   86   -0.00145   -0.00327   -0.00344
   87   -0.00215   -0.00373   -0.00498
   88   -0.00162   -0.00504   -0.00622
   89   -0.00079   -0.00530   -0.00622
   90   -0.00237   -0.00548   -0.00691
   91   -0.00134   -0.00145   -0.00388
   92   -0.00153   -0.00117   -0.00472
   93   -0.00167   -0.00009   -0.00425
   94   -0.00181   -0.00011   -0.00511
   95   -0.00104   -0.00135   -0.00476
   96   -0.00062   -0.00174   -0.00568
   97   -0.00047   -0.00166   -0.00568
   98   -0.00037   -0.00059   -0.00635
   99   -0.00146    0.00015   -0.00296
  100   -0.00150    0.00080   -0.00207
  101   -0.00165    0.00145   -0.00056
  102   -0.00210    0.00154   -0.00126
  103   -0.00133    0.00070   -0.00109
  104   -0.00120    0.00035   -0.00156
  105   -0.00121    0.00012   -0.00198
  106   -0.00105    0.00013   -0.00058
  107   -0.00155    0.00119    0.00020
  108   -0.00215    0.00116    0.00058
  109   -0.00277    0.00132    0.00001
  110   -0.00372    0.00115   -0.00031
  111   -0.00155    0.00086    0.00026
  112   -0.00005    0.00069    0.00149
  113   -0.00012    0.00094    0.00259
  114    0.00008    0.00006    0.00090
  115   -0.00235    0.00081   -0.00193
  116   -0.00327   -0.00006   -0.00371
  117   -0.00379   -0.00038   -0.00543
  118   -0.00427   -0.00062   -0.00601
  119   -0.00303   -0.00141   -0.00670
  120   -0.00331   -0.00151   -0.00787
  121   -0.00408   -0.00261   -0.00794
  122   -0.00420   -0.00235   -0.00879
  123   -0.00606   -0.00244   -0.00861
  124   -0.00324   -0.00008   -0.00542
  125   -0.00331    0.00032   -0.00523
  126   -0.00363    0.00019   -0.00441
  127   -0.00436    0.00031   -0.00455
  128   -0.00277    0.00073   -0.00479
  129   -0.00277    0.00079   -0.00468
  130   -0.00216    0.00091   -0.00519
  131   -0.00367    0.00060   -0.00264
  132   -0.00414    0.00093   -0.00091
  133   -0.00524    0.00077   -0.00146
  134   -0.00556    0.00066   -0.00163
  135   -0.00359    0.00148    0.00076
  136   -0.00281    0.00164    0.00025
  137   -0.00223    0.00163    0.00172
  138   -0.00296    0.00111   -0.00056
  139   -0.00556    0.00083   -0.00156
  140   -0.00644    0.00118   -0.00199
  141   -0.00717    0.00041   -0.00326
  142   -0.00811    0.00036   -0.00314
  143   -0.00670    0.00132   -0.00254
  144   -0.00611    0.00068   -0.00331
  145   -0.00628   -0.00028   -0.00466
  146   -0.00661   -0.00012   -0.00568
  147   -0.00670   -0.00005   -0.00531
  148   -0.00734   -0.00044   -0.00546
  149   -0.00536    0.00038   -0.00688
  150   -0.00535   -0.00018   -0.00751
  151   -0.00372    0.00023   -0.00845
  152   -0.00331   -0.00036   -0.00928
  153   -0.00273   -0.00059   -0.01016
  154   -0.00256   -0.00032   -0.01024
  155   -0.00248   -0.00147   -0.01096
  156   -0.00621    0.00012   -0.00458
  157   -0.00646   -0.00048   -0.00378
  158   -0.00744   -0.00072   -0.00314
  159   -0.00790   -0.00165   -0.00256
  160   -0.00562   -0.00053   -0.00319
  161   -0.00476   -0.00019   -0.00356
  162   -0.00409   -0.00009   -0.00293
  163   -0.00468   -0.00048   -0.00409
  164   -0.00763   -0.00018   -0.00273
  165   -0.00863   -0.00058   -0.00213
  166   -0.00760   -0.00068   -0.00168
  167   -0.00769   -0.00174   -0.00124
  168   -0.00673    0.00028   -0.00140
  169   -0.00574    0.00019   -0.00111
  170   -0.00573    0.00143   -0.00117
  171   -0.00568    0.00254   -0.00115
  172   -0.00464    0.00033   -0.00060
  173   -0.00339    0.00077   -0.00005
  174   -0.00456   -0.00020   -0.00082
  175   -0.00497    0.00078   -0.00123
  176   -0.00405    0.00217   -0.00110
  177   -0.00132    0.00238   -0.00138
  178   -0.00027    0.00201   -0.00167
  179   -0.00529    0.00070   -0.00151
  180    0.00149    0.00435   -0.00089
  181    0.00596    0.00637   -0.00134
  182    0.00807    0.00997    0.00252
  183    0.00664    0.01297    0.00591
  184    0.00800    0.01105    0.00340
  185    0.00791    0.01809    0.01107
  186    0.00607    0.01451    0.01049
  187    0.00593    0.01574    0.01593
  188    0.01672    0.01861    0.00582
  189    0.02225    0.02187    0.00483
  190    0.05770    0.02264    0.00039
  191    0.07841    0.01957   -0.00690
  192    0.07990    0.03736    0.00778
  193    0.00584    0.00859    0.00401
  194    0.00399    0.00663    0.00353
  195    0.00176    0.00631    0.00600
  196    0.00083    0.00499    0.00495
  197    0.00377    0.00399   -0.00023
  198    0.00626    0.00359   -0.00392
  199    0.00763    0.00295   -0.00667
  200    0.00741    0.00336   -0.00605
  201    0.00972    0.00339   -0.00941
  202    0.00949    0.00383   -0.00949
  203    0.00633    0.00315   -0.00520
  204    0.01085    0.00513   -0.01154
  205    0.00690    0.00343   -0.00728
  206    0.00915    0.00473   -0.00987
  207    0.00225    0.00590    0.00736
  208    0.00144    0.00432    0.00585
  209    0.00114    0.00248    0.00570
  210    0.00234    0.00273    0.00502
  211    0.00301    0.00684    0.00736
  212    0.00333    0.01011    0.00781
  213    0.00135    0.00673    0.00388
  214    0.00164    0.00748    0.00350
  215    0.00369    0.01078    0.00450
  216    0.00438    0.01293    0.00604
  217    0.00255    0.00988    0.00412
  218    0.00078    0.00145    0.00505
  219    0.00088    0.00002    0.00294
  220    0.00078   -0.00057    0.00252
  221    0.00057   -0.00086    0.00151
  222   -0.00026   -0.00009    0.00202
  223   -0.00024    0.00035    0.00182
  224   -0.00055    0.00075    0.00193
  225   -0.00030    0.00003    0.00155
  226   -0.00072    0.00074    0.00121
  227   -0.00040    0.00028    0.00122
  228   -0.00060    0.00047    0.00094
  229    0.00071   -0.00070    0.00217
  230    0.00066   -0.00136    0.00258
  231    0.00011   -0.00236    0.00254
  232    0.00004   -0.00199    0.00242
  233    0.00281   -0.00130    0.00472
  234    0.00323   -0.00245    0.00454
  235    0.00498    0.00013    0.00592
  236   -0.00033   -0.00325    0.00243
  237   -0.00112   -0.00425    0.00171
  238   -0.00120   -0.00482    0.00244
  239   -0.00078   -0.00517    0.00340
  240   -0.00209   -0.00514    0.00132
  241   -0.00228   -0.00491    0.00084
  242   -0.00257   -0.00533    0.00068
  243   -0.00210   -0.00409    0.00079
  244   -0.00180   -0.00531    0.00158
  245   -0.00225   -0.00587    0.00160
  246   -0.00299   -0.00646    0.00149
  247   -0.00314   -0.00644    0.00114
  248   -0.00230   -0.00527    0.00133
  249   -0.00254   -0.00525    0.00109
  250   -0.00169   -0.00415    0.00150
  251   -0.00331   -0.00712    0.00158
  252   -0.00363   -0.00767    0.00134
  253   -0.00372   -0.00755    0.00109
  254   -0.00374   -0.00779    0.00100
  255   -0.00354   -0.00803    0.00160
  256   -0.00336   -0.00825    0.00164
  257   -0.00320   -0.00886    0.00196
  258   -0.00371   -0.00829    0.00153
  259   -0.00378   -0.00744    0.00127
  260   -0.00396   -0.00738    0.00128
  261   -0.00393   -0.00677    0.00126
  262   -0.00357   -0.00646    0.00143
  263   -0.00407   -0.00655    0.00131
  264   -0.00426   -0.00597    0.00129
  265   -0.00482   -0.00619    0.00175
  266   -0.00535   -0.00584    0.00175
  267   -0.00410   -0.00530    0.00116
  268   -0.00365   -0.00456    0.00073
  269   -0.00354   -0.00418    0.00053
  270   -0.00330   -0.00394    0.00049
  271   -0.00497   -0.00674    0.00217
  272   -0.00596   -0.00699    0.00280
  273   -0.00587   -0.00732    0.00277
  274   -0.00514   -0.00758    0.00263
  275   -0.00631   -0.00750    0.00336
  276   -0.00577   -0.00762    0.00303
  277   -0.00526   -0.00830    0.00267
  278   -0.00551   -0.00901    0.00315
  279   -0.00476   -0.00830    0.00216
  280   -0.00689   -0.00716    0.00297
  281   -0.00686   -0.00718    0.00287
  282   -0.00621   -0.00824    0.00292
  283   -0.00550   -0.00801    0.00253
  284   -0.00811   -0.00700    0.00319
  285   -0.00850   -0.00590    0.00280
  286   -0.00844   -0.00547    0.00247
  287   -0.00967   -0.00534    0.00249
  288   -0.00742   -0.00513    0.00191
  289   -0.00651   -0.00937    0.00374
  290   -0.00595   -0.01082    0.00379
  291   -0.00459   -0.01062    0.00343
  292   -0.00415   -0.01175    0.00346
  293   -0.00691   -0.01219    0.00477
  294   -0.00868   -0.01302    0.00557
  295   -0.01016   -0.01439    0.00800
  296   -0.00991   -0.01319    0.00900
  297   -0.01601   -0.02411    0.01742
  298   -0.00435   -0.00971    0.00303
  299   -0.00356   -0.00961    0.00270
  300   -0.00306   -0.00882    0.00246
  301   -0.00233   -0.00861    0.00235
  302   -0.00380   -0.00897    0.00252
  303   -0.00380   -0.00978    0.00246
  304   -0.00339   -0.00805    0.00206
  305   -0.00307   -0.00699    0.00164
  306   -0.00310   -0.00706    0.00137
  307   -0.00201   -0.00613    0.00113
  308   -0.00357   -0.00594    0.00125
  309   -0.00374   -0.00574    0.00123
  310   -0.00432   -0.00517    0.00110
  311   -0.00307   -0.00485    0.00084
  312   -0.00375   -0.00764    0.00171
  313   -0.00438   -0.00716    0.00216
  314   -0.00293   -0.00822    0.00221
  315   -0.00272   -0.00758    0.00244
  316   -0.00192   -0.00931    0.00230
  317   -0.00005   -0.00986    0.00252
  318    0.00118   -0.00792    0.00260
  319    0.00255   -0.00744    0.00336
  320   -0.00029   -0.01173    0.00273
  321   -0.00136   -0.01040    0.00278
  322    0.00104   -0.00637    0.00246
  323    0.00215   -0.00454    0.00315
  324    0.00388   -0.00286    0.00291
  325    0.00288   -0.00152    0.00133
  326    0.00037   -0.00443    0.00253
  327    0.00150   -0.00277    0.00217
  328   -0.00045   -0.00538    0.00284
  329    0.00681   -0.00264    0.00535
  330    0.00938    0.00013    0.00394
  331    0.00790    0.00252    0.00087
  332    0.00589    0.00136    0.00079
  333    0.01347   -0.00074    0.01072
  334    0.01389   -0.00216    0.01285
  335    0.00894   -0.00350    0.00808
  336    0.00929    0.00569   -0.00309
  337    0.00762    0.00679   -0.00652
  338    0.01337    0.01224   -0.01102
  339    0.02697    0.02712   -0.02108
  340    0.00499    0.00738   -0.00740
  341    0.01201    0.00932   -0.01020
  342    0.00671    0.00648   -0.00859
  343    0.00539    0.00422   -0.00619
  344    0.00709    0.00484   -0.00572
  345    0.00730    0.00652   -0.00909
  346    0.01264    0.00931   -0.01140
  347    0.01913    0.01540   -0.01908
  348    0.00312    0.00302   -0.00594
  349    0.00250    0.00191   -0.00472
  350    0.00185    0.00200   -0.00507
  351    0.00115    0.00215   -0.00502
  352    0.00118    0.00080   -0.00295
  353    0.00201    0.00183   -0.00525
  354    0.00223    0.00172   -0.00437
  355    0.00084    0.00120   -0.00334
  356    0.00062    0.00147   -0.00300
  357    0.00333    0.00129   -0.00543
  358    0.00261    0.00073   -0.00404
  359    0.00026    0.00089   -0.00243
  360   -0.00025    0.00045   -0.00178
  361   -0.00068    0.00001   -0.00118
  362   -0.00056   -0.00023   -0.00074
  363   -0.00018    0.00029   -0.00157
  364   -0.00092   -0.00006   -0.00097
  365   -0.00113   -0.00046   -0.00060
  366   -0.00111   -0.00038   -0.00053
  367   -0.00101   -0.00005   -0.00065
  368   -0.00139   -0.00057   -0.00077
  369   -0.00179   -0.00123   -0.00036
  370   -0.00167   -0.00185    0.00002
  371   -0.00196   -0.00130   -0.00044
  372   -0.00114   -0.00052   -0.00024
  373   -0.00111   -0.00022   -0.00028
  374   -0.00116   -0.00066   -0.00024
  375   -0.00114   -0.00118   -0.00002
  376   -0.00104   -0.00022   -0.00027
  377   -0.00091    0.00001   -0.00054
  378   -0.00067    0.00035   -0.00071
  379   -0.00086   -0.00006   -0.00054
  380   -0.00112   -0.00046   -0.00034
  381   -0.00112   -0.00075   -0.00036
  382   -0.00097   -0.00028   -0.00067
  383   -0.00065    0.00026   -0.00088
  384   -0.00126   -0.00066   -0.00034
  385   -0.00137   -0.00099   -0.00035
  386   -0.00177   -0.00176   -0.00020
  387   -0.00138   -0.00076   -0.00032
  388   -0.00109   -0.00079   -0.00080
  389   -0.00086   -0.00040   -0.00110
  390   -0.00091   -0.00047   -0.00103
  391   -0.00140   -0.00112   -0.00084
  392   -0.00110   -0.00059   -0.00133
  393   -0.00098   -0.00030   -0.00183
  394   -0.00096   -0.00033   -0.00209
  395   -0.00125   -0.00085   -0.00170
  396   -0.00063    0.00009   -0.00123
  397   -0.00069   -0.00005   -0.00124
  398   -0.00032    0.00052   -0.00147
  399   -0.00003    0.00090   -0.00168
  400   -0.00064   -0.00018   -0.00081
  401    0.00013    0.00054   -0.00095
  402    0.00073    0.00107   -0.00089
  403    0.00010    0.00078   -0.00089
  404    0.00122    0.00160   -0.00077
  405    0.00064    0.00125   -0.00082
  406    0.00126    0.00158   -0.00064
  407   -0.00028    0.00009   -0.00155
  408    0.00031    0.00073   -0.00192
  409    0.00084    0.00148   -0.00206
  410    0.00104    0.00124   -0.00185
  411   -0.00006    0.00029   -0.00181
  412   -0.00059   -0.00076   -0.00174
  413   -0.00090   -0.00097   -0.00137
  414    0.00172    0.00207   -0.00234
  415    0.00212    0.00223   -0.00203
  416    0.00304    0.00286   -0.00210
  417    0.00324    0.00312   -0.00236
  418    0.00199    0.00234   -0.00213
  419    0.00247    0.00283   -0.00165
  420    0.00253    0.00267   -0.00111
  421    0.00240    0.00284   -0.00193
  422    0.00339    0.00274   -0.00193
  423    0.00466    0.00304   -0.00226
  424    0.00545    0.00402   -0.00161
  425    0.00517    0.00408   -0.00086
  426    0.00443    0.00272   -0.00235
  427    0.00394    0.00237   -0.00182
  428    0.00344    0.00168   -0.00256
  429    0.00608    0.00446   -0.00212
  430    0.00674    0.00488   -0.00176
  431    0.00671    0.00494   -0.00093
  432    0.00678    0.00520   -0.00039
  433    0.00760    0.00534   -0.00240
  434    0.00663    0.00456   -0.00123
  435    0.00661    0.00453   -0.00047
  436    0.00599    0.00405   -0.00002
  437    0.00661    0.00440    0.00055
  438    0.00627    0.00409   -0.00101
  439    0.00551    0.00355   -0.00030
  440    0.00628    0.00423    0.00092
  441    0.00730    0.00492    0.00116
  442    0.00586    0.00397    0.00121
  443    0.00530    0.00358   -0.00028
  444    0.00475    0.00334   -0.00001
  445    0.00530    0.00384    0.00023
  446    0.00537    0.00374    0.00063
  447    0.00398    0.00280   -0.00050
  448    0.00345    0.00288   -0.00016
  449    0.00348    0.00306   -0.00016
  450    0.00306    0.00272    0.00004
  451    0.00348    0.00287    0.00000
  452    0.00309    0.00275    0.00014
  453    0.00539    0.00398    0.00014
  454    0.00543    0.00405    0.00045
  455    0.00619    0.00404    0.00076
  456    0.00619    0.00343    0.00110
  457    0.00546    0.00419    0.00013
  458    0.00502    0.00378    0.00020
  459    0.00448    0.00362   -0.00015
  460    0.00445    0.00351   -0.00030
  461    0.00431    0.00366   -0.00010
  462    0.00684    0.00443    0.00070
  463    0.00761    0.00447    0.00101
  464    0.00799    0.00397    0.00114
  465    0.00866    0.00317    0.00146
  466    0.00836    0.00524    0.00091
  467    0.00833    0.00574    0.00058
  468    0.00837    0.00639    0.00007
  469    0.00828    0.00490    0.00066
  470    0.00756    0.00422    0.00063
  471    0.00793    0.00386    0.00053
  472    0.00758    0.00365    0.00098
  473    0.00872    0.00288    0.00102
  474    0.00668    0.00398    0.00071
  475    0.00602    0.00378    0.00074
  476    0.00675    0.00333    0.00101
  477    0.00531    0.00379    0.00067
  478    0.00670    0.00325    0.00085
  479    0.00463    0.00343    0.00046
  480    0.00528    0.00379    0.00024
  481    0.00668    0.00350    0.00119
  482    0.00630    0.00284    0.00172
  483    0.00679    0.00163    0.00216
  484    0.00708    0.00064    0.00247
  485    0.00542    0.00294    0.00173
  486    0.00491    0.00315    0.00122
  487    0.00472    0.00299    0.00130
  488    0.00405    0.00276    0.00081
  489    0.00339    0.00246    0.00050
  490    0.00361    0.00233    0.00043
  491    0.00260    0.00204    0.00017
  492    0.00712    0.00109    0.00228
  493    0.00770   -0.00087    0.00284
  494    0.00920   -0.00164    0.00251
  495    0.00952   -0.00353    0.00274
  496    0.00781   -0.00112    0.00287
  497    0.00655   -0.00032    0.00271
  498    0.00577   -0.00184    0.00326
  499    0.00509   -0.00034    0.00228
  500    0.00452    0.00051    0.00124
  501    0.01036   -0.00059    0.00177
  502    0.01217   -0.00157    0.00094
  503    0.01236   -0.00153    0.00051
  504    0.01421   -0.00303   -0.00020
  505    0.01351   -0.00066   -0.00009
  506    0.01440   -0.00097    0.00005
  507    0.01695   -0.00398   -0.00132
  508    0.02100   -0.00851   -0.00433
  509    0.02606   -0.01357   -0.01330
  510    0.01095   -0.00006    0.00068
  511    0.01057    0.00043    0.00069
  512    0.01035   -0.00103    0.00091
  513    0.01099   -0.00164    0.00042
  514    0.00883    0.00213    0.00057
  515    0.00828    0.00262   -0.00004
  516    0.00635    0.00345   -0.00001
  517    0.00584    0.00311    0.00044
  518    0.00555    0.00372   -0.00061
  519    0.00907   -0.00166    0.00200
  520    0.00855   -0.00326    0.00255
  521    0.01080   -0.00602    0.00235
  522    0.01135   -0.00693    0.00245
  523    0.00771   -0.00386    0.00288
  524    0.00632   -0.00228    0.00353
  525    0.00770   -0.00593    0.00331
  526    0.00573   -0.00234    0.00361
  527    0.01195   -0.00722    0.00172
  528    0.01434   -0.01005    0.00091
  529    0.01714   -0.01012   -0.00048
  530    0.01996   -0.01287   -0.00140
  531    0.01536   -0.01200    0.00123
  532    0.01411   -0.01458    0.00328
  533    0.01140   -0.01136    0.00369
  534    0.00954   -0.01066    0.00418
  535    0.01170   -0.01001    0.00365
  536    0.01660   -0.00740   -0.00123
  537    0.01901   -0.00679   -0.00339
  538    0.01813   -0.00691   -0.00288
  539    0.02063   -0.00836   -0.00498
  540    0.01833   -0.00417   -0.00359
  541    0.02131   -0.00385   -0.00570
  542    0.02177   -0.00284   -0.00779
  543    0.01807   -0.00235   -0.00502
  544    0.02622   -0.00288   -0.01081
  545    0.01525   -0.00539   -0.00110
  546    0.01391   -0.00509   -0.00029
  547    0.01446   -0.00766    0.00072
  548    0.01486   -0.00807    0.00072
  549    0.01104   -0.00268    0.00101
  550    0.00947   -0.00083    0.00049
  551    0.01091   -0.00039   -0.00087
  552    0.00746   -0.00001    0.00131
  553    0.01476   -0.00963    0.00150
  554    0.01567   -0.01357    0.00314
  555    0.01454   -0.01311    0.00467
  556    0.01263   -0.01162    0.00617
  557    0.01904   -0.01705    0.00115
  558    0.02044   -0.01800    0.00033
  559    0.02508   -0.02262   -0.00232
  560    0.02809   -0.02440   -0.00314
  561    0.03400   -0.02999   -0.00814
  562    0.01606   -0.01438    0.00424
  563    0.01504   -0.01395    0.00585
  564    0.01389   -0.01013    0.00437
  565    0.01592   -0.01362    0.00300
  566    0.01194   -0.00663    0.00426
  567    0.01023   -0.00430    0.00335
  568    0.00814   -0.00287    0.00491
  569    0.00800   -0.00334    0.00657
  570    0.00915   -0.00261    0.00283
  571    0.00785   -0.00210    0.00401
  572    0.00638   -0.00066    0.00324
  573    0.00628   -0.00013    0.00203
  574    0.00586   -0.00077    0.00368
  575    0.00653   -0.00137    0.00406
  576    0.00528   -0.00040    0.00521
  577    0.00437    0.00006    0.00514
  578    0.00364    0.00051    0.00375
  579    0.00433   -0.00002    0.00462
  580    0.00315    0.00080    0.00523
  581    0.00355    0.00076    0.00721
  582    0.00440    0.00067    0.00855
  583    0.00304    0.00083    0.00715
  584    0.00439   -0.00015    0.00625
  585    0.00361    0.00010    0.00572
  586    0.00321    0.00041    0.00635
  587    0.00370    0.00015    0.00753
  588    0.00396   -0.00023    0.00629
  589    0.00354    0.00047    0.00560
  590    0.00454   -0.00046    0.00564
  591    0.00241    0.00076    0.00544
  592    0.00194    0.00116    0.00618
  593    0.00211    0.00109    0.00687
  594    0.00231    0.00085    0.00625
  595    0.00080    0.00163    0.00551
  596    0.00019    0.00202    0.00644
  597    0.00229    0.00107    0.00799
  598    0.00220    0.00097    0.00896
  599    0.00133    0.00106    0.00872
  600    0.00175   -0.00004    0.01010
  601    0.00260    0.00129    0.01092
  602    0.00200    0.00196    0.01076
  603    0.00225    0.00138    0.00904
  604    0.00039    0.00137    0.00819
  605   -0.00049    0.00142    0.00805
  606    0.00015    0.00123    0.00626
  607    0.00013    0.00121    0.00495
  608   -0.00125    0.00262    0.00769
  609   -0.00235    0.00265    0.00822
  610   -0.00457    0.00269    0.00919
  611   -0.00083    0.00639    0.00458
  612   -0.00504    0.00432    0.00764
  613    0.00098    0.00114    0.00557
  614    0.00118    0.00095    0.00433
  615    0.00182    0.00060    0.00476
  616    0.00214    0.00060    0.00600
  617    0.00152    0.00118    0.00383
  618    0.00167    0.00098    0.00311
  619    0.00116    0.00148    0.00346
  620    0.00140    0.00054    0.00401
  621    0.00173   -0.00009    0.00439
  622    0.00192    0.00040    0.00345
  623    0.00138    0.00047    0.00235
  624    0.00109   -0.00054    0.00333
  625    0.00061   -0.00085    0.00367
  626    0.00070   -0.00074    0.00291
  627    0.00022   -0.00155    0.00486
  628    0.00053   -0.00074    0.00285
  629    0.00002   -0.00165    0.00493
  630    0.00020   -0.00136    0.00367
  631    0.00010   -0.00114    0.00350
  632    0.00261    0.00047    0.00422
  633    0.00287    0.00077    0.00366
  634    0.00329    0.00079    0.00425
  635    0.00375    0.00070    0.00528
  636    0.00326    0.00079    0.00428
  637    0.00351    0.00087    0.00401
  638    0.00321    0.00103    0.00313
  639    0.00422    0.00095    0.00453
  640    0.00363    0.00115    0.00282
  641    0.00456    0.00092    0.00411
  642    0.00437    0.00098    0.00334
  643    0.00337    0.00092    0.00327
  644    0.00399    0.00125    0.00310
  645    0.00440    0.00159    0.00245
  646    0.00408    0.00158    0.00198
  647    0.00327    0.00115    0.00249
  648    0.00258    0.00116    0.00143
  649    0.00152    0.00072    0.00071
  650    0.00211    0.00116    0.00049
  651    0.00529    0.00207    0.00248
  652    0.00584    0.00236    0.00212
  653    0.00550    0.00293    0.00110
  654    0.00501    0.00286    0.00058
  655    0.00688    0.00268    0.00272
  656    0.00705    0.00222    0.00352
  657    0.00839    0.00236    0.00403
  658    0.00831    0.00179    0.00485
  659    0.00938    0.00177    0.00546
  660    0.00548    0.00335    0.00047
  661    0.00516    0.00374   -0.00059
  662    0.00605    0.00442   -0.00111
  663    0.00650    0.00489   -0.00112
  664    0.00473    0.00364   -0.00101
  665    0.00467    0.00411   -0.00198
  666    0.00397    0.00423   -0.00219
  667    0.00338    0.00373   -0.00175
  668    0.00434    0.00509   -0.00278
  669    0.00595    0.00478   -0.00177
  670    0.00674    0.00561   -0.00245
  671    0.00643    0.00666   -0.00385
  672    0.00689    0.00791   -0.00458
  673    0.00728    0.00575   -0.00225
  674    0.00634    0.00501   -0.00236
  675    0.00812    0.00557   -0.00066
  676    0.00544    0.00605   -0.00431
  677    0.00492    0.00688   -0.00562
  678    0.00496    0.00680   -0.00565
  679    0.00457    0.00560   -0.00468
  680    0.00397    0.00567   -0.00613
  681    0.00404    0.00533   -0.00585
  682    0.00354    0.00595   -0.00757
  683    0.00312    0.00436   -0.00611
  684    0.00519    0.00790   -0.00658
  685    0.00445    0.00858   -0.00655
  686    0.00355    0.00734   -0.00702
  687    0.00312    0.00700   -0.00790
  688    0.00312    0.00639   -0.00647
  689    0.00241    0.00563   -0.00686
  690    0.00213    0.00468   -0.00641
  691    0.00149    0.00394   -0.00675
  692    0.00230    0.00587   -0.00814
  693    0.00254    0.00659   -0.00831
  694    0.00182    0.00572   -0.00747
  695    0.00290    0.00777   -0.00955
  696    0.00240    0.00461   -0.00562
  697    0.00186    0.00399   -0.00555
  698    0.00172    0.00314   -0.00415
  699    0.00125    0.00268   -0.00385
  700    0.00229    0.00414   -0.00531
  701    0.00303    0.00402   -0.00409
  702    0.00196    0.00329   -0.00365
  703    0.00167    0.00285   -0.00282
  704    0.00081    0.00218   -0.00274
  705    0.00069    0.00181   -0.00219
  706    0.00158    0.00290   -0.00262
  707    0.00097    0.00267   -0.00330
  708    0.00048    0.00196   -0.00326
  709   -0.00005    0.00138   -0.00328
  710   -0.00039    0.00139   -0.00291
  711   -0.00063    0.00099   -0.00229
  712   -0.00021    0.00161   -0.00371
  713   -0.00057    0.00138   -0.00337
  714   -0.00022    0.00121   -0.00266
  715   -0.00073    0.00088   -0.00216
  716   -0.00047    0.00148   -0.00417
  717   -0.00072    0.00158   -0.00516
  718   -0.00103    0.00100   -0.00392
  719    0.00038    0.00155   -0.00243
  720    0.00067    0.00138   -0.00153
  721    0.00038    0.00113   -0.00122
  722    0.00022    0.00089   -0.00082
  723    0.00149    0.00184   -0.00137
  724    0.00209    0.00220   -0.00181
  725    0.00191    0.00175   -0.00059
  726    0.00199    0.00199   -0.00144
  727    0.00024    0.00119   -0.00135
  728   -0.00019    0.00095   -0.00108
  729   -0.00075    0.00064   -0.00099
  730   -0.00076    0.00051   -0.00078
  731   -0.00098    0.00055   -0.00127
  732   -0.00143    0.00050   -0.00131
  733   -0.00155    0.00025   -0.00106
  734   -0.00166    0.00006   -0.00092
  735   -0.00170    0.00057   -0.00176
  736   -0.00186    0.00069   -0.00167
  737   -0.00135    0.00065   -0.00153
  738   -0.00223    0.00084   -0.00226
  739   -0.00133    0.00017   -0.00105
  740   -0.00130   -0.00019   -0.00077
  741   -0.00098   -0.00026   -0.00045
  742   -0.00123   -0.00069   -0.00024
  743   -0.00090   -0.00010   -0.00078
  744   -0.00135   -0.00013   -0.00132
  745   -0.00080   -0.00046    0.00006
  746   -0.00080    0.00022   -0.00158
  747   -0.00055    0.00010   -0.00037
  748   -0.00037    0.00017   -0.00018
  749   -0.00069    0.00009   -0.00051
  750   -0.00048    0.00017   -0.00048
  751    0.00010    0.00059   -0.00014
  752    0.00079    0.00080    0.00035
  753    0.00125    0.00109    0.00030
  754    0.00121    0.00073    0.00102
  755    0.00199    0.00114    0.00103
  756    0.00198    0.00085    0.00138
  757   -0.00090    0.00008   -0.00073
  758   -0.00083    0.00008   -0.00085
  759   -0.00086   -0.00024   -0.00094
  760   -0.00026   -0.00030   -0.00162
  761   -0.00086    0.00020   -0.00081
  762   -0.00130   -0.00042   -0.00076
  763   -0.00145   -0.00094   -0.00107
  764   -0.00163   -0.00174   -0.00105
  765   -0.00136   -0.00206   -0.00142
  766   -0.00213   -0.00102   -0.00087
  767   -0.00240   -0.00167   -0.00104
  768   -0.00226   -0.00034   -0.00088
  769   -0.00160   -0.00165   -0.00047
  770   -0.00148   -0.00213   -0.00021
  771   -0.00099   -0.00200   -0.00084
  772   -0.00107   -0.00238   -0.00046
  773   -0.00153   -0.00195    0.00089
  774   -0.00079   -0.00106   -0.00095
  775   -0.00058   -0.00076   -0.00158
  776   -0.00043   -0.00043   -0.00209
  777   -0.00026    0.00010   -0.00217
  778   -0.00047    0.00010   -0.00086
  779   -0.00037    0.00068    0.00059
  780   -0.00011    0.00095    0.00133
  781    0.00005    0.00062    0.00077
  782   -0.00007   -0.00093   -0.00231
  783    0.00263   -0.00076   -0.00393
  784    0.00324   -0.00201   -0.00412
  785    0.00336   -0.00145   -0.00369
  786    0.00236    0.00028   -0.00355
  787    0.00220    0.00058   -0.00340
  788    0.00273    0.00077   -0.00382
  789    0.00159    0.00067   -0.00317
  790    0.00234   -0.00299   -0.00379
  791    0.00199   -0.00392   -0.00354
  792    0.00409   -0.00423   -0.00470
  793    0.00344   -0.00437   -0.00442
  794    0.00022   -0.00491   -0.00227
  795   -0.00169   -0.00479   -0.00130
  796   -0.00259   -0.00526    0.00035
  797   -0.00302   -0.00619    0.00173
  798   -0.00293   -0.00477    0.00126
  799    0.00515   -0.00327   -0.00596
  800    0.00688   -0.00282   -0.00718
  801    0.00800   -0.00236   -0.00757
  802    0.01340   -0.00364   -0.01057
  803    0.00611   -0.00166   -0.00756
  804    0.00589   -0.00102   -0.00679
  805    0.00621   -0.00047   -0.00636
  806    0.00452   -0.00101   -0.00514
  807    0.00919   -0.00156   -0.00781
  808    0.01060   -0.00190   -0.00856
  809    0.00831   -0.00194   -0.00648
  810    0.00994   -0.00174   -0.00749
  811    0.00881    0.00038   -0.00921
  812    0.00977    0.00164   -0.01097
  813    0.00820    0.00192   -0.00936
  814    0.00782    0.00221   -0.00819
  815    0.00469    0.00151   -0.00456
  816    0.00569   -0.00233   -0.00473
  817    0.00335   -0.00165   -0.00386
  818    0.00227   -0.00225   -0.00342
  819    0.00181   -0.00304   -0.00271
  820    0.00123   -0.00055   -0.00178
  821    0.00137    0.00023   -0.00159
  822    0.00248   -0.00012   -0.00344
  823   -0.00047    0.00026   -0.00075
  824    0.00161   -0.00153   -0.00303
  825   -0.00033   -0.00239   -0.00230
  826   -0.00228   -0.00252   -0.00163
  827   -0.00260   -0.00172   -0.00128
  828   -0.00432   -0.00436   -0.00094
  829   -0.00622   -0.00452   -0.00031
  830   -0.00837   -0.00508   -0.00019
  831   -0.00887   -0.00646    0.00012
  832   -0.00615   -0.00573    0.00036
  833   -0.00504   -0.00493    0.00005
  834   -0.00529   -0.00403    0.00001
  835   -0.00363   -0.00497   -0.00023
  836   -0.00453   -0.00341   -0.00027
  837   -0.00309   -0.00466   -0.00051
  838   -0.00368   -0.00385   -0.00047
  839   -0.00946   -0.00382   -0.00066
  840   -0.01201   -0.00418   -0.00081
  841   -0.01316   -0.00602   -0.00037
  842   -0.01206   -0.00672    0.00018
  843   -0.01261   -0.00249   -0.00121
  844   -0.01274   -0.00252   -0.00181
  845   -0.01381   -0.00165   -0.00256
  846   -0.01509   -0.00117   -0.00249
  847   -0.01317   -0.00183   -0.00304
  848   -0.01604   -0.00709   -0.00028
  849   -0.01776   -0.00925    0.00057
  850   -0.01817   -0.00815   -0.00045
  851   -0.01907   -0.00735   -0.00156
  852   -0.02237   -0.01147    0.00136
  853   -0.02334   -0.01290    0.00351
  854   -0.02113   -0.01091    0.00226
  855   -0.02743   -0.01799    0.00745
  856   -0.01642   -0.00833   -0.00025
  857   -0.01614   -0.00738   -0.00096
  858   -0.01375   -0.00581   -0.00146
  859   -0.01388   -0.00494   -0.00233
  860   -0.01226   -0.00563   -0.00080
  861   -0.01046   -0.00425   -0.00111
  862   -0.00976   -0.00434   -0.00108
  863   -0.00952   -0.00519   -0.00031
  864   -0.00926   -0.00427   -0.00056
  865   -0.00799   -0.00352   -0.00076
  866   -0.00924   -0.00349   -0.00202
  867   -0.00839   -0.00327   -0.00212
  868   -0.00729   -0.00320   -0.00146
  869   -0.00689   -0.00349   -0.00107
  870   -0.00817   -0.00242   -0.00363
  871   -0.00680   -0.00223   -0.00373
  872   -0.00941   -0.00244   -0.00408
  873   -0.00673   -0.00277   -0.00156
  874   -0.00585   -0.00265   -0.00093
  875   -0.00594   -0.00362    0.00003
  876   -0.00529   -0.00379    0.00063
  877   -0.00516   -0.00204   -0.00125
  878   -0.00428   -0.00196   -0.00080
  879   -0.00360   -0.00174   -0.00078
  880   -0.00387   -0.00126   -0.00099
  881   -0.00665   -0.00443    0.00031
  882   -0.00671   -0.00558    0.00131
  883   -0.00674   -0.00626    0.00186
  884   -0.00642   -0.00678    0.00291
  885   -0.00761   -0.00656    0.00135
  886   -0.00747   -0.00799    0.00253
  887   -0.00904   -0.00980    0.00298
  888   -0.00965   -0.00993    0.00274
  889   -0.01179   -0.01196    0.00345
  890   -0.00741   -0.00611    0.00133
  891   -0.00757   -0.00633    0.00164
  892   -0.00614   -0.00557    0.00201
  893   -0.00576   -0.00574    0.00287
  894   -0.00830   -0.00581    0.00081
  895   -0.00821   -0.00600    0.00117
  896   -0.00964   -0.00752    0.00141
  897   -0.00946   -0.00841    0.00239
  898   -0.01134   -0.00804    0.00045
  899   -0.00551   -0.00456    0.00133
  900   -0.00426   -0.00364    0.00154
  901   -0.00365   -0.00396    0.00260
  902   -0.00296   -0.00380    0.00350
  903   -0.00380   -0.00265    0.00048
  904   -0.00246   -0.00184    0.00056
  905   -0.00186   -0.00138    0.00010
  906   -0.00179   -0.00156    0.00091
  907   -0.00064   -0.00066    0.00017
  908   -0.00066   -0.00078    0.00101
  909   -0.00012   -0.00038    0.00066
  910   -0.00399   -0.00431    0.00241
  911   -0.00344   -0.00462    0.00322
  912   -0.00371   -0.00547    0.00485
  913   -0.00307   -0.00536    0.00608
  914   -0.00394   -0.00469    0.00281
  915   -0.00384   -0.00371    0.00166
  916   -0.00391   -0.00356    0.00076
  917   -0.00275   -0.00270    0.00130
  918   -0.00445   -0.00633    0.00452
  919   -0.00491   -0.00722    0.00625
  920   -0.00454   -0.00652    0.00686
  921   -0.00452   -0.00655    0.00846
  922   -0.00600   -0.00816    0.00573
  923   -0.00680   -0.00877    0.00695
  924   -0.00431   -0.00575    0.00573
  925   -0.00372   -0.00506    0.00605
  926   -0.00243   -0.00412    0.00698
  927   -0.00251   -0.00416    0.00821
  928   -0.00367   -0.00467    0.00467
  929   -0.00486   -0.00548    0.00419
  930   -0.00492   -0.00490    0.00296
  931   -0.00468   -0.00429    0.00192
  932   -0.00532   -0.00516    0.00299
  933   -0.00194   -0.00369    0.00645
  934   -0.00069   -0.00265    0.00692
  935   -0.00048   -0.00277    0.00810
  936    0.00043   -0.00186    0.00845
  937   -0.00022   -0.00192    0.00539
  938   -0.00098   -0.00236    0.00455
  939   -0.00014   -0.00166    0.00432
  940   -0.00127   -0.00388    0.00856
  941   -0.00145   -0.00369    0.00961
  942   -0.00097   -0.00291    0.01158
  943   -0.00033   -0.00201    0.01176
  944   -0.00243   -0.00535    0.01059
  945   -0.00280   -0.00409    0.01073
  946   -0.00344   -0.00648    0.01240
  947   -0.00427   -0.00776    0.01292
  948   -0.00386   -0.00463    0.01189
  949   -0.00065   -0.00316    0.01254
  950    0.00067   -0.00332    0.01396
  951    0.00250   -0.00296    0.01333
  952    0.00403   -0.00372    0.01456
  953    0.00014   -0.00378    0.01539
  954    0.00010   -0.00364    0.01446
  955   -0.00024   -0.00564    0.01801
  956    0.00213   -0.00633    0.01978
  957   -0.00442   -0.03293    0.05379
  958    0.00237   -0.00197    0.01166
  959    0.00379   -0.00117    0.01116
  960    0.00491   -0.00077    0.01103
  961    0.00444   -0.00092    0.01106
  962    0.00328   -0.00074    0.00950
  963    0.00265   -0.00119    0.00959
  964    0.00193   -0.00110    0.00757
  965    0.00156   -0.00149    0.00815
  966    0.00611    0.00004    0.01106
  967    0.00626    0.00099    0.01051
  968    0.00607    0.00139    0.00857
  969    0.00574    0.00133    0.00775
  970    0.00742    0.00191    0.01154
  971    0.00786    0.00222    0.01083
  972    0.00645    0.00159    0.00786
  973    0.00631    0.00179    0.00638
  974    0.00673    0.00232    0.00583
  975    0.00625    0.00230    0.00460
  976    0.00640    0.00177    0.00612
  977    0.00614    0.00162    0.00699
  978    0.00649    0.00169    0.00837
  979    0.00795    0.00291    0.00672
  980    0.00847    0.00337    0.00604
  981    0.00793    0.00308    0.00573
  982    0.00755    0.00338    0.00445
  983    0.01031    0.00405    0.00696
  984    0.01123    0.00458    0.00697
  985    0.01102    0.00433    0.00814
  986    0.01200    0.00457    0.00870
  987    0.00967    0.00349    0.00828
  988    0.00744    0.00262    0.00688
  989    0.00654    0.00214    0.00665
  990    0.00520    0.00161    0.00545
  991    0.00454    0.00144    0.00464
  992    0.00640    0.00152    0.00834
  993    0.00751    0.00194    0.00949
  994    0.00884    0.00265    0.00930
  995    0.00759    0.00150    0.01119
  996    0.00492    0.00138    0.00539
  997    0.00377    0.00096    0.00439
  998    0.00385    0.00143    0.00281
  999    0.00296    0.00120    0.00186
 1000    0.00349    0.00072    0.00467
 1001    0.00282    0.00009    0.00580
 1002    0.00278    0.00005    0.00627
 1003    0.00218   -0.00061    0.00764
 1004    0.00245   -0.00061    0.00799
 1005    0.00291   -0.00020    0.00767
 1006    0.00182   -0.00108    0.00937
 1007    0.00486    0.00216    0.00257
 1008    0.00496    0.00278    0.00119
 1009    0.00499    0.00297    0.00045
 1010    0.00447    0.00316   -0.00084
 1011    0.00607    0.00334    0.00124
 1012    0.00538    0.00302    0.00138
 1013    0.00529    0.00325    0.00084
 1014    0.00394    0.00252    0.00032
 1015    0.00360    0.00270   -0.00083
 1016    0.00620    0.00332    0.00226
 1017    0.00765    0.00437    0.00210
 1018    0.00852    0.00437    0.00362
 1019    0.00986    0.00545    0.00322
 1020    0.01147    0.00644    0.00283
 1021    0.00315    0.00167    0.00109
 1022    0.00178    0.00091    0.00060
 1023    0.00130    0.00102   -0.00083
 1024    0.00059    0.00081   -0.00184
 1025    0.00115    0.00001    0.00175
 1026    0.00155   -0.00029    0.00360
 1027    0.00182    0.00138   -0.00093
 1028    0.00150    0.00160   -0.00215
 1029    0.00174    0.00231   -0.00343
 1030    0.00109    0.00212   -0.00448
 1031    0.00196    0.00183   -0.00175
 1032    0.00162    0.00197   -0.00269
 1033    0.00068    0.00138   -0.00289
 1034    0.00210    0.00267   -0.00343
 1035    0.00045    0.00161   -0.00370
 1036    0.00176    0.00276   -0.00424
 1037    0.00098    0.00220   -0.00428
 1038    0.00274    0.00299   -0.00332
 1039    0.00302    0.00374   -0.00457
 1040    0.00216    0.00334   -0.00523
 1041    0.00182    0.00370   -0.00651
 1042    0.00433    0.00453   -0.00421
 1043    0.00524    0.00493   -0.00378
 1044    0.00651    0.00585   -0.00321
 1045    0.00698    0.00567   -0.00204
 1046    0.00698    0.00675   -0.00404
 1047    0.00183    0.00262   -0.00429
 1048    0.00101    0.00212   -0.00476
 1049   -0.00023    0.00124   -0.00496
 1050   -0.00105    0.00050   -0.00511
 1051    0.00126    0.00184   -0.00350
 1052    0.00258    0.00280   -0.00318
 1053    0.00309    0.00249   -0.00146
 1054    0.00482    0.00354   -0.00093
 1055    0.00533    0.00337    0.00089
 1056   -0.00029    0.00129   -0.00512
 1057   -0.00116    0.00050   -0.00535
 1058   -0.00131    0.00085   -0.00663
 1059   -0.00106    0.00122   -0.00673
 1060   -0.00144    0.00010   -0.00411
 1061   -0.00256   -0.00075   -0.00418
 1062   -0.00284   -0.00061   -0.00501
 1063   -0.00329   -0.00131   -0.00294
 1064   -0.00186    0.00077   -0.00771
 1065   -0.00208    0.00112   -0.00895
 1066   -0.00231    0.00059   -0.00876
 1067   -0.00197    0.00086   -0.00927
 1068   -0.00275    0.00136   -0.01047
 1069   -0.00308    0.00137   -0.01076
 1070   -0.00182    0.00259   -0.01031
 1071   -0.00080    0.00279   -0.00909
 1072   -0.00247    0.00345   -0.01191
 1073   -0.00304   -0.00018   -0.00833
 1074   -0.00360   -0.00047   -0.00812
 1075   -0.00311   -0.00014   -0.00734
 1076   -0.00316   -0.00002   -0.00788
 1077   -0.00480   -0.00102   -0.00699
 1078   -0.00289   -0.00020   -0.00644
 1079   -0.00252   -0.00002   -0.00602
 1080   -0.00180    0.00090   -0.00694
 1081   -0.00171    0.00104   -0.00718
 1082   -0.00217   -0.00014   -0.00501
 1083   -0.00337   -0.00090   -0.00411
 1084   -0.00175    0.00031   -0.00471
 1085   -0.00306   -0.00112   -0.00287
 1086   -0.00123    0.00136   -0.00757
 1087   -0.00074    0.00200   -0.00843
 1088   -0.00100    0.00195   -0.00941
 1089   -0.00072    0.00228   -0.00980
 1090   -0.00035    0.00266   -0.00876
 1091    0.00025    0.00275   -0.00781
 1092    0.00066    0.00331   -0.00811
 1093    0.00091    0.00387   -0.00916
 1094    0.00079    0.00311   -0.00712
 1095   -0.00172    0.00135   -0.00989
 1096   -0.00189    0.00120   -0.01059
 1097   -0.00177    0.00123   -0.00971
 1098   -0.00148    0.00126   -0.01014
 1099   -0.00257    0.00071   -0.01117
 1100   -0.00215    0.00105   -0.00884
 1101   -0.00243    0.00089   -0.00847
 1102   -0.00192    0.00136   -0.00820
 1103   -0.00181    0.00135   -0.00809
 1104   -0.00321    0.00090   -0.00726
 1105   -0.00143    0.00135   -0.00811
 1106   -0.00105    0.00154   -0.00793
 1107   -0.00060    0.00160   -0.00912
 1108   -0.00053    0.00164   -0.00897
 1109   -0.00058    0.00183   -0.00779
 1110   -0.00015    0.00212   -0.00778
 1111   -0.00027    0.00199   -0.00680
 1112    0.00023    0.00242   -0.00859
 1113    0.00008    0.00225   -0.00705
 1114    0.00037    0.00253   -0.00813
 1115   -0.00039    0.00187   -0.00999
 1116    0.00004    0.00204   -0.01105
 1117   -0.00020    0.00129   -0.01146
 1118    0.00007    0.00110   -0.01197
 1119    0.00020    0.00259   -0.01179
 1120    0.00088    0.00295   -0.01197
 1121    0.00126    0.00360   -0.01288
 1122    0.00085    0.00308   -0.01103
 1123   -0.00059    0.00105   -0.01105
 1124   -0.00056    0.00051   -0.01121
 1125   -0.00061    0.00027   -0.01103
 1126   -0.00051   -0.00048   -0.01181
 1127   -0.00112    0.00032   -0.01073
 1128   -0.00078    0.00048   -0.01007
 1129   -0.00078    0.00032   -0.00954
 1130   -0.00038    0.00013   -0.00951
 1131   -0.00031   -0.00037   -0.00933
 1132   -0.00111    0.00046   -0.00820
 1133   -0.00125   -0.00018   -0.00776
 1134   -0.00184    0.00070   -0.00848
 1135   -0.00022    0.00067   -0.00981
 1136    0.00009    0.00076   -0.00979
 1137    0.00037    0.00045   -0.01026
 1138    0.00029    0.00021   -0.00980
 1139    0.00025    0.00160   -0.01001
 1140    0.00061    0.00030   -0.01141
 1141    0.00108    0.00003   -0.01191
 1142    0.00089   -0.00092   -0.01202
 1143    0.00113   -0.00149   -0.01222
 1144    0.00163    0.00055   -0.01315
 1145    0.00172   -0.00003   -0.01408
 1146    0.00120   -0.00010   -0.01400
 1147    0.00086   -0.00095   -0.01402
 1148    0.00080    0.00073   -0.01399
 1149    0.00053   -0.00148   -0.01168
 1150    0.00027   -0.00259   -0.01143
 1151    0.00018   -0.00237   -0.01036
 1152    0.00010   -0.00323   -0.01024
 1153   -0.00025   -0.00230   -0.01120
 1154   -0.00059   -0.00225   -0.01143
 1155   -0.00068   -0.00277   -0.01068
 1156   -0.00093   -0.00264   -0.00959
 1157   -0.00065   -0.00348   -0.01093
 1158    0.00016   -0.00190   -0.00956
 1159   -0.00013   -0.00195   -0.00852
 1160   -0.00010   -0.00258   -0.00880
 1161   -0.00015   -0.00355   -0.00875
 1162    0.00011   -0.00208   -0.00916
 1163    0.00024   -0.00283   -0.00954
 1164    0.00058   -0.00205   -0.00983
 1165    0.00089   -0.00097   -0.01057
 1166   -0.00029   -0.00311   -0.00767
 1167   -0.00044   -0.00210   -0.00677
 1168   -0.00024   -0.00114   -0.00756
 1169   -0.00012   -0.00076   -0.00802
 1170   -0.00023   -0.00057   -0.00733
 1171    0.00071   -0.00260   -0.00991
 1172    0.00086   -0.00212   -0.01042
 1173    0.00016   -0.00200   -0.00909
 1174    0.00039   -0.00282   -0.00891
 1175    0.00267   -0.00286   -0.01285
 1176    0.00271   -0.00239   -0.01402
 1177   -0.00044   -0.00104   -0.00834
 1178   -0.00105   -0.00110   -0.00704
 1179   -0.00137   -0.00022   -0.00684
 1180   -0.00115    0.00046   -0.00799
 1181   -0.00146   -0.00053   -0.00623
 1182   -0.00135   -0.00143   -0.00593
 1183   -0.00205   -0.00237   -0.00444
 1184   -0.00189   -0.00307   -0.00411
 1185   -0.00201   -0.00274   -0.00364
 1186   -0.00243   -0.00194   -0.00344
 1187   -0.00190   -0.00326   -0.00341
 1188   -0.00184   -0.00053   -0.00559
 1189   -0.00220    0.00030   -0.00514
 1190   -0.00243    0.00112   -0.00473
 1191   -0.00264    0.00211   -0.00482
 1192   -0.00264   -0.00177   -0.00316
 1193   -0.00382   -0.00312   -0.00082
 1194   -0.00283   -0.00120   -0.00300
 1195   -0.00264    0.00078   -0.00436
 1196   -0.00247    0.00133   -0.00444
 1197   -0.00262    0.00291   -0.00540
 1198   -0.00291    0.00383   -0.00485
 1199   -0.00228    0.00110   -0.00454
 1200   -0.00214    0.00151   -0.00465
 1201   -0.00227    0.00187   -0.00390
 1202   -0.00173    0.00160   -0.00541
 1203   -0.00231    0.00322   -0.00655
 1204   -0.00256    0.00403   -0.00760
 1205   -0.00290    0.00462   -0.00735
 1206   -0.00223    0.00422   -0.00778
 1207   -0.00351    0.00538   -0.00800
 1208   -0.00466    0.00692   -0.00983
 1209   -0.00465    0.00708   -0.01147
 1210   -0.00560    0.00840   -0.00984
 1211   -0.00353    0.00569   -0.00649
 1212   -0.00367    0.00636   -0.00661
 1213   -0.00265    0.00503   -0.00564
 1214   -0.00235    0.00462   -0.00577
 1215   -0.00445    0.00847   -0.00613
 1216   -0.00551    0.01020   -0.00665
 1217   -0.00452    0.00931   -0.00542
 1218   -0.00438    0.01009   -0.00345
 1219   -0.00302    0.00798   -0.00357
 1220   -0.00258    0.00485   -0.00449
 1221   -0.00195    0.00440   -0.00376
 1222   -0.00157    0.00344   -0.00407
 1223   -0.00166    0.00264   -0.00418
 1224   -0.00201    0.00323   -0.00271
 1225   -0.00118    0.00295   -0.00256
 1226   -0.00311    0.00348   -0.00201
 1227   -0.00141    0.00371   -0.00423
 1228   -0.00135    0.00318   -0.00446
 1229   -0.00061    0.00244   -0.00350
 1230   -0.00014    0.00250   -0.00297
 1231   -0.00158    0.00385   -0.00515
 1232   -0.00218    0.00437   -0.00606
 1233   -0.00171    0.00395   -0.00650
 1234   -0.00255    0.00519   -0.00614
 1235   -0.00047    0.00218   -0.00359
 1236   -0.00010    0.00163   -0.00286
 1237    0.00019    0.00206   -0.00293
 1238    0.00031    0.00245   -0.00345
 1239   -0.00032    0.00078   -0.00269
 1240   -0.00054    0.00035   -0.00243
 1241   -0.00073    0.00017   -0.00200
 1242   -0.00092    0.00051   -0.00266
 1243   -0.00087   -0.00032   -0.00173
 1244   -0.00106    0.00024   -0.00203
 1245   -0.00138   -0.00026   -0.00171
 1246    0.00048    0.00131   -0.00247
 1247    0.00044    0.00181   -0.00231
 1248    0.00027    0.00117   -0.00187
 1249   -0.00001    0.00094   -0.00152
 1250    0.00114    0.00177   -0.00188
 1251    0.00149    0.00221   -0.00153
 1252    0.00178    0.00298   -0.00170
 1253    0.00170    0.00218   -0.00102
 1254    0.00208    0.00295   -0.00126
 1255    0.00197    0.00245   -0.00091
 1256    0.00047    0.00163   -0.00198
 1257    0.00010    0.00114   -0.00170
 1258    0.00038    0.00135   -0.00133
 1259    0.00071    0.00167   -0.00129
 1260   -0.00008    0.00117   -0.00182
 1261   -0.00041    0.00074   -0.00209
 1262   -0.00041    0.00097   -0.00254
 1263   -0.00059    0.00020   -0.00158
 1264   -0.00059    0.00054   -0.00278
 1265   -0.00077   -0.00015   -0.00179
 1266   -0.00080   -0.00002   -0.00243
 1267    0.00012    0.00102   -0.00108
 1268    0.00032    0.00106   -0.00079
 1269   -0.00008    0.00084   -0.00071
 1270   -0.00046    0.00060   -0.00069
 1271    0.00039    0.00110   -0.00050
 1272    0.00014    0.00066   -0.00059
 1273    0.00093    0.00143   -0.00043
 1274    0.00039    0.00071   -0.00057
 1275    0.00004    0.00089   -0.00065
 1276   -0.00028    0.00068   -0.00066
 1277   -0.00030    0.00077   -0.00070
 1278   -0.00006    0.00095   -0.00044
 1279   -0.00032    0.00067   -0.00066
 1280   -0.00051    0.00057   -0.00074
 1281   -0.00072    0.00033   -0.00077
 1282   -0.00046    0.00049   -0.00078
 1283   -0.00052    0.00064   -0.00081
 1284   -0.00065    0.00078   -0.00097
 1285   -0.00066    0.00095   -0.00130
 1286   -0.00076    0.00073   -0.00132
 1287   -0.00089    0.00059   -0.00094
 1288   -0.00072    0.00040   -0.00096
 1289   -0.00066    0.00008   -0.00075
 1290   -0.00060    0.00068   -0.00091
 1291   -0.00068   -0.00003   -0.00059
 1292   -0.00039    0.00060   -0.00078
 1293   -0.00034    0.00035   -0.00068
 1294   -0.00047    0.00114   -0.00122
 1295   -0.00044    0.00135   -0.00125
 1296   -0.00049    0.00171   -0.00130
 1297   -0.00061    0.00182   -0.00071
 1298   -0.00011    0.00099   -0.00110
 1299   -0.00016    0.00086   -0.00137
 1300   -0.00014    0.00067   -0.00147
 1301   -0.00027    0.00112   -0.00158
 1302   -0.00081    0.00211   -0.00163
 1303   -0.00110    0.00260   -0.00173
 1304   -0.00118    0.00273   -0.00127
 1305   -0.00110    0.00256   -0.00137
 1306   -0.00140    0.00290   -0.00188
 1307   -0.00205    0.00345   -0.00215
 1308   -0.00208    0.00382   -0.00169
 1309   -0.00224    0.00348   -0.00277
 1310   -0.00119    0.00279   -0.00056
 1311   -0.00122    0.00320   -0.00009
 1312   -0.00146    0.00335    0.00080
 1313   -0.00122    0.00304    0.00115
 1314   -0.00057    0.00243    0.00113
 1315   -0.00090    0.00273    0.00253
 1316   -0.00047    0.00204    0.00062
 1317   -0.00176    0.00417    0.00084
 1318   -0.00201    0.00447    0.00182
 1319   -0.00185    0.00475    0.00047
 1320   -0.00224    0.00455    0.00141
 1321   -0.00184    0.00341    0.00394
 1322   -0.00236    0.00372    0.00519
 1323   -0.00313    0.00438    0.00480
 1324   -0.00194    0.00341    0.00635
 1325   -0.00205    0.00500   -0.00050
 1326   -0.00225    0.00502   -0.00150
 1327   -0.00207    0.00419   -0.00155
 1328   -0.00234    0.00399   -0.00213
 1329   -0.00157    0.00369   -0.00106
 1330   -0.00137    0.00294   -0.00082
 1331   -0.00108    0.00263   -0.00124
 1332   -0.00105    0.00255   -0.00088
 1333   -0.00084    0.00275   -0.00007
 1334   -0.00090    0.00287    0.00004
 1335   -0.00056    0.00242   -0.00058
 1336   -0.00110    0.00332    0.00071
 1337   -0.00062    0.00256   -0.00032
 1338   -0.00106    0.00320    0.00050
 1339   -0.00133    0.00230   -0.00144
 1340   -0.00112    0.00209   -0.00138
 1341   -0.00054    0.00186   -0.00090
 1342   -0.00023    0.00163   -0.00087
 1343   -0.00156    0.00186   -0.00189
 1344   -0.00162    0.00159   -0.00185
 1345   -0.00159    0.00154   -0.00186
 1346   -0.00203    0.00133   -0.00215
 1347   -0.00033    0.00177   -0.00059
 1348    0.00015    0.00160   -0.00009
 1349    0.00021    0.00138   -0.00030
 1350    0.00002    0.00132   -0.00044
 1351    0.00054    0.00142    0.00067
 1352    0.00077    0.00152    0.00115
 1353    0.00152    0.00135    0.00169
 1354    0.00033    0.00189    0.00122
 1355    0.00179    0.00127    0.00232
 1356    0.00047    0.00190    0.00187
 1357    0.00124    0.00144    0.00234
 1358    0.00142    0.00136    0.00315
 1359    0.00063    0.00142   -0.00025
 1360    0.00087    0.00131   -0.00017
 1361    0.00137    0.00127    0.00039
 1362    0.00182    0.00130    0.00083
 1363    0.00098    0.00143   -0.00022
 1364    0.00113    0.00132   -0.00023
 1365    0.00148    0.00161   -0.00024
 1366    0.00196    0.00180    0.00019
 1367    0.00105    0.00157   -0.00017
 1368    0.00117    0.00123    0.00032
 1369    0.00147    0.00123    0.00069
 1370    0.00171    0.00125    0.00051
 1371    0.00114    0.00133    0.00013
 1372    0.00115    0.00109    0.00064
 1373    0.00096    0.00102    0.00077
 1374    0.00056    0.00088    0.00061
 1375    0.00146    0.00100    0.00168
 1376    0.00231    0.00139    0.00081
 1377    0.00256    0.00172    0.00052
 1378    0.00309    0.00190    0.00098
 1379    0.00363    0.00178    0.00154
 1380    0.00271    0.00186    0.00038
 1381    0.00288    0.00227    0.00019
 1382    0.00300    0.00232    0.00022
 1383    0.00305    0.00230    0.00002
 1384    0.00305    0.00211    0.00052
 1385    0.00377    0.00228    0.00082
 1386    0.00449    0.00275    0.00089
 1387    0.00520    0.00283    0.00128
 1388    0.00416    0.00278    0.00049
 1389    0.00461    0.00308    0.00055
 1390    0.00498    0.00248    0.00130
 1391    0.00545    0.00230    0.00153
 1392    0.00431    0.00324    0.00023
 1393    0.00415    0.00407   -0.00062
 1394    0.00384    0.00423   -0.00112
 1395    0.00439    0.00447   -0.00139
 1396    0.00422    0.00347   -0.00036
 1397    0.00411    0.00336   -0.00002
 1398    0.00459    0.00369   -0.00060
 1399    0.00465    0.00198    0.00149
 1400    0.00500    0.00153    0.00221
 1401    0.00558    0.00108    0.00280
 1402    0.00561    0.00094    0.00287
 1403    0.00464    0.00135    0.00211
 1404    0.00435    0.00156    0.00170
 1405    0.00498    0.00160    0.00210
 1406    0.00543    0.00092    0.00236
 1407    0.00606    0.00040    0.00322
 1408    0.00674    0.00006    0.00393
 1409    0.00623    0.00043    0.00434
 1410    0.00647    0.00074    0.00500
 1411    0.00776   -0.00106    0.00431
 1412    0.00660   -0.00155    0.00385
 1413    0.00616   -0.00036    0.00333
 1414    0.00578    0.00023    0.00420
 1415    0.00528    0.00037    0.00450
 1416    0.00445    0.00066    0.00368
 1417    0.00429    0.00080    0.00307
 1418    0.00564   -0.00080    0.00561
 1419    0.00635   -0.00177    0.00544
 1420    0.00598   -0.00133    0.00447
 1421    0.00726   -0.00279    0.00532
 1422    0.00682   -0.00220    0.00422
 1423    0.00801   -0.00452    0.00517
 1424    0.00769   -0.00383    0.00456
 1425    0.00390    0.00080    0.00373
 1426    0.00324    0.00085    0.00310
 1427    0.00335    0.00089    0.00262
 1428    0.00386    0.00053    0.00325
 1429    0.00270    0.00099    0.00343
 1430    0.00309    0.00089    0.00419
 1431    0.00380    0.00075    0.00459
 1432    0.00306    0.00107    0.00171
 1433    0.00359    0.00103    0.00101
 1434    0.00270    0.00105    0.00068
 1435    0.00175    0.00121    0.00027
 1436    0.00340    0.00113    0.00047
 1437    0.00404    0.00133   -0.00042
 1438    0.00412    0.00110    0.00092
 1439    0.00320    0.00081    0.00070
 1440    0.00253    0.00101    0.00022
 1441    0.00208    0.00066   -0.00086
 1442    0.00313    0.00024   -0.00126
 1443    0.00289    0.00091    0.00100
 1444    0.00187    0.00112    0.00064
 1445    0.00111    0.00157   -0.00003
 1446    0.00217    0.00098    0.00093
 1447    0.00105    0.00107   -0.00131
 1448   -0.00003    0.00083   -0.00175
 1449   -0.00078    0.00107   -0.00210
 1450   -0.00181    0.00133   -0.00253
 1451   -0.00103    0.00106   -0.00155
 1452   -0.00042    0.00103   -0.00117
 1453   -0.00018    0.00106   -0.00086
 1454    0.00034    0.00123   -0.00090
 1455    0.00064    0.00121   -0.00075
 1456    0.00075    0.00127   -0.00051
 1457    0.00031    0.00096   -0.00237
 1458   -0.00026    0.00135   -0.00271
 1459   -0.00136    0.00199   -0.00254
 1460   -0.00132    0.00217   -0.00210
 1461   -0.00193    0.00234   -0.00307
 1462   -0.00252    0.00299   -0.00312
 1463   -0.00308    0.00292   -0.00363
 1464   -0.00358    0.00242   -0.00427
 1465   -0.00333    0.00350   -0.00377
 1466   -0.00306    0.00328   -0.00366
 1467   -0.00315    0.00327   -0.00401
 1468   -0.00306    0.00401   -0.00407
 1469   -0.00267    0.00441   -0.00350
 1470   -0.00288    0.00283   -0.00344
 1471   -0.00303    0.00263   -0.00356
 1472   -0.00346    0.00431   -0.00456
 1473   -0.00304    0.00495   -0.00447
 1474   -0.00253    0.00461   -0.00399
 1475   -0.00261    0.00375   -0.00367
 1476   -0.00340    0.00551   -0.00543
 1477   -0.00277    0.00615   -0.00552
 1478   -0.00191    0.00499   -0.00374
 1479   -0.00063    0.00497   -0.00400
 1480    0.00018    0.00533   -0.00515
 1481    0.00102    0.00474   -0.00532
 1482   -0.00001    0.00515   -0.00409
 1483   -0.00057    0.00476   -0.00298
 1484    0.00077    0.00431   -0.00309
 1485    0.00081    0.00402   -0.00317
 1486    0.00159    0.00323   -0.00322
 1487   -0.00066    0.00574   -0.00484
 1488   -0.00027    0.00697   -0.00523
 1489   -0.00128    0.00454   -0.00443
 1490   -0.00139    0.00433   -0.00400
 1491   -0.00076    0.00707   -0.00562
 1492    0.00099    0.01011   -0.00630
 1493    0.00278    0.00950   -0.00608
 1494    0.00047    0.01015   -0.00685
 1495   -0.00245    0.00382   -0.00426
 1496   -0.00325    0.00271   -0.00381
 1497   -0.00297    0.00247   -0.00341
 1498   -0.00347    0.00184   -0.00317
 1499   -0.00422    0.00316   -0.00480
 1500   -0.00413    0.00356   -0.00494
 1501   -0.00444    0.00408   -0.00576
 1502   -0.00210    0.00278   -0.00340
 1503   -0.00192    0.00212   -0.00283
 1504   -0.00210    0.00130   -0.00219
 1505   -0.00225    0.00104   -0.00211
 1506   -0.00101    0.00241   -0.00292
 1507   -0.00087    0.00228   -0.00268
 1508   -0.00148    0.00215   -0.00231
 1509   -0.00037    0.00259   -0.00294
 1510   -0.00207    0.00099   -0.00200
 1511   -0.00242   -0.00009   -0.00125
 1512   -0.00336   -0.00058   -0.00093
 1513   -0.00338   -0.00097   -0.00066
 1514   -0.00238   -0.00066   -0.00134
 1515   -0.00172   -0.00044   -0.00167
 1516   -0.00153   -0.00056   -0.00182
 1517   -0.00160   -0.00148   -0.00072
 1518   -0.00416   -0.00069   -0.00088
 1519   -0.00523   -0.00135   -0.00045
 1520   -0.00522   -0.00053   -0.00073
 1521   -0.00591   -0.00097   -0.00031
 1522   -0.00630   -0.00146   -0.00048
 1523   -0.00750   -0.00199    0.00004
 1524   -0.00871   -0.00201    0.00006
 1525   -0.00843   -0.00282    0.00004
 1526   -0.00999   -0.00304    0.00030
 1527   -0.00446    0.00041   -0.00169
 1528   -0.00396    0.00073   -0.00219
 1529   -0.00335    0.00035   -0.00174
 1530   -0.00331    0.00027   -0.00160
 1531   -0.00336    0.00146   -0.00304
 1532   -0.00401    0.00175   -0.00371
 1533   -0.00402    0.00205   -0.00416
 1534   -0.00475    0.00170   -0.00374
 1535   -0.00286    0.00010   -0.00156
 1536   -0.00226   -0.00009   -0.00130
 1537   -0.00277   -0.00080   -0.00076
 1538   -0.00248   -0.00084   -0.00065
 1539   -0.00179    0.00005   -0.00134
 1540   -0.00357   -0.00133   -0.00030
 1541   -0.00392   -0.00217    0.00006
 1542   -0.00457   -0.00215    0.00035
 1543   -0.00444   -0.00259    0.00053
 1544   -0.00420   -0.00299    0.00027
 1545   -0.00519   -0.00179    0.00027
 1546   -0.00543   -0.00163    0.00020
 1547   -0.00461   -0.00131    0.00009
 1548   -0.00464   -0.00126    0.00048
 1549   -0.00583   -0.00093    0.00002
 1550   -0.00686   -0.00069    0.00032
 1551   -0.00697   -0.00014   -0.00029
 1552   -0.01019    0.00075    0.00048
 1553   -0.01226    0.00006    0.00106
 1554   -0.00362   -0.00079   -0.00022
 1555   -0.00295   -0.00038   -0.00016
 1556   -0.00270   -0.00086   -0.00009
 1557   -0.00237   -0.00079   -0.00002
 1558   -0.00197    0.00019   -0.00048
 1559   -0.00112    0.00057   -0.00030
 1560   -0.00210    0.00057   -0.00099
 1561   -0.00249   -0.00127   -0.00031
 1562   -0.00255   -0.00175   -0.00012
 1563   -0.00317   -0.00227    0.00022
 1564   -0.00280   -0.00222    0.00013
 1565   -0.00286   -0.00200   -0.00003
 1566   -0.00216   -0.00154   -0.00019
 1567   -0.00384   -0.00265    0.00050
 1568   -0.00410   -0.00305    0.00073
 1569   -0.00390   -0.00245    0.00072
 1570   -0.00388   -0.00275    0.00069
 1571   -0.00503   -0.00366    0.00114
 1572   -0.00510   -0.00440    0.00127
 1573   -0.00617   -0.00476    0.00164
 1574   -0.00696   -0.00418    0.00160
 1575   -0.00739   -0.00417    0.00165
 1576   -0.00695   -0.00459    0.00161
 1577   -0.00830   -0.00345    0.00162
 1578   -0.00373   -0.00165    0.00060
 1579   -0.00315   -0.00114    0.00034
 1580   -0.00221   -0.00121   -0.00007
 1581   -0.00200   -0.00114    0.00004
 1582   -0.00294   -0.00050    0.00053
 1583   -0.00366   -0.00036    0.00087
 1584   -0.00347    0.00047    0.00108
 1585   -0.00248    0.00051    0.00067
 1586   -0.00394    0.00079    0.00156
 1587   -0.00180   -0.00094   -0.00027
 1588   -0.00090   -0.00075   -0.00072
 1589   -0.00170   -0.00130   -0.00036
 1590   -0.00141   -0.00129   -0.00049
 1591   -0.00067   -0.00071   -0.00082
 1592   -0.00014   -0.00002   -0.00087
 1593   -0.00057    0.00009   -0.00063
 1594    0.00042    0.00054   -0.00075
 1595    0.00017    0.00082   -0.00044
 1596    0.00083    0.00098   -0.00055
 1597    0.00087    0.00108   -0.00036
 1598   -0.00251   -0.00209    0.00005
 1599   -0.00271   -0.00299    0.00004
 1600   -0.00280   -0.00318    0.00009
 1601   -0.00258   -0.00351   -0.00002
 1602   -0.00313   -0.00385    0.00025
 1603   -0.00325   -0.00357    0.00018
 1604   -0.00348   -0.00467    0.00034
 1605   -0.00317   -0.00290    0.00037
 1606   -0.00355   -0.00265    0.00066
 1607   -0.00318   -0.00207    0.00063
 1608   -0.00343   -0.00207    0.00081
 1609   -0.00416   -0.00234    0.00100
 1610   -0.00478   -0.00318    0.00122
 1611   -0.00569   -0.00277    0.00165
 1612   -0.00631   -0.00245    0.00216
 1613   -0.00594   -0.00285    0.00166
 1614   -0.00179   -0.00155    0.00021
 1615   -0.00065   -0.00062    0.00040
 1616   -0.00073   -0.00105   -0.00007
 1617   -0.00020   -0.00035   -0.00005
 1618    0.00012    0.00052    0.00022
 1619   -0.00018    0.00051    0.00086
 1620    0.00159    0.00133    0.00128
 1621    0.00182    0.00182    0.00057
 1622    0.00122    0.00167    0.00034
 1623    0.00016    0.00156    0.00033
 1624    0.00120    0.00189   -0.00023
 1625   -0.00151   -0.00146   -0.00048
 1626   -0.00103   -0.00212   -0.00082
 1627   -0.00186   -0.00325   -0.00048
 1628   -0.00224   -0.00341   -0.00036
 1629   -0.00085   -0.00186   -0.00114
 1630   -0.00004   -0.00071   -0.00124
 1631    0.00124    0.00026   -0.00139
 1632    0.00230    0.00113   -0.00112
 1633    0.00132   -0.00010   -0.00166
 1634   -0.00195   -0.00369   -0.00062
 1635   -0.00296   -0.00436    0.00014
 1636   -0.00299   -0.00498    0.00000
 1637   -0.00351   -0.00540    0.00019
 1638   -0.00319   -0.00441   -0.00018
 1639   -0.00435   -0.00476    0.00091
 1640   -0.00527   -0.00458    0.00144
 1641   -0.00539   -0.00416    0.00159
 1642   -0.00670   -0.00503    0.00277
 1643   -0.00247   -0.00509   -0.00012
 1644   -0.00277   -0.00547   -0.00008
 1645   -0.00305   -0.00545   -0.00029
 1646   -0.00402   -0.00643   -0.00042
 1647   -0.00252   -0.00471   -0.00040
 1648   -0.00268   -0.00466   -0.00053
 1649   -0.00318   -0.00492   -0.00069
 1650   -0.00304   -0.00474   -0.00058
 1651   -0.00198   -0.00367   -0.00106
 1652   -0.00199   -0.00346   -0.00117
 1653   -0.00230   -0.00318   -0.00089
 1654   -0.00362   -0.00397   -0.00016
 1655   -0.00160   -0.00300   -0.00099
 1656   -0.00330   -0.00520   -0.00057
 1657   -0.00368   -0.00555   -0.00051
 1658   -0.00335   -0.00515   -0.00053
 1659   -0.00335   -0.00540   -0.00024
 1660   -0.00409   -0.00668   -0.00027
 1661   -0.00397   -0.00704    0.00004
 1662   -0.00432   -0.00718   -0.00040
 1663   -0.00323   -0.00452   -0.00060
 1664   -0.00297   -0.00395   -0.00063
 1665   -0.00242   -0.00339   -0.00085
 1666   -0.00194   -0.00232   -0.00096
 1667   -0.00319   -0.00304   -0.00026
 1668   -0.00390   -0.00350    0.00031
 1669   -0.00409   -0.00300    0.00057
 1670   -0.00460   -0.00291    0.00107
 1671   -0.00555   -0.00394    0.00213
 1672   -0.00549   -0.00506    0.00217
 1673   -0.00569   -0.00410    0.00242
 1674   -0.00252   -0.00378   -0.00073
 1675   -0.00231   -0.00334   -0.00061
 1676   -0.00243   -0.00385   -0.00033
 1677   -0.00292   -0.00433   -0.00019
 1678   -0.00250   -0.00329   -0.00049
 1679   -0.00229   -0.00278   -0.00056
 1680   -0.00238   -0.00296   -0.00059
 1681   -0.00201   -0.00202   -0.00055
 1682   -0.00224   -0.00269   -0.00060
 1683   -0.00165   -0.00172   -0.00062
 1684   -0.00174   -0.00205   -0.00063
 1685   -0.00231   -0.00320   -0.00036
 1686   -0.00230   -0.00350   -0.00016
 1687   -0.00213   -0.00313   -0.00011
 1688   -0.00174   -0.00237   -0.00027
 1689   -0.00225   -0.00277   -0.00033
 1690   -0.00266   -0.00357   -0.00024
 1691   -0.00213   -0.00363    0.00029
 1692   -0.00176   -0.00335    0.00047
 1693   -0.00150   -0.00311    0.00057
 1694   -0.00168   -0.00374    0.00054
 1695   -0.00188   -0.00329    0.00058
 1696   -0.00125   -0.00228    0.00062
 1697   -0.00088   -0.00216    0.00091
 1698   -0.00077   -0.00177    0.00096
 1699   -0.00080   -0.00132    0.00060
 1700   -0.00071   -0.00176    0.00092
 1701   -0.00090   -0.00210    0.00072
 1702   -0.00077   -0.00118    0.00052
 1703   -0.00041   -0.00153    0.00160
 1704   -0.00036   -0.00102    0.00147
 1705    0.00044   -0.00026    0.00130
 1706    0.00101   -0.00010    0.00211
 1707   -0.00017   -0.00165    0.00119
 1708    0.00035   -0.00005    0.00069
 1709    0.00084    0.00068    0.00112
 1710    0.00189    0.00085    0.00040
 1711    0.00183    0.00067   -0.00151
 1712    0.00030    0.00045    0.00024
 1713    0.00078    0.00079    0.00015
 1714    0.00058    0.00121    0.00150
 1715    0.00020    0.00049   -0.00031
 1716    0.00292    0.00167    0.00193
 1717    0.00449    0.00232    0.00153
 1718    0.00679    0.00441    0.00271
 1719    0.00625    0.00577    0.00589
 1720    0.00451    0.00144    0.00259
 1721    0.00425    0.00045    0.00513
 1722    0.01021    0.00631   -0.00034
 1723    0.01570    0.00932   -0.00099
 1724    0.02060    0.01164    0.00361
 1725    0.02078    0.01187    0.00164
 1726    0.02316    0.01274   -0.01260
 1727    0.03346    0.01549   -0.01532
 1728    0.04546    0.02060   -0.02658
 1729    0.05440    0.01940   -0.02885
 1730    0.04231    0.02052   -0.02426
 1731    0.02637    0.01497    0.01196
 1732    0.03989    0.02133    0.02583
 1733    0.05834    0.03589    0.02302
 1734    0.08040    0.05565    0.01632
 1735    0.04752    0.02723    0.04929
 1736    0.07215    0.04698    0.02891
 1737    0.15228    0.10143    0.03939
 1738    0.27184    0.25522    0.13599
 1739    0.41491    0.34309    0.14387
 1740    0.20397    0.09990    0.00005
 1741    0.23188    0.30624    0.20394
 1742   -0.00081    0.00712    0.00139
 1743    0.00013    0.00661    0.00074
 1744   -0.00050    0.00455    0.00046
 1745   -0.00154    0.00356    0.00092
 1746    0.00031    0.00765    0.00102
 1747   -0.00132    0.00723    0.00164
 1748   -0.00119    0.00781    0.00164
 1749    0.00022    0.00998    0.00147
 1750    0.00044    0.00367   -0.00036
 1751    0.00017    0.00161   -0.00066
 1752    0.00018    0.00094   -0.00088
 1753    0.00118    0.00130   -0.00150
 1754    0.00127    0.00099   -0.00163
 1755    0.00114   -0.00093   -0.00213
 1756    0.00210   -0.00151   -0.00301
 1757    0.00205   -0.00116   -0.00293
 1758    0.00282   -0.00256   -0.00392
 1759   -0.00091   -0.00010   -0.00030
 1760   -0.00112   -0.00105   -0.00034
 1761   -0.00146   -0.00293   -0.00042
 1762   -0.00187   -0.00345   -0.00028
 1763   -0.00206   -0.00045    0.00041
 1764   -0.00325   -0.00107    0.00113
 1765   -0.00169    0.00150    0.00053
 1766   -0.00409   -0.00106    0.00169
 1767   -0.00126   -0.00396   -0.00065
 1768   -0.00169   -0.00560   -0.00073
 1769   -0.00261   -0.00634   -0.00021
 1770   -0.00274   -0.00581    0.00004
 1771   -0.00079   -0.00598   -0.00155
 1772    0.00043   -0.00525   -0.00236
 1773    0.00027   -0.00553   -0.00265
 1774    0.00173   -0.00405   -0.00300
 1775    0.00166   -0.00496   -0.00357
 1776    0.00311   -0.00332   -0.00380
 1777    0.00291   -0.00378   -0.00410
 1778   -0.00306   -0.00717   -0.00005
 1779   -0.00358   -0.00752    0.00034
 1780   -0.00340   -0.00831    0.00009
 1781   -0.00335   -0.00869   -0.00001
 1782   -0.00418   -0.00724    0.00094
 1783   -0.00453   -0.00761    0.00113
 1784   -0.00446   -0.00629    0.00139
 1785   -0.00332   -0.00840    0.00007
 1786   -0.00328   -0.00876   -0.00005
 1787   -0.00359   -0.00859    0.00031
 1788   -0.00370   -0.00832    0.00063
 1789   -0.00310   -0.00856   -0.00009
 1790   -0.00314   -0.00852   -0.00007
 1791   -0.00298   -0.00824   -0.00002
 1792   -0.00354   -0.00841    0.00042
 1793   -0.00374   -0.00843    0.00029
 1794   -0.00361   -0.00830    0.00042
 1795   -0.00361   -0.00797    0.00067
 1796   -0.00359   -0.00761    0.00075
 1797   -0.00371   -0.00797    0.00084
 1798   -0.00378   -0.00787    0.00049
 1799   -0.00368   -0.00784    0.00036
 1800   -0.00392   -0.00819    0.00049
 1801   -0.00365   -0.00722    0.00081
 1802   -0.00376   -0.00686    0.00088
 1803   -0.00370   -0.00638    0.00078
 1804   -0.00371   -0.00626    0.00093
 1805   -0.00355   -0.00647    0.00074
 1806   -0.00343   -0.00553    0.00073
 1807   -0.00337   -0.00556    0.00074
 1808   -0.00318   -0.00469    0.00046
 1809   -0.00362   -0.00627    0.00065
 1810   -0.00349   -0.00576    0.00046
 1811   -0.00373   -0.00639    0.00076
 1812   -0.00407   -0.00623    0.00093
 1813   -0.00343   -0.00538    0.00015
 1814   -0.00368   -0.00644    0.00015
 1815   -0.00307   -0.00456   -0.00022
 1816   -0.00378   -0.00699    0.00083
 1817   -0.00407   -0.00753    0.00086
 1818   -0.00406   -0.00785    0.00046
 1819   -0.00414   -0.00811    0.00018
 1820   -0.00396   -0.00806    0.00023
 1821   -0.00401   -0.00829   -0.00011
 1822   -0.00356   -0.00878   -0.00045
 1823   -0.00354   -0.00889   -0.00005
 1824   -0.00402   -0.00844   -0.00003
 1825   -0.00411   -0.00874   -0.00017
 1826   -0.00442   -0.00882   -0.00027
 1827   -0.00479   -0.00942   -0.00034
 1828   -0.00499   -0.00961   -0.00042
 1829   -0.00325   -0.00877   -0.00085
 1830   -0.00277   -0.00892   -0.00107
 1831   -0.00290   -0.00904   -0.00103
 1832   -0.00277   -0.00926   -0.00151
 1833   -0.00209   -0.00841   -0.00151
 1834   -0.00208   -0.00836   -0.00112
 1835   -0.00168   -0.00805   -0.00141
 1836   -0.00313   -0.00881   -0.00055
 1837   -0.00330   -0.00853   -0.00025
 1838   -0.00295   -0.00790   -0.00037
 1839   -0.00305   -0.00721   -0.00013
 1840   -0.00404   -0.00848    0.00046
 1841   -0.00416   -0.00897    0.00044
 1842   -0.00447   -0.00813    0.00084
 1843   -0.00463   -0.00864    0.00086
 1844   -0.00271   -0.00762   -0.00088
 1845   -0.00221   -0.00629   -0.00110
 1846   -0.00293   -0.00561   -0.00021
 1847   -0.00358   -0.00600    0.00022
 1848   -0.00132   -0.00614   -0.00190
 1849   -0.00045   -0.00655   -0.00284
 1850   -0.00098   -0.00455   -0.00181
 1851   -0.00298   -0.00447    0.00014
 1852   -0.00379   -0.00370    0.00094
 1853   -0.00335   -0.00208    0.00089
 1854   -0.00261   -0.00103    0.00056
 1855   -0.00444   -0.00362    0.00145
 1856   -0.00521   -0.00486    0.00184
 1857   -0.00545   -0.00460    0.00214
 1858   -0.00579   -0.00523    0.00228
 1859   -0.00380   -0.00164    0.00128
 1860   -0.00355    0.00025    0.00127
 1861   -0.00419    0.00100    0.00212
 1862   -0.00502    0.00072    0.00285
 1863   -0.00363    0.00041    0.00156
 1864   -0.00286   -0.00065    0.00076
 1865   -0.00148    0.00007   -0.00017
 1866   -0.00079   -0.00084   -0.00092
 1867   -0.00090    0.00172   -0.00014
 1868   -0.00398    0.00220    0.00192
 1869   -0.00470    0.00299    0.00243
 1870   -0.00435    0.00512    0.00264
 1871   -0.00359    0.00609    0.00237
 1872   -0.00486    0.00240    0.00242
 1873   -0.00540    0.00051    0.00242
 1874   -0.00376    0.00276    0.00198
 1875   -0.00500    0.00586    0.00320
 1876   -0.00495    0.00795    0.00346
 1877   -0.00537    0.00813    0.00367
 1878   -0.00599    0.00704    0.00373
 1879   -0.00545    0.00912    0.00411
 1880   -0.00450    0.01119    0.00436
 1881   -0.00476    0.01221    0.00488
 1882   -0.00523    0.01102    0.00480
 1883   -0.00470    0.01474    0.00638
 1884   -0.00467    0.00943    0.00362
 1885   -0.00502    0.00955    0.00369
 1886   -0.00645    0.00964    0.00429
 1887   -0.00696    0.00900    0.00442
 1888   -0.00419    0.01129    0.00355
 1889   -0.00279    0.01153    0.00307
 1890   -0.00337    0.01075    0.00323
 1891   -0.00696    0.01031    0.00475
 1892   -0.00834    0.01066    0.00548
 1893   -0.00907    0.00915    0.00560
 1894   -0.01011    0.00940    0.00612
 1895   -0.00852    0.01216    0.00600
 1896   -0.00820    0.01173    0.00583
 1897   -0.00838    0.00777    0.00517
 1898   -0.00887    0.00618    0.00529
 1899   -0.00940    0.00547    0.00538
 1900   -0.00884    0.00526    0.00488
 1901   -0.00820    0.00484    0.00480
 1902   -0.00790    0.00534    0.00491
 1903   -0.00877    0.00618    0.00571
 1904   -0.00739    0.00497    0.00447
 1905   -0.01035    0.00503    0.00596
 1906   -0.01075    0.00435    0.00605
 1907   -0.01023    0.00235    0.00558
 1908   -0.00963    0.00180    0.00532
 1909   -0.01222    0.00432    0.00680
 1910   -0.01216    0.00354    0.00696
 1911   -0.01270    0.00602    0.00708
 1912   -0.01073    0.00155    0.00565
 1913   -0.01034   -0.00014    0.00538
 1914   -0.01024   -0.00134    0.00552
 1915   -0.00909   -0.00264    0.00510
 1916   -0.01041   -0.00065    0.00527
 1917   -0.01009    0.00016    0.00512
 1918   -0.00937   -0.00276    0.00439
 1919   -0.00871    0.00011    0.00437
 1920   -0.01151   -0.00066    0.00627
 1921   -0.01093   -0.00174    0.00646
 1922   -0.01050   -0.00171    0.00626
 1923   -0.00954   -0.00309    0.00618
 1924   -0.01229   -0.00091    0.00717
 1925   -0.01100   -0.00219    0.00741
 1926   -0.01214   -0.00121    0.00777
 1927   -0.01044   -0.00208    0.00805
 1928   -0.01575    0.00043    0.00889
 1929   -0.01077   -0.00030    0.00641
 1930   -0.01009   -0.00027    0.00614
 1931   -0.00885   -0.00149    0.00542
 1932   -0.00837   -0.00251    0.00513
 1933   -0.00996    0.00188    0.00625
 1934   -0.01094    0.00279    0.00680
 1935   -0.01114    0.00212    0.00753
 1936   -0.01144    0.00429    0.00689
 1937   -0.00859   -0.00149    0.00491
 1938   -0.00772   -0.00264    0.00418
 1939   -0.00778   -0.00431    0.00440
 1940   -0.00739   -0.00497    0.00410
 1941   -0.00737   -0.00232    0.00377
 1942   -0.00667   -0.00351    0.00324
 1943   -0.00720   -0.00079    0.00358
 1944   -0.00789   -0.00472    0.00472
 1945   -0.00771   -0.00611    0.00471
 1946   -0.00768   -0.00643    0.00495
 1947   -0.00753   -0.00691    0.00481
 1948   -0.00799   -0.00659    0.00482
 1949   -0.00771   -0.00679    0.00435
 1950   -0.00822   -0.00684    0.00451
 1951   -0.00823   -0.00667    0.00372
 1952   -0.00921   -0.00674    0.00390
 1953   -0.00802   -0.00561    0.00541
 1954   -0.00791   -0.00588    0.00583
 1955   -0.00763   -0.00639    0.00524
 1956   -0.00758   -0.00694    0.00534
 1957   -0.00843   -0.00500    0.00635
 1958   -0.00778   -0.00552    0.00482
 1959   -0.00759   -0.00548    0.00434
 1960   -0.00712   -0.00652    0.00385
 1961   -0.00703   -0.00699    0.00353
 1962   -0.00716   -0.00426    0.00396
 1963   -0.00727   -0.00282    0.00424
 1964   -0.00691   -0.00159    0.00374
 1965   -0.00693    0.00008    0.00412
 1966   -0.00662    0.00000    0.00410
 1967   -0.00696   -0.00668    0.00380
 1968   -0.00693   -0.00733    0.00346
 1969   -0.00723   -0.00772    0.00372
 1970   -0.00705   -0.00794    0.00343
 1971   -0.00674   -0.00728    0.00337
 1972   -0.00643   -0.00687    0.00305
 1973   -0.00654   -0.00760    0.00303
 1974   -0.00632   -0.00680    0.00305
 1975   -0.00733   -0.00762    0.00435
 1976   -0.00743   -0.00786    0.00459
 1977   -0.00754   -0.00827    0.00453
 1978   -0.00783   -0.00867    0.00450
 1979   -0.00739   -0.00769    0.00522
 1980   -0.00747   -0.00791    0.00531
 1981   -0.00770   -0.00786    0.00589
 1982   -0.00777   -0.00796    0.00665
 1983   -0.00737   -0.00756    0.00549
 1984   -0.00750   -0.00817    0.00450
 1985   -0.00772   -0.00874    0.00444
 1986   -0.00759   -0.00891    0.00376
 1987   -0.00765   -0.00944    0.00357
 1988   -0.00768   -0.00847    0.00463
 1989   -0.00802   -0.00834    0.00558
 1990   -0.00828   -0.00812    0.00606
 1991   -0.00801   -0.00846    0.00585
 1992   -0.00746   -0.00877    0.00337
 1993   -0.00728   -0.00897    0.00261
 1994   -0.00725   -0.00894    0.00263
 1995   -0.00728   -0.00930    0.00224
 1996   -0.00669   -0.00856    0.00219
 1997   -0.00646   -0.00832    0.00208
 1998   -0.00619   -0.00868    0.00136
 1999   -0.00571   -0.00823    0.00109
 2000   -0.00488   -0.00737    0.00073
 2001   -0.00726   -0.00854    0.00298
 2002   -0.00646   -0.00829    0.00274
 2003   -0.00653   -0.00819    0.00310
 2004   -0.00588   -0.00727    0.00302
 2005   -0.00583   -0.00796    0.00187
 2006   -0.00568   -0.00839    0.00113
 2007   -0.00554   -0.00861    0.00044
 2008   -0.00559   -0.00835    0.00024
 2009   -0.00530   -0.00914    0.00040
 2010   -0.00756   -0.00842    0.00364
 2011   -0.00753   -0.00844    0.00387
 2012   -0.00727   -0.00758    0.00378
 2013   -0.00729   -0.00647    0.00361
 2014   -0.00689   -0.00716    0.00360
 2015   -0.00648   -0.00660    0.00346
 2016   -0.00704   -0.00692    0.00381
 2017   -0.00694   -0.00715    0.00407
 2018   -0.00634   -0.00652    0.00293
 2019   -0.00564   -0.00658    0.00191
 2020   -0.00595   -0.00604    0.00233
 2021   -0.00535   -0.00658    0.00132
 2022   -0.00675   -0.00616    0.00365
 2023   -0.00658   -0.00668    0.00376
 2024   -0.00642   -0.00683    0.00375
 2025   -0.00605   -0.00658    0.00333
 2026   -0.00561   -0.00618    0.00266
 2027   -0.00563   -0.00497    0.00206
 2028   -0.00618   -0.00505    0.00274
 2029   -0.00698   -0.00717    0.00489
 2030   -0.00746   -0.00706    0.00511
 2031   -0.00675   -0.00712    0.00426
 2032   -0.00663   -0.00725    0.00412
 2033   -0.00741   -0.00647    0.00592
 2034   -0.00724   -0.00662    0.00647
 2035   -0.00683   -0.00710    0.00551
 2036   -0.00567   -0.00714    0.00328
 2037   -0.00430   -0.00695    0.00149
 2038   -0.00392   -0.00639    0.00098
 2039   -0.00338   -0.00600   -0.00013
 2040   -0.00258   -0.00637   -0.00029
 2041   -0.00305   -0.00690    0.00090
 2042   -0.00346   -0.00712    0.00300
 2043   -0.00141   -0.00736   -0.00161
 2044   -0.00447   -0.00613    0.00127
 2045   -0.00448   -0.00570    0.00079
 2046   -0.00484   -0.00623    0.00128
 2047   -0.00491   -0.00592    0.00107
 2048   -0.00463   -0.00484    0.00059
 2049   -0.00418   -0.00392   -0.00027
 2050   -0.00408   -0.00263   -0.00075
 2051   -0.00440   -0.00294    0.00034
 2052   -0.00346   -0.00179   -0.00184
 2053   -0.00517   -0.00688    0.00208
 2054   -0.00551   -0.00729    0.00244
 2055   -0.00543   -0.00741    0.00201
 2056   -0.00625   -0.00762    0.00274
 2057   -0.00638   -0.00748    0.00327
 2058   -0.00635   -0.00724    0.00321
 2059   -0.00701   -0.00735    0.00389
 2060   -0.00699   -0.00732    0.00392
 2061   -0.00727   -0.00740    0.00414
 2062   -0.00564   -0.00755    0.00191
 2063   -0.00583   -0.00777    0.00203
 2064   -0.00590   -0.00782    0.00199
 2065   -0.00542   -0.00776    0.00180
 2066   -0.00546   -0.00764    0.00151
 2067   -0.00480   -0.00732    0.00114
 2068   -0.00554   -0.00742    0.00144
 2069   -0.00441   -0.00697    0.00047
 2070   -0.00351   -0.00684   -0.00031
 2071   -0.00395   -0.00704    0.00009
 2072   -0.00271   -0.00645   -0.00141
 2073   -0.00632   -0.00765    0.00197
 2074   -0.00605   -0.00726    0.00191
 2075   -0.00633   -0.00717    0.00177
 2076   -0.00696   -0.00685    0.00184
 2077   -0.00632   -0.00639    0.00237
 2078   -0.00617   -0.00662    0.00252
 2079   -0.00670   -0.00558    0.00310
 2080   -0.00561   -0.00697    0.00223
 2081   -0.00561   -0.00738    0.00146
 2082   -0.00549   -0.00757    0.00138
 2083   -0.00482   -0.00698    0.00136
 2084   -0.00438   -0.00699    0.00122
 2085   -0.00503   -0.00829    0.00119
 2086   -0.00507   -0.00840    0.00123
 2087   -0.00483   -0.00865    0.00095
 2088   -0.00558   -0.00866    0.00083
 2089   -0.00468   -0.00638    0.00151
 2090   -0.00379   -0.00576    0.00142
 2091   -0.00334   -0.00631    0.00150
 2092   -0.00339   -0.00639    0.00191
 2093   -0.00374   -0.00407    0.00158
 2094   -0.00241   -0.00319    0.00129
 2095   -0.00163   -0.00316    0.00075
 2096   -0.00206   -0.00199    0.00114
 2097   -0.00051   -0.00204    0.00027
 2098   -0.00074   -0.00069    0.00060
 2099    0.00012   -0.00084    0.00018
 2100   -0.00253   -0.00716    0.00141
 2101   -0.00201   -0.00868    0.00191
 2102   -0.00314   -0.00962    0.00198
 2103   -0.00312   -0.01052    0.00231
 2104   -0.00087   -0.00780    0.00196
 2105   -0.00357   -0.00934    0.00106
 2106   -0.00360   -0.00966   -0.00000
 2107   -0.00482   -0.00983   -0.00023
 2108   -0.00408   -0.01002   -0.00223
 2109   -0.00543   -0.00926    0.00095
 2110   -0.00652   -0.00905    0.00113
 2111   -0.00739   -0.00811    0.00137
 2112   -0.00663   -0.00741    0.00141
 2113   -0.00561   -0.00860    0.00169
 2114   -0.00278   -0.01064    0.00073
 2115   -0.00434   -0.01134    0.00013
 2116    0.01715   -0.01580   -0.01076
 2117    0.04395   -0.01639   -0.03886
 2118   -0.00823   -0.00823    0.00104
 2119   -0.00839   -0.00772    0.00119
 2120   -0.00874   -0.00607    0.00228
 2121   -0.00907   -0.00520    0.00295
 2122   -0.00944   -0.00840    0.00044
 2123   -0.00830   -0.00923   -0.00072
 2124   -0.00795   -0.00876   -0.00041
 2125   -0.00876   -0.00816   -0.00019
 2126   -0.00617   -0.00832   -0.00049
 2127   -0.00854   -0.00538    0.00253
 2128   -0.00898   -0.00359    0.00329
 2129   -0.00998   -0.00355    0.00375
 2130   -0.00965   -0.00449    0.00361
 2131   -0.00832   -0.00298    0.00330
 2132   -0.00722   -0.00345    0.00276
 2133   -0.00650   -0.00301    0.00273
 2134   -0.00689   -0.00274    0.00281
 2135   -0.01148   -0.00216    0.00504
 2136   -0.01244   -0.00194    0.00554
 2137   -0.01334   -0.00084    0.00654
 2138   -0.01292    0.00049    0.00647
 2139   -0.01426   -0.00139    0.00691
 2140   -0.01616   -0.00126    0.00794
 2141   -0.01405   -0.00216    0.00441
 2142   -0.01361   -0.00343    0.00336
 2143   -0.01493   -0.00212    0.00464
 2144   -0.01393   -0.00134    0.00680
 2145   -0.01449   -0.00074    0.00717
 2146   -0.01536    0.00110    0.00802
 2147   -0.01631    0.00137    0.00850
 2148   -0.01492   -0.00151    0.00740
 2149   -0.01140   -0.00290    0.00561
 2150   -0.01044   -0.00353    0.00539
 2151   -0.01095   -0.00347    0.00501
 2152   -0.01470    0.00221    0.00781
 2153   -0.01527    0.00385    0.00821
 2154   -0.01422    0.00502    0.00777
 2155   -0.01449    0.00637    0.00776
 2156   -0.01359    0.00451    0.00719
 2157   -0.01270    0.00547    0.00677
 2158   -0.01159    0.00548    0.00626
 2159   -0.01119    0.00415    0.00598
 2160   -0.01226    0.00487    0.00643
 2161   -0.01295    0.00588    0.00678
 2162   -0.01220    0.00563    0.00625
 2163   -0.01318    0.00694    0.00664
 2164   -0.01483    0.00701    0.00737
 2165   -0.01734    0.00882    0.00801
 2166   -0.01522    0.00517    0.00696
 2167   -0.01101    0.00688    0.00607
 2168   -0.00998    0.00701    0.00557
 2169   -0.00871    0.00626    0.00487
 2170   -0.00860    0.00590    0.00475
 2171   -0.00983    0.00879    0.00572
 2172   -0.00972    0.00974    0.00563
 2173   -0.01099    0.00959    0.00655
 2174   -0.00789    0.00601    0.00446
 2175   -0.00670    0.00538    0.00381
 2176   -0.00600    0.00663    0.00357
 2177   -0.00530    0.00615    0.00311
 2178   -0.00588    0.00508    0.00333
 2179   -0.00619    0.00337    0.00330
 2180   -0.00588    0.00335    0.00321
 2181   -0.00556    0.00188    0.00284
 2182   -0.00619    0.00822    0.00380
 2183   -0.00560    0.00972    0.00363
 2184   -0.00606    0.00964    0.00389
 2185   -0.00519    0.01011    0.00342
 2186   -0.00596    0.01134    0.00402
 2187   -0.00527    0.01317    0.00376
 2188   -0.00743    0.00917    0.00443
 2189   -0.00812    0.00906    0.00470
 2190   -0.00724    0.00778    0.00407
 2191   -0.00758    0.00801    0.00426
 2192   -0.00969    0.00861    0.00528
 2193   -0.01077    0.01011    0.00590
 2194   -0.01149    0.00966    0.00631
 2195   -0.01085    0.01178    0.00596
 2196   -0.00653    0.00640    0.00371
 2197   -0.00570    0.00504    0.00316
 2198   -0.00416    0.00553    0.00244
 2199   -0.00328    0.00448    0.00183
 2200   -0.00583    0.00294    0.00305
 2201   -0.00719    0.00238    0.00364
 2202   -0.00818    0.00272    0.00421
 2203   -0.00755    0.00139    0.00353
 2204   -0.00943    0.00219    0.00475
 2205   -0.00892    0.00093    0.00391
 2206   -0.00983    0.00139    0.00466
 2207   -0.01097    0.00099    0.00506
 2208   -0.00379    0.00710    0.00241
 2209   -0.00232    0.00783    0.00175
 2210   -0.00133    0.00650    0.00116
 2211   -0.00014    0.00625    0.00059
 2212   -0.00171    0.00864    0.00139
 2213   -0.00270    0.01035    0.00183
 2214   -0.00253    0.01193    0.00178
 2215   -0.00352    0.00985    0.00218
 2216   -0.00198    0.00574    0.00147
 2217   -0.00140    0.00464    0.00108
 2218   -0.00043    0.00588    0.00070
 2219   -0.00090    0.00704    0.00114
 2220   -0.00239    0.00334    0.00153
 2221   -0.00268    0.00168    0.00162
 2222   -0.00207    0.00282    0.00116
 2223   -0.00368    0.00140    0.00200
 2224    0.00098    0.00561   -0.00012
 2225    0.00234    0.00662   -0.00067
 2226    0.00223    0.00575   -0.00079
 2227    0.00112    0.00426   -0.00048
 2228    0.00455    0.00720   -0.00138
 2229    0.00545    0.00918   -0.00102
 2230    0.00689    0.01175   -0.00094
 2231    0.00919    0.01224   -0.00136
 2232    0.00566    0.01303   -0.00054
 2233    0.00356    0.00674   -0.00133
 2234    0.00374    0.00581   -0.00181
 2235    0.00439    0.00394   -0.00262
 2236    0.00560    0.00394   -0.00312
 2237    0.00522    0.00746   -0.00217
 2238    0.00729    0.00900   -0.00305
 2239    0.00906    0.01158   -0.00308
 2240    0.01174    0.01144   -0.00378
 2241    0.01794    0.01365   -0.00255
 2242    0.00374    0.00250   -0.00271
 2243    0.00441    0.00075   -0.00350
 2244    0.00420   -0.00029   -0.00327
 2245    0.00541   -0.00116   -0.00401
 2246    0.00653    0.00094   -0.00479
 2247    0.00705    0.00192   -0.00496
 2248    0.00848    0.00403   -0.00499
 2249    0.01042    0.00456   -0.00555
 2250    0.00811    0.00520   -0.00455
 2251    0.00279   -0.00022   -0.00231
 2252    0.00230   -0.00110   -0.00206
 2253    0.00065   -0.00268   -0.00136
 2254   -0.00033   -0.00261   -0.00086
 2255    0.00204   -0.00004   -0.00141
 2256    0.00068    0.00079   -0.00059
 2257    0.00018   -0.00420   -0.00105
 2258   -0.00079   -0.00559   -0.00081
 2259   -0.00189   -0.00590   -0.00006
 2260   -0.00173   -0.00575    0.00015
 2261   -0.00026   -0.00641   -0.00097
 2262    0.00098   -0.00594   -0.00175
 2263   -0.00122   -0.00734   -0.00085
 2264   -0.00272   -0.00624    0.00018
 2265   -0.00352   -0.00658    0.00067
 2266   -0.00359   -0.00747    0.00056
 2267   -0.00335   -0.00778    0.00033
 2268   -0.00409   -0.00596    0.00110
 2269   -0.00405   -0.00446    0.00139
 2270   -0.00477   -0.00407    0.00190
 2271   -0.00402   -0.00385    0.00150
 2272   -0.00393   -0.00770    0.00094
 2273   -0.00393   -0.00814    0.00097
 2274   -0.00428   -0.00801    0.00127
 2275   -0.00461   -0.00787    0.00144
 2276   -0.00389   -0.00843    0.00099
 2277   -0.00349   -0.00874    0.00088
 2278   -0.00349   -0.00885    0.00093
 2279   -0.00317   -0.00867    0.00086
 2280   -0.00350   -0.00903    0.00112
 2281   -0.00310   -0.00886    0.00092
 2282   -0.00417   -0.00802    0.00122
 2283   -0.00448   -0.00789    0.00140
 2284   -0.00431   -0.00761    0.00124
 2285   -0.00404   -0.00757    0.00091
 2286   -0.00465   -0.00790    0.00123
 2287   -0.00505   -0.00778    0.00133
 2288   -0.00554   -0.00772    0.00197
 2289   -0.00511   -0.00783    0.00142
 2290   -0.00425   -0.00742    0.00132
 2291   -0.00391   -0.00693    0.00114
 2292   -0.00412   -0.00660    0.00093
 2293   -0.00487   -0.00697    0.00103
 2294   -0.00388   -0.00694    0.00126
 2295   -0.00349   -0.00600    0.00080
 2296   -0.00386   -0.00738    0.00141
 2297   -0.00390   -0.00595    0.00062
 2298   -0.00395   -0.00527    0.00026
 2299   -0.00363   -0.00421   -0.00029
 2300   -0.00333   -0.00382   -0.00043
 2301   -0.00395   -0.00512    0.00024
 2302   -0.00428   -0.00575    0.00050
 2303   -0.00415   -0.00547    0.00032
 2304   -0.00494   -0.00614    0.00106
 2305   -0.00357   -0.00450   -0.00066
 2306   -0.00304   -0.00383   -0.00128
 2307   -0.00298   -0.00305   -0.00166
 2308   -0.00306   -0.00293   -0.00176
 2309   -0.00272   -0.00409   -0.00160
 2310   -0.00264   -0.00487   -0.00102
 2311   -0.00242   -0.00415   -0.00135
 2312   -0.00245   -0.00437   -0.00125
 2313   -0.00258   -0.00446   -0.00039
 2314   -0.00281   -0.00417   -0.00004
 2315   -0.00233   -0.00456   -0.00007
 2316   -0.00259   -0.00238   -0.00187
 2317   -0.00218   -0.00170   -0.00245
 2318   -0.00176   -0.00103   -0.00315
 2319   -0.00173   -0.00094   -0.00320
 2320   -0.00223   -0.00151   -0.00198
 2321   -0.00291   -0.00232   -0.00133
 2322   -0.00272   -0.00241   -0.00083
 2323   -0.00340   -0.00238   -0.00114
 2324   -0.00168   -0.00007   -0.00369
 2325   -0.00136    0.00053   -0.00441
 2326   -0.00125    0.00092   -0.00396
 2327   -0.00137    0.00126   -0.00384
 2328   -0.00108    0.00076   -0.00542
 2329   -0.00108    0.00024   -0.00574
 2330   -0.00099    0.00039   -0.00625
 2331   -0.00062    0.00101   -0.00739
 2332   -0.00055    0.00156   -0.00792
 2333   -0.00101    0.00135   -0.00740
 2334   -0.00015    0.00251   -0.00893
 2335   -0.00076    0.00122   -0.00403
 2336   -0.00036    0.00169   -0.00380
 2337    0.00012    0.00248   -0.00442
 2338    0.00033    0.00251   -0.00525
