    1   -0.02107    0.09772   -0.10034
    2    0.00228    0.04994   -0.03922
    3   -0.00063    0.03517   -0.01493
    4   -0.00859    0.03894   -0.01469
    5    0.03185    0.04824   -0.04865
    6    0.03990    0.02110   -0.01355
    7    0.17775    0.00768    0.04975
    8    0.08680   -0.00721    0.01457
    9   -0.00218    0.02163   -0.00607
   10   -0.00620    0.01709   -0.00026
   11   -0.00326    0.01036    0.00077
   12    0.00163    0.00710   -0.00179
   13   -0.01121    0.01729    0.00319
   14   -0.01002    0.00859    0.00596
   15   -0.01718    0.00909    0.00799
   16   -0.02573    0.01796    0.00804
   17   -0.01972   -0.00015    0.01234
   18   -0.00563    0.00881    0.00307
   19   -0.00548    0.00462    0.00317
   20   -0.00631    0.00092    0.00379
   21   -0.00490   -0.00002    0.00503
   22   -0.00776    0.00516    0.00615
   23   -0.00825    0.00822    0.00570
   24   -0.00988    0.00562    0.00785
   25   -0.00726    0.01078    0.00348
   26   -0.00637   -0.00132    0.00326
   27   -0.00775   -0.00192    0.00419
   28   -0.00940   -0.00138    0.00635
   29   -0.00975   -0.00139    0.00773
   30   -0.00756   -0.00331    0.00150
   31   -0.00324   -0.00487   -0.00162
   32   -0.00420   -0.00461   -0.00398
   33    0.00252   -0.00627   -0.00766
   34    0.01267   -0.00851   -0.01118
   35   -0.00981   -0.00158    0.00590
   36   -0.01036   -0.00260    0.00754
   37   -0.01085   -0.00347    0.00544
   38   -0.01123   -0.00450    0.00288
   39   -0.01153   -0.00317    0.00422
   40   -0.01301   -0.00273    0.00279
   41   -0.00987   -0.00122    0.00414
   42   -0.01114   -0.00441    0.00861
   43   -0.01159   -0.00567    0.00800
   44   -0.01108   -0.00663    0.00807
   45   -0.01030   -0.00627    0.00917
   46   -0.01106   -0.00543    0.01032
   47   -0.01115   -0.00645    0.01064
   48   -0.01176   -0.00789    0.00940
   49   -0.01137   -0.00639    0.00993
   50   -0.01216   -0.00793    0.00615
   51   -0.01245   -0.00902    0.00617
   52   -0.01120   -0.00984    0.00874
   53   -0.01188   -0.01053    0.00911
   54   -0.01317   -0.00913    0.00435
   55   -0.01244   -0.01018    0.00383
   56   -0.01381   -0.01033    0.00019
   57   -0.01511   -0.00959   -0.00381
   58   -0.01279   -0.01086    0.00070
   59   -0.00948   -0.00978    0.00895
   60   -0.00819   -0.00972    0.00985
   61   -0.00844   -0.01083    0.00938
   62   -0.00772   -0.01061    0.00874
   63   -0.00650   -0.00927    0.00988
   64   -0.00533   -0.01012    0.01061
   65   -0.00587   -0.00926    0.00857
   66   -0.00372   -0.01043    0.01025
   67   -0.00877   -0.01093    0.00994
   68   -0.00921   -0.01145    0.00970
   69   -0.00852   -0.01150    0.01061
   70   -0.00919   -0.01200    0.01095
   71   -0.01147   -0.01337    0.00720
   72   -0.01077   -0.01330    0.00572
   73   -0.00908   -0.01177    0.00726
   74   -0.01229   -0.01348    0.00212
   75   -0.00699   -0.01157    0.01104
   76   -0.00642   -0.01168    0.01140
   77   -0.00766   -0.01196    0.01170
   78   -0.00744   -0.01192    0.01274
   79   -0.00472   -0.01146    0.01111
   80   -0.00424   -0.01108    0.01066
   81   -0.00582   -0.01099    0.00997
   82   -0.00764   -0.01185    0.01055
   83   -0.00834   -0.01266    0.01067
   84   -0.00858   -0.01311    0.00989
   85   -0.00792   -0.01379    0.01146
   86   -0.00959   -0.01541    0.00655
   87   -0.01012   -0.01927    0.00429
   88   -0.01298   -0.02014   -0.00025
   89   -0.01515   -0.02066   -0.00130
   90   -0.01293   -0.02288   -0.00371
   91   -0.01068   -0.01390    0.00813
   92   -0.01098   -0.01363    0.00798
   93   -0.00997   -0.01274    0.01028
   94   -0.00983   -0.01246    0.01077
   95   -0.01228   -0.01329    0.00753
   96   -0.01325   -0.01312    0.00442
   97   -0.01502   -0.01153    0.00244
   98   -0.01535   -0.00988    0.00309
   99   -0.00904   -0.01190    0.01126
  100   -0.00915   -0.01192    0.01246
  101   -0.00878   -0.01231    0.01305
  102   -0.00744   -0.01095    0.01311
  103   -0.00846   -0.01100    0.01297
  104   -0.00849   -0.01056    0.01309
  105   -0.00942   -0.00997    0.01280
  106   -0.00746   -0.01077    0.01293
  107   -0.00882   -0.01260    0.01325
  108   -0.00742   -0.01246    0.01288
  109   -0.00632   -0.01225    0.01237
  110   -0.00543   -0.01246    0.01165
  111   -0.00748   -0.01284    0.01285
  112   -0.00581   -0.01128    0.01234
  113   -0.00469   -0.01078    0.01247
  114   -0.00388   -0.01151    0.01157
  115   -0.00778   -0.01269    0.01177
  116   -0.00787   -0.01370    0.01003
  117   -0.00603   -0.01220    0.01061
  118   -0.00473   -0.01166    0.00953
  119   -0.00859   -0.01394    0.00906
  120   -0.00865   -0.01452    0.00638
  121   -0.00934   -0.01635    0.00427
  122   -0.01034   -0.01732    0.00144
  123   -0.01050   -0.02027    0.00010
  124   -0.00754   -0.01176    0.01151
  125   -0.00748   -0.01050    0.01193
  126   -0.00597   -0.00945    0.01167
  127   -0.00503   -0.00857    0.01110
  128   -0.00822   -0.00881    0.01197
  129   -0.00808   -0.00613    0.01200
  130   -0.00990   -0.00906    0.01140
  131   -0.00553   -0.00991    0.01196
  132   -0.00437   -0.00984    0.01134
  133   -0.00229   -0.01013    0.01126
  134   -0.00101   -0.00915    0.01078
  135   -0.00343   -0.00950    0.01130
  136   -0.00378   -0.00915    0.01173
  137   -0.00303   -0.00960    0.01147
  138   -0.00327   -0.00748    0.01189
  139   -0.00289   -0.01180    0.01084
  140   -0.00001   -0.01147    0.01054
  141    0.00126   -0.01072    0.00916
  142    0.00407   -0.00924    0.00827
  143   -0.00007   -0.01237    0.00940
  144    0.00034   -0.01216    0.01041
  145   -0.00204   -0.01201    0.01001
  146    0.00206   -0.01227    0.01057
  147   -0.00441   -0.01220    0.01031
  148    0.00237   -0.01166    0.01072
  149   -0.00026   -0.01111    0.01057
  150    0.00041   -0.01084    0.01016
  151   -0.00058   -0.01035    0.00879
  152   -0.00009   -0.00897    0.00727
  153    0.00052   -0.00744    0.00731
  154    0.00125   -0.00600    0.00547
  155   -0.00318   -0.00904    0.00708
  156   -0.00332   -0.00953    0.00576
  157   -0.00736   -0.00868    0.00541
  158   -0.00882   -0.00902    0.00371
  159   -0.01040   -0.00892    0.00238
  160   -0.01086   -0.00802    0.00229
  161   -0.01365   -0.01015   -0.00047
  162   -0.00048   -0.00752    0.00919
  163   -0.00053   -0.00463    0.00820
  164    0.00189   -0.00433    0.00789
  165    0.00191   -0.00224    0.00626
  166   -0.00256   -0.00390    0.00924
  167   -0.00424   -0.00323    0.00976
  168   -0.00497   -0.00178    0.01103
  169   -0.00418   -0.00157    0.00828
  170    0.00372   -0.00591    0.00858
  171    0.00568   -0.00535    0.00705
  172    0.00440   -0.00545    0.00731
  173    0.00558   -0.00417    0.00606
  174    0.00193   -0.00622    0.00875
  175    0.00144   -0.00600    0.00864
  176    0.00300   -0.00736    0.00875
  177    0.00329   -0.00877    0.00864
  178   -0.00071   -0.00620    0.00943
  179    0.00056   -0.00521    0.00914
  180   -0.00201   -0.00410    0.00989
  181    0.00359   -0.00642    0.00780
  182    0.00511   -0.00698    0.00726
  183    0.00455   -0.00678    0.00761
  184    0.00453   -0.00509    0.00760
  185    0.00678   -0.00707    0.00634
  186    0.00502   -0.00724    0.00749
  187    0.00498   -0.00619    0.00754
  188    0.00446   -0.00700    0.00732
  189    0.00446   -0.00768    0.00689
  190    0.00550   -0.00741    0.00631
  191    0.00548   -0.00883    0.00520
  192    0.00538   -0.00830    0.00484
  193    0.00582   -0.00834    0.00423
  194    0.00523   -0.00901    0.00595
  195    0.00506   -0.01012    0.00630
  196   -0.00230   -0.01076    0.00888
  197   -0.00593   -0.01137    0.00863
  198   -0.01435   -0.01926    0.01162
  199    0.00536   -0.00751    0.00485
  200    0.00483   -0.00574    0.00690
  201    0.00353   -0.00726    0.00817
  202    0.00266   -0.00790    0.00867
  203    0.00459   -0.00378    0.00714
  204    0.00508   -0.00283    0.00751
  205    0.00463   -0.00323    0.00794
  206    0.00512   -0.00328    0.00766
  207    0.00441   -0.00227    0.00909
  208    0.00499   -0.00244    0.00872
  209    0.00601   -0.00333    0.00684
  210    0.00538   -0.00159    0.00865
  211    0.00699   -0.00218    0.00637
  212    0.00734   -0.00088    0.00633
  213    0.00403   -0.00717    0.00811
  214    0.00263   -0.00852    0.00926
  215    0.00209   -0.00848    0.00941
  216    0.00466   -0.00664    0.00802
  217    0.00332   -0.00829    0.00960
  218    0.00394   -0.00852    0.00861
  219    0.00234   -0.00846    0.00994
  220    0.00295   -0.00837    0.00987
  221    0.00352   -0.00928    0.00990
  222    0.00556   -0.00927    0.01072
  223    0.00331   -0.00949    0.00893
  224   -0.00095   -0.00987    0.01162
  225   -0.00160   -0.01034    0.01213
  226   -0.00055   -0.01037    0.01165
  227   -0.00082   -0.01022    0.01096
  228   -0.00350   -0.01071    0.01217
  229   -0.00315   -0.00953    0.01232
  230   -0.00416   -0.01009    0.01249
  231   -0.00203   -0.00863    0.01202
  232   -0.00353   -0.00861    0.01294
  233   -0.00130   -0.00683    0.01246
  234   -0.00255   -0.00716    0.01351
  235    0.00076   -0.00954    0.01098
  236    0.00128   -0.00884    0.01107
  237    0.00052   -0.00986    0.01139
  238    0.00082   -0.01028    0.01087
  239    0.00439   -0.00680    0.00981
  240    0.00537   -0.00605    0.00922
  241    0.00473   -0.00581    0.00969
  242    0.00012   -0.01013    0.01111
  243   -0.00041   -0.01077    0.00992
  244    0.00157   -0.01015    0.00978
  245    0.00313   -0.00927    0.00967
  246   -0.00050   -0.00970    0.00815
  247   -0.00238   -0.01008    0.00724
  248   -0.00289   -0.00942    0.00546
  249   -0.00266   -0.01059    0.00820
  250    0.00117   -0.01122    0.00876
  251    0.00273   -0.01085    0.00791
  252    0.00254   -0.01064    0.00671
  253    0.00152   -0.01111    0.00652
  254    0.00311   -0.01117    0.00730
  255    0.00425   -0.01139    0.00542
  256    0.00332   -0.01058    0.00758
  257    0.00334   -0.00980    0.00588
  258    0.00356   -0.00891    0.00492
  259    0.00406   -0.00988    0.00362
  260    0.00408   -0.00929    0.00307
  261    0.00441   -0.00734    0.00419
  262    0.00418   -0.00608    0.00364
  263    0.00519   -0.00357    0.00184
  264    0.00281   -0.00604    0.00263
  265    0.00489   -0.01087    0.00373
  266    0.00581   -0.01211    0.00241
  267    0.00563   -0.01329    0.00169
  268    0.00658   -0.01304    0.00195
  269    0.00548   -0.01443    0.00090
  270    0.00505   -0.01510   -0.00054
  271    0.00533   -0.01481   -0.00159
  272    0.00394   -0.01443   -0.00349
  273    0.00339   -0.01538   -0.00062
  274    0.00309   -0.01471    0.00044
  275    0.00176   -0.01520   -0.00003
  276    0.00292   -0.01292    0.00067
  277    0.00694   -0.01451   -0.00106
  278    0.00689   -0.01412   -0.00251
  279    0.00879   -0.01278   -0.00300
  280    0.00966   -0.01213   -0.00218
  281    0.00788   -0.01397   -0.00128
  282    0.00793   -0.01343    0.00046
  283    0.00922   -0.01218    0.00127
  284    0.01088   -0.01175    0.00124
  285    0.00866   -0.01210    0.00174
  286    0.00921   -0.01191   -0.00471
  287    0.01164   -0.01025   -0.00624
  288    0.01485   -0.00974   -0.00455
  289    0.01569   -0.00853   -0.00472
  290    0.01179   -0.00975   -0.00863
  291    0.00866   -0.00953   -0.01197
  292    0.00532   -0.01116   -0.01234
  293    0.00442   -0.01149   -0.01537
  294    0.00279   -0.01173   -0.01123
  295    0.01669   -0.01038   -0.00326
  296    0.01772   -0.00894   -0.00151
  297    0.01543   -0.00899   -0.00049
  298    0.01571   -0.00814    0.00011
  299    0.01758   -0.00862    0.00005
  300    0.01334   -0.01017   -0.00002
  301    0.01189   -0.00970    0.00160
  302    0.01184   -0.00992    0.00069
  303    0.01167   -0.00921    0.00170
  304    0.00996   -0.01059    0.00248
  305    0.00955   -0.00986    0.00322
  306    0.01254   -0.01068   -0.00112
  307    0.01230   -0.01019   -0.00200
  308    0.01440   -0.00881   -0.00287
  309    0.01488   -0.00733   -0.00239
  310    0.01208   -0.00933   -0.00336
  311    0.00975   -0.01072   -0.00317
  312    0.00897   -0.00975   -0.00510
  313    0.00877   -0.01154   -0.00180
  314    0.01647   -0.00710   -0.00263
  315    0.01985   -0.00471   -0.00339
  316    0.02051   -0.00271   -0.00093
  317    0.02361    0.00024   -0.00206
  318    0.01713   -0.00493    0.00028
  319    0.01640   -0.00414    0.00172
  320    0.01480   -0.00383    0.00301
  321    0.01441   -0.00273    0.00443
  322    0.01402   -0.00465    0.00267
  323    0.01187   -0.00617    0.00327
  324    0.01383   -0.00555    0.00215
  325    0.01238   -0.00510    0.00337
  326    0.01415   -0.00279    0.00315
  327    0.01531   -0.00215    0.00235
  328    0.01090   -0.00667    0.00327
  329    0.01021   -0.00651    0.00456
  330    0.00937   -0.00780    0.00425
  331    0.01395   -0.00145    0.00449
  332    0.01455   -0.00045    0.00445
  333    0.01429   -0.00163    0.00447
  334    0.01267   -0.00273    0.00411
  335    0.01285   -0.00057    0.00510
  336    0.01195   -0.00040    0.00533
  337    0.01236   -0.00216    0.00523
  338    0.01527   -0.00185    0.00420
  339    0.01684   -0.00092    0.00304
  340    0.01688   -0.00067    0.00393
  341    0.01167   -0.01089    0.01158
  342    0.01898   -0.00050   -0.00131
  343    0.01508    0.00006    0.00352
  344    0.01485    0.00233   -0.00016
  345    0.01328    0.00168    0.00159
  346    0.01106   -0.00183    0.00489
  347    0.01415    0.00308   -0.00203
  348    0.01288    0.00260    0.00041
  349    0.01302   -0.00068    0.00417
  350    0.01286    0.00194    0.00164
  351    0.01104    0.00029    0.00322
  352    0.01017    0.00236    0.00266
  353    0.00998    0.00314    0.00099
  354    0.01060   -0.00105    0.00310
  355    0.00787    0.00095    0.00454
  356    0.00807    0.00381    0.00409
  357    0.00670    0.00361    0.00492
  358    0.00676    0.00502    0.00448
  359    0.00691    0.00409    0.00574
  360    0.00499    0.00258    0.00696
  361    0.00598    0.00120    0.00566
  362    0.00434    0.00035    0.00619
  363    0.00328   -0.00203    0.00699
  364    0.00340   -0.00386    0.00766
  365    0.00312    0.00213    0.00823
  366    0.00323   -0.00225    0.00665
  367    0.00270   -0.00489    0.00753
  368    0.00191   -0.00470    0.00869
  369    0.00115   -0.00361    0.00815
  370    0.00329   -0.00509    0.00558
  371    0.00262   -0.00685    0.00598
  372    0.00348   -0.00775    0.00679
  373    0.00322   -0.00701    0.00301
  374    0.00078   -0.00517    0.01006
  375   -0.00055   -0.00517    0.01039
  376   -0.00068   -0.00709    0.00986
  377    0.00009   -0.00831    0.01008
  378   -0.00174   -0.00480    0.01145
  379   -0.00359   -0.00458    0.01265
  380   -0.00261   -0.00256    0.01275
  381   -0.00482   -0.00607    0.01370
  382   -0.00119   -0.00662    0.00952
  383   -0.00059   -0.00832    0.00891
  384   -0.00164   -0.00735    0.00978
  385   -0.00176   -0.00596    0.00977
  386   -0.00057   -0.00858    0.00756
  387   -0.00069   -0.00994    0.00666
  388   -0.00021   -0.01109    0.00540
  389   -0.00055   -0.01073    0.00503
  390   -0.00181   -0.00902    0.00925
  391   -0.00203   -0.00860    0.00914
  392   -0.00117   -0.00957    0.00746
  393   -0.00125   -0.01028    0.00675
  394   -0.00288   -0.00857    0.00894
  395   -0.00264   -0.00856    0.00792
  396   -0.00424   -0.00812    0.00844
  397   -0.00210   -0.00910    0.00663
  398    0.00007   -0.00944    0.00639
  399    0.00107   -0.01097    0.00485
  400    0.00241   -0.01057    0.00428
  401    0.00305   -0.01016    0.00502
  402    0.00063   -0.01176    0.00462
  403    0.00151   -0.01080    0.00457
  404    0.00349   -0.01128    0.00337
  405    0.00070   -0.00900    0.00620
  406    0.00403   -0.00935    0.00381
  407    0.00082   -0.00770    0.00636
  408    0.00233   -0.00740    0.00551
  409    0.00409   -0.01205    0.00332
  410    0.00633   -0.01084    0.00270
  411    0.00839   -0.01191    0.00175
  412    0.00891   -0.01397    0.00061
  413    0.00724   -0.01148    0.00218
  414    0.00384   -0.01415    0.00116
  415    0.00328   -0.01408    0.00223
  416    0.01073   -0.01035    0.00248
  417    0.01208   -0.01162    0.00241
  418    0.01624   -0.01282    0.00186
  419    0.02115   -0.01339    0.00262
  420    0.01044   -0.01073    0.00474
  421    0.00953   -0.00866    0.00485
  422    0.00770   -0.00713    0.00456
  423    0.00759   -0.00780    0.00605
  424    0.01624   -0.01446    0.00038
  425    0.02152   -0.01758   -0.00157
  426    0.02133   -0.01685   -0.00112
  427    0.02050   -0.01198    0.00091
  428    0.01647   -0.02108   -0.00239
  429    0.01224   -0.02063   -0.00210
  430    0.01585   -0.01623   -0.00180
  431    0.02715   -0.02311   -0.00383
  432    0.03016   -0.02052   -0.00283
  433    0.02095   -0.01668   -0.00176
  434    0.01821   -0.00915    0.00034
  435    0.03751   -0.02835   -0.00495
  436    0.01627   -0.01937   -0.00244
  437    0.01026   -0.01688   -0.00090
  438    0.00922   -0.01221    0.00089
  439    0.00732   -0.00763    0.00268
  440    0.00572   -0.02189   -0.00156
  441    0.00089   -0.01975   -0.00043
  442   -0.00234   -0.01783    0.00043
  443   -0.00100   -0.01491    0.00175
  444   -0.01343   -0.02312   -0.00265
  445    0.01160   -0.01327   -0.00016
  446    0.01090   -0.01079    0.00094
  447    0.01374   -0.00594    0.00125
  448    0.01194   -0.00229    0.00166
  449    0.01113   -0.01176    0.00047
  450    0.00938   -0.00856    0.00124
  451    0.00973   -0.00602    0.00211
  452    0.00730   -0.00750    0.00190
  453    0.00713   -0.00414    0.00329
  454    0.00600   -0.00457    0.00300
  455    0.01821   -0.00560   -0.00004
  456    0.02077   -0.00068   -0.00010
  457    0.01810    0.00516    0.00031
  458    0.01824    0.01114   -0.00098
  459    0.02767   -0.00021    0.00030
  460    0.03026    0.00393   -0.00270
  461    0.02446    0.00103   -0.00328
  462    0.02280    0.00314   -0.00334
  463    0.01935   -0.00305    0.00103
  464    0.01527    0.00470    0.00245
  465    0.01006    0.01323    0.00463
  466    0.00593    0.01420    0.00675
  467    0.00376    0.02219    0.00891
  468    0.00617    0.01302    0.00743
  469    0.00740    0.01953    0.00488
  470    0.00227    0.04183    0.00801
  471    0.01334    0.01049    0.00056
  472    0.00605    0.00659    0.00624
  473    0.00361    0.00630    0.00732
  474    0.00625    0.01064    0.00659
  475    0.00658    0.01395    0.00948
  476    0.00353   -0.00017    0.00564
  477    0.00279    0.00056    0.00568
  478    0.00180    0.00186    0.00610
  479    0.00429   -0.00080    0.00441
  480    0.00203    0.00182    0.00701
  481    0.00389   -0.00180    0.00505
  482    0.00344    0.00058    0.00562
  483    0.00914    0.00828    0.00310
  484    0.00973    0.01016    0.00095
  485    0.00867    0.01653    0.00115
  486    0.00768    0.01728    0.00109
  487    0.01152    0.00678   -0.00152
  488    0.00986    0.00382   -0.00001
  489    0.00663    0.00312    0.00159
  490    0.00462    0.00138    0.00222
  491    0.00287   -0.00034    0.00245
  492    0.00334   -0.00075    0.00164
  493    0.00071   -0.00154    0.00371
  494    0.00851    0.02200    0.00088
  495    0.00676    0.03345   -0.00303
  496    0.00429    0.03663    0.00311
  497    0.00379    0.03676    0.00149
  498    0.00376    0.04411   -0.00546
  499    0.00814    0.04087   -0.01231
  500    0.00745    0.04736   -0.02175
  501    0.00615    0.05435   -0.04012
  502    0.00395    0.12539   -0.08474
  503    0.00300    0.03667    0.01030
  504    0.00288    0.03750    0.01737
  505    0.00633    0.02757    0.01680
  506    0.00823    0.02719    0.01976
  507    0.00261    0.03687    0.02660
  508    0.00753    0.02178    0.01386
  509    0.01042    0.01620    0.01215
  510    0.00979    0.01392    0.00724
  511    0.01215    0.00940    0.00793
  512    0.00899    0.01287    0.00806
  513    0.00865    0.00828    0.00543
  514    0.00692    0.00403    0.00297
  515    0.00596    0.00409    0.00218
  516    0.00526    0.00046    0.00173
  517    0.00779    0.01440    0.00340
  518    0.00624    0.01034   -0.00088
  519    0.00743    0.01126    0.00001
  520    0.00827    0.00435   -0.00249
  521    0.00398    0.01190   -0.00349
  522    0.00478    0.00981   -0.00631
  523    0.00059    0.00886   -0.00696
  524    0.00532    0.01236   -0.00768
  525    0.00655    0.01977    0.00260
  526    0.00657    0.02389    0.00372
  527    0.01141    0.02308    0.01103
  528    0.01149    0.02954    0.01591
  529    0.00025    0.03912    0.00188
  530   -0.00404    0.04343   -0.00802
  531    0.00048    0.03407   -0.00949
  532   -0.00231    0.02350   -0.01224
  533    0.00189    0.04026   -0.00853
  534    0.01496    0.01612    0.01184
  535    0.02428    0.01344    0.01776
  536    0.02634    0.00429    0.01127
  537    0.03409   -0.00037    0.01005
  538    0.02280    0.01467    0.02928
  539    0.03191    0.01362    0.04146
  540    0.03449    0.00821    0.02947
  541    0.02702    0.00702    0.02132
  542    0.05387    0.00820    0.02524
  543    0.02280    0.00103    0.00678
  544    0.02617   -0.00743    0.00047
  545    0.02505   -0.01404   -0.00283
  546    0.02239   -0.01866   -0.00630
  547    0.02086   -0.00678   -0.00182
  548    0.01935   -0.00595   -0.00173
  549    0.02465   -0.00085    0.00290
  550    0.01375   -0.00472   -0.00206
  551    0.02724   -0.01270   -0.00175
  552    0.02614   -0.01900   -0.00346
  553    0.02750   -0.03234   -0.00691
  554    0.02118   -0.03353   -0.00779
  555    0.03266   -0.02318   -0.00180
  556    0.04098   -0.05201   -0.01386
  557    0.05183   -0.08235   -0.01513
  558    0.07454   -0.09557   -0.02929
  559   -0.14181    0.23734    0.06880
  560    0.04022   -0.04362   -0.01750
  561    0.03073   -0.03225   -0.01441
  562    0.02933   -0.03392   -0.01431
  563    0.02454   -0.03005   -0.01371
  564    0.02528   -0.02221   -0.00961
  565    0.02148   -0.02217   -0.00895
  566    0.01471   -0.01429   -0.00581
  567    0.01533   -0.01289   -0.00610
  568    0.01152   -0.01178   -0.00541
  569    0.02351   -0.02573   -0.01442
  570    0.02103   -0.02308   -0.01527
  571    0.01447   -0.01579   -0.01257
  572    0.01312   -0.01206   -0.01275
  573    0.02099   -0.02077   -0.01708
  574    0.01989   -0.01724   -0.02038
  575    0.01940   -0.02052   -0.02151
  576    0.02147   -0.03044   -0.02382
  577    0.01642   -0.01713   -0.02268
  578    0.01212   -0.01754   -0.01200
  579    0.00903   -0.01429   -0.01104
  580    0.00898   -0.01412   -0.01155
  581    0.00936   -0.02090   -0.01454
  582    0.00795   -0.01490   -0.00788
  583    0.00448   -0.00969   -0.00359
  584    0.00857   -0.01380   -0.00705
  585    0.00796   -0.00968   -0.01117
  586    0.00704   -0.00793   -0.01346
  587    0.00619   -0.00936   -0.00858
  588    0.00498   -0.00468   -0.00318
  589    0.00811   -0.00047   -0.01446
  590    0.00921    0.00340   -0.01548
  591    0.00484   -0.01425   -0.01069
  592    0.00502   -0.00852   -0.00209
  593    0.00467   -0.00009    0.00448
  594    0.00155    0.00441    0.01230
  595    0.00385   -0.01694   -0.00954
  596    0.00719   -0.02474   -0.02245
  597    0.00808   -0.02164   -0.02158
  598    0.00619    0.00355    0.00041
  599    0.00568    0.00966    0.00435
  600    0.00511    0.00937    0.00737
  601    0.00505    0.01246    0.00990
  602    0.00800    0.01478   -0.00183
  603    0.01044    0.02705   -0.00039
  604    0.03059    0.04915   -0.01997
  605    0.02069    0.04233   -0.01614
  606    0.07233    0.10126   -0.07536
  607    0.00475    0.00587    0.00596
  608    0.00413    0.00585    0.00698
  609   -0.00042    0.00613    0.00902
  610   -0.00274    0.00533    0.01052
  611    0.00370    0.00263    0.00334
  612    0.00195    0.00329    0.00404
  613    0.00587    0.00272   -0.00093
  614   -0.00054    0.00759    0.00967
  615   -0.00405    0.00946    0.00939
  616   -0.00364    0.00812    0.00979
  617   -0.00274    0.00768    0.01015
  618   -0.00238    0.00968    0.00915
  619   -0.00398    0.00935    0.00881
  620   -0.00451    0.00953    0.00923
  621   -0.00407    0.00998    0.00765
  622   -0.00496    0.00953    0.00873
  623   -0.00443    0.01019    0.00659
  624   -0.00474    0.01024    0.00714
  625   -0.00498    0.01036    0.00616
  626   -0.00580    0.00878    0.00984
  627   -0.00583    0.00834    0.00970
  628   -0.00718    0.00888    0.00973
  629   -0.00699    0.00974    0.00840
  630   -0.00597    0.00649    0.00821
  631   -0.00645    0.00534    0.00697
  632   -0.00487    0.00463    0.00701
  633   -0.00749    0.00613    0.00661
  634   -0.00462    0.00398    0.00645
  635   -0.00772    0.00487    0.00598
  636   -0.00694    0.00508    0.00628
  637   -0.00707    0.00859    0.01039
  638   -0.00744    0.00960    0.00981
  639   -0.00789    0.00872    0.01068
  640   -0.00832    0.00849    0.01170
  641   -0.00759    0.01115    0.01012
  642   -0.00702    0.00904    0.01136
  643   -0.00730    0.00983    0.01036
  644   -0.00801    0.01129    0.00969
  645   -0.00833    0.00992    0.01047
  646   -0.00883    0.01008    0.01119
  647   -0.00934    0.01111    0.01264
  648   -0.01027    0.01293    0.01152
  649   -0.00941    0.01010    0.00930
  650   -0.00946    0.00721    0.00693
  651   -0.01017    0.00538    0.00463
  652   -0.01073    0.00267    0.00271
  653   -0.01322   -0.00107   -0.00005
  654   -0.00970    0.01032    0.01360
  655   -0.01038    0.01070    0.01451
  656   -0.01214    0.01276    0.01262
  657   -0.01071    0.01139    0.01155
  658   -0.00970    0.00961    0.01631
  659   -0.00956    0.00881    0.01591
  660   -0.00815    0.00749    0.01600
  661   -0.00677    0.00628    0.01687
  662   -0.00889    0.00714    0.01515
  663   -0.01292    0.01524    0.01091
  664   -0.01439    0.01687    0.00740
  665   -0.01440    0.02464    0.00716
  666   -0.01696    0.03157    0.00363
  667   -0.01625    0.02122    0.00488
  668   -0.01432    0.01931    0.00552
  669   -0.01567    0.01980    0.00512
  670   -0.01381    0.02101    0.00772
  671   -0.01353    0.02252    0.00639
  672   -0.01454    0.02032    0.00834
  673   -0.01445    0.01581    0.01107
  674   -0.01206    0.01839    0.00608
  675   -0.01134    0.01968    0.00368
  676   -0.01002    0.01984    0.00552
  677   -0.01207    0.01728    0.00295
  678   -0.01628    0.02572    0.00596
  679   -0.01646    0.02175    0.00805
  680   -0.01385    0.01600    0.00948
  681   -0.01198    0.01389    0.00764
  682   -0.01186    0.00957    0.01272
  683   -0.01041    0.00509    0.01328
  684   -0.01008    0.00421    0.01350
  685   -0.00988    0.00288    0.01265
  686   -0.00964    0.00430    0.01050
  687   -0.00918    0.00319    0.00999
  688   -0.00907    0.00119    0.00988
  689   -0.01039    0.00159    0.00810
  690   -0.01063    0.00550    0.01414
  691   -0.01091    0.00584    0.01396
  692   -0.00928    0.00333    0.01623
  693   -0.00906    0.00320    0.01606
  694   -0.01153    0.00915    0.01238
  695   -0.01178    0.01122    0.01337
  696   -0.00873    0.00320    0.01700
  697   -0.00757    0.00286    0.01710
  698   -0.00769    0.00115    0.01704
  699   -0.00686    0.00087    0.01654
  700   -0.00563    0.00139    0.01592
  701   -0.00627   -0.00048    0.01537
  702   -0.00863   -0.00093    0.01704
  703   -0.00875   -0.00220    0.01660
  704   -0.00820   -0.00057    0.01661
  705   -0.00701   -0.00111    0.01648
  706   -0.00888    0.00013    0.01636
  707   -0.00801    0.00118    0.01569
  708   -0.00750    0.00225    0.01605
  709   -0.00711    0.00222    0.01582
  710   -0.00982    0.00250    0.01507
  711   -0.01013    0.00052    0.01342
  712   -0.00921    0.00326    0.01427
  713   -0.00748    0.00284    0.01628
  714   -0.00674    0.00332    0.01525
  715   -0.00551    0.00342    0.01542
  716   -0.00534    0.00434    0.01484
  717   -0.00706    0.00502    0.01561
  718   -0.00889    0.00733    0.01525
  719   -0.00675    0.00523    0.01477
  720   -0.00922    0.00925    0.01309
  721   -0.00571    0.00218    0.01618
  722   -0.00413    0.00118    0.01502
  723   -0.00378    0.00104    0.01513
  724   -0.00240    0.00143    0.01391
  725   -0.00480    0.00045    0.01632
  726   -0.00391   -0.00032    0.01602
  727   -0.00304    0.00163    0.01522
  728   -0.00218    0.00193    0.01467
  729   -0.00513   -0.00144    0.01551
  730   -0.00454   -0.00367    0.01548
  731   -0.00578   -0.00485    0.01547
  732   -0.00576   -0.00557    0.01479
  733   -0.00432    0.00288    0.01513
  734   -0.00415    0.00492    0.01339
  735   -0.00362    0.00543    0.01310
  736   -0.00302    0.00572    0.01253
  737   -0.00532    0.00609    0.01276
  738   -0.00573    0.00513    0.01237
  739   -0.00492    0.00701    0.01094
  740   -0.00616    0.00619    0.01104
  741   -0.00382    0.00480    0.01342
  742   -0.00294    0.00435    0.01283
  743   -0.00120    0.00382    0.01214
  744    0.00022    0.00501    0.01132
  745   -0.00335    0.00341    0.01276
  746   -0.00391    0.00377    0.01247
  747   -0.00457    0.00334    0.01276
  748   -0.00444    0.00578    0.01203
  749   -0.00504    0.00504    0.01208
  750   -0.00533    0.00630    0.01202
  751   -0.00086    0.00290    0.01279
  752    0.00068    0.00306    0.01210
  753    0.00102    0.00381    0.01186
  754    0.00238    0.00464    0.01067
  755    0.00140    0.00181    0.01277
  756   -0.00035    0.00383    0.01279
  757   -0.00002    0.00440    0.01190
  758    0.00025    0.00543    0.01126
  759    0.00092    0.00509    0.01092
  760   -0.00109    0.00345    0.01238
  761   -0.00122    0.00350    0.01105
  762   -0.00095    0.00098    0.01245
  763   -0.00084    0.00600    0.01129
  764   -0.00074    0.00687    0.01026
  765   -0.00001    0.00736    0.00993
  766    0.00135    0.00862    0.00942
  767   -0.00205    0.00743    0.01030
  768    0.00100    0.00743    0.00999
  769    0.00344    0.00767    0.00917
  770    0.00497    0.00804    0.00865
  771    0.00694    0.00895    0.00754
  772    0.00336    0.00755    0.00865
  773    0.00223    0.00733    0.00936
  774    0.00389    0.00851    0.00978
  775    0.00048    0.00631    0.00993
  776    0.00372    0.00757    0.00938
  777    0.00538    0.00786    0.00851
  778    0.00429    0.00542    0.00967
  779    0.00448    0.00468    0.01011
  780    0.00555    0.00714    0.00906
  781    0.00644    0.00780    0.00797
  782    0.00694    0.00776    0.00654
  783    0.00596    0.00686    0.00800
  784    0.00336    0.00557    0.00996
  785    0.00261    0.00470    0.01047
  786    0.00306    0.00441    0.01069
  787    0.00286    0.00422    0.01030
  788    0.00253    0.00550    0.00970
  789    0.00149    0.00587    0.00922
  790    0.00076    0.00643    0.00811
  791    0.00082    0.00646    0.00694
  792   -0.00045    0.00716    0.00833
  793    0.00353    0.00420    0.01139
  794    0.00302    0.00527    0.01155
  795    0.00352    0.00488    0.01092
  796    0.00188    0.00645    0.01096
  797    0.00210    0.00624    0.01236
  798    0.00525    0.00781    0.00635
  799    0.00322    0.00787    0.00662
  800    0.00557    0.00853    0.00620
  801    0.00357    0.00513    0.01034
  802    0.00388    0.00280    0.01048
  803    0.00427    0.00143    0.00997
  804    0.00420    0.00007    0.00978
  805    0.00526    0.00374    0.00951
  806    0.00557    0.00521    0.00842
  807    0.00632    0.00605    0.00640
  808    0.00692    0.00770    0.00223
  809    0.00734    0.00829    0.00308
  810    0.00436    0.00121    0.01021
  811    0.00497    0.00067    0.00931
  812    0.00454    0.00051    0.00909
  813    0.00318    0.00170    0.00900
  814    0.00436    0.00083    0.00972
  815    0.00478   -0.00035    0.00917
  816    0.00467    0.00058    0.00940
  817    0.00355   -0.00087    0.00990
  818    0.00507   -0.00091    0.00854
  819    0.00425   -0.00067    0.00743
  820    0.00430   -0.00084    0.00663
  821    0.00340   -0.00153    0.00678
  822    0.00500   -0.00007    0.00478
  823    0.00609   -0.00021    0.00415
  824    0.00993   -0.00042    0.00289
  825    0.01202    0.00092    0.00169
  826    0.00544    0.00206    0.00264
  827    0.00265    0.00228    0.00375
  828    0.00096    0.00151    0.00437
  829    0.00205    0.00298    0.00433
  830   -0.00038    0.00201    0.00604
  831    0.00063    0.00338    0.00564
  832   -0.00051    0.00308    0.00628
  833    0.01119   -0.00217    0.00297
  834    0.01734   -0.00231    0.00185
  835    0.01925    0.00130   -0.00004
  836    0.01553    0.00297   -0.00096
  837    0.01943   -0.00560    0.00226
  838    0.01689   -0.00474    0.00300
  839    0.01878   -0.00677    0.00409
  840    0.02255   -0.00938    0.00380
  841    0.01697   -0.00617    0.00527
  842    0.02763    0.00359   -0.00230
  843    0.03416    0.00853   -0.00656
  844    0.03208    0.00681   -0.00407
  845    0.03908    0.00456   -0.00211
  846    0.06571    0.01901   -0.01473
  847    0.02515    0.00713   -0.00519
  848    0.02308    0.00618   -0.00436
  849    0.01543    0.00354   -0.00216
  850    0.01455    0.00287   -0.00122
  851    0.01256    0.00295   -0.00148
  852    0.00846    0.00163    0.00059
  853    0.00604    0.00290   -0.00041
  854    0.00507    0.00438   -0.00231
  855    0.00618    0.00114    0.00127
  856    0.00331    0.00063    0.00296
  857    0.00469    0.00218    0.00054
  858    0.00264    0.00351   -0.00021
  859    0.00061    0.00425    0.00054
  860   -0.00036    0.00598   -0.00052
  861    0.00213    0.00257    0.00034
  862   -0.00028    0.00430   -0.00115
  863    0.00453    0.00180   -0.00037
  864   -0.00021    0.00292    0.00263
  865   -0.00135    0.00367    0.00374
  866   -0.00101    0.00489    0.00244
  867   -0.00173    0.00609    0.00235
  868   -0.00209    0.00216    0.00616
  869   -0.00269    0.00308    0.00794
  870   -0.00345    0.00455    0.00814
  871   -0.00341    0.00170    0.01012
  872    0.00027    0.00458    0.00134
  873    0.00059    0.00629   -0.00051
  874    0.00099    0.00745   -0.00167
  875    0.00066    0.00805   -0.00134
  876    0.00318    0.00651   -0.00147
  877    0.00441    0.00820   -0.00260
  878    0.00851    0.01027   -0.00436
  879    0.01014    0.01113   -0.00493
  880    0.01663    0.01630   -0.00784
  881    0.00160    0.00733   -0.00275
  882    0.00180    0.00821   -0.00393
  883   -0.00044    0.00937   -0.00352
  884   -0.00089    0.01003   -0.00403
  885    0.00273    0.00806   -0.00613
  886    0.00244    0.00943   -0.00813
  887    0.00400    0.00983   -0.01034
  888    0.00407    0.01007   -0.01020
  889    0.00499    0.00939   -0.01492
  890   -0.00140    0.00875   -0.00172
  891   -0.00291    0.00957   -0.00067
  892   -0.00296    0.01023    0.00063
  893   -0.00367    0.01143    0.00036
  894   -0.00373    0.00877    0.00130
  895   -0.00486    0.00952    0.00224
  896   -0.00555    0.01024    0.00117
  897   -0.00503    0.00946    0.00426
  898   -0.00649    0.01121    0.00194
  899   -0.00549    0.00962    0.00548
  900   -0.00609    0.01063    0.00446
  901   -0.00228    0.00905    0.00177
  902   -0.00240    0.00961    0.00299
  903   -0.00214    0.01039    0.00204
  904   -0.00235    0.01120    0.00238
  905   -0.00179    0.00854    0.00440
  906   -0.00202    0.00730    0.00632
  907   -0.00134    0.00637    0.00752
  908   -0.00273    0.00791    0.00737
  909   -0.00120    0.01003    0.00038
  910   -0.00073    0.01088   -0.00124
  911   -0.00117    0.01219   -0.00200
  912   -0.00139    0.01335   -0.00183
  913    0.00071    0.00971   -0.00300
  914    0.00199    0.01005   -0.00473
  915   -0.00162    0.01259   -0.00265
  916   -0.00214    0.01412   -0.00377
  917   -0.00281    0.01474   -0.00235
  918   -0.00331    0.01583   -0.00299
  919   -0.00271    0.01375   -0.00529
  920   -0.00154    0.01367   -0.00786
  921   -0.00173    0.01363   -0.00908
  922   -0.00424    0.01328   -0.00898
  923   -0.00023    0.01355   -0.01207
  924   -0.00355    0.01393   -0.00066
  925   -0.00451    0.01402    0.00062
  926   -0.00417    0.01365    0.00187
  927   -0.00438    0.01293    0.00279
  928   -0.00479    0.01299    0.00174
  929   -0.00445    0.01183    0.00283
  930   -0.00553    0.01327    0.00046
  931   -0.00415    0.01377    0.00162
  932   -0.00292    0.01249    0.00327
  933   -0.00360    0.01294    0.00310
  934   -0.00382    0.01077    0.00452
  935   -0.00283    0.01288    0.00280
  936   -0.00205    0.01093    0.00453
  937   -0.00254    0.01246    0.00349
  938   -0.00465    0.01697    0.00187
  939   -0.00126    0.01068    0.00420
  940   -0.00466    0.01627    0.00158
  941   -0.00678    0.02028    0.00158
  942   -0.00644    0.01813    0.00107
  943   -0.00904    0.02256    0.00100
  944   -0.00751    0.03030    0.00233
  945   -0.00538    0.01610    0.00120
  946   -0.00656    0.01767    0.00145
  947   -0.00700    0.01655    0.00252
  948   -0.00680    0.01440    0.00313
  949   -0.00658    0.01613    0.00105
  950   -0.00638    0.01682   -0.00102
  951   -0.00736    0.01628   -0.00158
  952   -0.00849    0.01552   -0.00565
  953   -0.00834    0.01842    0.00265
  954   -0.00857    0.01799    0.00385
  955   -0.00812    0.01625    0.00457
  956   -0.00793    0.01574    0.00416
  957   -0.01029    0.02109    0.00385
  958   -0.00991    0.01972    0.00294
  959   -0.00827    0.01459    0.00541
  960   -0.00806    0.01304    0.00674
  961   -0.00857    0.01525    0.00678
  962   -0.00897    0.01518    0.00684
  963   -0.00812    0.01129    0.00702
  964   -0.00836    0.01098    0.00600
  965   -0.00788    0.01380    0.00586
  966   -0.00889    0.01682    0.00586
  967   -0.01016    0.01755    0.00506
  968   -0.01059    0.01778    0.00381
  969   -0.01118    0.01835    0.00361
  970   -0.01081    0.01967    0.00444
  971   -0.00895    0.01846    0.00478
  972   -0.00716    0.01776    0.00593
  973   -0.00997    0.01000    0.00148
  974   -0.00775    0.01745    0.00613
  975   -0.00963    0.01747    0.00313
  976   -0.00983    0.01678    0.00135
  977   -0.00886    0.01538    0.00171
  978   -0.00921    0.01536   -0.00010
  979   -0.00985    0.01720   -0.00011
  980   -0.01149    0.01866   -0.00135
  981   -0.01327    0.02021   -0.00329
  982   -0.01119    0.01914   -0.00124
  983   -0.00809    0.01490    0.00340
  984   -0.00765    0.01407    0.00396
  985   -0.00851    0.01463    0.00466
  986   -0.00827    0.01443    0.00460
  987   -0.00687    0.01286    0.00551
  988   -0.00625    0.01287    0.00460
  989   -0.00627    0.01250    0.00613
  990   -0.00596    0.01240    0.00526
  991   -0.00640    0.01097    0.00586
  992   -0.00715    0.01034    0.00699
  993   -0.00580    0.01052    0.00529
  994   -0.00933    0.01528    0.00576
  995   -0.01055    0.01672    0.00627
  996   -0.01191    0.01835    0.00374
  997   -0.01233    0.01865    0.00346
  998   -0.01172    0.01715    0.00674
  999   -0.01173    0.01844    0.00166
 1000   -0.01332    0.02033   -0.00166
 1001   -0.01300    0.01951   -0.00270
 1002   -0.01434    0.02034   -0.00478
 1003   -0.01626    0.02296   -0.00537
 1004   -0.01854    0.02531   -0.00571
 1005   -0.02089    0.02760   -0.01077
 1006   -0.03098    0.03718   -0.01947
 1007   -0.03184    0.03787   -0.01438
 1008   -0.01108    0.01715   -0.00192
 1009   -0.00971    0.01531   -0.00283
 1010   -0.00920    0.01478   -0.00120
 1011   -0.00938    0.01427   -0.00282
 1012   -0.00848    0.01364   -0.00235
 1013   -0.00906    0.01399   -0.00422
 1014   -0.00947    0.01495    0.00157
 1015   -0.00960    0.01469    0.00345
 1016   -0.01092    0.01708    0.00205
 1017   -0.01043    0.01675    0.00234
 1018   -0.00927    0.01382    0.00625
 1019   -0.00915    0.01285    0.00777
 1020   -0.00848    0.01080    0.00865
 1021   -0.01049    0.01329    0.00797
 1022   -0.00840    0.00891    0.01019
 1023   -0.01034    0.01171    0.00897
 1024   -0.00952    0.00933    0.01029
 1025   -0.01200    0.01882    0.00110
 1026   -0.01368    0.02171   -0.00132
 1027   -0.01458    0.02099   -0.00452
 1028   -0.01556    0.02185   -0.00640
 1029   -0.01599    0.02417   -0.00282
 1030   -0.01662    0.02257   -0.00038
 1031   -0.01787    0.02537   -0.00179
 1032   -0.01763    0.02467   -0.00056
 1033   -0.02071    0.02982   -0.00532
 1034   -0.01359    0.01890   -0.00601
 1035   -0.01425    0.01757   -0.01035
 1036   -0.01223    0.01440   -0.01000
 1037   -0.01387    0.01240   -0.01521
 1038   -0.01532    0.01674   -0.01463
 1039   -0.01954    0.01953   -0.01822
 1040   -0.01874    0.01973   -0.02175
 1041   -0.02813    0.02273   -0.03306
 1042   -0.03442    0.01855   -0.05581
 1043   -0.01045    0.01424   -0.00575
 1044   -0.00881    0.01156   -0.00502
 1045   -0.00853    0.01154   -0.00379
 1046   -0.00842    0.01203   -0.00034
 1047   -0.00727    0.01034   -0.00198
 1048   -0.00543    0.00876   -0.00235
 1049   -0.00486    0.00709   -0.00188
 1050   -0.00468    0.00894   -0.00354
 1051   -0.00951    0.01057   -0.00798
 1052   -0.00863    0.01050   -0.00703
 1053   -0.00610    0.00784   -0.00486
 1054   -0.00554    0.00755   -0.00167
 1055   -0.01295    0.01231   -0.01711
 1056   -0.02168    0.01543   -0.02510
 1057   -0.02140    0.02163   -0.02083
 1058   -0.01836    0.02244   -0.01302
 1059   -0.06646    0.04499   -0.06378
 1060   -0.00530    0.00653   -0.00629
 1061   -0.00306    0.00488   -0.00451
 1062   -0.00454    0.00358    0.00044
 1063   -0.00483    0.00201    0.00234
 1064   -0.00074    0.00459   -0.00602
 1065   -0.00496    0.00506    0.00174
 1066   -0.00613    0.00433    0.00483
 1067   -0.00733    0.00428    0.00638
 1068   -0.00849    0.00257    0.00788
 1069   -0.00664    0.00531    0.00561
 1070   -0.00523    0.00463    0.00493
 1071   -0.00753    0.00457    0.00855
 1072   -0.00521    0.00573    0.00493
 1073   -0.00789    0.00765    0.00499
 1074   -0.00873    0.00893    0.00599
 1075   -0.00798    0.00638    0.00576
 1076   -0.00818    0.00446    0.00575
 1077   -0.00869    0.01254    0.00408
 1078   -0.00962    0.01412    0.00384
 1079   -0.01103    0.01804    0.00068
 1080   -0.00721    0.02214   -0.00047
 1081   -0.01144    0.01946    0.00107
 1082   -0.00682    0.00486    0.00450
 1083   -0.00612    0.00276    0.00349
 1084   -0.00658   -0.00072    0.00393
 1085   -0.00770   -0.00214    0.00321
 1086   -0.00414    0.00284    0.00089
 1087   -0.00691   -0.00137    0.00486
 1088   -0.00773   -0.00368    0.00596
 1089   -0.00975   -0.00449    0.00727
 1090   -0.01048   -0.00616    0.00695
 1091   -0.00686   -0.00463    0.00700
 1092   -0.01006   -0.00225    0.00789
 1093   -0.01096   -0.00238    0.00858
 1094   -0.01061   -0.00322    0.00709
 1095   -0.01139   -0.00536    0.00647
 1096   -0.01088    0.00040    0.00948
 1097   -0.01086    0.00019    0.00992
 1098   -0.01074   -0.00022    0.01154
 1099   -0.01042    0.00016    0.00865
 1100   -0.01052   -0.00050    0.01136
 1101   -0.01016   -0.00040    0.00948
 1102   -0.00943   -0.00219    0.00556
 1103   -0.00843   -0.00306    0.00354
 1104   -0.00923   -0.00479    0.00250
 1105   -0.00907   -0.00613    0.00083
 1106   -0.00650   -0.00103    0.00299
 1107   -0.00550    0.00046    0.00291
 1108   -0.00264    0.00243    0.00022
 1109   -0.00697    0.00094    0.00448
 1110   -0.00998   -0.00484    0.00247
 1111   -0.01180   -0.00599    0.00110
 1112   -0.01320   -0.00807    0.00102
 1113   -0.01329   -0.00846   -0.00091
 1114   -0.01116   -0.00572    0.00142
 1115   -0.01326   -0.00856    0.00369
 1116   -0.01393   -0.00982    0.00413
 1117   -0.01361   -0.00948    0.00357
 1118   -0.01495   -0.01014    0.00152
 1119   -0.01362   -0.01068    0.00738
 1120   -0.01334   -0.01222    0.00763
 1121   -0.01151   -0.01077    0.00775
 1122   -0.01302   -0.00823    0.00366
 1123   -0.01306   -0.00730    0.00202
 1124   -0.01329   -0.00767   -0.00274
 1125   -0.01344   -0.00764   -0.00386
 1126   -0.01174   -0.00558    0.00276
 1127   -0.01322   -0.00744   -0.00485
 1128   -0.01340   -0.00757   -0.00961
 1129   -0.01596   -0.00859   -0.01522
 1130   -0.01506   -0.00815   -0.02039
 1131   -0.01135   -0.00633   -0.01033
 1132   -0.01285   -0.00675   -0.01455
 1133   -0.01358   -0.00826   -0.01030
 1134   -0.01592   -0.00990   -0.01214
 1135   -0.01118   -0.00716   -0.00591
 1136   -0.01634   -0.00976   -0.00999
 1137   -0.01843   -0.00943   -0.01276
 1138   -0.01917   -0.01131   -0.01357
 1139   -0.02077   -0.01212   -0.01742
 1140   -0.01829   -0.01025   -0.00857
 1141   -0.02051   -0.01086   -0.01070
 1142   -0.01993   -0.01177   -0.01056
 1143   -0.01911   -0.01243   -0.00812
 1144   -0.02405   -0.00992   -0.01462
 1145   -0.01833   -0.01106   -0.01247
 1146   -0.01842   -0.01120   -0.01318
 1147   -0.01767   -0.01276   -0.02029
 1148   -0.01997   -0.01466   -0.02320
 1149   -0.01636   -0.01122   -0.02123
 1150   -0.01447   -0.01056   -0.02609
 1151   -0.01172   -0.00582   -0.02900
 1152   -0.01251   -0.00492   -0.02232
 1153   -0.01612   -0.00840   -0.02331
 1154   -0.01540   -0.00696   -0.01542
 1155   -0.01574   -0.00505   -0.01339
 1156   -0.01507   -0.00210   -0.01684
 1157   -0.01537   -0.00604   -0.00931
 1158   -0.00954   -0.00532   -0.03748
 1159   -0.00768    0.00212   -0.03673
 1160   -0.01475    0.00520   -0.03364
 1161   -0.01410    0.00526   -0.03958
 1162    0.01242   -0.00153   -0.06275
 1163    0.01184    0.00251   -0.06184
 1164   -0.01674    0.00716   -0.02836
 1165   -0.01635    0.00856   -0.02681
 1166   -0.01711    0.01510   -0.02705
 1167   -0.02158    0.02063   -0.03009
 1168   -0.01397    0.00637   -0.02042
 1169   -0.01381    0.00205   -0.01768
 1170   -0.01254    0.00127   -0.01262
 1171   -0.01301   -0.00205   -0.01059
 1172   -0.01237   -0.00445   -0.00747
 1173   -0.01196   -0.00454   -0.00571
 1174   -0.01226   -0.00631   -0.00583
 1175   -0.01508    0.01608   -0.02387
 1176   -0.01592    0.02248   -0.02367
 1177   -0.01513    0.02432   -0.02034
 1178   -0.01676    0.03267   -0.01938
 1179   -0.01750    0.02438   -0.02483
 1180   -0.01467    0.02306   -0.01971
 1181   -0.02518    0.05217   -0.03263
 1182   -0.01296    0.01761   -0.01797
 1183   -0.01048    0.01457   -0.01502
 1184   -0.01091    0.01966   -0.01578
 1185   -0.00990    0.02221   -0.01482
 1186   -0.01021    0.00770   -0.01480
 1187   -0.00806    0.00381   -0.01068
 1188   -0.00522    0.00474   -0.00874
 1189   -0.00889    0.00177   -0.00927
 1190   -0.01737    0.02171   -0.02086
 1191   -0.02776    0.03099   -0.02535
 1192   -0.01825    0.02326   -0.01965
 1193   -0.01589    0.01427   -0.01716
 1194   -0.05355    0.06868   -0.02806
 1195   -0.02103    0.03348   -0.02173
 1196   -0.01173    0.02784   -0.01771
 1197   -0.00255    0.01427   -0.01206
 1198   -0.00307    0.00580   -0.00828
 1199   -0.00380    0.03758   -0.01323
 1200    0.01056    0.02989   -0.00977
 1201    0.01250    0.02217   -0.01072
 1202    0.04113    0.03938   -0.01853
 1203    0.02520    0.02927   -0.01581
 1204    0.00150    0.01317   -0.01051
 1205    0.00374    0.00517   -0.00422
 1206    0.00316   -0.00153   -0.00140
 1207   -0.00041   -0.00102   -0.00270
 1208    0.00434    0.00449   -0.00396
 1209    0.00645    0.00356   -0.00080
 1210    0.00277    0.01185   -0.00849
 1211    0.00571   -0.00488    0.00096
 1212    0.00370   -0.00716    0.00347
 1213    0.00494   -0.00828    0.00497
 1214    0.00830   -0.00854    0.00503
 1215    0.00370   -0.00684    0.00385
 1216   -0.00003   -0.00557    0.00222
 1217   -0.00698   -0.00418    0.00210
 1218    0.00335   -0.00652    0.00199
 1219    0.00138   -0.00795    0.00527
 1220    0.00161   -0.00857    0.00614
 1221   -0.00080   -0.00589    0.00805
 1222   -0.00146   -0.00579    0.00846
 1223    0.00008   -0.00823    0.00548
 1224    0.00117   -0.00853    0.00410
 1225    0.00187   -0.00888    0.00408
 1226    0.00004   -0.00628    0.00268
 1227    0.00210   -0.00843    0.00325
 1228    0.00023   -0.00516    0.00195
 1229    0.00124   -0.00686    0.00306
 1230    0.00024   -0.00768    0.00780
 1231   -0.00041   -0.00575    0.00899
 1232   -0.00158   -0.00596    0.00995
 1233   -0.00103   -0.00711    0.00886
 1234    0.00081   -0.00640    0.00852
 1235    0.00012   -0.00410    0.00947
 1236   -0.00114   -0.00141    0.01118
 1237    0.00044   -0.00303    0.00878
 1238   -0.00238    0.00037    0.01183
 1239   -0.00128   -0.00098    0.01025
 1240   -0.00325   -0.00343    0.01141
 1241   -0.00388   -0.00385    0.01200
 1242   -0.00320   -0.00226    0.01178
 1243   -0.00282   -0.00170    0.01173
 1244   -0.00526   -0.00282    0.01393
 1245   -0.00670   -0.00432    0.01356
 1246   -0.00738   -0.00401    0.01417
 1247   -0.00577   -0.00619    0.01220
 1248   -0.00815   -0.00480    0.01295
 1249   -0.00637   -0.00705    0.01207
 1250   -0.00759   -0.00692    0.01172
 1251   -0.00245   -0.00334    0.01051
 1252   -0.00213   -0.00266    0.00988
 1253   -0.00182   -0.00217    0.00957
 1254   -0.00118   -0.00290    0.00956
 1255   -0.00192   -0.00296    0.00919
 1256   -0.00067   -0.00649    0.00777
 1257   -0.00167   -0.00312    0.00877
 1258   -0.00034   -0.00685    0.00560
 1259   -0.00129   -0.00141    0.00935
 1260   -0.00040   -0.00070    0.00884
 1261    0.00078   -0.00050    0.00689
 1262    0.00109   -0.00052    0.00578
 1263   -0.00035    0.00051    0.00991
 1264    0.00071    0.00108    0.00962
 1265    0.00060    0.00053    0.01030
 1266    0.00084    0.00243    0.00976
 1267    0.00189   -0.00119    0.00612
 1268    0.00353   -0.00102    0.00340
 1269    0.00482    0.00064    0.00327
 1270    0.00472    0.00039    0.00448
 1271    0.00394   -0.00376    0.00151
 1272    0.00231   -0.00559    0.00152
 1273    0.00162   -0.00626    0.00358
 1274    0.00273   -0.00538   -0.00081
 1275    0.00071   -0.00730    0.00362
 1276    0.00173   -0.00653   -0.00040
 1277    0.00097   -0.00749    0.00130
 1278    0.00553    0.00204    0.00204
 1279    0.00669    0.00386    0.00148
 1280    0.00745    0.00398   -0.00151
 1281    0.00684    0.00350   -0.00411
 1282    0.00539    0.00559    0.00412
 1283    0.00588    0.00724    0.00522
 1284    0.00438    0.00588    0.00689
 1285    0.00672    0.00823    0.00381
 1286    0.00881    0.00563   -0.00295
 1287    0.00977    0.00686   -0.00608
 1288    0.01071    0.00945   -0.00481
 1289    0.01090    0.01051   -0.00170
 1290    0.01101    0.00748   -0.00918
 1291    0.01065    0.00945   -0.01428
 1292    0.01137    0.01250   -0.01647
 1293    0.01034    0.00954   -0.01690
 1294    0.01090    0.01026   -0.00683
 1295    0.01114    0.01221   -0.00522
 1296    0.01017    0.01397   -0.01202
 1297    0.00922    0.01177   -0.01578
 1298    0.00986    0.01038   -0.00172
 1299    0.00995    0.01167   -0.00092
 1300    0.00893    0.00902    0.00284
 1301    0.01115    0.01719   -0.01222
 1302    0.01297    0.02428   -0.02271
 1303    0.01076    0.02330   -0.02564
 1304    0.00920    0.02455   -0.03143
 1305    0.01259    0.02145   -0.02359
 1306    0.01521    0.03002   -0.03373
 1307    0.02392    0.04491   -0.04753
 1308    0.01488    0.02547   -0.03283
 1309    0.01083    0.02134   -0.02410
 1310    0.00839    0.01979   -0.02744
 1311    0.00738    0.01464   -0.02705
 1312    0.00541    0.01361   -0.03015
 1313    0.00777    0.01153   -0.02293
 1314    0.00725    0.00750   -0.02194
 1315    0.00756    0.00536   -0.01783
 1316    0.00821    0.00649   -0.01437
 1317    0.00770    0.00499   -0.02325
 1318    0.00662    0.00531   -0.02813
 1319    0.00689    0.00254   -0.03147
 1320    0.00673    0.00833   -0.03216
 1321    0.00599    0.00325   -0.03849
 1322    0.00583    0.00761   -0.03787
 1323    0.00653    0.00280   -0.01756
 1324    0.00689    0.00199   -0.01365
 1325    0.00575    0.00022   -0.01106
 1326    0.00540   -0.00186   -0.01296
 1327    0.00626    0.00059   -0.01468
 1328    0.00562   -0.00125   -0.01141
 1329    0.00664   -0.00091   -0.00874
 1330    0.00419   -0.00215   -0.01288
 1331    0.00582    0.00045   -0.00763
 1332    0.00519   -0.00081   -0.00522
 1333    0.00418   -0.00104   -0.00218
 1334    0.00461    0.00006   -0.00072
 1335    0.00470    0.00137   -0.00353
 1336    0.00563    0.00057   -0.00620
 1337    0.00631   -0.00170   -0.00670
 1338    0.00714    0.00224   -0.00838
 1339    0.00706   -0.00324   -0.00911
 1340    0.00759    0.00205   -0.01116
 1341    0.00773   -0.00140   -0.01154
 1342    0.00872   -0.00211   -0.01408
 1343    0.00326   -0.00144   -0.00122
 1344    0.00220   -0.00114    0.00132
 1345    0.00082   -0.00067    0.00258
 1346    0.00098   -0.00112    0.00162
 1347    0.00215   -0.00342    0.00039
 1348    0.00111   -0.00368    0.00216
 1349    0.00121   -0.00461    0.00145
 1350    0.00090   -0.00388    0.00265
 1351    0.00143   -0.00521   -0.00013
 1352   -0.00032    0.00032    0.00524
 1353   -0.00120    0.00125    0.00641
 1354   -0.00248    0.00105    0.00750
 1355   -0.00225    0.00064    0.00838
 1356   -0.00116    0.00223    0.00792
 1357    0.00006    0.00278    0.00674
 1358   -0.00020    0.00414    0.00853
 1359    0.00069    0.00203    0.00485
 1360   -0.00288    0.00152    0.00719
 1361   -0.00360    0.00245    0.00861
 1362   -0.00432    0.00315    0.00822
 1363   -0.00406    0.00337    0.00627
 1364   -0.00261    0.00094    0.00689
 1365   -0.00234    0.00141    0.00800
 1366   -0.00053   -0.00063    0.00654
 1367   -0.00323    0.00161    0.00923
 1368   -0.00507    0.00353    0.01009
 1369   -0.00669    0.00575    0.01126
 1370   -0.00686    0.00650    0.01127
 1371   -0.00721    0.00749    0.01097
 1372   -0.00525    0.00415    0.01027
 1373   -0.00360    0.00304    0.00915
 1374   -0.00324    0.00277    0.00662
 1375   -0.00222    0.00262    0.00485
 1376   -0.00276    0.00153    0.00889
 1377   -0.00338    0.00382    0.01021
 1378    0.00010    0.00148    0.00916
 1379    0.00189   -0.00118    0.00753
 1380    0.00490   -0.00362    0.00612
 1381    0.00630   -0.00225    0.00514
 1382    0.01313   -0.00137    0.00217
 1383   -0.00439    0.00285    0.00499
 1384   -0.00394    0.00257    0.00170
 1385   -0.00601    0.00169    0.00143
 1386   -0.00707    0.00263    0.00339
 1387   -0.00286    0.00245    0.00138
 1388   -0.00053    0.00253    0.00153
 1389    0.00239    0.00338   -0.00096
 1390    0.00270    0.00189   -0.00234
 1391   -0.00746    0.00039   -0.00081
 1392   -0.01118   -0.00031   -0.00202
 1393   -0.00940    0.00004   -0.00231
 1394   -0.00928    0.00022   -0.00196
 1395   -0.01345   -0.00081   -0.00601
 1396   -0.00718   -0.00006   -0.00802
 1397   -0.00729    0.00142   -0.00483
 1398   -0.00750   -0.00101   -0.00233
 1399   -0.00530   -0.00154   -0.00197
 1400   -0.00190   -0.00148   -0.00136
 1401   -0.00187   -0.00066   -0.00094
 1402   -0.00386   -0.00680   -0.00430
 1403   -0.00066   -0.00868   -0.00609
 1404    0.00122   -0.00766   -0.00529
 1405   -0.00406   -0.01357   -0.00903
 1406    0.00408   -0.00692   -0.00626
 1407   -0.00357   -0.01291   -0.01076
 1408    0.00116   -0.00809   -0.00822
 1409   -0.00117   -0.00221   -0.00077
 1410    0.00091   -0.00272   -0.00115
 1411    0.00324   -0.00434   -0.00276
 1412    0.00422   -0.00627   -0.00362
 1413    0.00149   -0.00254   -0.00027
 1414   -0.00017   -0.00162    0.00133
 1415   -0.00160   -0.00312   -0.00071
 1416    0.00355   -0.00317   -0.00285
 1417    0.00580   -0.00358   -0.00483
 1418    0.00715   -0.00550   -0.00743
 1419    0.00512   -0.00516   -0.00575
 1420    0.00469   -0.00414   -0.00367
 1421    0.00638   -0.00521   -0.00480
 1422    0.00354   -0.00216   -0.00179
 1423    0.00948   -0.00678   -0.01014
 1424    0.00940   -0.00586   -0.01403
 1425    0.00943   -0.00733   -0.01710
 1426    0.01259   -0.01049   -0.01534
 1427    0.01018   -0.00782   -0.01357
 1428    0.01101   -0.00571   -0.01937
 1429    0.01004   -0.00384   -0.02188
 1430    0.01004   -0.00617   -0.01888
 1431    0.00596   -0.00560   -0.01765
 1432    0.00278   -0.00529   -0.01915
 1433    0.00286   -0.00446   -0.02463
 1434    0.00097   -0.00398   -0.02558
 1435    0.00141   -0.00516   -0.01539
 1436    0.00176   -0.00625   -0.01080
 1437    0.00107   -0.00672   -0.00850
 1438    0.00292   -0.00494   -0.00743
 1439    0.00115   -0.00674   -0.00542
 1440    0.00235   -0.00565   -0.00467
 1441    0.00500   -0.00410   -0.02690
 1442    0.00503   -0.00270   -0.03130
 1443    0.00419    0.00144   -0.03061
 1444    0.00473    0.00182   -0.02631
 1445    0.00158    0.00252   -0.03560
 1446    0.00114    0.00685   -0.03648
 1447    0.00175    0.00577   -0.03310
 1448    0.00061    0.00274   -0.03281
 1449   -0.00277    0.00811   -0.04552
 1450    0.00313    0.00763   -0.03061
 1451    0.00465    0.00691   -0.02751
 1452    0.00605    0.01078   -0.02749
 1453    0.00686    0.01338   -0.02724
 1454    0.00596    0.00582   -0.02283
 1455    0.00701    0.00582   -0.02110
 1456    0.00695    0.01043   -0.02700
 1457    0.00852    0.01379   -0.02679
 1458    0.01133    0.01449   -0.02263
 1459    0.01071    0.01041   -0.02029
 1460    0.00853    0.01370   -0.02937
 1461    0.01015    0.01711   -0.02982
 1462    0.01120    0.01452   -0.02114
 1463    0.01095    0.01157   -0.01727
 1464    0.01135    0.00894   -0.01612
 1465    0.01119    0.00728   -0.01178
 1466    0.01174    0.01267   -0.01787
 1467    0.01244    0.01339   -0.01646
 1468    0.01194    0.01182   -0.01057
 1469    0.01231    0.01097   -0.00891
 1470    0.01069    0.01088   -0.00742
 1471    0.01179    0.00904   -0.01882
 1472    0.01168    0.00675   -0.01747
 1473    0.01110    0.00571   -0.01731
 1474    0.01183    0.00343   -0.01540
 1475    0.01161    0.00785   -0.01998
 1476    0.01042    0.01065   -0.02158
 1477    0.00882    0.01066   -0.01941
 1478    0.01199    0.01364   -0.02494
 1479    0.01085    0.00647   -0.01978
 1480    0.00993    0.00606   -0.01993
 1481    0.00912    0.00323   -0.01717
 1482    0.00776    0.00137   -0.01774
 1483    0.00881    0.00691   -0.02416
 1484    0.00801    0.00715   -0.02498
 1485    0.01030    0.00946   -0.02801
 1486    0.00985    0.00410   -0.01338
 1487    0.00898    0.00246   -0.01032
 1488    0.00852    0.00033   -0.00825
 1489    0.00750   -0.00143   -0.00800
 1490    0.00946    0.00374   -0.00732
 1491    0.00863    0.00204   -0.00381
 1492    0.00904    0.00238   -0.00521
 1493    0.00818    0.00194   -0.00033
 1494    0.00926    0.00057   -0.00642
 1495    0.00922   -0.00231   -0.00498
 1496    0.00853   -0.00471   -0.00735
 1497    0.00694   -0.00574   -0.00631
 1498    0.01159   -0.00312   -0.00352
 1499    0.01189   -0.00230   -0.00081
 1500    0.01311   -0.00324   -0.00041
 1501    0.00866   -0.00453    0.00113
 1502    0.00884   -0.00336   -0.01104
 1503    0.00677   -0.00467   -0.01239
 1504    0.00489   -0.00545   -0.01307
 1505    0.00329   -0.00757   -0.01242
 1506    0.00665   -0.00251   -0.01547
 1507    0.00505   -0.00355   -0.01821
 1508    0.00521   -0.00065   -0.02449
 1509    0.00749    0.00315   -0.02743
 1510    0.00717    0.00446   -0.03665
 1511    0.00481   -0.00414   -0.01466
 1512    0.00311   -0.00438   -0.01542
 1513    0.00267   -0.00554   -0.01235
 1514    0.00152   -0.00674   -0.01246
 1515    0.00422   -0.00204   -0.01824
 1516    0.00396   -0.00130   -0.02228
 1517    0.00421    0.00111   -0.02375
 1518    0.00315   -0.00199   -0.02370
 1519    0.00395   -0.00520   -0.00979
 1520    0.00339   -0.00597   -0.00639
 1521    0.00266   -0.00780   -0.00555
 1522    0.00149   -0.00911   -0.00445
 1523    0.00452   -0.00484   -0.00363
 1524    0.00366   -0.00812   -0.00599
 1525    0.00297   -0.01066   -0.00485
 1526    0.00093   -0.01156   -0.00611
 1527   -0.00029   -0.01277   -0.00521
 1528    0.00425   -0.01115   -0.00492
 1529   -0.00003   -0.01087   -0.00856
 1530   -0.00246   -0.01135   -0.00974
 1531   -0.00315   -0.01185   -0.00889
 1532   -0.00467   -0.01314   -0.00829
 1533   -0.00264   -0.01026   -0.01317
 1534   -0.00510   -0.01078   -0.01483
 1535   -0.00474   -0.00949   -0.01946
 1536   -0.00923   -0.00969   -0.02076
 1537   -0.01366   -0.01038   -0.02291
 1538   -0.00157   -0.01101   -0.00821
 1539   -0.00184   -0.01110   -0.00731
 1540   -0.00196   -0.01271   -0.00482
 1541   -0.00279   -0.01373   -0.00381
 1542   -0.00028   -0.00948   -0.00671
 1543   -0.00029   -0.00918   -0.00442
 1544    0.00026   -0.00798   -0.01025
 1545   -0.00085   -0.01265   -0.00383
 1546   -0.00075   -0.01302   -0.00212
 1547   -0.00146   -0.01437   -0.00262
 1548   -0.00164   -0.01485   -0.00221
 1549    0.00048   -0.01220   -0.00124
 1550    0.00054   -0.01038    0.00096
 1551   -0.00206   -0.01471   -0.00396
 1552   -0.00314   -0.01562   -0.00439
 1553   -0.00491   -0.01638   -0.00467
 1554   -0.00573   -0.01794   -0.00494
 1555   -0.00336   -0.01632   -0.00575
 1556   -0.00170   -0.01629   -0.00453
 1557   -0.00173   -0.01640   -0.00518
 1558   -0.00359   -0.01553   -0.00731
 1559   -0.00342   -0.01465   -0.00871
 1560   -0.00086   -0.01403   -0.00812
 1561   -0.00563   -0.01395   -0.01159
 1562   -0.00563   -0.01626   -0.00482
 1563   -0.00691   -0.01598   -0.00454
 1564   -0.00533   -0.01639   -0.00336
 1565   -0.00578   -0.01702   -0.00324
 1566   -0.00656   -0.01429   -0.00487
 1567   -0.00770   -0.01291   -0.00664
 1568   -0.00778   -0.01033   -0.00686
 1569   -0.00625   -0.00920   -0.00521
 1570   -0.00965   -0.01001   -0.00861
 1571   -0.00383   -0.01527   -0.00231
 1572   -0.00248   -0.01547   -0.00140
 1573   -0.00187   -0.01672   -0.00237
 1574   -0.00102   -0.01775   -0.00249
 1575   -0.00104   -0.01438   -0.00027
 1576   -0.00012   -0.01299    0.00051
 1577   -0.00070   -0.01219   -0.00008
 1578    0.00131   -0.01165    0.00134
 1579    0.00015   -0.01016    0.00080
 1580    0.00160   -0.00983    0.00190
 1581    0.00065   -0.00903    0.00141
 1582   -0.00256   -0.01740   -0.00283
 1583   -0.00229   -0.01822   -0.00336
 1584   -0.00308   -0.02104   -0.00499
 1585   -0.00258   -0.02211   -0.00573
 1586   -0.00207   -0.01769   -0.00352
 1587   -0.00121   -0.01611   -0.00154
 1588   -0.00126   -0.01823   -0.00421
 1589   -0.00434   -0.02117   -0.00584
 1590   -0.00561   -0.02206   -0.00715
 1591   -0.00490   -0.02366   -0.00687
 1592   -0.00577   -0.02517   -0.00772
 1593   -0.00960   -0.02208   -0.00663
 1594   -0.00999   -0.02198   -0.00741
 1595   -0.01369   -0.02196   -0.00668
 1596   -0.01828   -0.02315   -0.00846
 1597   -0.01242   -0.01988   -0.00725
 1598   -0.00450   -0.02244   -0.00464
 1599   -0.00336   -0.02266   -0.00379
 1600   -0.00137   -0.02475   -0.00423
 1601   -0.00114   -0.02684   -0.00446
 1602   -0.00251   -0.01903   -0.00265
 1603   -0.00481   -0.01641   -0.00264
 1604   -0.00303   -0.01167   -0.00026
 1605   -0.00117   -0.01180    0.00015
 1606   -0.00167   -0.01125   -0.00004
 1607   -0.00357   -0.00926   -0.00101
 1608   -0.00025   -0.01162    0.00010
 1609   -0.00062   -0.02372   -0.00446
 1610    0.00043   -0.02551   -0.00458
 1611   -0.00003   -0.02700   -0.00673
 1612   -0.00016   -0.02432   -0.00591
 1613    0.00098   -0.02374   -0.00371
 1614    0.00217   -0.02281   -0.00272
 1615    0.00371   -0.02435   -0.00345
 1616    0.00521   -0.02214   -0.00287
 1617    0.00430   -0.02771   -0.00371
 1618   -0.00105   -0.02913   -0.00881
 1619   -0.00148   -0.02969   -0.01291
 1620   -0.00075   -0.02730   -0.01078
 1621   -0.00100   -0.02338   -0.00830
 1622    0.00022   -0.04097   -0.02710
 1623   -0.00051   -0.03261   -0.01348
 1624   -0.00037   -0.02847   -0.01073
 1625    0.00076   -0.01928   -0.00338
 1626    0.00293   -0.01305   -0.00095
 1627   -0.00004   -0.02129   -0.00297
 1628    0.00085   -0.01933   -0.00106
 1629    0.00108   -0.01571    0.00028
 1630    0.00083   -0.01599    0.00041
 1631    0.00095   -0.02188   -0.00190
 1632    0.00200   -0.01977   -0.00022
 1633    0.00190   -0.01658    0.00099
 1634    0.00114   -0.01406    0.00129
 1635    0.00369   -0.01859    0.00022
 1636    0.00119   -0.01367    0.00165
 1637    0.00090   -0.01155    0.00204
 1638    0.00011   -0.01179    0.00235
 1639    0.00001   -0.01150    0.00211
 1640    0.00143   -0.00803    0.00183
 1641    0.00029   -0.00686    0.00178
 1642    0.00288   -0.00628    0.00156
 1643   -0.00018   -0.01272    0.00290
 1644    0.00001   -0.01076    0.00282
 1645   -0.00002   -0.01231    0.00340
 1646    0.00058   -0.01184    0.00383
 1647   -0.00008   -0.01073    0.00220
 1648   -0.00158   -0.00877    0.00183
 1649   -0.00192   -0.00871    0.00100
 1650   -0.00348   -0.00533   -0.00112
 1651   -0.00330   -0.00483   -0.00211
 1652   -0.00164   -0.00656   -0.00082
 1653   -0.00449   -0.00095   -0.00337
 1654   -0.00002   -0.01229    0.00331
 1655   -0.00012   -0.01259    0.00414
 1656   -0.00035   -0.01185    0.00467
 1657   -0.00047   -0.01123    0.00434
 1658   -0.00005   -0.01335    0.00342
 1659   -0.00011   -0.01443    0.00253
 1660   -0.00008   -0.01557    0.00158
 1661   -0.00020   -0.01458    0.00293
 1662    0.00007   -0.01756    0.00059
 1663    0.00038   -0.01595    0.00142
 1664    0.00058   -0.01786    0.00032
 1665   -0.00082   -0.01156    0.00612
 1666   -0.00096   -0.01154    0.00667
 1667   -0.00140   -0.01140    0.00764
 1668   -0.00172   -0.01061    0.00837
 1669   -0.00247   -0.00997    0.00725
 1670   -0.00209   -0.00987    0.00637
 1671   -0.00077   -0.01203    0.00821
 1672   -0.00021   -0.01191    0.00927
 1673    0.00012   -0.01189    0.00969
 1674   -0.00021   -0.01176    0.00957
 1675    0.00117   -0.01120    0.00792
 1676   -0.00020   -0.01119    0.01018
 1677    0.00011   -0.01118    0.01047
 1678    0.00112   -0.01041    0.01010
 1679    0.00176   -0.00852    0.00988
 1680   -0.00110   -0.01116    0.01100
 1681   -0.00241   -0.01142    0.01120
 1682   -0.00206   -0.01017    0.01161
 1683    0.00228   -0.00949    0.01020
 1684    0.00354   -0.00806    0.00908
 1685    0.00359   -0.00812    0.00920
 1686    0.00368   -0.00788    0.00953
 1687    0.00560   -0.00751    0.00731
 1688    0.00376   -0.00700    0.00870
 1689    0.00408   -0.00590    0.00853
 1690    0.00551   -0.00526    0.00727
 1691    0.00594   -0.00397    0.00629
 1692    0.00240   -0.00340    0.00956
 1693    0.00257   -0.00298    0.00978
 1694    0.00144   -0.00546    0.00980
 1695    0.00320   -0.00066    0.01030
 1696    0.00652   -0.00533    0.00683
 1697    0.00770   -0.00449    0.00606
 1698    0.00795   -0.00422    0.00572
 1699    0.00795   -0.00451    0.00490
 1700    0.00887   -0.00438    0.00582
 1701    0.00833   -0.00449    0.00650
 1702    0.00784   -0.00432    0.00657
 1703    0.00771   -0.00401    0.00665
 1704    0.00871   -0.00336    0.00598
 1705    0.00954   -0.00373    0.00700
 1706    0.00584   -0.00463    0.00858
 1707    0.00302   -0.00567    0.00898
 1708    0.00024   -0.00698    0.01127
 1709   -0.00285   -0.00745    0.01205
 1710   -0.00406   -0.00928    0.01520
 1711    0.00752   -0.00342    0.00380
 1712    0.00481   -0.00323    0.00166
 1713    0.00300   -0.00395    0.00257
 1714    0.00116   -0.00701    0.00211
 1715    0.00185   -0.00508   -0.00010
 1716    0.00143   -0.00734    0.00365
 1717   -0.01560   -0.02438    0.00521
 1718   -0.14046   -0.21645   -0.05326
 1719    0.02630    0.04970    0.01487
 1720   -0.02248   -0.03044    0.00799
 1721   -0.00535   -0.00930   -0.00573
 1722   -0.00610   -0.00852   -0.00598
 1723   -0.00428   -0.00635   -0.00493
 1724   -0.00360   -0.00532   -0.00407
 1725   -0.00611   -0.00784   -0.00516
 1726   -0.00403   -0.00686   -0.00425
 1727   -0.00387   -0.00649   -0.00464
 1728   -0.00628   -0.00832   -0.00569
 1729   -0.00464   -0.00527   -0.00510
 1730   -0.00374   -0.00317   -0.00455
 1731   -0.00375   -0.00184   -0.00355
 1732   -0.00476   -0.00160   -0.00340
 1733   -0.00470   -0.00305   -0.00492
 1734   -0.00381   -0.00142   -0.00369
 1735   -0.00490   -0.00159   -0.00395
 1736   -0.00490   -0.00294   -0.00500
 1737   -0.00436   -0.00016   -0.00291
 1738   -0.00219   -0.00104   -0.00303
 1739   -0.00187    0.00027   -0.00238
 1740   -0.00124    0.00136   -0.00165
 1741   -0.00051    0.00149   -0.00153
 1742   -0.00132    0.00044   -0.00231
 1743   -0.00053    0.00080   -0.00195
 1744   -0.00200   -0.00071   -0.00267
 1745   -0.00004    0.00121   -0.00161
 1746   -0.00096    0.00266   -0.00123
 1747    0.00048    0.00363   -0.00041
 1748    0.00160    0.00384   -0.00006
 1749    0.00130    0.00379   -0.00031
 1750    0.00031    0.00369    0.00017
 1751   -0.00085    0.00296   -0.00023
 1752    0.00018    0.00270    0.00017
 1753   -0.00334    0.00196   -0.00053
 1754   -0.00197    0.00211   -0.00028
 1755   -0.00567    0.00173   -0.00093
 1756   -0.00432    0.00157   -0.00105
 1757    0.00229    0.00366    0.00024
 1758    0.00204    0.00285    0.00028
 1759    0.00251    0.00187    0.00078
 1760    0.00297    0.00162    0.00088
 1761    0.00156    0.00285    0.00014
 1762    0.00099    0.00185    0.00019
 1763    0.00106    0.00315   -0.00024
 1764    0.00256    0.00088    0.00087
 1765    0.00363   -0.00087    0.00152
 1766    0.00321   -0.00272    0.00160
 1767    0.00263   -0.00236    0.00130
 1768    0.00455   -0.00172    0.00147
 1769    0.00617   -0.00357    0.00121
 1770    0.00746   -0.00391    0.00124
 1771    0.00819   -0.00529    0.00179
 1772    0.00978   -0.00548    0.00204
 1773    0.00353   -0.00427    0.00177
 1774    0.00262   -0.00589    0.00203
 1775    0.00305   -0.00800    0.00211
 1776    0.00444   -0.00862    0.00167
 1777    0.00218   -0.00598    0.00182
 1778    0.00305   -0.00724    0.00143
 1779    0.00174   -0.00367    0.00140
 1780    0.00253   -0.00922    0.00262
 1781    0.00291   -0.01093    0.00273
 1782    0.00300   -0.01263    0.00238
 1783    0.00319   -0.01404    0.00238
 1784    0.00195   -0.01170    0.00360
 1785    0.00151   -0.01249    0.00398
 1786    0.00201   -0.01259    0.00452
 1787    0.00057   -0.01252    0.00486
 1788    0.00268   -0.01246    0.00187
 1789    0.00217   -0.01482    0.00073
 1790    0.00361   -0.01443    0.00020
 1791    0.00281   -0.01591   -0.00075
 1792    0.00143   -0.01468   -0.00043
 1793    0.00285   -0.01166   -0.00012
 1794    0.00007   -0.01438    0.00012
 1795    0.00481   -0.01277    0.00127
 1796    0.00654   -0.01148    0.00082
 1797    0.00805   -0.00896    0.00095
 1798    0.01114   -0.00787    0.00132
 1799    0.00719   -0.00830    0.00093
 1800    0.00820   -0.00614    0.00039
 1801    0.00682   -0.00321    0.00191
 1802    0.00555   -0.00287    0.00150
 1803    0.00722   -0.00586    0.00018
 1804    0.00818   -0.00291    0.00063
 1805    0.00806   -0.00186    0.00077
 1806    0.00846    0.00177    0.00118
 1807    0.00793    0.00193    0.00139
 1808    0.00747   -0.00127    0.00257
 1809    0.00609    0.00073    0.00220
 1810    0.00623    0.00259    0.00233
 1811    0.00719    0.00362    0.00309
 1812    0.00668    0.00045    0.00205
 1813    0.00744   -0.00134    0.00219
 1814    0.00484    0.00170    0.00116
 1815    0.00483    0.00341    0.00150
 1816    0.00462    0.00519    0.00146
 1817    0.00397    0.00552    0.00057
 1818    0.00315    0.00489    0.00009
 1819    0.00360    0.00486    0.00077
 1820    0.00335    0.00352    0.00107
 1821    0.00375    0.00661    0.00037
 1822    0.00199    0.00292    0.00064
 1823    0.00416    0.00606    0.00074
 1824    0.00250    0.00408    0.00073
 1825    0.00192    0.00437   -0.00002
 1826    0.00183    0.00506   -0.00012
 1827    0.00204    0.00388    0.00090
 1828    0.00255    0.00408    0.00145
 1829    0.00075    0.00183   -0.00096
 1830    0.00093    0.00319   -0.00058
 1831    0.00073    0.00283   -0.00100
 1832   -0.00014    0.00094   -0.00174
 1833   -0.00059   -0.00084   -0.00262
 1834    0.00059    0.00295   -0.00053
 1835    0.00115    0.00439   -0.00024
 1836    0.00032    0.00385   -0.00032
 1837    0.00140    0.00607    0.00016
 1838    0.00015    0.00057   -0.00214
 1839   -0.00099   -0.00225   -0.00179
 1840   -0.00209   -0.00176   -0.00147
 1841   -0.00170   -0.00153   -0.00134
 1842   -0.00028   -0.00403   -0.00309
 1843    0.00007   -0.00290   -0.00422
 1844   -0.00118   -0.00388   -0.00463
 1845   -0.00141   -0.00312   -0.00380
 1846   -0.00180   -0.00630   -0.00622
 1847   -0.00215   -0.00328   -0.00164
 1848   -0.00176   -0.00341   -0.00034
 1849   -0.00194   -0.00560   -0.00093
 1850   -0.00249   -0.00715   -0.00198
 1851   -0.00143   -0.00222   -0.00040
 1852   -0.00090   -0.00052    0.00031
 1853   -0.00162   -0.00225   -0.00137
 1854   -0.00102   -0.00487    0.00023
 1855   -0.00036   -0.00679    0.00043
 1856   -0.00012   -0.00595    0.00132
 1857    0.00061   -0.00419    0.00196
 1858   -0.00062   -0.00935    0.00125
 1859   -0.00210   -0.01249   -0.00054
 1860   -0.00047   -0.01690   -0.00080
 1861    0.00088   -0.01744    0.00009
 1862   -0.00107   -0.02336   -0.00422
 1863    0.00015   -0.00643    0.00084
 1864    0.00135   -0.00526    0.00161
 1865    0.00297   -0.00499    0.00329
 1866    0.00402   -0.00397    0.00337
 1867    0.00115   -0.00623    0.00176
 1868   -0.00273   -0.00937   -0.00103
 1869   -0.00109   -0.00784    0.00038
 1870    0.00281   -0.00605    0.00414
 1871    0.00423   -0.00671    0.00551
 1872    0.00427   -0.00563    0.00509
 1873    0.00512   -0.00589    0.00573
 1874    0.00382   -0.00878    0.00701
 1875    0.00380   -0.01111    0.00672
 1876    0.00279   -0.00497    0.00383
 1877    0.00276   -0.00358    0.00319
 1878    0.00367   -0.00232    0.00275
 1879    0.00367   -0.00204    0.00233
 1880    0.00180   -0.00285    0.00236
 1881    0.00089   -0.00406    0.00219
 1882    0.00103   -0.00624    0.00329
 1883    0.00018   -0.00378    0.00134
 1884    0.00386   -0.00197    0.00238
 1885    0.00421   -0.00115    0.00178
 1886    0.00293   -0.00013    0.00050
 1887    0.00210   -0.00003    0.00027
 1888    0.00454   -0.00117    0.00190
 1889    0.00345   -0.00091    0.00124
 1890    0.00590   -0.00209    0.00311
 1891    0.00347    0.00028   -0.00005
 1892    0.00271    0.00096   -0.00120
 1893    0.00137    0.00164   -0.00157
 1894   -0.00015    0.00222   -0.00194
 1895    0.00292    0.00116   -0.00149
 1896    0.00384    0.00111   -0.00124
 1897    0.00150    0.00190   -0.00179
 1898    0.00334    0.00126   -0.00111
 1899    0.00176    0.00135   -0.00144
 1900   -0.00001    0.00245   -0.00188
 1901   -0.00038    0.00248   -0.00169
 1902   -0.00207    0.00376   -0.00286
 1903    0.00116    0.00197   -0.00184
 1904   -0.00109    0.00276   -0.00255
 1905   -0.00039    0.00231   -0.00171
 1906   -0.00157    0.00254   -0.00330
 1907    0.00139    0.00162   -0.00083
 1908    0.00052    0.00170   -0.00063
 1909   -0.00016    0.00199   -0.00051
 1910   -0.00112    0.00223   -0.00128
 1911   -0.00192    0.00289   -0.00116
 1912    0.00079   -0.00035    0.00088
 1913    0.00142   -0.00042    0.00146
 1914    0.00087    0.00071    0.00046
 1915    0.00261   -0.00222    0.00255
 1916   -0.00035    0.00189   -0.00077
 1917   -0.00069    0.00256   -0.00061
 1918   -0.00178    0.00378   -0.00160
 1919   -0.00162    0.00436   -0.00140
 1920    0.00004    0.00192   -0.00064
 1921   -0.00017    0.00252   -0.00063
 1922    0.00052    0.00118   -0.00001
 1923   -0.00219    0.00388   -0.00252
 1924   -0.00353    0.00475   -0.00327
 1925   -0.00478    0.00635   -0.00378
 1926   -0.00509    0.00728   -0.00383
 1927   -0.00383    0.00440   -0.00405
 1928   -0.00304    0.00351   -0.00353
 1929   -0.00342    0.00286   -0.00437
 1930   -0.00246    0.00159   -0.00350
 1931   -0.00272    0.00100   -0.00431
 1932   -0.00515    0.00680   -0.00369
 1933   -0.00626    0.00896   -0.00408
 1934   -0.00523    0.00999   -0.00313
 1935   -0.00583    0.01269   -0.00347
 1936   -0.00630    0.00937   -0.00395
 1937   -0.00337    0.00768   -0.00203
 1938   -0.00198    0.00827   -0.00145
 1939   -0.00191    0.00918   -0.00120
 1940   -0.00129    0.01041   -0.00098
 1941   -0.00131    0.00590   -0.00050
 1942   -0.00197    0.00389   -0.00042
 1943   -0.00136    0.00227    0.00077
 1944   -0.00195    0.00010    0.00113
 1945   -0.00333   -0.00060    0.00110
 1946   -0.00234    0.00813   -0.00148
 1947   -0.00208    0.00773   -0.00146
 1948   -0.00297    0.00903   -0.00214
 1949   -0.00248    0.00906   -0.00187
 1950   -0.00223    0.00599   -0.00164
 1951   -0.00083    0.00490   -0.00103
 1952   -0.00197    0.00508   -0.00143
 1953   -0.00104    0.00376   -0.00126
 1954   -0.00476    0.00988   -0.00318
 1955   -0.00621    0.01089   -0.00399
 1956   -0.00549    0.01321   -0.00334
 1957   -0.00533    0.01359   -0.00337
 1958   -0.00785    0.01151   -0.00541
 1959   -0.00944    0.01250   -0.00622
 1960   -0.01134    0.01422   -0.00771
 1961   -0.01139    0.01333   -0.00856
 1962   -0.01267    0.01777   -0.00881
 1963   -0.00465    0.01457   -0.00286
 1964   -0.00439    0.01793   -0.00194
 1965   -0.00204    0.01673   -0.00128
 1966   -0.00186    0.02002   -0.00036
 1967   -0.00386    0.02078   -0.00136
 1968   -0.00601    0.02222   -0.00317
 1969   -0.00649    0.02730   -0.00353
 1970   -0.00716    0.02047   -0.00515
 1971   -0.00072    0.01361   -0.00142
 1972    0.00132    0.01259   -0.00120
 1973    0.00124    0.01131   -0.00112
 1974    0.00241    0.01128   -0.00080
 1975    0.00203    0.01085   -0.00060
 1976    0.00347    0.01188   -0.00092
 1977    0.00565    0.01269   -0.00030
 1978    0.00715    0.01466   -0.00081
 1979    0.00485    0.01079   -0.00022
 1980   -0.00037    0.01004   -0.00148
 1981   -0.00048    0.00745   -0.00187
 1982   -0.00234    0.00751   -0.00259
 1983   -0.00301    0.00510   -0.00286
 1984   -0.00059    0.00467   -0.00099
 1985    0.00122    0.00436   -0.00024
 1986    0.00267    0.00426    0.00039
 1987    0.00348    0.00148    0.00118
 1988    0.00404    0.00611    0.00053
 1989   -0.00418    0.00947   -0.00337
 1990   -0.00615    0.00981   -0.00413
 1991   -0.00721    0.00757   -0.00436
 1992   -0.00865    0.00805   -0.00495
 1993   -0.00640    0.00611   -0.00368
 1994   -0.00702    0.00485   -0.00360
 1995   -0.00801    0.00654   -0.00454
 1996   -0.00763    0.00681   -0.00473
 1997   -0.00573    0.00263   -0.00239
 1998   -0.00412    0.00138   -0.00133
 1999   -0.00593    0.00089   -0.00204
 2000   -0.00302    0.00007    0.00006
 2001   -0.00954    0.00647   -0.00525
 2002   -0.01088    0.00797   -0.00559
 2003   -0.00942    0.00553   -0.00651
 2004   -0.00850    0.00372   -0.00525
 2005   -0.01256    0.00838   -0.00683
 2006   -0.01081    0.00750   -0.00562
 2007   -0.00948    0.00836   -0.00403
 2008   -0.00972    0.00567   -0.00748
 2009   -0.00839    0.00421   -0.00748
 2010   -0.00887    0.00292   -0.00782
 2011   -0.00843    0.00145   -0.00726
 2012   -0.00915    0.00485   -0.00839
 2013   -0.00976    0.00707   -0.00829
 2014   -0.01031    0.00771   -0.00851
 2015   -0.01086    0.00257   -0.00887
 2016   -0.01193    0.00048   -0.00971
 2017   -0.01121   -0.00137   -0.00766
 2018   -0.01171   -0.00336   -0.00745
 2019   -0.01274    0.00102   -0.01239
 2020   -0.01408    0.00210   -0.01643
 2021   -0.01462    0.00262   -0.01649
 2022   -0.01431    0.00261   -0.02143
 2023   -0.01006   -0.00047   -0.00590
 2024   -0.00901   -0.00183   -0.00388
 2025   -0.00785   -0.00271   -0.00274
 2026   -0.00716   -0.00430   -0.00163
 2027   -0.00824   -0.00106   -0.00300
 2028   -0.00885    0.00053   -0.00382
 2029   -0.00719    0.00264   -0.00318
 2030   -0.00658    0.00273   -0.00210
 2031   -0.00696    0.00397   -0.00394
 2032   -0.00745   -0.00148   -0.00352
 2033   -0.00581   -0.00110   -0.00304
 2034   -0.00614   -0.00213   -0.00281
 2035   -0.00609   -0.00156   -0.00423
 2036   -0.00495    0.00092   -0.00366
 2037   -0.00509    0.00189   -0.00348
 2038   -0.00422    0.00382   -0.00361
 2039   -0.00337    0.00380   -0.00310
 2040   -0.00528    0.00526   -0.00414
 2041   -0.00479   -0.00263   -0.00200
 2042   -0.00390   -0.00227   -0.00202
 2043   -0.00235   -0.00122   -0.00190
 2044   -0.00169   -0.00212   -0.00109
 2045   -0.00457   -0.00415   -0.00151
 2046   -0.00702   -0.00557   -0.00136
 2047   -0.00734   -0.00421   -0.00342
 2048   -0.00988   -0.00614   -0.00401
 2049   -0.01138   -0.00675   -0.00491
 2050   -0.01057   -0.00500   -0.00466
 2051   -0.01288   -0.00815   -0.00648
 2052   -0.00144    0.00028   -0.00182
 2053   -0.00044    0.00109   -0.00159
 2054    0.00063    0.00148   -0.00143
 2055    0.00101    0.00198   -0.00140
 2056   -0.00015    0.00189   -0.00169
 2057   -0.00064    0.00210   -0.00185
 2058   -0.00054    0.00249   -0.00186
 2059   -0.00040    0.00185   -0.00139
 2060    0.00041    0.00114   -0.00137
 2061    0.00068    0.00164   -0.00138
 2062    0.00175    0.00262   -0.00171
 2063    0.00116    0.00236   -0.00153
 2064    0.00055    0.00030   -0.00145
 2065   -0.00009   -0.00128   -0.00139
 2066    0.00097    0.00114   -0.00113
 2067   -0.00081   -0.00140   -0.00108
 2068    0.00197    0.00351   -0.00185
 2069    0.00201    0.00415   -0.00237
 2070    0.00249    0.00483   -0.00234
 2071    0.00330    0.00498   -0.00209
 2072    0.00202    0.00406   -0.00205
 2073    0.00180    0.00437   -0.00238
 2074    0.00056    0.00446   -0.00272
 2075    0.00198    0.00508   -0.00280
 2076   -0.00047    0.00494   -0.00332
 2077    0.00146    0.00566   -0.00375
 2078   -0.00068    0.00541   -0.00344
 2079    0.00196    0.00497   -0.00270
 2080    0.00257    0.00558   -0.00304
 2081    0.00280    0.00652   -0.00346
 2082    0.00430    0.00824   -0.00451
 2083    0.00375    0.00737   -0.00441
 2084    0.00239    0.00518   -0.00204
 2085    0.00297    0.00538   -0.00136
 2086    0.00339    0.00502   -0.00237
 2087    0.00436    0.00548   -0.00315
 2088    0.00355    0.00515   -0.00227
 2089    0.00474    0.00540   -0.00247
 2090    0.00420    0.00414   -0.00154
 2091    0.00309    0.00392   -0.00147
 2092    0.00539    0.00621   -0.00233
 2093    0.00597    0.00535   -0.00149
 2094    0.00688    0.00582   -0.00107
 2095    0.00831    0.00472   -0.00172
 2096    0.00899    0.00519   -0.00108
 2097    0.00379    0.00395   -0.00105
 2098    0.00315    0.00327   -0.00133
 2099    0.00386    0.00354   -0.00163
 2100    0.00490    0.00371   -0.00150
 2101    0.00223    0.00272   -0.00125
 2102   -0.00014    0.00046   -0.00072
 2103   -0.00244   -0.00166   -0.00010
 2104   -0.00175   -0.00052    0.00031
 2105   -0.00453   -0.00479   -0.00025
 2106    0.00318    0.00306   -0.00182
 2107    0.00354    0.00276   -0.00164
 2108    0.00332    0.00249   -0.00148
 2109    0.00243    0.00251   -0.00168
 2110    0.00313    0.00248   -0.00172
 2111    0.00308    0.00301   -0.00170
 2112    0.00235    0.00270   -0.00165
 2113    0.00402    0.00338   -0.00150
 2114    0.00477    0.00190   -0.00164
 2115    0.00506    0.00162   -0.00183
 2116    0.00541    0.00112   -0.00230
 2117    0.00603    0.00089   -0.00136
 2118    0.00726    0.00189   -0.00271
 2119    0.00753    0.00174   -0.00310
 2120    0.00568    0.00089   -0.00307
 2121    0.00580    0.00185   -0.00307
 2122    0.00484    0.00008   -0.00426
 2123    0.00475    0.00132   -0.00258
 2124    0.00503    0.00160   -0.00220
 2125    0.00636    0.00080   -0.00129
 2126    0.00739    0.00083   -0.00155
 2127    0.00409    0.00164   -0.00318
 2128   -0.00047    0.00036   -0.00342
 2129   -0.00081    0.00147   -0.00320
 2130   -0.00260   -0.00064   -0.00478
 2131    0.00580    0.00047   -0.00042
 2132    0.00721    0.00004    0.00056
 2133    0.00780   -0.00038    0.00165
 2134    0.00881   -0.00101    0.00285
 2135    0.00787    0.00021    0.00104
 2136    0.00816    0.00006    0.00161
 2137    0.00726   -0.00020    0.00141
 2138    0.00612    0.00003    0.00071
 2139    0.00841    0.00083    0.00051
 2140    0.00980    0.00113    0.00059
 2141    0.01110    0.00137    0.00117
 2142    0.01377    0.00203    0.00109
 2143    0.01370    0.00236    0.00002
 2144    0.01880    0.00375   -0.00010
 2145    0.01225    0.00250   -0.00094
 2146    0.00730   -0.00084    0.00241
 2147    0.00633   -0.00130    0.00243
 2148    0.00562   -0.00072    0.00167
 2149    0.00623    0.00011    0.00117
 2150    0.00694   -0.00237    0.00358
 2151    0.00795   -0.00218    0.00395
 2152    0.00764   -0.00316    0.00447
 2153    0.00441   -0.00099    0.00140
 2154    0.00359   -0.00058    0.00056
 2155    0.00397   -0.00089    0.00076
 2156    0.00376   -0.00007    0.00005
 2157    0.00205   -0.00120    0.00042
 2158    0.00156   -0.00061    0.00017
 2159    0.00057   -0.00112    0.00010
 2160    0.00151    0.00048   -0.00066
 2161    0.00453   -0.00157    0.00185
 2162    0.00531   -0.00212    0.00236
 2163    0.00714   -0.00053    0.00205
 2164    0.00774   -0.00022    0.00189
 2165    0.00607   -0.00296    0.00357
 2166    0.00707   -0.00396    0.00438
 2167    0.00804   -0.00011    0.00195
 2168    0.00989    0.00077    0.00188
 2169    0.00916    0.00189    0.00073
 2170    0.01066    0.00275    0.00034
 2171    0.01024    0.00077    0.00203
 2172    0.01202   -0.00032    0.00337
 2173    0.01158   -0.00050    0.00377
 2174    0.01293   -0.00068    0.00479
 2175    0.00742    0.00186   -0.00006
 2176    0.00666    0.00290   -0.00111
 2177    0.00558    0.00318   -0.00175
 2178    0.00433    0.00481   -0.00307
 2179    0.00566    0.00300   -0.00158
 2180    0.00628    0.00300   -0.00134
 2181    0.00603    0.00223   -0.00083
 2182    0.00700    0.00354   -0.00139
 2183    0.00651    0.00219   -0.00089
 2184    0.00755    0.00344   -0.00116
 2185    0.00731    0.00261   -0.00114
 2186    0.00776    0.00235   -0.00135
 2187    0.00560    0.00182   -0.00097
 2188    0.00397    0.00141   -0.00132
 2189    0.00135    0.00171   -0.00242
 2190   -0.00130    0.00274   -0.00350
 2191    0.00494    0.00352   -0.00223
 2192    0.01049    0.00268    0.00033
 2193    0.01247    0.00054    0.00257
 2194    0.02463    0.00654   -0.00081
 2195    0.00147    0.00107   -0.00214
 2196   -0.00010    0.00129   -0.00262
 2197   -0.00153   -0.00036   -0.00288
 2198   -0.00078   -0.00250   -0.00309
 2199    0.00080    0.00119   -0.00231
 2200    0.00171    0.00262   -0.00241
 2201   -0.00034    0.00096   -0.00236
 2202    0.00234    0.00251   -0.00174
 2203   -0.00368    0.00040   -0.00336
 2204   -0.00592   -0.00132   -0.00412
 2205   -0.00618   -0.00166   -0.00432
 2206   -0.00459   -0.00053   -0.00362
 2207   -0.01164   -0.00146   -0.00496
 2208   -0.01445   -0.00089   -0.00614
 2209   -0.01282   -0.00377   -0.00678
 2210   -0.08615   -0.04252   -0.02992
 2211   -0.00635   -0.00460   -0.00373
 2212   -0.00815   -0.00280   -0.00511
 2213   -0.00838   -0.00314   -0.00536
 2214   -0.00942   -0.00202   -0.00465
 2215   -0.01233   -0.00140   -0.00467
 2216   -0.01015   -0.00534   -0.00685
 2217   -0.01460   -0.00729   -0.00880
 2218   -0.01823   -0.01119   -0.01196
 2219   -0.01958   -0.01110   -0.01284
 2220   -0.02598   -0.01105   -0.01303
 2221   -0.00823   -0.00131   -0.00351
 2222   -0.00910   -0.00008   -0.00338
 2223   -0.00886    0.00146   -0.00295
 2224   -0.01011    0.00252   -0.00204
 2225   -0.01326   -0.00028   -0.00414
 2226   -0.01381   -0.00132   -0.00366
 2227   -0.01382   -0.00323   -0.00506
 2228   -0.01778   -0.00502   -0.00725
 2229   -0.01114   -0.00333   -0.00504
 2230   -0.00777    0.00154   -0.00242
 2231   -0.00690    0.00264   -0.00198
 2232   -0.00343    0.00342   -0.00214
 2233   -0.00248    0.00322   -0.00147
 2234   -0.00605    0.00323   -0.00215
 2235   -0.00419    0.00264   -0.00244
 2236   -0.00198    0.00392   -0.00215
 2237   -0.00080    0.00382   -0.00134
 2238   -0.00011    0.00366   -0.00163
 2239    0.00010    0.00363   -0.00199
 2240   -0.00118    0.00354   -0.00120
 2241   -0.00175    0.00274   -0.00079
 2242    0.00105    0.00280   -0.00003
 2243    0.00072    0.00350   -0.00095
 2244    0.00095    0.00302   -0.00123
 2245    0.00144    0.00209   -0.00047
 2246    0.00183    0.00169    0.00016
 2247    0.00084    0.00294   -0.00103
 2248    0.00081    0.00292   -0.00136
 2249    0.00075    0.00264   -0.00126
 2250    0.00107    0.00313   -0.00165
 2251    0.00130    0.00112   -0.00102
 2252    0.00144   -0.00022   -0.00041
 2253    0.00097   -0.00089   -0.00045
 2254    0.00021   -0.00024   -0.00099
 2255    0.00191   -0.00116   -0.00056
 2256    0.00308   -0.00085   -0.00052
 2257    0.00418   -0.00257    0.00090
 2258    0.00324    0.00062   -0.00121
 2259    0.00566   -0.00235    0.00051
 2260    0.00487   -0.00026   -0.00091
 2261    0.00073   -0.00191    0.00046
 2262   -0.00026   -0.00218    0.00060
 2263   -0.00004   -0.00442    0.00161
 2264    0.00048   -0.00560    0.00228
 2265   -0.00024   -0.00151    0.00045
 2266   -0.00120   -0.00160    0.00000
 2267   -0.00212   -0.00108   -0.00071
 2268   -0.00094   -0.00063    0.00009
 2269   -0.00094   -0.00479    0.00158
 2270   -0.00129   -0.00663    0.00275
 2271   -0.00274   -0.00656    0.00218
 2272   -0.00395   -0.00569    0.00088
 2273   -0.00174   -0.00710    0.00247
 2274   -0.00249   -0.00862    0.00441
 2275   -0.00033   -0.00692    0.00217
 2276   -0.00287   -0.00753    0.00321
 2277   -0.00405   -0.00730    0.00275
 2278   -0.00498   -0.00820    0.00374
 2279   -0.00444   -0.00898    0.00529
 2280   -0.00326   -0.00744    0.00241
 2281   -0.00274   -0.00643    0.00172
 2282   -0.00225   -0.00696    0.00180
 2283   -0.00335   -0.00393    0.00041
 2284   -0.00685   -0.00780    0.00263
 2285   -0.00803   -0.00875    0.00313
 2286   -0.00785   -0.00806    0.00232
 2287   -0.00913   -0.00628   -0.00023
 2288   -0.00990   -0.00907    0.00159
 2289   -0.00942   -0.00985    0.00156
 2290   -0.01001   -0.01154    0.00358
 2291   -0.00945   -0.01124    0.00334
 2292   -0.00713   -0.01013    0.00436
 2293   -0.00603   -0.01014    0.00576
 2294   -0.00676   -0.00999    0.00383
 2295   -0.00664   -0.00798    0.00369
 2296   -0.00653   -0.00651    0.00318
 2297   -0.00723   -0.00727    0.00411
 2298   -0.00800   -0.00826    0.00561
 2299   -0.00444   -0.00750    0.00329
 2300   -0.00392   -0.00722    0.00286
 2301   -0.00242   -0.00883    0.00365
 2302   -0.00436   -0.00510    0.00130
 2303   -0.00751   -0.00535    0.00243
 2304   -0.00846   -0.00505    0.00389
 2305   -0.00779   -0.00459    0.00506
 2306   -0.00680   -0.00433    0.00408
 2307   -0.01008   -0.00376    0.00030
 2308   -0.01127   -0.00443   -0.00213
 2309   -0.01131   -0.00194   -0.00853
 2310   -0.01138    0.00033   -0.00950
 2311   -0.01083    0.00294   -0.01510
 2312   -0.01119    0.00640   -0.01935
 2313   -0.01027    0.00412   -0.01513
 2314   -0.00780   -0.00461    0.00834
 2315   -0.00655   -0.00421    0.00975
 2316   -0.00782   -0.00250    0.01173
 2317   -0.00892   -0.00278    0.01204
