    1    0.02329   -0.03678    0.03496
    2    0.02073   -0.03270    0.02919
    3    0.01581   -0.02712    0.02051
    4    0.01412   -0.02648    0.01849
    5    0.02336   -0.03029    0.03302
    6    0.02568   -0.03130    0.03248
    7    0.03657   -0.02954    0.04140
    8    0.02719   -0.02752    0.03128
    9    0.01498   -0.02474    0.01793
   10    0.01265   -0.02187    0.01371
   11    0.01138   -0.01789    0.01204
   12    0.01211   -0.01819    0.01383
   13    0.01305   -0.02587    0.01094
   14    0.01412   -0.02994    0.01233
   15    0.01342   -0.03484    0.01064
   16    0.01362   -0.04086    0.01299
   17    0.01346   -0.02767    0.00519
   18    0.00997   -0.01487    0.00985
   19    0.00936   -0.01240    0.00914
   20    0.00893   -0.01307    0.00659
   21    0.00827   -0.01518    0.00551
   22    0.00846   -0.01041    0.00776
   23    0.00974   -0.01036    0.00954
   24    0.00847   -0.00939    0.00756
   25    0.01200   -0.01024    0.01251
   26    0.00753   -0.01090    0.00580
   27    0.00629   -0.00940    0.00334
   28    0.00519   -0.00918    0.00122
   29    0.00469   -0.00878    0.00130
   30    0.00649   -0.00815    0.00299
   31    0.00751   -0.00928    0.00414
   32    0.00699   -0.00780    0.00255
   33    0.00788   -0.00837    0.00410
   34    0.00896   -0.00991    0.00445
   35    0.00525   -0.00944   -0.00031
   36    0.00416   -0.00840   -0.00280
   37    0.00358   -0.00765   -0.00277
   38    0.00420   -0.00679   -0.00278
   39    0.00421   -0.00664   -0.00468
   40    0.00519   -0.00671   -0.00444
   41    0.00594   -0.00891   -0.00057
   42    0.00283   -0.00715   -0.00327
   43    0.00209   -0.00655   -0.00352
   44    0.00126   -0.00550   -0.00451
   45    0.00072   -0.00546   -0.00504
   46    0.00217   -0.00672   -0.00280
   47    0.00167   -0.00638   -0.00312
   48    0.00237   -0.00570   -0.00269
   49    0.00369   -0.00606   -0.00068
   50    0.00137   -0.00436   -0.00474
   51    0.00058   -0.00353   -0.00545
   52    0.00017   -0.00441   -0.00534
   53    0.00015   -0.00487   -0.00512
   54    0.00042   -0.00335   -0.00551
   55   -0.00055   -0.00189   -0.00593
   56   -0.00094   -0.00131   -0.00598
   57   -0.00053   -0.00101   -0.00579
   58   -0.00164   -0.00036   -0.00588
   59   -0.00057   -0.00359   -0.00536
   60   -0.00082   -0.00427   -0.00514
   61   -0.00109   -0.00417   -0.00509
   62   -0.00107   -0.00340   -0.00516
   63   -0.00092   -0.00399   -0.00501
   64   -0.00106   -0.00429   -0.00486
   65   -0.00118   -0.00272   -0.00489
   66   -0.00128   -0.00368   -0.00443
   67   -0.00077   -0.00514   -0.00542
   68   -0.00104   -0.00529   -0.00553
   69   -0.00095   -0.00653   -0.00545
   70   -0.00031   -0.00684   -0.00540
   71   -0.00068   -0.00430   -0.00538
   72   -0.00114   -0.00444   -0.00552
   73   -0.00122   -0.00599   -0.00605
   74   -0.00145   -0.00329   -0.00562
   75   -0.00144   -0.00673   -0.00558
   76   -0.00161   -0.00733   -0.00598
   77   -0.00091   -0.00793   -0.00610
   78   -0.00072   -0.00802   -0.00590
   79   -0.00228   -0.00744   -0.00613
   80   -0.00215   -0.00627   -0.00623
   81   -0.00144   -0.00606   -0.00588
   82   -0.00133   -0.00786   -0.00661
   83   -0.00064   -0.00801   -0.00682
   84    0.00083   -0.00761   -0.00563
   85    0.00156   -0.00824   -0.00477
   86   -0.00034   -0.00718   -0.00671
   87    0.00048   -0.00763   -0.00638
   88   -0.00096   -0.00637   -0.00724
   89   -0.00265   -0.00657   -0.00914
   90    0.00129   -0.00817   -0.00584
   91    0.00097   -0.00675   -0.00556
   92    0.00201   -0.00622   -0.00457
   93    0.00220   -0.00685   -0.00357
   94    0.00304   -0.00670   -0.00227
   95    0.00205   -0.00561   -0.00487
   96    0.00167   -0.00505   -0.00531
   97    0.00112   -0.00433   -0.00582
   98    0.00221   -0.00488   -0.00505
   99    0.00141   -0.00724   -0.00436
  100    0.00129   -0.00744   -0.00395
  101    0.00136   -0.00784   -0.00373
  102    0.00203   -0.00781   -0.00282
  103    0.00025   -0.00753   -0.00458
  104    0.00028   -0.00711   -0.00423
  105    0.00093   -0.00695   -0.00396
  106   -0.00048   -0.00670   -0.00490
  107    0.00077   -0.00813   -0.00427
  108    0.00093   -0.00808   -0.00401
  109    0.00267   -0.00764   -0.00330
  110    0.00351   -0.00707   -0.00279
  111   -0.00015   -0.00845   -0.00433
  112   -0.00170   -0.00849   -0.00492
  113   -0.00182   -0.00811   -0.00477
  114   -0.00214   -0.00893   -0.00539
  115    0.00268   -0.00747   -0.00329
  116    0.00434   -0.00653   -0.00184
  117    0.00631   -0.00567   -0.00000
  118    0.00753   -0.00486    0.00067
  119    0.00429   -0.00627   -0.00137
  120    0.00405   -0.00628   -0.00200
  121    0.00318   -0.00661   -0.00358
  122    0.00217   -0.00666   -0.00407
  123    0.00169   -0.00742   -0.00506
  124    0.00567   -0.00584    0.00036
  125    0.00657   -0.00551    0.00161
  126    0.00655   -0.00493    0.00192
  127    0.00798   -0.00417    0.00343
  128    0.00591   -0.00622    0.00131
  129    0.00648   -0.00548    0.00235
  130    0.00516   -0.00651    0.00029
  131    0.00528   -0.00535    0.00041
  132    0.00500   -0.00470    0.00012
  133    0.00660   -0.00406    0.00121
  134    0.00762   -0.00273    0.00249
  135    0.00305   -0.00536   -0.00134
  136    0.00193   -0.00599   -0.00183
  137    0.00017   -0.00620   -0.00286
  138    0.00199   -0.00511   -0.00141
  139    0.00661   -0.00456    0.00072
  140    0.00861   -0.00415    0.00158
  141    0.01141   -0.00272    0.00365
  142    0.01357   -0.00140    0.00479
  143    0.00834   -0.00496    0.00049
  144    0.00603   -0.00678   -0.00108
  145    0.00414   -0.00710   -0.00253
  146    0.00532   -0.00700   -0.00037
  147    0.00129   -0.00899   -0.00368
  148    0.00285   -0.00920   -0.00133
  149    0.00132   -0.00952   -0.00292
  150   -0.00108   -0.01022   -0.00353
  151    0.01129   -0.00338    0.00373
  152    0.01304   -0.00311    0.00590
  153    0.01388   -0.00231    0.00818
  154    0.01532   -0.00073    0.00940
  155    0.01070   -0.00408    0.00618
  156    0.01053   -0.00411    0.00524
  157    0.00792   -0.00454    0.00520
  158    0.00708   -0.00437    0.00380
  159    0.00671   -0.00410    0.00460
  160    0.00648   -0.00334    0.00642
  161    0.00544   -0.00383    0.00325
  162    0.01273   -0.00257    0.00801
  163    0.01286   -0.00090    0.00822
  164    0.01399   -0.00002    0.00893
  165    0.01437    0.00233    0.00853
  166    0.01115   -0.00138    0.00645
  167    0.01050   -0.00234    0.00600
  168    0.00862   -0.00311    0.00411
  169    0.01177   -0.00127    0.00773
  170    0.01407   -0.00021    0.00788
  171    0.01430    0.00276    0.00719
  172    0.01107    0.00327    0.00549
  173    0.01074    0.00643    0.00516
  174    0.00840    0.00082    0.00404
  175    0.00585    0.00151    0.00240
  176    0.00476    0.00071    0.00215
  177    0.00535   -0.00138    0.00189
  178    0.00401   -0.00037    0.00102
  179    0.00153   -0.00005   -0.00005
  180    0.00485   -0.00011    0.00153
  181    0.00316    0.00276    0.00179
  182    0.00203    0.00166    0.00149
  183   -0.00102    0.00145    0.00081
  184   -0.00182    0.00219    0.00075
  185    0.00332    0.00551    0.00280
  186   -0.00286   -0.00132    0.00076
  187   -0.00590   -0.00279    0.00086
  188   -0.00680   -0.00649   -0.00159
  189   -0.00560   -0.00827   -0.00300
  190   -0.00791   -0.00764   -0.00268
  191   -0.00925   -0.01047   -0.00499
  192   -0.00844   -0.01014   -0.00557
  193   -0.00957   -0.01203   -0.00705
  194   -0.01344   -0.01173   -0.00340
  195   -0.01631   -0.01280   -0.00196
  196   -0.02481   -0.01262    0.00105
  197   -0.02995   -0.01444    0.00066
  198   -0.03351   -0.01697    0.00371
  199   -0.00726   -0.00792   -0.00382
  200   -0.00704   -0.00778   -0.00314
  201   -0.00558   -0.00820   -0.00420
  202   -0.00420   -0.00749   -0.00399
  203   -0.00657   -0.00608   -0.00191
  204   -0.00801   -0.00557   -0.00012
  205   -0.00824   -0.00396    0.00111
  206   -0.00872   -0.00619    0.00047
  207   -0.00953   -0.00390    0.00246
  208   -0.00979   -0.00557    0.00233
  209   -0.00841   -0.00708   -0.00049
  210   -0.01097   -0.00604    0.00307
  211   -0.00890   -0.00717    0.00013
  212   -0.01008   -0.00692    0.00145
  213   -0.00590   -0.00925   -0.00507
  214   -0.00472   -0.00936   -0.00570
  215   -0.00453   -0.00884   -0.00543
  216   -0.00540   -0.00915   -0.00563
  217   -0.00581   -0.01038   -0.00603
  218   -0.00590   -0.01164   -0.00650
  219   -0.00431   -0.00982   -0.00466
  220   -0.00386   -0.00937   -0.00397
  221   -0.00439   -0.00971   -0.00356
  222   -0.00484   -0.01116   -0.00443
  223   -0.00373   -0.00856   -0.00292
  224   -0.00371   -0.00832   -0.00555
  225   -0.00360   -0.00784   -0.00557
  226   -0.00400   -0.00814   -0.00648
  227   -0.00385   -0.00849   -0.00615
  228   -0.00251   -0.00747   -0.00542
  229   -0.00225   -0.00733   -0.00499
  230   -0.00138   -0.00718   -0.00462
  231   -0.00247   -0.00725   -0.00474
  232   -0.00109   -0.00678   -0.00403
  233   -0.00228   -0.00718   -0.00440
  234   -0.00158   -0.00668   -0.00402
  235   -0.00414   -0.00813   -0.00598
  236   -0.00449   -0.00810   -0.00634
  237   -0.00410   -0.00693   -0.00586
  238   -0.00376   -0.00659   -0.00540
  239   -0.00611   -0.00903   -0.00633
  240   -0.00658   -0.00824   -0.00620
  241   -0.00721   -0.01011   -0.00667
  242   -0.00368   -0.00594   -0.00604
  243   -0.00299   -0.00422   -0.00535
  244   -0.00330   -0.00413   -0.00513
  245   -0.00360   -0.00474   -0.00537
  246   -0.00238   -0.00289   -0.00547
  247   -0.00168   -0.00219   -0.00526
  248   -0.00176   -0.00119   -0.00562
  249   -0.00184   -0.00280   -0.00529
  250   -0.00253   -0.00286   -0.00421
  251   -0.00260   -0.00254   -0.00345
  252   -0.00251   -0.00056   -0.00291
  253   -0.00244    0.00039   -0.00267
  254   -0.00219   -0.00286   -0.00273
  255   -0.00187   -0.00272   -0.00171
  256   -0.00276   -0.00443   -0.00306
  257   -0.00220   -0.00004   -0.00258
  258   -0.00255    0.00248   -0.00233
  259   -0.00238    0.00309   -0.00098
  260   -0.00226    0.00473   -0.00082
  261   -0.00250    0.00296   -0.00278
  262   -0.00272    0.00230   -0.00381
  263   -0.00241    0.00511   -0.00473
  264   -0.00172    0.00462   -0.00463
  265   -0.00194    0.00179   -0.00038
  266   -0.00151    0.00250    0.00081
  267   -0.00106    0.00090    0.00146
  268   -0.00109   -0.00062    0.00085
  269   -0.00054    0.00149    0.00258
  270    0.00038    0.00040    0.00319
  271    0.00163    0.00011    0.00430
  272    0.00232   -0.00073    0.00501
  273    0.00027    0.00065    0.00329
  274   -0.00086    0.00048    0.00248
  275   -0.00102    0.00135    0.00287
  276   -0.00091   -0.00130    0.00199
  277    0.00170    0.00060    0.00453
  278    0.00328   -0.00008    0.00579
  279    0.00336   -0.00156    0.00580
  280    0.00215   -0.00188    0.00467
  281    0.00372    0.00146    0.00668
  282    0.00298    0.00324    0.00577
  283    0.00243    0.00297    0.00451
  284    0.00305    0.00286    0.00492
  285    0.00113    0.00319    0.00312
  286    0.00487   -0.00257    0.00701
  287    0.00512   -0.00454    0.00716
  288    0.00452   -0.00466    0.00647
  289    0.00360   -0.00599    0.00574
  290    0.00716   -0.00548    0.00907
  291    0.00754   -0.00562    0.00953
  292    0.00798   -0.00367    0.01007
  293    0.00965   -0.00324    0.01217
  294    0.00707   -0.00287    0.00912
  295    0.00450   -0.00329    0.00653
  296    0.00385   -0.00344    0.00605
  297    0.00184   -0.00262    0.00437
  298    0.00089   -0.00321    0.00382
  299    0.00513   -0.00163    0.00704
  300    0.00835   -0.00244    0.00975
  301    0.01135   -0.00143    0.01447
  302    0.01023    0.00048    0.01476
  303    0.01740   -0.00500    0.02295
  304    0.00122   -0.00170    0.00350
  305   -0.00043   -0.00167    0.00197
  306   -0.00108   -0.00334    0.00172
  307   -0.00226   -0.00407    0.00065
  308   -0.00062    0.00014    0.00154
  309   -0.00059    0.00209    0.00138
  310    0.00013   -0.00417    0.00258
  311   -0.00029   -0.00539    0.00225
  312   -0.00088   -0.00688    0.00246
  313   -0.00241   -0.00806    0.00181
  314    0.00062   -0.00591    0.00314
  315    0.00108   -0.00460    0.00335
  316    0.00181   -0.00533    0.00408
  317   -0.00008   -0.00413    0.00217
  318   -0.00046   -0.00737    0.00321
  319   -0.00136   -0.00924    0.00404
  320   -0.00422   -0.00934    0.00260
  321   -0.00659   -0.01134    0.00334
  322   -0.00393   -0.00748    0.00153
  323   -0.00475   -0.00723    0.00042
  324   -0.00624   -0.00892   -0.00080
  325   -0.00697   -0.00940   -0.00184
  326   -0.00430   -0.00517   -0.00075
  327   -0.00347   -0.00422   -0.00138
  328   -0.00570   -0.00869   -0.00053
  329   -0.00663   -0.00923   -0.00154
  330   -0.00806   -0.01058   -0.00133
  331   -0.00774   -0.01123   -0.00003
  332   -0.00507   -0.00815   -0.00163
  333   -0.00554   -0.00836   -0.00241
  334   -0.00410   -0.00665   -0.00224
  335   -0.00921   -0.01128   -0.00302
  336   -0.01020   -0.01225   -0.00257
  337   -0.00943   -0.01195   -0.00092
  338   -0.00836   -0.01065   -0.00124
  339   -0.01162   -0.01219   -0.00458
  340   -0.01203   -0.01173   -0.00669
  341   -0.00953   -0.01067   -0.00476
  342   -0.01001   -0.01266    0.00087
  343   -0.00879   -0.01196    0.00200
  344   -0.01134   -0.01282    0.00256
  345   -0.01581   -0.01745    0.00511
  346   -0.00705   -0.01179    0.00195
  347   -0.01174   -0.01175    0.00293
  348   -0.00909   -0.00989    0.00108
  349   -0.00864   -0.00912    0.00041
  350   -0.00961   -0.00956    0.00029
  351   -0.00969   -0.00969    0.00149
  352   -0.01190   -0.01052    0.00299
  353   -0.01405   -0.01229    0.00385
  354   -0.00707   -0.00878    0.00034
  355   -0.00661   -0.00830   -0.00020
  356   -0.00595   -0.00836   -0.00020
  357   -0.00489   -0.00868    0.00017
  358   -0.00543   -0.00833   -0.00054
  359   -0.00586   -0.00793   -0.00057
  360   -0.00606   -0.00748   -0.00110
  361   -0.00468   -0.00729   -0.00143
  362   -0.00466   -0.00700   -0.00175
  363   -0.00719   -0.00609   -0.00086
  364   -0.00634   -0.00586   -0.00127
  365   -0.00436   -0.00731   -0.00192
  366   -0.00363   -0.00725   -0.00219
  367   -0.00313   -0.00729   -0.00250
  368   -0.00340   -0.00730   -0.00272
  369   -0.00363   -0.00676   -0.00252
  370   -0.00269   -0.00717   -0.00249
  371   -0.00234   -0.00680   -0.00258
  372   -0.00217   -0.00659   -0.00293
  373   -0.00201   -0.00665   -0.00294
  374   -0.00185   -0.00670   -0.00185
  375   -0.00179   -0.00590   -0.00171
  376   -0.00208   -0.00565   -0.00201
  377   -0.00119   -0.00560   -0.00047
  378   -0.00219   -0.00660   -0.00332
  379   -0.00188   -0.00652   -0.00347
  380   -0.00182   -0.00573   -0.00327
  381   -0.00205   -0.00527   -0.00345
  382   -0.00183   -0.00671   -0.00395
  383   -0.00144   -0.00664   -0.00423
  384   -0.00163   -0.00694   -0.00396
  385   -0.00118   -0.00653   -0.00456
  386   -0.00163   -0.00566   -0.00300
  387   -0.00186   -0.00459   -0.00267
  388   -0.00168   -0.00473   -0.00321
  389   -0.00170   -0.00531   -0.00333
  390   -0.00149   -0.00421   -0.00185
  391   -0.00146   -0.00305   -0.00115
  392   -0.00168   -0.00223   -0.00040
  393   -0.00156   -0.00240   -0.00039
  394   -0.00147   -0.00358   -0.00313
  395   -0.00143   -0.00320   -0.00340
  396   -0.00147   -0.00213   -0.00267
  397   -0.00122   -0.00150   -0.00208
  398   -0.00124   -0.00312   -0.00389
  399   -0.00130   -0.00249   -0.00391
  400   -0.00106   -0.00294   -0.00451
  401   -0.00147   -0.00122   -0.00354
  402   -0.00169   -0.00184   -0.00256
  403   -0.00184   -0.00061   -0.00157
  404   -0.00193    0.00014   -0.00179
  405   -0.00197   -0.00019   -0.00249
  406   -0.00165   -0.00045   -0.00073
  407   -0.00192   -0.00089   -0.00098
  408   -0.00210   -0.00006   -0.00080
  409   -0.00199   -0.00233   -0.00182
  410   -0.00234   -0.00026   -0.00161
  411   -0.00210   -0.00261   -0.00250
  412   -0.00235   -0.00173   -0.00244
  413   -0.00238    0.00155   -0.00118
  414   -0.00230    0.00217   -0.00135
  415   -0.00231    0.00220   -0.00169
  416   -0.00225    0.00212   -0.00072
  417   -0.00235    0.00337   -0.00044
  418   -0.00199    0.00322    0.00010
  419   -0.00206    0.00230   -0.00026
  420   -0.00234    0.00268   -0.00300
  421   -0.00267    0.00343   -0.00411
  422   -0.00287    0.00473   -0.00353
  423   -0.00271    0.00623   -0.00408
  424   -0.00306    0.00377   -0.00565
  425   -0.00313    0.00393   -0.00644
  426   -0.00314    0.00228   -0.00588
  427   -0.00279    0.00191   -0.00654
  428   -0.00366    0.00490   -0.00208
  429   -0.00383    0.00682   -0.00161
  430   -0.00493    0.01123   -0.00196
  431   -0.00494    0.01147   -0.00272
  432   -0.00473    0.00705    0.00040
  433   -0.00494    0.00660    0.00186
  434   -0.00383    0.00546    0.00071
  435   -0.00592    0.01479   -0.00143
  436   -0.00705    0.01883   -0.00173
  437   -0.00809    0.01783    0.00092
  438   -0.01079    0.02229    0.00137
  439   -0.00807    0.02296   -0.00240
  440   -0.00790    0.01492    0.00272
  441   -0.00863    0.01536    0.00512
  442   -0.00824    0.01358    0.00549
  443   -0.00925    0.01517    0.00741
  444   -0.00923    0.01379    0.00646
  445   -0.00894    0.01515    0.00842
  446   -0.01082    0.01980    0.01117
  447   -0.01272    0.02318    0.01235
  448   -0.01153    0.02052    0.01221
  449   -0.00616    0.01031    0.00343
  450   -0.00541    0.00826    0.00261
  451   -0.00633    0.01086    0.00105
  452   -0.00682    0.01101    0.00144
  453   -0.00414    0.00578    0.00127
  454   -0.00344    0.00374    0.00035
  455   -0.00370    0.00404   -0.00222
  456   -0.00308    0.00224    0.00152
  457   -0.00353    0.00215   -0.00253
  458   -0.00335    0.00130   -0.00052
  459   -0.00658    0.01311   -0.00138
  460   -0.00705    0.01556   -0.00412
  461   -0.00921    0.02101   -0.00291
  462   -0.00969    0.02292   -0.00482
  463   -0.00608    0.01787   -0.00628
  464   -0.00422    0.01779   -0.00914
  465   -0.00343    0.01272   -0.00919
  466   -0.00374    0.01200   -0.01103
  467   -0.00379    0.01002   -0.00708
  468   -0.01053    0.02309    0.00103
  469   -0.01277    0.02981    0.00383
  470   -0.01266    0.02662    0.00726
  471   -0.01426    0.03100    0.00811
  472   -0.01467    0.03429    0.00829
  473   -0.01724    0.04038    0.00535
  474   -0.01818    0.06241    0.00833
  475   -0.01598    0.03802    0.00102
  476   -0.01124    0.01901    0.00966
  477   -0.01085    0.01495    0.01370
  478   -0.00877    0.01408    0.01031
  479   -0.00798    0.01478    0.01427
  480   -0.00740    0.01184    0.01053
  481   -0.00552    0.00909    0.01124
  482   -0.00401    0.01072    0.01366
  483   -0.00495    0.00573    0.00866
  484   -0.00256    0.00844    0.01363
  485   -0.00343    0.00355    0.00903
  486   -0.00185    0.00497    0.01105
  487   -0.00823    0.01376    0.00337
  488   -0.00737    0.01069    0.00025
  489   -0.00954    0.01553   -0.00050
  490   -0.00921    0.01392   -0.00098
  491   -0.00674    0.00840   -0.00425
  492   -0.00501    0.00479   -0.00333
  493   -0.00484    0.00158   -0.00176
  494   -0.00437   -0.00071   -0.00252
  495   -0.00389   -0.00286   -0.00122
  496   -0.00343   -0.00224    0.00096
  497   -0.00329   -0.00379   -0.00230
  498   -0.01213    0.02340   -0.00177
  499   -0.01678    0.03602   -0.00769
  500   -0.01691    0.03614   -0.00062
  501   -0.01811    0.03588   -0.00294
  502   -0.02213    0.05043   -0.01101
  503   -0.02008    0.04516   -0.01612
  504   -0.02201    0.04428   -0.02122
  505   -0.02445    0.04641   -0.03069
  506   -0.02741    0.06714   -0.03804
  507   -0.01616    0.03553    0.00806
  508   -0.01460    0.03423    0.01564
  509   -0.00982    0.02413    0.01757
  510   -0.00783    0.02323    0.01956
  511   -0.01527    0.03697    0.02814
  512   -0.02204    0.05078    0.03176
  513   -0.02446    0.05911    0.03805
  514   -0.06649    0.13015    0.09237
  515   -0.11696    0.22577    0.22692
  516   -0.00773    0.01777    0.01636
  517   -0.00359    0.01060    0.01593
  518   -0.00514    0.00901    0.00705
  519   -0.00267    0.00541    0.00677
  520   -0.00374    0.00910    0.00943
  521   -0.00172    0.00474    0.00827
  522   -0.00194    0.00129    0.00554
  523   -0.00323    0.00055    0.00328
  524   -0.00141   -0.00050    0.00552
  525   -0.00789    0.00930    0.00197
  526   -0.00991    0.00618   -0.00309
  527   -0.01105    0.00767   -0.00275
  528   -0.00980    0.00182   -0.00426
  529   -0.01366    0.00822   -0.00684
  530   -0.01139    0.00565   -0.00893
  531   -0.01722    0.00600   -0.01103
  532   -0.01269    0.00928   -0.01077
  533   -0.01468    0.01666   -0.00139
  534   -0.01851    0.01901   -0.00083
  535   -0.01115    0.01780    0.00707
  536   -0.01249    0.02331    0.01075
  537   -0.02922    0.03416   -0.00391
  538   -0.03662    0.04204   -0.01593
  539   -0.02621    0.02951   -0.01401
  540   -0.02572    0.01869   -0.01604
  541   -0.02492    0.03521   -0.01299
  542   -0.00384    0.01139    0.00977
  543    0.00531    0.00966    0.01551
  544    0.00881    0.00175    0.00893
  545    0.01615   -0.00210    0.00749
  546    0.00807    0.01188    0.02840
  547    0.01986    0.01229    0.03973
  548    0.01499    0.00640    0.02483
  549    0.01036    0.00539    0.02131
  550    0.02980    0.00643    0.01553
  551    0.00510   -0.00110    0.00523
  552    0.00717   -0.00764    0.00108
  553    0.00458   -0.01306   -0.00242
  554    0.00212   -0.01658   -0.00524
  555    0.00355   -0.00802   -0.00040
  556    0.00498   -0.00728    0.00157
  557    0.00658   -0.00359    0.00565
  558    0.00116   -0.00755   -0.00010
  559    0.00537   -0.01242   -0.00172
  560    0.00300   -0.01922   -0.00498
  561    0.00401   -0.02953   -0.00878
  562   -0.00214   -0.03302   -0.01101
  563    0.00733   -0.02027   -0.00307
  564    0.00431   -0.00829    0.00224
  565    0.01217   -0.00656    0.00729
  566    0.02317   -0.04318   -0.00898
  567    0.06109   -0.12700   -0.08791
  568    0.01204   -0.03486   -0.00979
  569    0.01546   -0.05099   -0.01318
  570    0.01966   -0.04446   -0.01312
  571    0.04093   -0.07333   -0.02291
  572    0.01226   -0.02855   -0.00722
  573    0.01160   -0.02414   -0.00710
  574    0.00816   -0.02524   -0.00682
  575    0.00511   -0.02795   -0.00578
  576    0.00881   -0.01794   -0.00421
  577    0.00443   -0.01797   -0.00419
  578    0.00186   -0.01408   -0.00294
  579    0.00354   -0.01235   -0.00221
  580   -0.00095   -0.01363   -0.00410
  581    0.00570   -0.01931   -0.00676
  582    0.00357   -0.01813   -0.00593
  583    0.00182   -0.01582   -0.00486
  584    0.00185   -0.01380   -0.00513
  585    0.00343   -0.01764   -0.00760
  586    0.00299   -0.01632   -0.00639
  587    0.00263   -0.01651   -0.00455
  588    0.00364   -0.01901   -0.00399
  589    0.00197   -0.01507   -0.00427
  590    0.00048   -0.01706   -0.00501
  591   -0.00091   -0.01575   -0.00516
  592   -0.00038   -0.01530   -0.00460
  593   -0.00001   -0.01775   -0.00500
  594   -0.00173   -0.01691   -0.00560
  595   -0.00200   -0.01335   -0.00666
  596   -0.00134   -0.01592   -0.00509
  597   -0.00038   -0.01334   -0.00448
  598   -0.00009   -0.01311   -0.00455
  599   -0.00044   -0.01310   -0.00463
  600   -0.00124   -0.01118   -0.00522
  601    0.00019   -0.01225   -0.00452
  602    0.00044   -0.01257   -0.00440
  603   -0.00087   -0.01422   -0.00524
  604    0.00011   -0.01116   -0.00477
  605   -0.00037   -0.00929   -0.00448
  606   -0.00169   -0.00418   -0.00631
  607    0.00045   -0.01273   -0.00487
  608    0.00004   -0.01603   -0.00528
  609    0.00033   -0.01462   -0.00502
  610   -0.00041   -0.01044   -0.00431
  611   -0.00084   -0.00951   -0.00458
  612   -0.00163   -0.00826   -0.00536
  613   -0.00339   -0.00547   -0.00561
  614   -0.00036   -0.01260   -0.00474
  615   -0.00060   -0.01403   -0.00511
  616   -0.00111   -0.01629   -0.00413
  617   -0.00063   -0.01566   -0.00362
  618   -0.00025   -0.01721   -0.00277
  619   -0.00196   -0.00859   -0.00516
  620   -0.00294   -0.00748   -0.00558
  621   -0.00435   -0.00619   -0.00656
  622   -0.00466   -0.00567   -0.00693
  623   -0.00247   -0.00870   -0.00558
  624   -0.00326   -0.00791   -0.00595
  625   -0.00181   -0.00991   -0.00503
  626   -0.00434   -0.00545   -0.00666
  627   -0.00501   -0.00298   -0.00747
  628   -0.00408   -0.00476   -0.00664
  629   -0.00354   -0.00536   -0.00596
  630   -0.00410   -0.00195   -0.00661
  631   -0.00196   -0.00100   -0.00602
  632   -0.00128   -0.00189   -0.00522
  633   -0.00027    0.00200   -0.00627
  634    0.00068   -0.00180   -0.00411
  635    0.00183    0.00221   -0.00542
  636    0.00238    0.00066   -0.00392
  637    0.00451    0.00097   -0.00205
  638   -0.00423   -0.00460   -0.00726
  639   -0.00399   -0.00585   -0.00708
  640   -0.00340   -0.00579   -0.00725
  641   -0.00341   -0.00507   -0.00786
  642   -0.00458   -0.00682   -0.00797
  643   -0.00511   -0.00780   -0.00851
  644   -0.00488   -0.00810   -0.00771
  645   -0.00575   -0.00809   -0.00923
  646   -0.00499   -0.00836   -0.00778
  647   -0.00611   -0.00880   -0.00911
  648   -0.00581   -0.00871   -0.00845
  649   -0.00282   -0.00643   -0.00637
  650   -0.00195   -0.00667   -0.00542
  651   -0.00266   -0.00774   -0.00565
  652   -0.00278   -0.00817   -0.00581
  653   -0.00021   -0.00580   -0.00397
  654    0.00014   -0.00630   -0.00325
  655    0.00251   -0.00547   -0.00080
  656    0.00352   -0.00609    0.00078
  657   -0.00264   -0.00841   -0.00526
  658   -0.00296   -0.00936   -0.00538
  659   -0.00154   -0.01007   -0.00378
  660    0.00031   -0.01037   -0.00187
  661   -0.00367   -0.01007   -0.00521
  662   -0.00554   -0.00992   -0.00667
  663   -0.00662   -0.01050   -0.00666
  664   -0.00795   -0.01008   -0.00876
  665   -0.00966   -0.01100   -0.00913
  666   -0.00164   -0.01083   -0.00405
  667   -0.00006   -0.01123   -0.00293
  668    0.00076   -0.01317   -0.00096
  669   -0.00140   -0.01328   -0.00168
  670   -0.00104   -0.01109   -0.00439
  671    0.00011   -0.01102   -0.00301
  672   -0.00025   -0.01119   -0.00379
  673   -0.00141   -0.01053   -0.00529
  674    0.00041   -0.01172   -0.00337
  675    0.00302   -0.01410    0.00176
  676    0.00430   -0.01620    0.00446
  677    0.00712   -0.01914    0.00641
  678    0.00847   -0.02292    0.00775
  679    0.00508   -0.01814    0.00615
  680    0.00544   -0.01573    0.00644
  681    0.00284   -0.01756    0.00382
  682    0.00746   -0.01719    0.00704
  683    0.00864   -0.01819    0.00895
  684    0.00803   -0.01834    0.00672
  685    0.00687   -0.01605    0.00372
  686    0.00928   -0.01509    0.01019
  687    0.01006   -0.01435    0.01293
  688    0.01041   -0.01484    0.01120
  689    0.01090   -0.01233    0.01336
  690    0.00910   -0.02235    0.00759
  691    0.00870   -0.02184    0.00447
  692    0.00801   -0.01979    0.00371
  693    0.00842   -0.01813    0.00604
  694    0.00581   -0.01608    0.00002
  695    0.00505   -0.01335   -0.00064
  696    0.00467   -0.01187    0.00025
  697    0.00467   -0.01097    0.00049
  698    0.00597   -0.01406    0.00061
  699    0.00598   -0.01380   -0.00088
  700    0.00487   -0.01225   -0.00246
  701    0.00814   -0.01581    0.00040
  702    0.00459   -0.01155    0.00039
  703    0.00470   -0.01080    0.00151
  704    0.00287   -0.00870   -0.00104
  705    0.00261   -0.00826   -0.00060
  706    0.00588   -0.01153    0.00344
  707    0.00509   -0.01206    0.00231
  708    0.00184   -0.00898   -0.00268
  709    0.00052   -0.00871   -0.00390
  710    0.00088   -0.00792   -0.00371
  711    0.00029   -0.00756   -0.00397
  712   -0.00046   -0.00853   -0.00488
  713    0.00062   -0.00794   -0.00506
  714    0.00128   -0.00730   -0.00369
  715    0.00125   -0.00676   -0.00352
  716    0.00145   -0.00708   -0.00290
  717    0.00082   -0.00694   -0.00308
  718    0.00247   -0.00717   -0.00147
  719    0.00293   -0.00674   -0.00049
  720    0.00224   -0.00672   -0.00116
  721    0.00246   -0.00621   -0.00092
  722    0.00444   -0.00646    0.00133
  723    0.00527   -0.00649    0.00154
  724    0.00586   -0.00566    0.00269
  725    0.00165   -0.00701   -0.00164
  726    0.00109   -0.00704   -0.00225
  727   -0.00004   -0.00690   -0.00303
  728   -0.00011   -0.00673   -0.00296
  729    0.00038   -0.00765   -0.00268
  730    0.00192   -0.00833   -0.00137
  731   -0.00084   -0.00778   -0.00384
  732    0.00323   -0.00835    0.00046
  733   -0.00022   -0.00704   -0.00360
  734   -0.00069   -0.00702   -0.00377
  735   -0.00050   -0.00674   -0.00328
  736   -0.00101   -0.00659   -0.00331
  737    0.00028   -0.00655   -0.00285
  738    0.00068   -0.00631   -0.00253
  739    0.00088   -0.00557   -0.00212
  740    0.00045   -0.00501   -0.00232
  741    0.00172   -0.00636   -0.00183
  742    0.00142   -0.00665   -0.00236
  743    0.00046   -0.00684   -0.00317
  744    0.00269   -0.00644   -0.00142
  745    0.00150   -0.00539   -0.00169
  746    0.00172   -0.00442   -0.00135
  747    0.00044   -0.00450   -0.00226
  748    0.00034   -0.00346   -0.00230
  749    0.00271   -0.00464   -0.00040
  750    0.00461   -0.00400    0.00114
  751    0.00282   -0.00343   -0.00068
  752    0.00577   -0.00390    0.00258
  753   -0.00027   -0.00534   -0.00296
  754   -0.00124   -0.00546   -0.00362
  755   -0.00166   -0.00535   -0.00333
  756   -0.00228   -0.00526   -0.00348
  757   -0.00171   -0.00635   -0.00415
  758   -0.00209   -0.00668   -0.00457
  759   -0.00220   -0.00716   -0.00480
  760   -0.00233   -0.00638   -0.00480
  761   -0.00274   -0.00742   -0.00550
  762   -0.00272   -0.00702   -0.00534
  763   -0.00151   -0.00555   -0.00301
  764   -0.00205   -0.00570   -0.00299
  765   -0.00195   -0.00453   -0.00264
  766   -0.00274   -0.00418   -0.00210
  767   -0.00201   -0.00615   -0.00308
  768   -0.00094   -0.00374   -0.00252
  769   -0.00057   -0.00187   -0.00182
  770   -0.00051   -0.00027   -0.00177
  771   -0.00075    0.00085   -0.00180
  772    0.00083   -0.00124   -0.00123
  773    0.00116    0.00123   -0.00053
  774    0.00098   -0.00231   -0.00114
  775   -0.00040   -0.00037   -0.00217
  776   -0.00032    0.00101   -0.00252
  777   -0.00191    0.00002   -0.00229
  778   -0.00244    0.00086   -0.00222
  779   -0.00018   -0.00042   -0.00314
  780   -0.00249   -0.00240   -0.00259
  781   -0.00309   -0.00321   -0.00249
  782   -0.00340   -0.00324   -0.00219
  783   -0.00362   -0.00399   -0.00243
  784   -0.00317   -0.00479   -0.00350
  785   -0.00288   -0.00564   -0.00459
  786   -0.00319   -0.00604   -0.00491
  787   -0.00291   -0.00570   -0.00476
  788   -0.00330   -0.00205   -0.00162
  789   -0.00521   -0.00185   -0.00055
  790   -0.00459    0.00146   -0.00058
  791   -0.00443    0.00229   -0.00088
  792   -0.00516   -0.00310   -0.00107
  793   -0.00554   -0.00441   -0.00148
  794   -0.00603   -0.00451   -0.00157
  795   -0.00487   -0.00535   -0.00159
  796   -0.00346    0.00417   -0.00053
  797   -0.00211    0.00642   -0.00064
  798   -0.00342    0.00742   -0.00021
  799   -0.00227    0.00887    0.00031
  800   -0.00026    0.00853   -0.00096
  801    0.00090    0.00845   -0.00114
  802    0.00236    0.01038   -0.00154
  803    0.00413    0.01363   -0.00227
  804    0.00233    0.00895   -0.00263
  805   -0.00578    0.00671    0.00005
  806   -0.00711    0.00563    0.00128
  807   -0.00786    0.00501    0.00170
  808   -0.01039    0.00533    0.00297
  809   -0.00688    0.00412    0.00186
  810   -0.00757    0.00209    0.00139
  811   -0.00822    0.00132    0.00168
  812   -0.00676    0.00062    0.00072
  813   -0.00762    0.00332    0.00168
  814   -0.00876    0.00256    0.00166
  815   -0.00788    0.00337    0.00123
  816   -0.00842    0.00324    0.00290
  817   -0.00864   -0.00126    0.00154
  818   -0.00954   -0.00183    0.00240
  819   -0.00952   -0.00379    0.00154
  820   -0.00899   -0.00459    0.00066
  821   -0.00716   -0.00388   -0.00054
  822   -0.00600    0.00413    0.00009
  823   -0.00457    0.00375    0.00021
  824   -0.00273    0.00601    0.00082
  825   -0.00246    0.00816    0.00102
  826   -0.00346    0.00198   -0.00111
  827   -0.00371   -0.00085   -0.00094
  828   -0.00476   -0.00120   -0.00077
  829   -0.00233   -0.00186   -0.00164
  830   -0.00240    0.00714    0.00154
  831   -0.00105    0.01111    0.00327
  832    0.00160    0.01068    0.00248
  833    0.00135    0.00802    0.00119
  834    0.00351    0.01653    0.00234
  835    0.00734    0.01659    0.00247
  836    0.01014    0.02004    0.00402
  837    0.01086    0.02579    0.00449
  838    0.00885    0.01724    0.00289
  839    0.00648    0.01399    0.00202
  840    0.00680    0.00975    0.00246
  841    0.00516    0.01407    0.00141
  842    0.00538    0.00747    0.00185
  843    0.00423    0.01093    0.00088
  844    0.00409    0.00826    0.00089
  845    0.01262    0.01630    0.00550
  846    0.01795    0.01878    0.00830
  847    0.02281    0.02353    0.01031
  848    0.02154    0.02331    0.00900
  849    0.02088    0.01342    0.00839
  850    0.02231    0.01063    0.00947
  851    0.02468    0.00807    0.01028
  852    0.02612    0.00677    0.00907
  853    0.02448    0.00655    0.01069
  854    0.02967    0.03039    0.01345
  855    0.03583    0.03740    0.01673
  856    0.03944    0.03280    0.01889
  857    0.04538    0.02989    0.02246
  858    0.04747    0.05197    0.02121
  859    0.04219    0.06206    0.01569
  860    0.03451    0.06110    0.00982
  861    0.06114    0.11211    0.02500
  862    0.03576    0.03126    0.01835
  863    0.03846    0.02779    0.02110
  864    0.03063    0.01993    0.01844
  865    0.03154    0.01643    0.01940
  866    0.02561    0.01741    0.01406
  867    0.02121    0.01240    0.01165
  868    0.02102    0.01151    0.01194
  869    0.02073    0.01402    0.01105
  870    0.01656    0.01246    0.00834
  871    0.01427    0.00887    0.00712
  872    0.02075    0.00818    0.01237
  873    0.02090    0.00674    0.01269
  874    0.01831    0.00620    0.01042
  875    0.01835    0.00686    0.01031
  876    0.02124    0.00410    0.01420
  877    0.01926    0.00400    0.01427
  878    0.02316    0.00544    0.01554
  879    0.01599    0.00488    0.00894
  880    0.01367    0.00465    0.00691
  881    0.01296    0.00762    0.00560
  882    0.01231    0.00800    0.00461
  883    0.01069    0.00301    0.00541
  884    0.00829    0.00226    0.00348
  885    0.00805    0.00109    0.00325
  886    0.00648   -0.00011    0.00206
  887    0.01309    0.01062    0.00563
  888    0.01262    0.01469    0.00436
  889    0.01470    0.01665    0.00525
  890    0.01398    0.01838    0.00371
  891    0.01354    0.01856    0.00451
  892    0.01319    0.02361    0.00281
  893    0.01678    0.03067    0.00402
  894    0.01661    0.03317    0.00264
  895    0.02214    0.04238    0.00387
  896    0.01728    0.01644    0.00761
  897    0.01928    0.01748    0.00875
  898    0.01763    0.01477    0.00791
  899    0.01720    0.01580    0.00752
  900    0.02227    0.01696    0.01161
  901    0.02439    0.01797    0.01357
  902    0.02692    0.02363    0.01547
  903    0.02518    0.02659    0.01353
  904    0.03306    0.02702    0.02153
  905    0.01636    0.01110    0.00765
  906    0.01469    0.00844    0.00675
  907    0.01277    0.00897    0.00401
  908    0.01211    0.00884    0.00337
  909    0.01408    0.00499    0.00723
  910    0.01233    0.00296    0.00642
  911    0.01293    0.00249    0.00774
  912    0.01009    0.00195    0.00434
  913    0.01127    0.00088    0.00699
  914    0.00802    0.00023    0.00340
  915    0.00894   -0.00022    0.00471
  916    0.01167    0.00938    0.00298
  917    0.00934    0.01029    0.00046
  918    0.00990    0.01391   -0.00040
  919    0.00867    0.01446   -0.00244
  920    0.00804    0.01018   -0.00070
  921    0.00717    0.00588   -0.00026
  922    0.00556    0.00537   -0.00026
  923    0.00554    0.00303   -0.00093
  924    0.01166    0.01699    0.00150
  925    0.01245    0.02111    0.00044
  926    0.01341    0.02022    0.00082
  927    0.01304    0.02210   -0.00094
  928    0.01443    0.02444    0.00239
  929    0.01564    0.02855    0.00220
  930    0.01463    0.01767    0.00293
  931    0.01573    0.01682    0.00367
  932    0.01326    0.01400    0.00120
  933    0.01345    0.01437    0.00073
  934    0.01722    0.01467    0.00626
  935    0.01986    0.01764    0.00903
  936    0.02129    0.01532    0.01155
  937    0.02017    0.01200    0.01161
  938    0.02485    0.01757    0.01435
  939    0.01153    0.01175    0.00002
  940    0.00914    0.00902   -0.00176
  941    0.00708    0.00976   -0.00457
  942    0.00489    0.00694   -0.00616
  943    0.00852    0.00558   -0.00069
  944    0.00818    0.00577   -0.00049
  945    0.01008    0.00465    0.00206
  946    0.00709    0.01341   -0.00512
  947    0.00581    0.01247   -0.00733
  948    0.00405    0.01148   -0.00985
  949    0.00195    0.00755   -0.01125
  950    0.00605    0.01819   -0.00784
  951    0.00511    0.01528   -0.00800
  952    0.00474    0.02414   -0.01030
  953    0.00390    0.03233   -0.01263
  954    0.00487    0.02319   -0.00925
  955    0.00409    0.01536   -0.00993
  956    0.00154    0.01765   -0.01185
  957    0.00120    0.01324   -0.01177
  958   -0.00139    0.01542   -0.01360
  959    0.00289    0.02466   -0.01159
  960    0.00688    0.02278   -0.00943
  961    0.00921    0.03051   -0.01149
  962    0.00962    0.03889   -0.01236
  963    0.00366    0.05248   -0.01936
  964    0.00257    0.00964   -0.00956
  965    0.00190    0.00764   -0.00862
  966   -0.00073    0.00486   -0.01027
  967   -0.00185    0.00417   -0.01146
  968    0.00423    0.00591   -0.00569
  969    0.00718    0.00792   -0.00389
  970    0.00906    0.00559   -0.00042
  971    0.01239    0.00939    0.00171
  972   -0.00159    0.00312   -0.01023
  973   -0.00344    0.00048   -0.01112
  974   -0.00243   -0.00169   -0.00892
  975   -0.00062   -0.00164   -0.00696
  976   -0.00413   -0.00092   -0.01176
  977   -0.00274   -0.00180   -0.00960
  978   -0.00388   -0.00368   -0.00941
  979   -0.00363   -0.00557   -0.00800
  980   -0.00256   -0.00676   -0.00652
  981   -0.00125   -0.00733   -0.00464
  982   -0.00519   -0.00673   -0.00914
  983   -0.00608   -0.00557   -0.01064
  984   -0.00552   -0.00397   -0.01110
  985   -0.00344   -0.00768   -0.00717
  986   -0.00223   -0.00938   -0.00503
  987    0.00014   -0.00811   -0.00286
  988    0.00145   -0.00922   -0.00044
  989   -0.00382   -0.01078   -0.00596
  990   -0.00712   -0.01252   -0.00742
  991   -0.00920   -0.01173   -0.01048
  992   -0.01203   -0.01346   -0.01203
  993   -0.00803   -0.00951   -0.01113
  994    0.00038   -0.00550   -0.00373
  995    0.00284   -0.00369   -0.00170
  996    0.00423   -0.00287   -0.00035
  997    0.00629   -0.00230    0.00229
  998    0.00330   -0.00111   -0.00289
  999    0.00231   -0.00139   -0.00388
 1000    0.00273   -0.00342   -0.00215
 1001    0.00129    0.00053   -0.00614
 1002    0.00304   -0.00301   -0.00179
 1003    0.00415   -0.00271   -0.00065
 1004    0.00441   -0.00487    0.00116
 1005    0.00588   -0.00422    0.00301
 1006    0.00274   -0.00248   -0.00261
 1007    0.00287   -0.00024   -0.00403
 1008    0.00080   -0.00031   -0.00602
 1009    0.00069    0.00147   -0.00747
 1010   -0.00172    0.00058   -0.00922
 1011   -0.00319   -0.00094   -0.00972
 1012   -0.00180    0.00226   -0.01061
 1013    0.00312   -0.00694    0.00056
 1014    0.00359   -0.00904    0.00234
 1015    0.00575   -0.00949    0.00515
 1016    0.00691   -0.01019    0.00709
 1017    0.00212   -0.01129    0.00129
 1018    0.00597   -0.00867    0.00537
 1019    0.00814   -0.00900    0.00830
 1020    0.01022   -0.00700    0.01003
 1021    0.01203   -0.00769    0.01288
 1022    0.00872   -0.00906    0.00825
 1023    0.00723   -0.01180    0.00723
 1024    0.00769   -0.01116    0.00749
 1025    0.00805   -0.01556    0.00902
 1026    0.00523   -0.01682    0.00513
 1027    0.01013   -0.00433    0.00868
 1028    0.01152   -0.00188    0.01019
 1029    0.01190   -0.00279    0.01119
 1030    0.01341   -0.00211    0.01350
 1031    0.01142    0.00056    0.00807
 1032    0.01124    0.00254    0.00669
 1033    0.01020   -0.00440    0.00919
 1034    0.01005   -0.00519    0.00949
 1035    0.01131   -0.00740    0.01183
 1036    0.01223   -0.00725    0.01300
 1037    0.00779   -0.00614    0.00684
 1038    0.00785   -0.00677    0.00672
 1039    0.00779   -0.00533    0.00620
 1040    0.00782   -0.00889    0.00709
 1041    0.00716   -0.00582    0.00539
 1042    0.00782   -0.00907    0.00687
 1043    0.00732   -0.00753    0.00576
 1044    0.01120   -0.00893    0.01216
 1045    0.01274   -0.01139    0.01500
 1046    0.01550   -0.01024    0.01786
 1047    0.01699   -0.01136    0.02013
 1048    0.01245   -0.01359    0.01509
 1049    0.01069   -0.01467    0.01329
 1050    0.00981   -0.01702    0.01304
 1051    0.00784   -0.01726    0.01069
 1052    0.01204   -0.01924    0.01564
 1053    0.01578   -0.00744    0.01807
 1054    0.01829   -0.00530    0.02152
 1055    0.01834   -0.00289    0.02149
 1056    0.02057   -0.00077    0.02451
 1057    0.01874   -0.00324    0.02219
 1058    0.01937   -0.00548    0.02299
 1059    0.01883   -0.00345    0.02248
 1060    0.01997   -0.00598    0.02478
 1061    0.02104   -0.00305    0.02763
 1062    0.01640   -0.00328    0.01870
 1063    0.01590   -0.00114    0.01845
 1064    0.01619   -0.00261    0.01886
 1065    0.01497   -0.00384    0.01701
 1066    0.01505   -0.00022    0.01573
 1067    0.01586    0.00156    0.01582
 1068    0.01578    0.00143    0.01617
 1069    0.01682    0.00353    0.01497
 1070    0.01829   -0.00222    0.02226
 1071    0.01869   -0.00368    0.02272
 1072    0.01655   -0.00199    0.02117
 1073    0.01546   -0.00297    0.01961
 1074    0.02285   -0.00447    0.02883
 1075    0.02670   -0.00582    0.03232
 1076    0.02673   -0.01076    0.03110
 1077    0.02338   -0.01177    0.02628
 1078    0.03830   -0.01689    0.04261
 1079    0.01638    0.00036    0.02170
 1080    0.01502    0.00043    0.01926
 1081    0.01320   -0.00019    0.01535
 1082    0.01255   -0.00072    0.01381
 1083    0.01602    0.00240    0.01972
 1084    0.01327   -0.00055    0.01425
 1085    0.01189   -0.00142    0.01176
 1086    0.01159   -0.00353    0.01137
 1087    0.01052   -0.00443    0.00966
 1088    0.01123   -0.00124    0.01126
 1089    0.01272    0.00036    0.01125
 1090    0.00993   -0.00268    0.00876
 1091    0.01196    0.00091    0.00973
 1092    0.01203   -0.00511    0.01319
 1093    0.01252   -0.00723    0.01237
 1094    0.01236   -0.00639    0.01199
 1095    0.01180   -0.00753    0.01019
 1096    0.01378   -0.00849    0.01416
 1097    0.01309   -0.00892    0.01369
 1098    0.01484   -0.01076    0.01650
 1099    0.01709   -0.01153    0.01913
 1100    0.01418   -0.01081    0.01578
 1101    0.01324   -0.00485    0.01310
 1102    0.01343   -0.00444    0.01275
 1103    0.01103   -0.00456    0.01004
 1104    0.00924   -0.00485    0.00843
 1105    0.01429   -0.00309    0.01563
 1106    0.01068   -0.00387    0.00974
 1107    0.00952   -0.00389    0.00796
 1108    0.00806   -0.00511    0.00627
 1109    0.00707   -0.00560    0.00503
 1110    0.01017   -0.00320    0.00780
 1111    0.00828   -0.00554    0.00623
 1112    0.00754   -0.00631    0.00472
 1113    0.00756   -0.00648    0.00452
 1114    0.00674   -0.00673    0.00310
 1115    0.00765   -0.00708    0.00478
 1116    0.00662   -0.00758    0.00374
 1117    0.00524   -0.00743    0.00200
 1118    0.00701   -0.00805    0.00393
 1119    0.00461   -0.00804    0.00117
 1120    0.00584   -0.00839    0.00258
 1121    0.00871   -0.00664    0.00628
 1122    0.00891   -0.00693    0.00612
 1123    0.00793   -0.00643    0.00544
 1124    0.00777   -0.00659    0.00467
 1125    0.01050   -0.00737    0.00848
 1126    0.01031   -0.00815    0.00975
 1127    0.01103   -0.00943    0.01187
 1128    0.00940   -0.00829    0.00763
 1129    0.00751   -0.00613    0.00582
 1130    0.00601   -0.00537    0.00426
 1131    0.00515   -0.00582    0.00269
 1132    0.00501   -0.00553    0.00176
 1133    0.00613   -0.00444    0.00532
 1134    0.00526   -0.00595    0.00237
 1135    0.00461   -0.00622    0.00055
 1136    0.00456   -0.00585   -0.00038
 1137    0.00341   -0.00509   -0.00193
 1138    0.00475   -0.00640    0.00049
 1139    0.00397   -0.00596   -0.00135
 1140    0.00593   -0.00648    0.00177
 1141    0.00516   -0.00598    0.00014
 1142    0.00435   -0.00533   -0.00104
 1143    0.00402   -0.00478   -0.00228
 1144    0.00381   -0.00497   -0.00342
 1145    0.00508   -0.00587   -0.00008
 1146    0.00381   -0.00453   -0.00181
 1147    0.00335   -0.00407   -0.00311
 1148    0.00301   -0.00325   -0.00556
 1149    0.00331   -0.00253   -0.00719
 1150    0.00369   -0.00375   -0.00181
 1151    0.00367   -0.00348   -0.00259
 1152    0.00412   -0.00391   -0.00015
 1153    0.00375   -0.00353   -0.00140
 1154    0.00583   -0.00441    0.00233
 1155    0.00315   -0.00372   -0.00453
 1156    0.00222   -0.00341   -0.00645
 1157    0.00243   -0.00393   -0.00710
 1158    0.00193   -0.00413   -0.00771
 1159    0.00228   -0.00474   -0.00535
 1160    0.00148   -0.00547   -0.00511
 1161    0.00117   -0.00530   -0.00589
 1162    0.00083   -0.00504   -0.00598
 1163    0.00059   -0.00572   -0.00635
 1164    0.00238   -0.00389   -0.00683
 1165    0.00177   -0.00311   -0.00700
 1166    0.00210   -0.00165   -0.00714
 1167    0.00171   -0.00041   -0.00726
 1168    0.00223   -0.00155   -0.00720
 1169    0.00145    0.00050   -0.00686
 1170    0.00189    0.00060   -0.00747
 1171    0.00269   -0.00065   -0.00700
 1172    0.00025    0.00239   -0.00607
 1173   -0.00036    0.00136   -0.00536
 1174   -0.00008    0.00074   -0.00544
 1175   -0.00011    0.00158   -0.00544
 1176    0.00087   -0.00112   -0.00586
 1177    0.00128    0.00241   -0.00768
 1178    0.00033    0.00364   -0.00700
 1179   -0.00167    0.00481   -0.00601
 1180   -0.00196    0.00598   -0.00617
 1181    0.00133    0.00352   -0.00944
 1182    0.00523    0.00251   -0.01211
 1183   -0.00220    0.00524   -0.00543
 1184   -0.00202    0.00625   -0.00528
 1185   -0.00213    0.00681   -0.00551
 1186   -0.00322    0.00668   -0.00617
 1187   -0.00180    0.00505   -0.00533
 1188   -0.00198    0.00535   -0.00506
 1189   -0.00139    0.00504   -0.00500
 1190   -0.00135    0.00492   -0.00519
 1191   -0.00152    0.00373   -0.00522
 1192   -0.00077    0.00212   -0.00541
 1193   -0.00168    0.00373   -0.00566
 1194   -0.00136    0.00770   -0.00486
 1195   -0.00193    0.00868   -0.00450
 1196   -0.00157    0.00791   -0.00443
 1197   -0.00176    0.00854   -0.00394
 1198   -0.00229    0.01045   -0.00436
 1199   -0.00109    0.01171   -0.00495
 1200   -0.00417    0.01377   -0.00432
 1201   -0.00110    0.00598   -0.00478
 1202   -0.00018    0.00431   -0.00474
 1203   -0.00038    0.00476   -0.00468
 1204   -0.00081    0.00575   -0.00437
 1205    0.00072    0.00217   -0.00502
 1206    0.00123    0.00066   -0.00462
 1207    0.00058    0.00218   -0.00426
 1208    0.00135   -0.00051   -0.00522
 1209   -0.00155    0.00466   -0.00553
 1210   -0.00327    0.00598   -0.00601
 1211   -0.00245    0.00479   -0.00568
 1212   -0.00154    0.00293   -0.00534
 1213   -0.00503    0.00947   -0.00568
 1214   -0.01129    0.01460   -0.00788
 1215   -0.01389    0.01949   -0.00601
 1216   -0.01358    0.01403   -0.01133
 1217   -0.00251    0.00642   -0.00588
 1218   -0.00146    0.00582   -0.00550
 1219   -0.00028    0.00382   -0.00515
 1220    0.00097    0.00084   -0.00389
 1221    0.00029    0.00690   -0.00506
 1222    0.00186    0.00595   -0.00451
 1223    0.00140    0.00575   -0.00417
 1224    0.00531    0.00755   -0.00545
 1225    0.00070    0.00819   -0.00191
 1226   -0.00055    0.00476   -0.00484
 1227   -0.00084    0.00406   -0.00396
 1228   -0.00026    0.00213   -0.00379
 1229    0.00048    0.00083   -0.00364
 1230   -0.00128    0.00493   -0.00360
 1231   -0.00134    0.00419   -0.00277
 1232   -0.00037    0.00653   -0.00412
 1233    0.00029    0.00135   -0.00372
 1234    0.00066   -0.00041   -0.00382
 1235   -0.00026    0.00027   -0.00397
 1236   -0.00092    0.00137   -0.00376
 1237    0.00105   -0.00195   -0.00263
 1238    0.00180   -0.00269   -0.00113
 1239    0.00230   -0.00498   -0.00152
 1240    0.00220   -0.00209   -0.00066
 1241   -0.00057   -0.00084   -0.00372
 1242   -0.00162   -0.00069   -0.00367
 1243   -0.00037   -0.00361   -0.00424
 1244   -0.00004   -0.00431   -0.00438
 1245   -0.00143   -0.00092   -0.00358
 1246   -0.00163    0.00098   -0.00340
 1247   -0.00178    0.00149   -0.00312
 1248   -0.00081    0.00080   -0.00330
 1249   -0.00185    0.00287   -0.00296
 1250   -0.00142    0.00261   -0.00362
 1251   -0.00178    0.00347   -0.00339
 1252   -0.00136   -0.00215   -0.00407
 1253   -0.00125   -0.00407   -0.00458
 1254   -0.00142   -0.00437   -0.00426
 1255   -0.00168   -0.00361   -0.00377
 1256   -0.00203   -0.00284   -0.00481
 1257   -0.00274   -0.00434   -0.00513
 1258   -0.00256   -0.00689   -0.00563
 1259   -0.00311   -0.00432   -0.00543
 1260   -0.00301   -0.00786   -0.00601
 1261   -0.00339   -0.00623   -0.00559
 1262   -0.00113   -0.00627   -0.00476
 1263   -0.00113   -0.00634   -0.00445
 1264   -0.00171   -0.00671   -0.00442
 1265   -0.00201   -0.00712   -0.00463
 1266   -0.00063   -0.00677   -0.00474
 1267   -0.00002   -0.00630   -0.00470
 1268    0.00046   -0.00645   -0.00498
 1269   -0.00055   -0.00570   -0.00447
 1270    0.00053   -0.00630   -0.00502
 1271   -0.00041   -0.00543   -0.00460
 1272   -0.00019   -0.00532   -0.00485
 1273   -0.00181   -0.00631   -0.00395
 1274   -0.00202   -0.00655   -0.00394
 1275   -0.00194   -0.00678   -0.00354
 1276   -0.00186   -0.00670   -0.00337
 1277   -0.00211   -0.00625   -0.00363
 1278   -0.00215   -0.00492   -0.00261
 1279   -0.00246   -0.00570   -0.00388
 1280   -0.00207   -0.00442   -0.00158
 1281   -0.00215   -0.00698   -0.00367
 1282   -0.00213   -0.00700   -0.00362
 1283   -0.00220   -0.00707   -0.00326
 1284   -0.00227   -0.00718   -0.00340
 1285   -0.00224   -0.00704   -0.00376
 1286   -0.00247   -0.00699   -0.00351
 1287   -0.00239   -0.00691   -0.00346
 1288   -0.00264   -0.00671   -0.00361
 1289   -0.00205   -0.00704   -0.00299
 1290   -0.00177   -0.00716   -0.00242
 1291   -0.00195   -0.00746   -0.00251
 1292   -0.00232   -0.00731   -0.00255
 1293   -0.00133   -0.00699   -0.00157
 1294   -0.00128   -0.00620   -0.00119
 1295   -0.00136   -0.00572   -0.00121
 1296   -0.00093   -0.00601   -0.00086
 1297   -0.00142   -0.00491   -0.00066
 1298   -0.00100   -0.00520   -0.00032
 1299   -0.00134   -0.00464   -0.00002
 1300   -0.00204   -0.00756   -0.00273
 1301   -0.00224   -0.00753   -0.00294
 1302   -0.00188   -0.00800   -0.00279
 1303   -0.00114   -0.00865   -0.00290
 1304   -0.00308   -0.00684   -0.00329
 1305   -0.00357   -0.00647   -0.00293
 1306   -0.00357   -0.00607   -0.00286
 1307   -0.00354   -0.00656   -0.00268
 1308   -0.00176   -0.00843   -0.00279
 1309   -0.00108   -0.00918   -0.00259
 1310   -0.00108   -0.00942   -0.00288
 1311   -0.00195   -0.00847   -0.00297
 1312   -0.00053   -0.00950   -0.00243
 1313    0.00076   -0.01076   -0.00164
 1314    0.00105   -0.01163   -0.00170
 1315    0.00142   -0.01044   -0.00105
 1316   -0.00042   -0.00993   -0.00300
 1317   -0.00044   -0.01051   -0.00295
 1318    0.00034   -0.01130   -0.00281
 1319    0.00078   -0.01167   -0.00310
 1320   -0.00096   -0.00967   -0.00388
 1321   -0.00080   -0.01021   -0.00415
 1322   -0.00167   -0.00840   -0.00423
 1323    0.00048   -0.01193   -0.00291
 1324    0.00087   -0.01359   -0.00289
 1325    0.00136   -0.01400   -0.00214
 1326    0.00232   -0.01457   -0.00287
 1327    0.00098   -0.01306   -0.00355
 1328    0.00138   -0.01390   -0.00354
 1329    0.00164   -0.01515   -0.00307
 1330    0.00123   -0.01401   -0.00379
 1331    0.00153   -0.01397   -0.00193
 1332    0.00222   -0.01366   -0.00148
 1333    0.00249   -0.01273   -0.00162
 1334    0.00315   -0.01260   -0.00125
 1335    0.00198   -0.01228   -0.00201
 1336    0.00206   -0.01162   -0.00200
 1337    0.00144   -0.01080   -0.00207
 1338    0.00075   -0.01055   -0.00230
 1339    0.00237   -0.01198   -0.00297
 1340    0.00301   -0.01268   -0.00310
 1341    0.00359   -0.01281   -0.00282
 1342    0.00321   -0.01351   -0.00323
 1343    0.00415   -0.01370   -0.00321
 1344    0.00395   -0.01428   -0.00349
 1345    0.00148   -0.01003   -0.00165
 1346    0.00097   -0.00944   -0.00169
 1347    0.00058   -0.00932   -0.00218
 1348    0.00102   -0.00936   -0.00231
 1349    0.00143   -0.00866   -0.00106
 1350    0.00086   -0.00797   -0.00096
 1351    0.00041   -0.00802   -0.00108
 1352    0.00135   -0.00757    0.00011
 1353   -0.00020   -0.00898   -0.00271
 1354   -0.00051   -0.00904   -0.00330
 1355   -0.00099   -0.00835   -0.00321
 1356   -0.00131   -0.00805   -0.00293
 1357   -0.00127   -0.00900   -0.00378
 1358   -0.00100   -0.00963   -0.00394
 1359   -0.00094   -0.01007   -0.00429
 1360   -0.00040   -0.01019   -0.00389
 1361   -0.00048   -0.01094   -0.00441
 1362    0.00007   -0.01080   -0.00408
 1363    0.00005   -0.01106   -0.00414
 1364    0.00039   -0.01163   -0.00436
 1365   -0.00103   -0.00822   -0.00298
 1366   -0.00152   -0.00769   -0.00283
 1367   -0.00240   -0.00769   -0.00394
 1368   -0.00271   -0.00798   -0.00433
 1369   -0.00162   -0.00678   -0.00200
 1370   -0.00209   -0.00627   -0.00191
 1371   -0.00213   -0.00532   -0.00057
 1372   -0.00257   -0.00503   -0.00083
 1373   -0.00182   -0.00467    0.00064
 1374   -0.00280   -0.00761   -0.00449
 1375   -0.00330   -0.00776   -0.00523
 1376   -0.00335   -0.00757   -0.00524
 1377   -0.00288   -0.00741   -0.00480
 1378   -0.00335   -0.00765   -0.00523
 1379   -0.00314   -0.00763   -0.00515
 1380   -0.00312   -0.00710   -0.00516
 1381   -0.00337   -0.00811   -0.00548
 1382   -0.00383   -0.00771   -0.00561
 1383   -0.00369   -0.00779   -0.00565
 1384   -0.00438   -0.00811   -0.00632
 1385   -0.00522   -0.00822   -0.00663
 1386   -0.00393   -0.00677   -0.00514
 1387   -0.00413   -0.00637   -0.00537
 1388   -0.00409   -0.00435   -0.00492
 1389   -0.00436   -0.00707   -0.00579
 1390   -0.00389   -0.00832   -0.00604
 1391   -0.00395   -0.00900   -0.00654
 1392   -0.00451   -0.00987   -0.00638
 1393   -0.00490   -0.01042   -0.00606
 1394   -0.00502   -0.00900   -0.00626
 1395   -0.00626   -0.00821   -0.00645
 1396   -0.00751   -0.00663   -0.00694
 1397   -0.00842   -0.00468   -0.00716
 1398   -0.00599   -0.00700   -0.00643
 1399   -0.00500   -0.00879   -0.00652
 1400   -0.00494   -0.00673   -0.00667
 1401   -0.00547   -0.00325   -0.00694
 1402   -0.00551    0.00221   -0.00784
 1403   -0.00496    0.00207   -0.00760
 1404   -0.00438    0.00719   -0.00958
 1405   -0.00730   -0.00676   -0.00705
 1406   -0.00797   -0.00583   -0.00794
 1407   -0.00865   -0.00678   -0.00899
 1408   -0.00723   -0.00822   -0.00855
 1409   -0.00701   -0.00579   -0.00760
 1410   -0.00616   -0.00425   -0.00617
 1411   -0.00689   -0.00176   -0.00708
 1412   -0.00649   -0.00354   -0.00571
 1413   -0.01010   -0.00651   -0.01013
 1414   -0.01059   -0.00742   -0.01126
 1415   -0.00909   -0.00923   -0.01154
 1416   -0.00960   -0.00955   -0.01269
 1417   -0.01441   -0.00494   -0.01380
 1418   -0.01489   -0.00272   -0.01454
 1419   -0.01299   -0.00234   -0.01248
 1420   -0.00835   -0.00881   -0.01093
 1421   -0.00744   -0.00931   -0.01050
 1422   -0.00589   -0.00899   -0.00862
 1423   -0.00586   -0.00839   -0.00773
 1424   -0.00806   -0.01104   -0.01048
 1425   -0.00903   -0.01102   -0.01046
 1426   -0.00734   -0.00982   -0.00809
 1427   -0.01239   -0.01204   -0.01297
 1428   -0.00748   -0.00865   -0.00821
 1429   -0.01446   -0.01052   -0.01423
 1430   -0.01125   -0.00843   -0.01073
 1431   -0.00483   -0.00929   -0.00815
 1432   -0.00366   -0.00920   -0.00708
 1433   -0.00282   -0.00985   -0.00551
 1434   -0.00285   -0.01057   -0.00540
 1435   -0.00309   -0.00966   -0.00697
 1436   -0.00352   -0.00945   -0.00779
 1437   -0.00466   -0.00972   -0.00880
 1438   -0.00204   -0.00913   -0.00441
 1439   -0.00080   -0.00870   -0.00295
 1440    0.00022   -0.00909   -0.00296
 1441   -0.00003   -0.00890   -0.00257
 1442   -0.00097   -0.00783   -0.00141
 1443    0.00037   -0.00702    0.00003
 1444   -0.00202   -0.00705   -0.00202
 1445    0.00124   -0.00980   -0.00305
 1446    0.00188   -0.01007   -0.00316
 1447    0.00309   -0.00976   -0.00222
 1448    0.00476   -0.01027   -0.00065
 1449    0.00267   -0.01078   -0.00421
 1450    0.00278   -0.01146   -0.00347
 1451    0.00329   -0.01143   -0.00307
 1452    0.00284   -0.01191   -0.00470
 1453    0.00242   -0.00942   -0.00178
 1454    0.00227   -0.00880   -0.00078
 1455    0.00286   -0.00927   -0.00065
 1456    0.00318   -0.00893    0.00011
 1457    0.00145   -0.00783   -0.00011
 1458    0.00082   -0.00677    0.00043
 1459    0.00095   -0.00584    0.00226
 1460    0.00021   -0.00660   -0.00026
 1461    0.00016   -0.00496    0.00244
 1462   -0.00005   -0.00576    0.00102
 1463    0.00369   -0.01025   -0.00145
 1464    0.00415   -0.01072   -0.00071
 1465    0.00385   -0.01079   -0.00064
 1466    0.00321   -0.01049   -0.00097
 1467    0.00432   -0.01150   -0.00013
 1468    0.00459   -0.01231   -0.00006
 1469    0.00414   -0.01159    0.00034
 1470    0.00440   -0.01119    0.00097
 1471    0.00576   -0.01286    0.00051
 1472    0.00359   -0.01154    0.00014
 1473    0.00345   -0.01106    0.00053
 1474    0.00330   -0.01151    0.00037
 1475    0.00296   -0.01209   -0.00016
 1476    0.00270   -0.01018    0.00014
 1477    0.00256   -0.00989    0.00037
 1478    0.00380   -0.01201    0.00120
 1479    0.00360   -0.01276    0.00122
 1480    0.00277   -0.01227    0.00087
 1481    0.00257   -0.01127    0.00082
 1482    0.00447   -0.01334    0.00223
 1483    0.00392   -0.01416    0.00245
 1484    0.00198   -0.01218    0.00046
 1485    0.00036   -0.01183    0.00024
 1486   -0.00027   -0.01187    0.00165
 1487   -0.00139   -0.01095    0.00161
 1488   -0.00026   -0.01198    0.00007
 1489   -0.00026   -0.01112   -0.00073
 1490   -0.00234   -0.01005   -0.00124
 1491   -0.00213   -0.00945   -0.00175
 1492   -0.00565   -0.00834   -0.00025
 1493    0.00091   -0.01314    0.00206
 1494    0.00135   -0.01327    0.00239
 1495    0.00197   -0.01171    0.00259
 1496    0.00170   -0.01130    0.00263
 1497    0.00165   -0.01415    0.00307
 1498   -0.00033   -0.01591    0.00314
 1499   -0.00282   -0.01553    0.00285
 1500    0.00079   -0.01778    0.00388
 1501    0.00286   -0.01136    0.00228
 1502    0.00334   -0.01047    0.00241
 1503    0.00250   -0.00979    0.00182
 1504    0.00281   -0.00949    0.00237
 1505    0.00446   -0.01074    0.00306
 1506    0.00438   -0.01094    0.00235
 1507    0.00565   -0.01152    0.00381
 1508    0.00171   -0.00971    0.00122
 1509    0.00095   -0.00915    0.00065
 1510    0.00073   -0.00849    0.00102
 1511    0.00094   -0.00799    0.00117
 1512   -0.00031   -0.00923   -0.00007
 1513   -0.00093   -0.00882   -0.00070
 1514   -0.00064   -0.00889   -0.00134
 1515   -0.00214   -0.00868   -0.00106
 1516    0.00035   -0.00837    0.00114
 1517    0.00003   -0.00751    0.00150
 1518    0.00106   -0.00728    0.00244
 1519    0.00098   -0.00649    0.00266
 1520   -0.00053   -0.00744    0.00164
 1521   -0.00233   -0.00754    0.00066
 1522   -0.00259   -0.00799    0.00070
 1523   -0.00249   -0.00717   -0.00029
 1524    0.00197   -0.00788    0.00316
 1525    0.00282   -0.00741    0.00428
 1526    0.00284   -0.00699    0.00411
 1527    0.00282   -0.00588    0.00448
 1528    0.00365   -0.00810    0.00486
 1529    0.00488   -0.00749    0.00602
 1530    0.00566   -0.00819    0.00618
 1531    0.00619   -0.00894    0.00644
 1532    0.00762   -0.00902    0.00902
 1533    0.00284   -0.00773    0.00330
 1534    0.00293   -0.00766    0.00303
 1535    0.00206   -0.00684    0.00273
 1536    0.00216   -0.00629    0.00289
 1537    0.00302   -0.00815    0.00221
 1538    0.00401   -0.00898    0.00264
 1539    0.00401   -0.00983    0.00229
 1540    0.00457   -0.00863    0.00371
 1541    0.00135   -0.00675    0.00197
 1542    0.00067   -0.00624    0.00155
 1543    0.00035   -0.00540    0.00238
 1544    0.00007   -0.00462    0.00234
 1545   -0.00006   -0.00671    0.00043
 1546    0.00052   -0.00521    0.00273
 1547    0.00073   -0.00402    0.00341
 1548    0.00117   -0.00334    0.00455
 1549    0.00095   -0.00202    0.00462
 1550    0.00108   -0.00389    0.00358
 1551    0.00179   -0.00380    0.00483
 1552    0.00239   -0.00313    0.00535
 1553    0.00129   -0.00230    0.00473
 1554    0.00107   -0.00108    0.00533
 1555    0.00327   -0.00396    0.00568
 1556    0.00370   -0.00325    0.00646
 1557    0.00487   -0.00439    0.00691
 1558    0.00564   -0.00370    0.00811
 1559    0.00655   -0.00282    0.01007
 1560    0.00128   -0.00317    0.00422
 1561    0.00059   -0.00293    0.00386
 1562   -0.00055   -0.00182    0.00386
 1563   -0.00099   -0.00093    0.00478
 1564    0.00046   -0.00387    0.00313
 1565   -0.00016   -0.00349    0.00330
 1566    0.00126   -0.00493    0.00263
 1567   -0.00040   -0.00218    0.00343
 1568   -0.00103   -0.00146    0.00324
 1569   -0.00095   -0.00010    0.00426
 1570   -0.00101    0.00041    0.00453
 1571   -0.00084   -0.00224    0.00279
 1572   -0.00081   -0.00344    0.00123
 1573   -0.00021    0.00035    0.00457
 1574    0.00009    0.00149    0.00557
 1575   -0.00036    0.00223    0.00609
 1576   -0.00054    0.00318    0.00634
 1577    0.00119    0.00152    0.00567
 1578    0.00136    0.00146    0.00535
 1579    0.00255    0.00179    0.00613
 1580    0.00336    0.00081    0.00667
 1581    0.00395   -0.00040    0.00677
 1582    0.00378   -0.00108    0.00655
 1583    0.00449   -0.00111    0.00742
 1584   -0.00071    0.00176    0.00623
 1585   -0.00145    0.00283    0.00720
 1586   -0.00178    0.00287    0.00711
 1587   -0.00176    0.00378    0.00764
 1588   -0.00111    0.00236    0.00721
 1589   -0.00050    0.00169    0.00740
 1590   -0.00043    0.00117    0.00748
 1591   -0.00014    0.00047    0.00701
 1592   -0.00023    0.00146    0.00830
 1593   -0.00161    0.00137    0.00620
 1594   -0.00202    0.00137    0.00603
 1595   -0.00168    0.00222    0.00558
 1596   -0.00168    0.00305    0.00579
 1597   -0.00210    0.00047    0.00470
 1598   -0.00233   -0.00011    0.00404
 1599   -0.00224   -0.00103    0.00413
 1600   -0.00240   -0.00030    0.00281
 1601   -0.00244   -0.00172    0.00312
 1602   -0.00255   -0.00108    0.00221
 1603   -0.00265   -0.00172    0.00212
 1604   -0.00135    0.00263    0.00506
 1605   -0.00137    0.00419    0.00439
 1606   -0.00242    0.00682    0.00349
 1607   -0.00299    0.00862    0.00201
 1608   -0.00154    0.00461    0.00403
 1609   -0.00120    0.00270    0.00378
 1610   -0.00144    0.00591    0.00341
 1611   -0.00247    0.00653    0.00425
 1612   -0.00339    0.00627    0.00322
 1613    0.00030    0.00517    0.00605
 1614    0.00285    0.00514    0.00612
 1615   -0.00655    0.00437    0.00396
 1616   -0.00530    0.00432    0.00212
 1617   -0.00528    0.00238    0.00580
 1618   -0.01534    0.00050    0.00346
 1619    0.00035    0.00326    0.00808
 1620    0.00059    0.00460    0.00835
 1621    0.00404    0.00269    0.00935
 1622    0.00498   -0.00003    0.00911
 1623    0.00760   -0.00216    0.00893
 1624   -0.00093    0.00602    0.00814
 1625   -0.00114    0.00789    0.00868
 1626   -0.00178    0.00763    0.00993
 1627   -0.00220    0.00476    0.00879
 1628   -0.00197    0.00307    0.00796
 1629   -0.00162    0.00339    0.00846
 1630   -0.00223    0.00145    0.00644
 1631    0.00241    0.00131    0.00832
 1632    0.00192    0.00062    0.00750
 1633    0.00156    0.00301    0.00462
 1634   -0.00044    0.00677    0.00300
 1635    0.00013    0.00306    0.00573
 1636   -0.00175    0.00458    0.00460
 1637   -0.00304    0.00521    0.00491
 1638   -0.00367    0.00542    0.00496
 1639   -0.00353    0.00539    0.00445
 1640    0.00263    0.00137    0.00390
 1641    0.00192    0.00650   -0.00083
 1642    0.00082    0.01319   -0.00074
 1643   -0.00104    0.01470   -0.00468
 1644    0.00630   -0.00210   -0.00876
 1645    0.01078   -0.00126   -0.04632
 1646    0.04359   -0.06089   -0.15054
 1647    0.07540   -0.14507   -0.24346
 1648    0.10997   -0.07931   -0.26020
 1649    0.00071    0.01057    0.00137
 1650    0.00138    0.01721    0.00282
 1651    0.00013    0.01520    0.00166
 1652    0.00048    0.01541    0.00082
 1653   -0.00127    0.01157    0.00244
 1654   -0.00206    0.01004    0.00207
 1655   -0.00196    0.00974    0.00163
 1656   -0.00219    0.00900    0.00191
 1657   -0.00212    0.00813    0.00232
 1658   -0.00185    0.00733    0.00146
 1659   -0.00197    0.00839    0.00090
 1660   -0.00147    0.00959    0.00034
 1661   -0.00237    0.00911    0.00066
 1662   -0.00197    0.00992    0.00125
 1663   -0.00203    0.00946    0.00094
 1664   -0.00161    0.00834    0.00023
 1665   -0.00177    0.00796   -0.00022
 1666   -0.00159    0.01167    0.00049
 1667   -0.00237    0.01165    0.00032
 1668   -0.00173    0.01291    0.00107
 1669   -0.00165    0.00773   -0.00032
 1670   -0.00145    0.00622   -0.00114
 1671   -0.00161    0.00459   -0.00121
 1672   -0.00178    0.00325   -0.00146
 1673   -0.00129    0.00616   -0.00208
 1674   -0.00157    0.00791   -0.00255
 1675   -0.00144    0.00865   -0.00305
 1676   -0.00150    0.01018   -0.00318
 1677   -0.00203    0.01282   -0.00212
 1678   -0.00171    0.01292   -0.00124
 1679   -0.00235    0.01439   -0.00222
 1680   -0.00182    0.00446   -0.00071
 1681   -0.00203    0.00304   -0.00066
 1682   -0.00191    0.00283   -0.00158
 1683   -0.00175    0.00359   -0.00159
 1684   -0.00180    0.00270    0.00038
 1685   -0.00182    0.00264    0.00120
 1686   -0.00176    0.00398    0.00150
 1687   -0.00174    0.00156    0.00144
 1688   -0.00176    0.00421    0.00229
 1689   -0.00184    0.00217    0.00211
 1690   -0.00180    0.00344    0.00255
 1691   -0.00164    0.00113   -0.00236
 1692   -0.00169    0.00061   -0.00270
 1693   -0.00144   -0.00090   -0.00281
 1694   -0.00141   -0.00197   -0.00286
 1695   -0.00131   -0.00078   -0.00362
 1696   -0.00151    0.00115   -0.00351
 1697   -0.00173   -0.00104   -0.00304
 1698   -0.00212   -0.00221   -0.00335
 1699   -0.00255   -0.00321   -0.00364
 1700   -0.00252   -0.00274   -0.00385
 1701   -0.00234   -0.00256   -0.00239
 1702   -0.00250   -0.00472   -0.00391
 1703   -0.00277   -0.00548   -0.00433
 1704   -0.00285   -0.00598   -0.00400
 1705   -0.00274   -0.00618   -0.00375
 1706   -0.00256   -0.00590   -0.00475
 1707   -0.00239   -0.00549   -0.00506
 1708   -0.00215   -0.00610   -0.00471
 1709   -0.00335   -0.00668   -0.00432
 1710   -0.00366   -0.00699   -0.00382
 1711   -0.00412   -0.00753   -0.00401
 1712   -0.00444   -0.00797   -0.00457
 1713   -0.00400   -0.00706   -0.00328
 1714   -0.00418   -0.00751   -0.00356
 1715   -0.00461   -0.00767   -0.00348
 1716   -0.00551   -0.00787   -0.00300
 1717   -0.00577   -0.00770   -0.00205
 1718   -0.00403   -0.00714   -0.00310
 1719   -0.00409   -0.00677   -0.00290
 1720   -0.00355   -0.00685   -0.00341
 1721   -0.00345   -0.00614   -0.00262
 1722   -0.00624   -0.00845   -0.00357
 1723   -0.00760   -0.00885   -0.00300
 1724   -0.00868   -0.00962   -0.00344
 1725   -0.00812   -0.01008   -0.00528
 1726   -0.00752   -0.00918   -0.00336
 1727   -0.00723   -0.00931   -0.00478
 1728   -0.01034   -0.01006   -0.00182
 1729   -0.01265   -0.01092   -0.00158
 1730   -0.01491   -0.01265   -0.00280
 1731   -0.01633   -0.01385   -0.00074
 1732   -0.01485   -0.01119    0.00177
 1733   -0.01761   -0.01163    0.00246
 1734   -0.02055   -0.01230    0.00556
 1735   -0.02341   -0.01117    0.00613
 1736   -0.02390   -0.01069    0.00833
 1737   -0.01548   -0.01355   -0.00638
 1738   -0.01944   -0.01584   -0.00997
 1739   -0.02411   -0.01882   -0.00886
 1740   -0.03158   -0.02538   -0.01046
 1741   -0.02089   -0.01749   -0.01386
 1742   -0.02544   -0.01956   -0.00687
 1743   -0.03802   -0.02937   -0.00516
 1744   -0.06079   -0.05783   -0.01957
 1745   -0.09439   -0.10950   -0.02662
 1746   -0.04486   -0.03426    0.00050
 1747   -0.06496   -0.07071   -0.03533
 1748   -0.01513   -0.00853    0.00337
 1749   -0.01666   -0.00706    0.00337
 1750   -0.01557   -0.00406    0.00343
 1751   -0.01398   -0.00297    0.00331
 1752   -0.01635   -0.00695    0.00348
 1753   -0.01361   -0.00590    0.00309
 1754   -0.01332   -0.00546    0.00307
 1755   -0.01466   -0.00873    0.00333
 1756   -0.01701   -0.00258    0.00360
 1757   -0.01649    0.00007    0.00364
 1758   -0.01608    0.00201    0.00363
 1759   -0.01735    0.00207    0.00392
 1760   -0.01904    0.00049    0.00416
 1761   -0.01884    0.00303    0.00454
 1762   -0.02172    0.00303    0.00519
 1763   -0.02214    0.00109    0.00529
 1764   -0.02221    0.00504    0.00563
 1765   -0.01383    0.00356    0.00321
 1766   -0.01295    0.00552    0.00299
 1767   -0.01269    0.00782    0.00296
 1768   -0.01227    0.00792    0.00307
 1769   -0.01107    0.00548    0.00244
 1770   -0.00927    0.00576    0.00222
 1771   -0.01158    0.00325    0.00260
 1772   -0.00753    0.00643    0.00179
 1773   -0.01242    0.00981    0.00269
 1774   -0.01133    0.01185    0.00286
 1775   -0.00896    0.01293    0.00228
 1776   -0.00848    0.01272    0.00175
 1777   -0.01270    0.01237    0.00348
 1778   -0.01528    0.01084    0.00390
 1779   -0.01532    0.01065    0.00464
 1780   -0.01779    0.00918    0.00436
 1781   -0.01882    0.00946    0.00506
 1782   -0.02117    0.00835    0.00486
 1783   -0.02109    0.00836    0.00502
 1784   -0.00800    0.01351    0.00210
 1785   -0.00683    0.01366    0.00127
 1786   -0.00682    0.01425    0.00156
 1787   -0.00678    0.01451    0.00174
 1788   -0.00600    0.01332    0.00125
 1789   -0.00490    0.01291    0.00035
 1790   -0.00587    0.01204    0.00115
 1791   -0.00668    0.01380    0.00118
 1792   -0.00578    0.01347    0.00157
 1793   -0.00496    0.01221    0.00064
 1794   -0.00470    0.01188   -0.00026
 1795   -0.00535    0.01262    0.00171
 1796   -0.00438    0.01165    0.00205
 1797   -0.00362    0.01074    0.00259
 1798   -0.00194    0.00935    0.00262
 1799   -0.00047    0.00889    0.00367
 1800   -0.00442    0.01153    0.00083
 1801   -0.00429    0.01055    0.00004
 1802   -0.00370    0.00901   -0.00006
 1803   -0.00306    0.00949    0.00056
 1804   -0.00369    0.01100    0.00012
 1805   -0.00344    0.01112    0.00076
 1806   -0.00374    0.01232    0.00035
 1807   -0.00311    0.00748   -0.00035
 1808   -0.00250    0.00607   -0.00017
 1809   -0.00235    0.00547    0.00107
 1810   -0.00213    0.00442    0.00170
 1811   -0.00268    0.00518   -0.00074
 1812   -0.00183    0.00251   -0.00055
 1813   -0.00173    0.00118   -0.00095
 1814   -0.00164    0.00155   -0.00099
 1815   -0.00252    0.00656    0.00108
 1816   -0.00228    0.00627    0.00219
 1817   -0.00184    0.00726    0.00287
 1818   -0.00103    0.00662    0.00386
 1819   -0.00241    0.00700    0.00214
 1820   -0.00259    0.00878    0.00174
 1821   -0.00228    0.00542    0.00221
 1822   -0.00238    0.00816    0.00260
 1823   -0.00136    0.00866    0.00350
 1824   -0.00151    0.00995    0.00410
 1825   -0.00161    0.01061    0.00530
 1826   -0.00258    0.01108    0.00337
 1827   -0.00306    0.01213    0.00341
 1828   -0.00452    0.01301    0.00368
 1829   -0.00475    0.01342    0.00224
 1830   -0.00298    0.01321    0.00289
 1831   -0.00256    0.01431    0.00312
 1832   -0.00195    0.01500    0.00267
 1833   -0.00254    0.01631    0.00337
 1834   -0.00138    0.01632    0.00333
 1835   -0.00514    0.01358    0.00471
 1836   -0.00698    0.01416    0.00411
 1837   -0.00715    0.01468    0.00443
 1838   -0.00770    0.01517    0.00563
 1839   -0.00830    0.01344    0.00432
 1840   -0.00796    0.01284    0.00406
 1841   -0.00962    0.01336    0.00357
 1842   -0.00705    0.01495    0.00340
 1843   -0.00729    0.01516    0.00370
 1844   -0.00862    0.01408    0.00337
 1845   -0.00908    0.01360    0.00274
 1846   -0.00626    0.01502    0.00248
 1847   -0.00568    0.01574    0.00225
 1848   -0.00546    0.01491    0.00255
 1849   -0.00448    0.01480    0.00124
 1850   -0.00925    0.01321    0.00408
 1851   -0.01106    0.01077    0.00467
 1852   -0.01034    0.00975    0.00416
 1853   -0.00983    0.00976    0.00404
 1854   -0.01340    0.00998    0.00567
 1855   -0.01425    0.01084    0.00613
 1856   -0.01454    0.00722    0.00510
 1857   -0.01029    0.00837    0.00365
 1858   -0.00910    0.00700    0.00322
 1859   -0.01021    0.00427    0.00332
 1860   -0.01145    0.00315    0.00319
 1861   -0.00768    0.00749    0.00270
 1862   -0.00633    0.00970    0.00220
 1863   -0.00518    0.00930    0.00173
 1864   -0.00517    0.01042    0.00238
 1865   -0.00956    0.00306    0.00321
 1866   -0.01069   -0.00009    0.00367
 1867   -0.00973   -0.00068    0.00345
 1868   -0.00812   -0.00051    0.00306
 1869   -0.01114   -0.00163    0.00353
 1870   -0.01262   -0.00041    0.00350
 1871   -0.01517   -0.00120    0.00404
 1872   -0.01565    0.00026    0.00427
 1873   -0.01643   -0.00376    0.00424
 1874   -0.00997   -0.00197    0.00341
 1875   -0.00831   -0.00266    0.00341
 1876   -0.00871   -0.00543    0.00337
 1877   -0.01046   -0.00688    0.00353
 1878   -0.00755   -0.00068    0.00302
 1879   -0.00632    0.00169    0.00293
 1880   -0.00907   -0.00010    0.00291
 1881   -0.00706   -0.00582    0.00340
 1882   -0.00710   -0.00826    0.00350
 1883   -0.00597   -0.00744    0.00358
 1884   -0.00442   -0.00548    0.00339
 1885   -0.00654   -0.01135    0.00376
 1886   -0.00859   -0.01365    0.00381
 1887   -0.00707   -0.01682    0.00376
 1888   -0.00556   -0.01625    0.00376
 1889   -0.00784   -0.02085    0.00367
 1890   -0.00638   -0.00866    0.00357
 1891   -0.00496   -0.00784    0.00359
 1892   -0.00220   -0.00826    0.00365
 1893   -0.00053   -0.00696    0.00338
 1894   -0.00604   -0.00976    0.00390
 1895   -0.00889   -0.01078    0.00379
 1896   -0.00843   -0.01075    0.00393
 1897   -0.00170   -0.01002    0.00382
 1898    0.00108   -0.01085    0.00382
 1899    0.00233   -0.00852    0.00340
 1900    0.00452   -0.00859    0.00330
 1901    0.00109   -0.01375    0.00427
 1902   -0.00007   -0.01682    0.00436
 1903    0.00065   -0.00669    0.00311
 1904    0.00163   -0.00436    0.00262
 1905    0.00301   -0.00233    0.00220
 1906    0.00213   -0.00151    0.00216
 1907   -0.00019   -0.00287    0.00254
 1908   -0.00141   -0.00461    0.00278
 1909   -0.00087   -0.00732    0.00312
 1910   -0.00291   -0.00371    0.00277
 1911    0.00495   -0.00171    0.00174
 1912    0.00613    0.00021    0.00129
 1913    0.00479    0.00261    0.00074
 1914    0.00358    0.00283    0.00078
 1915    0.00837    0.00002    0.00111
 1916    0.00822    0.00014    0.00075
 1917    0.00981   -0.00234    0.00155
 1918    0.00543    0.00423    0.00037
 1919    0.00455    0.00629   -0.00024
 1920    0.00477    0.00693   -0.00058
 1921    0.00332    0.00797   -0.00080
 1922    0.00514    0.00770   -0.00051
 1923    0.00467    0.00727   -0.00026
 1924    0.00405    0.00945   -0.00103
 1925    0.00233    0.00705    0.00002
 1926    0.00657    0.00619   -0.00055
 1927    0.00644    0.00682   -0.00081
 1928    0.00538    0.00614   -0.00056
 1929    0.00431    0.00744   -0.00123
 1930    0.00899    0.00577   -0.00086
 1931    0.00868    0.00649   -0.00111
 1932    0.01076    0.00492   -0.00068
 1933    0.01158    0.00543   -0.00112
 1934    0.01228    0.00295   -0.00052
 1935    0.00528    0.00434    0.00002
 1936    0.00392    0.00373    0.00022
 1937    0.00185    0.00499    0.00010
 1938    0.00094    0.00547    0.00028
 1939    0.00400    0.00072    0.00095
 1940    0.00597   -0.00080    0.00094
 1941    0.00699   -0.00015    0.00029
 1942    0.00656   -0.00305    0.00142
 1943    0.00150    0.00551    0.00039
 1944   -0.00013    0.00675    0.00054
 1945   -0.00020    0.00870   -0.00013
 1946   -0.00102    0.00949    0.00022
 1947   -0.00059    0.00685    0.00059
 1948   -0.00191    0.00831    0.00055
 1949   -0.00129    0.00493    0.00127
 1950    0.00088    0.00932   -0.00094
 1951    0.00068    0.01065   -0.00171
 1952    0.00029    0.01129   -0.00180
 1953   -0.00011    0.01233   -0.00194
 1954    0.00176    0.01084   -0.00253
 1955    0.00191    0.01084   -0.00252
 1956    0.00293    0.01116   -0.00308
 1957    0.00303    0.01082   -0.00287
 1958    0.00409    0.01132   -0.00323
 1959    0.00067    0.01051   -0.00163
 1960    0.00025    0.01117   -0.00176
 1961   -0.00049    0.01164   -0.00093
 1962   -0.00087    0.01325   -0.00111
 1963    0.00102    0.00997   -0.00167
 1964   -0.00061    0.01021   -0.00003
 1965   -0.00146    0.01037    0.00061
 1966   -0.00196    0.01213    0.00072
 1967   -0.00235    0.01297    0.00115
 1968   -0.00233    0.00822    0.00138
 1969   -0.00218    0.00557    0.00145
 1970   -0.00308    0.00381    0.00224
 1971   -0.00319    0.00087    0.00251
 1972   -0.00473   -0.00034    0.00291
 1973   -0.00169    0.01241    0.00028
 1974   -0.00196    0.01349    0.00023
 1975   -0.00158    0.01456   -0.00023
 1976   -0.00195    0.01537    0.00008
 1977   -0.00166    0.01318   -0.00023
 1978   -0.00250    0.01251    0.00016
 1979   -0.00178    0.01373   -0.00049
 1980   -0.00213    0.01205   -0.00054
 1981   -0.00121    0.01463   -0.00104
 1982   -0.00130    0.01568   -0.00163
 1983   -0.00156    0.01661   -0.00099
 1984   -0.00169    0.01767   -0.00099
 1985   -0.00104    0.01550   -0.00274
 1986   -0.00133    0.01654   -0.00359
 1987   -0.00130    0.01658   -0.00463
 1988   -0.00076    0.01556   -0.00505
 1989   -0.00147    0.01795   -0.00517
 1990   -0.00166    0.01622   -0.00054
 1991   -0.00219    0.01737    0.00023
 1992   -0.00239    0.01751    0.00098
 1993   -0.00284    0.01911    0.00160
 1994   -0.00221    0.01680    0.00059
 1995   -0.00186    0.01660   -0.00059
 1996   -0.00185    0.01659   -0.00054
 1997   -0.00151    0.01671   -0.00183
 1998   -0.00230    0.01657    0.00110
 1999   -0.00248    0.01681    0.00179
 2000   -0.00237    0.01766    0.00173
 2001   -0.00243    0.01841    0.00224
 2002   -0.00317    0.01574    0.00209
 2003   -0.00412    0.01519    0.00243
 2004   -0.00454    0.01598    0.00329
 2005   -0.00570    0.01527    0.00379
 2006   -0.00751    0.01285    0.00412
 2007   -0.00206    0.01729    0.00099
 2008   -0.00200    0.01727    0.00060
 2009   -0.00205    0.01760   -0.00013
 2010   -0.00250    0.01774   -0.00035
 2011   -0.00206    0.01607    0.00024
 2012   -0.00233    0.01576    0.00094
 2013   -0.00231    0.01620    0.00169
 2014   -0.00157    0.01591    0.00189
 2015   -0.00300    0.01686    0.00227
 2016   -0.00189    0.01778   -0.00077
 2017   -0.00195    0.01841   -0.00164
 2018   -0.00192    0.01702   -0.00234
 2019   -0.00206    0.01706   -0.00324
 2020   -0.00184    0.01567   -0.00227
 2021   -0.00182    0.01448   -0.00304
 2022   -0.00123    0.01438   -0.00365
 2023   -0.00095    0.01440   -0.00326
 2024   -0.00156    0.01334   -0.00263
 2025   -0.00170    0.01330   -0.00170
 2026   -0.00085    0.01126   -0.00333
 2027   -0.00176    0.01262   -0.00116
 2028   -0.00116    0.01377   -0.00444
 2029   -0.00048    0.01374   -0.00522
 2030   -0.00019    0.01302   -0.00522
 2031   -0.00054    0.01189   -0.00502
 2032   -0.00045    0.01322   -0.00615
 2033   -0.00083    0.01204   -0.00611
 2034   -0.00096    0.01246   -0.00522
 2035    0.00012    0.01292   -0.00529
 2036    0.00082    0.01213   -0.00534
 2037    0.00066    0.01155   -0.00600
 2038    0.00081    0.01106   -0.00564
 2039    0.00100    0.01187   -0.00536
 2040    0.00049    0.01259   -0.00520
 2041   -0.00014    0.01351   -0.00572
 2042   -0.00029    0.01099   -0.00650
 2043   -0.00085    0.00995   -0.00672
 2044   -0.00070    0.00840   -0.00608
 2045   -0.00074    0.00725   -0.00613
 2046   -0.00060    0.00943   -0.00657
 2047   -0.00073    0.01032   -0.00662
 2048   -0.00097    0.01110   -0.00769
 2049   -0.00080    0.01008   -0.00663
 2050   -0.00073    0.00884   -0.00557
 2051   -0.00028    0.00755   -0.00538
 2052   -0.00008    0.00831   -0.00486
 2053   -0.00004    0.00761   -0.00451
 2054   -0.00011    0.00751   -0.00506
 2055   -0.00051    0.00688   -0.00532
 2056   -0.00054    0.00686   -0.00507
 2057   -0.00086    0.00780   -0.00525
 2058   -0.00084    0.00653   -0.00488
 2059   -0.00015    0.00948   -0.00477
 2060    0.00034    0.00985   -0.00441
 2061    0.00055    0.00958   -0.00398
 2062    0.00098    0.00997   -0.00435
 2063    0.00047    0.01038   -0.00401
 2064    0.00016    0.01096   -0.00371
 2065   -0.00011    0.01187   -0.00314
 2066   -0.00015    0.01168   -0.00263
 2067   -0.00023    0.01269   -0.00310
 2068    0.00061    0.00974   -0.00370
 2069    0.00070    0.01047   -0.00349
 2070    0.00090    0.01111   -0.00331
 2071   -0.00043    0.01023   -0.00334
 2072    0.00061    0.00967   -0.00375
 2073   -0.00005    0.00824   -0.00433
 2074    0.00072    0.00950   -0.00454
 2075   -0.00062    0.00775   -0.00487
 2076   -0.00043    0.00664   -0.00516
 2077   -0.00042    0.00803   -0.00477
 2078   -0.00103    0.00542   -0.00581
 2079    0.00131    0.01171   -0.00294
 2080    0.00024    0.01224   -0.00263
 2081   -0.00002    0.01296   -0.00247
 2082    0.00121    0.01350   -0.00227
 2083    0.00018    0.01175   -0.00200
 2084   -0.00021    0.01145   -0.00206
 2085    0.00002    0.01063   -0.00149
 2086   -0.00150    0.01163   -0.00169
 2087   -0.00154    0.01316   -0.00267
 2088   -0.00191    0.01421   -0.00283
 2089   -0.00283    0.01440   -0.00265
 2090   -0.00401    0.01407   -0.00249
 2091   -0.00202    0.01387   -0.00314
 2092   -0.00172    0.01230   -0.00342
 2093   -0.00217    0.01529   -0.00304
 2094   -0.00091    0.01275   -0.00296
 2095   -0.00276    0.01490   -0.00260
 2096   -0.00425    0.01469   -0.00253
 2097   -0.00422    0.01612   -0.00244
 2098   -0.00270    0.01654   -0.00231
 2099   -0.00462    0.01317   -0.00173
 2100   -0.00643    0.01224   -0.00151
 2101   -0.00822    0.01196   -0.00139
 2102   -0.00627    0.01192   -0.00105
 2103   -0.01002    0.01133   -0.00088
 2104   -0.00838    0.01121   -0.00051
 2105   -0.01040    0.01079   -0.00036
 2106   -0.00534    0.01691   -0.00294
 2107   -0.00593    0.01891   -0.00364
 2108   -0.00434    0.02121   -0.00433
 2109   -0.00313    0.02260   -0.00464
 2110   -0.00617    0.01886   -0.00361
 2111   -0.00520    0.02054   -0.00293
 2112   -0.00577    0.02139   -0.00105
 2113   -0.00090    0.02174   -0.00311
 2114    0.00051    0.02360   -0.00341
 2115   -0.00035    0.01990   -0.00280
 2116    0.00192    0.01960   -0.00273
 2117    0.00225    0.01778   -0.00205
 2118    0.00100    0.01648   -0.00193
 2119    0.00253    0.01886   -0.00266
 2120    0.00447    0.01795   -0.00173
 2121    0.00437    0.01692   -0.00119
 2122    0.00684    0.01583   -0.00111
 2123    0.00708    0.01480   -0.00075
 2124    0.00403    0.01803   -0.00217
 2125    0.00458    0.01683   -0.00204
 2126    0.00518    0.01563   -0.00185
 2127    0.00634    0.01561   -0.00140
 2128    0.00595    0.01736   -0.00240
 2129    0.00395    0.01651   -0.00287
 2130    0.00391    0.01440   -0.00229
 2131    0.00628    0.01552   -0.00121
 2132    0.00198    0.01071   -0.00345
 2133    0.00429    0.01419   -0.00187
 2134    0.00453    0.01272   -0.00137
 2135    0.00603    0.01223   -0.00113
 2136    0.00595    0.01245   -0.00139
 2137    0.00282    0.01162   -0.00119
 2138    0.00084    0.01202   -0.00126
 2139   -0.00075    0.01108   -0.00094
 2140    0.00080    0.01184   -0.00101
 2141    0.00780    0.01145   -0.00086
 2142    0.00979    0.01112   -0.00085
 2143    0.01028    0.00925   -0.00107
 2144    0.00990    0.00793   -0.00056
 2145    0.01225    0.01140   -0.00121
 2146    0.01449    0.01162   -0.00127
 2147    0.01384    0.01289   -0.00085
 2148    0.01293    0.01453   -0.00106
 2149    0.01493    0.01268   -0.00100
 2150    0.01115    0.00943   -0.00118
 2151    0.01198    0.00838   -0.00108
 2152    0.01364    0.00649   -0.00061
 2153    0.01531    0.00677   -0.00072
 2154    0.01283    0.00902   -0.00141
 2155    0.00871    0.00917   -0.00142
 2156    0.00701    0.00975   -0.00170
 2157    0.00807    0.00919   -0.00190
 2158    0.01278    0.00465   -0.00027
 2159    0.01422    0.00274    0.00018
 2160    0.01297    0.00164    0.00084
 2161    0.01339   -0.00054    0.00135
 2162    0.01196    0.00314    0.00061
 2163    0.01054    0.00240    0.00098
 2164    0.00841    0.00170    0.00102
 2165    0.00748    0.00285    0.00072
 2166    0.01014    0.00451    0.00053
 2167    0.01234    0.00534    0.00053
 2168    0.01246    0.00467    0.00086
 2169    0.01523    0.00575    0.00086
 2170    0.01553    0.00792    0.00036
 2171    0.01923    0.00933    0.00047
 2172    0.01362    0.00957   -0.00015
 2173    0.00742   -0.00025    0.00163
 2174    0.00529   -0.00113    0.00189
 2175    0.00312    0.00017    0.00178
 2176    0.00339    0.00153    0.00151
 2177    0.00526   -0.00403    0.00247
 2178    0.00548   -0.00475    0.00266
 2179    0.00733   -0.00548    0.00251
 2180    0.00107   -0.00020    0.00196
 2181   -0.00119    0.00069    0.00194
 2182   -0.00188   -0.00053    0.00222
 2183   -0.00288    0.00070    0.00202
 2184   -0.00326    0.00022    0.00223
 2185   -0.00300    0.00172    0.00198
 2186   -0.00442    0.00067    0.00235
 2187   -0.00351    0.00422    0.00143
 2188   -0.00130   -0.00283    0.00269
 2189   -0.00159   -0.00437    0.00296
 2190    0.00012   -0.00295    0.00259
 2191   -0.00068   -0.00300    0.00265
 2192   -0.00075   -0.00720    0.00336
 2193   -0.00112   -0.00915    0.00374
 2194    0.00241   -0.00182    0.00226
 2195    0.00429   -0.00049    0.00199
 2196    0.00310    0.00200    0.00155
 2197    0.00429    0.00321    0.00129
 2198    0.00672    0.00016    0.00173
 2199    0.00886   -0.00222    0.00213
 2200    0.01031   -0.00211    0.00211
 2201    0.00871   -0.00416    0.00268
 2202    0.00090    0.00279    0.00146
 2203   -0.00035    0.00500    0.00105
 2204   -0.00295    0.00425    0.00135
 2205   -0.00449    0.00603    0.00106
 2206   -0.00041    0.00695    0.00058
 2207    0.00193    0.00782    0.00023
 2208    0.00291    0.00699    0.00031
 2209    0.00312    0.00949   -0.00010
 2210    0.00498    0.00780    0.00002
 2211    0.00527    0.01026   -0.00035
 2212    0.00613    0.00933   -0.00026
 2213    0.00812    0.01006   -0.00050
 2214   -0.00371    0.00167    0.00195
 2215   -0.00642    0.00061    0.00225
 2216   -0.00838    0.00171    0.00218
 2217   -0.01077    0.00219    0.00215
 2218   -0.00755    0.00109    0.00213
 2219   -0.00605   -0.00061    0.00232
 2220   -0.00399   -0.00228    0.00268
 2221   -0.00885   -0.00043    0.00228
 2222   -0.00749    0.00212    0.00199
 2223   -0.00869    0.00312    0.00175
 2224   -0.01102    0.00112    0.00240
 2225   -0.01035   -0.00096    0.00251
 2226   -0.00721    0.00423    0.00158
 2227   -0.00597    0.00666    0.00115
 2228   -0.00847    0.00451    0.00170
 2229   -0.00376    0.00711    0.00054
 2230   -0.01308    0.00177    0.00243
 2231   -0.01576   -0.00011    0.00299
 2232   -0.01626    0.00026    0.00292
 2233   -0.01450    0.00197    0.00260
 2234   -0.01896   -0.00003    0.00305
 2235   -0.01907   -0.00038    0.00266
 2236   -0.01988   -0.00366    0.00256
 2237   -0.02937   -0.00898    0.00064
 2238   -0.01634   -0.00432    0.00298
 2239   -0.01862   -0.00130    0.00330
 2240   -0.01929   -0.00093    0.00333
 2241   -0.02055    0.00108    0.00343
 2242   -0.02245    0.00161    0.00344
 2243   -0.02154   -0.00366    0.00366
 2244   -0.02484   -0.00549    0.00365
 2245   -0.02771   -0.00928    0.00378
 2246   -0.02999   -0.00896    0.00408
 2247   -0.03462   -0.00800    0.00433
 2248   -0.02027    0.00250    0.00401
 2249   -0.02182    0.00454    0.00419
 2250   -0.02089    0.00667    0.00359
 2251   -0.02248    0.00855    0.00406
 2252   -0.02601    0.00403    0.00460
 2253   -0.02798    0.00338    0.00553
 2254   -0.02812    0.00062    0.00533
 2255   -0.03066   -0.00155    0.00499
 2256   -0.02613    0.00049    0.00519
 2257   -0.01846    0.00638    0.00307
 2258   -0.01701    0.00806    0.00247
 2259   -0.01437    0.00972    0.00182
 2260   -0.01339    0.00950    0.00248
 2261   -0.01556    0.00757    0.00215
 2262   -0.01362    0.00649    0.00207
 2263   -0.01262    0.01155    0.00090
 2264   -0.01124    0.01264    0.00095
 2265   -0.00944    0.01286   -0.00020
 2266   -0.00888    0.01313   -0.00086
 2267   -0.01232    0.01360    0.00084
 2268   -0.01405    0.01244    0.00197
 2269   -0.01012    0.01402    0.00137
 2270   -0.00788    0.01287    0.00024
 2271   -0.00635    0.01275   -0.00101
 2272   -0.00572    0.01328   -0.00056
 2273   -0.00603    0.01327    0.00022
 2274   -0.00529    0.01220   -0.00048
 2275   -0.00548    0.01088   -0.00000
 2276   -0.00420    0.01009   -0.00013
 2277   -0.00557    0.01052   -0.00014
 2278   -0.00512    0.01280   -0.00199
 2279   -0.00474    0.01252   -0.00200
 2280   -0.00406    0.01195   -0.00245
 2281   -0.00344    0.01238   -0.00277
 2282   -0.00449    0.01223   -0.00254
 2283   -0.00474    0.01253   -0.00234
 2284   -0.00417    0.01086   -0.00162
 2285   -0.00539    0.01338   -0.00257
 2286   -0.00373    0.01076   -0.00162
 2287   -0.00495    0.01263   -0.00235
 2288   -0.00426    0.01159   -0.00193
 2289   -0.00350    0.01116   -0.00236
 2290   -0.00273    0.00938   -0.00240
 2291   -0.00292    0.00907   -0.00197
 2292   -0.00305    0.01163   -0.00167
 2293   -0.00177    0.01161   -0.00165
 2294   -0.00072    0.01103   -0.00219
 2295   -0.00220    0.01238   -0.00092
 2296   -0.00251    0.00883   -0.00308
 2297   -0.00256    0.00707   -0.00358
 2298   -0.00139    0.00688   -0.00369
 2299   -0.00044    0.00789   -0.00367
 2300   -0.00204    0.00621   -0.00419
 2301   -0.00170    0.00301   -0.00415
 2302   -0.00227    0.00667   -0.00386
 2303   -0.00114    0.00545   -0.00330
 2304   -0.00045    0.00524   -0.00325
 2305   -0.00061    0.00293   -0.00385
 2306   -0.00078    0.00147   -0.00408
 2307   -0.00034    0.00549   -0.00306
 2308   -0.00082    0.00755   -0.00208
 2309   -0.00085    0.00729   -0.00184
 2310   -0.00045    0.00902   -0.00241
 2311   -0.00039    0.00356   -0.00413
 2312   -0.00051    0.00236   -0.00463
 2313   -0.00062    0.00184   -0.00477
 2314   -0.00080    0.00210   -0.00473
 2315   -0.00087    0.00227   -0.00507
 2316   -0.00107    0.00250   -0.00523
 2317   -0.00116    0.00031   -0.00530
 2318   -0.00134   -0.00004   -0.00496
 2319   -0.00152   -0.00125   -0.00511
 2320   -0.00125   -0.00147   -0.00518
 2321   -0.00169   -0.00109   -0.00533
 2322   -0.00045    0.00088   -0.00459
 2323   -0.00004    0.00032   -0.00471
 2324   -0.00027   -0.00070   -0.00488
 2325   -0.00035   -0.00165   -0.00497
 2326   -0.00065    0.00091   -0.00404
 2327   -0.00090    0.00249   -0.00412
 2328   -0.00115    0.00258   -0.00377
 2329   -0.00103    0.00408   -0.00425
 2330    0.00022   -0.00166   -0.00469
 2331    0.00062   -0.00315   -0.00490
 2332    0.00125   -0.00408   -0.00496
 2333    0.00164   -0.00363   -0.00486
 2334    0.00170   -0.00290   -0.00548
 2335    0.00118   -0.00170   -0.00537
 2336    0.00141   -0.00093   -0.00554
 2337    0.00222   -0.00217   -0.00588
 2338    0.00226   -0.00241   -0.00602
 2339    0.00149    0.00019   -0.00626
 2340    0.00188   -0.00261   -0.00564
 2341    0.00125   -0.00518   -0.00514
 2342    0.00089   -0.00566   -0.00513
 2343    0.00167   -0.00734   -0.00508
 2344    0.00195   -0.00735   -0.00472
