    1    0.00283    0.01104   -0.01094
    2    0.00309    0.00855   -0.00900
    3    0.00283    0.00706   -0.00688
    4    0.00334    0.00824   -0.00698
    5    0.00426    0.00760   -0.00951
    6    0.00537    0.00543   -0.00623
    7    0.00464    0.00523   -0.00689
    8    0.00555    0.00327   -0.00405
    9    0.00310    0.00510   -0.00453
   10    0.00270    0.00436   -0.00329
   11    0.00296    0.00281   -0.00279
   12    0.00317    0.00230   -0.00294
   13    0.00210    0.00479   -0.00153
   14    0.00184    0.00476   -0.00098
   15    0.00082    0.00449    0.00031
   16    0.00099    0.00608   -0.00096
   17    0.00006   -0.00126    0.00321
   18    0.00295    0.00232   -0.00213
   19    0.00291    0.00136   -0.00208
   20    0.00285    0.00076   -0.00018
   21    0.00295    0.00112    0.00060
   22    0.00313    0.00116   -0.00209
   23    0.00291    0.00209   -0.00380
   24    0.00318    0.00165   -0.00363
   25    0.00254    0.00212   -0.00547
   26    0.00291    0.00017    0.00032
   27    0.00283   -0.00027    0.00240
   28    0.00324   -0.00006    0.00344
   29    0.00303    0.00037    0.00256
   30    0.00222   -0.00077    0.00263
   31    0.00227   -0.00134    0.00232
   32    0.00105   -0.00089    0.00411
   33    0.00119   -0.00085    0.00294
   34    0.00107   -0.00044    0.00392
   35    0.00251   -0.00061    0.00558
   36    0.00315   -0.00114    0.00728
   37    0.00292   -0.00034    0.00766
   38    0.00208   -0.00061    0.00798
   39    0.00521   -0.00307    0.01333
   40    0.00739   -0.00502    0.01636
   41    0.00287   -0.00239    0.00809
   42    0.00317    0.00006    0.00604
   43    0.00297    0.00065    0.00558
   44    0.00218    0.00091    0.00608
   45    0.00229    0.00071    0.00569
   46    0.00291    0.00081    0.00378
   47    0.00271    0.00115    0.00334
   48    0.00191    0.00098    0.00282
   49    0.00218    0.00043    0.00114
   50    0.00143    0.00122    0.00707
   51    0.00115    0.00195    0.00692
   52    0.00103    0.00262    0.00471
   53    0.00115    0.00287    0.00439
   54    0.00061    0.00238    0.00754
   55    0.00015    0.00378    0.00711
   56    0.00008    0.00436    0.00878
   57    0.00056    0.00403    0.01139
   58   -0.00059    0.00584    0.00797
   59    0.00058    0.00277    0.00415
   60    0.00054    0.00326    0.00305
   61    0.00008    0.00444    0.00314
   62    0.00018    0.00471    0.00283
   63    0.00049    0.00258    0.00226
   64    0.00040    0.00313    0.00105
   65    0.00018    0.00251    0.00218
   66    0.00042    0.00269    0.00026
   67   -0.00006    0.00453    0.00301
   68   -0.00019    0.00519    0.00311
   69    0.00009    0.00514    0.00256
   70    0.00007    0.00457    0.00248
   71    0.00011    0.00578    0.00476
   72   -0.00004    0.00648    0.00523
   73   -0.00010    0.00621    0.00423
   74    0.00022    0.00654    0.00697
   75    0.00003    0.00572    0.00203
   76    0.00016    0.00561    0.00116
   77    0.00062    0.00489    0.00112
   78    0.00037    0.00426   -0.00003
   79    0.00031    0.00627    0.00050
   80    0.00033    0.00682    0.00060
   81    0.00019    0.00630    0.00174
   82    0.00031    0.00528    0.00202
   83    0.00044    0.00484    0.00130
   84    0.00025    0.00399    0.00152
   85    0.00007    0.00359    0.00006
   86    0.00090    0.00609    0.00356
   87    0.00109    0.00646    0.00384
   88    0.00165    0.00758    0.00565
   89    0.00148    0.00774    0.00478
   90    0.00304    0.00710    0.00844
   91    0.00071    0.00428    0.00287
   92    0.00055    0.00340    0.00277
   93    0.00022    0.00293    0.00128
   94    0.00020    0.00236    0.00008
   95    0.00057    0.00350    0.00348
   96    0.00099    0.00380    0.00491
   97    0.00148    0.00320    0.00707
   98    0.00241    0.00151    0.00605
   99    0.00007    0.00308    0.00127
  100    0.00038    0.00281    0.00019
  101    0.00027    0.00244   -0.00130
  102   -0.00010    0.00156   -0.00198
  103    0.00073    0.00308    0.00033
  104    0.00086    0.00312    0.00026
  105    0.00090    0.00253    0.00069
  106    0.00052    0.00341    0.00032
  107    0.00048    0.00271   -0.00142
  108    0.00053    0.00195   -0.00212
  109   -0.00012    0.00143   -0.00256
  110   -0.00036    0.00072   -0.00278
  111    0.00100    0.00252   -0.00188
  112    0.00073    0.00277   -0.00205
  113    0.00043    0.00246   -0.00241
  114    0.00032    0.00364   -0.00146
  115   -0.00005    0.00170   -0.00202
  116    0.00009    0.00131   -0.00193
  117   -0.00140    0.00063   -0.00275
  118   -0.00201   -0.00025   -0.00307
  119   -0.00004    0.00184   -0.00107
  120    0.00027    0.00185    0.00017
  121    0.00072    0.00347    0.00193
  122    0.00142    0.00352    0.00338
  123    0.00149    0.00534    0.00498
  124   -0.00100    0.00107   -0.00264
  125   -0.00112    0.00053   -0.00356
  126   -0.00127   -0.00022   -0.00408
  127   -0.00166   -0.00089   -0.00548
  128   -0.00029    0.00089   -0.00301
  129    0.00035   -0.00019   -0.00380
  130    0.00037    0.00093   -0.00183
  131   -0.00115   -0.00004   -0.00351
  132   -0.00125   -0.00100   -0.00373
  133   -0.00237   -0.00218   -0.00482
  134   -0.00287   -0.00344   -0.00559
  135   -0.00097   -0.00111   -0.00303
  136   -0.00045   -0.00057   -0.00241
  137   -0.00040   -0.00033   -0.00254
  138   -0.00038   -0.00120   -0.00209
  139   -0.00223   -0.00149   -0.00456
  140   -0.00390   -0.00267   -0.00541
  141   -0.00483   -0.00310   -0.00672
  142   -0.00656   -0.00499   -0.00793
  143   -0.00355   -0.00195   -0.00446
  144   -0.00302   -0.00200   -0.00391
  145   -0.00154   -0.00121   -0.00281
  146   -0.00337   -0.00248   -0.00418
  147    0.00004   -0.00058   -0.00223
  148   -0.00289   -0.00232   -0.00362
  149   -0.00198   -0.00128   -0.00275
  150   -0.00186   -0.00111   -0.00242
  151   -0.00407   -0.00206   -0.00640
  152   -0.00414   -0.00242   -0.00774
  153   -0.00453   -0.00279   -0.00972
  154   -0.00498   -0.00397   -0.01056
  155   -0.00153   -0.00177   -0.00710
  156   -0.00186   -0.00204   -0.00527
  157    0.00098   -0.00193   -0.00479
  158    0.00139   -0.00202   -0.00295
  159    0.00260   -0.00254   -0.00337
  160    0.00351   -0.00336   -0.00491
  161    0.00349   -0.00175   -0.00095
  162   -0.00423   -0.00235   -0.00953
  163   -0.00419   -0.00363   -0.00939
  164   -0.00566   -0.00486   -0.01022
  165   -0.00563   -0.00620   -0.00952
  166   -0.00288   -0.00325   -0.00733
  167   -0.00169   -0.00238   -0.00674
  168   -0.00094   -0.00201   -0.00528
  169   -0.00123   -0.00271   -0.00779
  170   -0.00648   -0.00571   -0.01017
  171   -0.00725   -0.00874   -0.00932
  172   -0.00553   -0.00938   -0.00682
  173   -0.00581   -0.01214   -0.00581
  174   -0.00385   -0.00760   -0.00539
  175   -0.00289   -0.00821   -0.00329
  176   -0.00342   -0.00846   -0.00306
  177   -0.00389   -0.00724   -0.00327
  178   -0.00174   -0.00594   -0.00264
  179   -0.00145   -0.00659   -0.00153
  180   -0.00137   -0.00559   -0.00314
  181   -0.00344   -0.01014   -0.00210
  182   -0.00419   -0.00997   -0.00234
  183   -0.00382   -0.00978   -0.00140
  184   -0.00381   -0.00991   -0.00045
  185   -0.00517   -0.01345   -0.00314
  186   -0.00431   -0.00824   -0.00262
  187   -0.00452   -0.00732   -0.00270
  188   -0.00548   -0.00471   -0.00326
  189   -0.00531   -0.00401   -0.00384
  190   -0.00575   -0.00479   -0.00335
  191   -0.00566   -0.00417   -0.00457
  192   -0.00391   -0.00319   -0.00451
  193   -0.00439   -0.00184   -0.00545
  194   -0.00813   -0.00412   -0.00386
  195   -0.01085   -0.00517   -0.00357
  196   -0.01662   -0.00509   -0.00163
  197   -0.01864   -0.00555   -0.00194
  198   -0.02459   -0.01039   -0.00008
  199   -0.00303   -0.00309   -0.00331
  200   -0.00232   -0.00190   -0.00279
  201   -0.00191   -0.00097   -0.00341
  202   -0.00187   -0.00128   -0.00335
  203   -0.00194   -0.00259   -0.00163
  204   -0.00274   -0.00305   -0.00104
  205   -0.00394   -0.00455   -0.00023
  206   -0.00233   -0.00240   -0.00056
  207   -0.00425   -0.00494    0.00053
  208   -0.00319   -0.00351    0.00047
  209   -0.00132   -0.00123   -0.00095
  210   -0.00266   -0.00395    0.00077
  211   -0.00088   -0.00142   -0.00076
  212   -0.00131   -0.00256   -0.00002
  213   -0.00213    0.00077   -0.00373
  214   -0.00180    0.00158   -0.00357
  215   -0.00135    0.00313   -0.00306
  216   -0.00135    0.00327   -0.00351
  217   -0.00279    0.00206   -0.00343
  218   -0.00288   -0.00008   -0.00407
  219   -0.00199    0.00029   -0.00345
  220   -0.00262   -0.00121   -0.00370
  221   -0.00378   -0.00182   -0.00416
  222   -0.00483   -0.00133   -0.00437
  223   -0.00395   -0.00312   -0.00423
  224   -0.00057    0.00316   -0.00308
  225   -0.00047    0.00425   -0.00261
  226   -0.00036    0.00533   -0.00295
  227   -0.00014    0.00550   -0.00213
  228    0.00005    0.00392   -0.00191
  229    0.00012    0.00290   -0.00203
  230    0.00016    0.00223   -0.00213
  231    0.00027    0.00283   -0.00207
  232    0.00007    0.00160   -0.00207
  233    0.00033    0.00199   -0.00204
  234    0.00041    0.00143   -0.00184
  235    0.00000    0.00583   -0.00264
  236    0.00029    0.00729   -0.00290
  237    0.00037    0.00741   -0.00254
  238    0.00032    0.00652   -0.00278
  239   -0.00022    0.00783   -0.00411
  240    0.00035    0.01047   -0.00461
  241   -0.00072    0.00812   -0.00444
  242    0.00051    0.00851   -0.00192
  243    0.00054    0.00877   -0.00171
  244    0.00069    0.00930   -0.00285
  245    0.00081    0.01042   -0.00387
  246    0.00052    0.00927   -0.00096
  247    0.00028    0.00875    0.00024
  248    0.00011    0.00950    0.00099
  249    0.00006    0.00773    0.00038
  250    0.00052    0.00853   -0.00279
  251    0.00065    0.00865   -0.00389
  252    0.00000    0.00853   -0.00315
  253   -0.00033    0.00757   -0.00239
  254    0.00059    0.00708   -0.00452
  255    0.00083    0.00674   -0.00586
  256    0.00072    0.00665   -0.00452
  257    0.00046    0.00958   -0.00342
  258   -0.00014    0.00968   -0.00242
  259   -0.00034    0.00880   -0.00323
  260   -0.00051    0.00820   -0.00250
  261    0.00034    0.01096   -0.00184
  262   -0.00019    0.01239   -0.00018
  263   -0.00032    0.01250    0.00076
  264   -0.00049    0.01126    0.00093
  265    0.00018    0.00853   -0.00524
  266   -0.00003    0.00737   -0.00634
  267    0.00066    0.00640   -0.00825
  268    0.00101    0.00673   -0.00831
  269    0.00081    0.00527   -0.00968
  270    0.00179    0.00381   -0.01085
  271    0.00248    0.00451   -0.01325
  272    0.00281    0.00366   -0.01400
  273    0.00116    0.00215   -0.01041
  274    0.00025    0.00181   -0.00837
  275   -0.00035    0.00012   -0.00771
  276    0.00054    0.00192   -0.00758
  277    0.00284    0.00614   -0.01437
  278    0.00392    0.00708   -0.01727
  279    0.00464    0.00924   -0.01764
  280    0.00425    0.00988   -0.01542
  281    0.00418    0.00722   -0.01908
  282    0.00322    0.00709   -0.01621
  283    0.00296    0.00893   -0.01357
  284    0.00413    0.01094   -0.01522
  285    0.00209    0.00881   -0.01099
  286    0.00622    0.01016   -0.01989
  287    0.00673    0.01187   -0.02035
  288    0.00674    0.01426   -0.01931
  289    0.00596    0.01497   -0.01767
  290    0.00786    0.01260   -0.02453
  291    0.00856    0.01028   -0.02564
  292    0.00956    0.00836   -0.02735
  293    0.01094    0.00986   -0.03285
  294    0.00710    0.00703   -0.02344
  295    0.00817    0.01576   -0.02001
  296    0.00823    0.01947   -0.01889
  297    0.00660    0.01860   -0.01560
  298    0.00729    0.02140   -0.01478
  299    0.00922    0.02120   -0.02097
  300    0.01156    0.02313   -0.02577
  301    0.01270    0.02970   -0.03727
  302    0.01175    0.02613   -0.03878
  303    0.01402    0.05083   -0.06186
  304    0.00469    0.01569   -0.01411
  305    0.00396    0.01544   -0.01145
  306    0.00363    0.01472   -0.01126
  307    0.00380    0.01501   -0.01017
  308    0.00268    0.01285   -0.01015
  309    0.00276    0.01340   -0.00894
  310    0.00338    0.01323   -0.01237
  311    0.00340    0.01195   -0.01181
  312    0.00459    0.01347   -0.01225
  313    0.00470    0.01245   -0.01130
  314    0.00311    0.01016   -0.01287
  315    0.00279    0.00834   -0.01266
  316    0.00320    0.00702   -0.01340
  317    0.00214    0.00685   -0.01086
  318    0.00603    0.01591   -0.01363
  319    0.00845    0.01844   -0.01555
  320    0.00975    0.01934   -0.01385
  321    0.01207    0.02077   -0.01509
  322    0.00769    0.01933   -0.01197
  323    0.00628    0.02095   -0.01074
  324    0.00510    0.01820   -0.01013
  325    0.00352    0.01879   -0.00937
  326    0.00528    0.02143   -0.00898
  327    0.00391    0.01818   -0.00838
  328    0.00442    0.01570   -0.01004
  329    0.00350    0.01337   -0.00918
  330    0.00306    0.01216   -0.00919
  331    0.00396    0.01146   -0.01010
  332    0.00275    0.01094   -0.00813
  333    0.00171    0.00868   -0.00653
  334    0.00219    0.01091   -0.00739
  335    0.00103    0.01171   -0.00864
  336   -0.00006    0.00971   -0.00799
  337    0.00065    0.00712   -0.00689
  338    0.00095    0.00643   -0.00628
  339   -0.00189    0.00901   -0.00787
  340   -0.00212    0.01124   -0.00905
  341   -0.00021    0.01234   -0.00828
  342    0.00091    0.00536   -0.00606
  343    0.00104    0.00286   -0.00455
  344    0.00007    0.00092   -0.00310
  345   -0.00194   -0.00096   -0.00198
  346    0.00225    0.00302   -0.00429
  347    0.00044   -0.00010   -0.00213
  348    0.00106    0.00047   -0.00294
  349    0.00091    0.00092   -0.00307
  350    0.00017    0.00079   -0.00250
  351    0.00110   -0.00065   -0.00199
  352   -0.00039   -0.00129   -0.00102
  353   -0.00087   -0.00143   -0.00117
  354    0.00142    0.00121   -0.00333
  355    0.00143    0.00126   -0.00312
  356    0.00126    0.00064   -0.00241
  357    0.00108    0.00065   -0.00263
  358    0.00173    0.00286   -0.00419
  359    0.00095    0.00018   -0.00158
  360    0.00112   -0.00061   -0.00084
  361    0.00118   -0.00049   -0.00099
  362    0.00140   -0.00114   -0.00038
  363    0.00081   -0.00200    0.00006
  364    0.00031   -0.00161   -0.00017
  365    0.00134    0.00019   -0.00149
  366    0.00156    0.00044   -0.00167
  367    0.00155    0.00129   -0.00231
  368    0.00128    0.00204   -0.00258
  369    0.00141   -0.00017   -0.00113
  370    0.00171    0.00107   -0.00248
  371    0.00153    0.00166   -0.00289
  372    0.00144    0.00128   -0.00243
  373    0.00169    0.00066   -0.00220
  374    0.00172    0.00177   -0.00373
  375    0.00146    0.00211   -0.00426
  376    0.00119    0.00324   -0.00444
  377    0.00156    0.00183   -0.00543
  378    0.00123    0.00180   -0.00222
  379    0.00122    0.00150   -0.00174
  380    0.00098    0.00155   -0.00197
  381    0.00062    0.00244   -0.00220
  382    0.00120    0.00167   -0.00134
  383    0.00145    0.00120   -0.00083
  384    0.00175    0.00085   -0.00074
  385    0.00132    0.00159   -0.00058
  386    0.00100    0.00064   -0.00185
  387    0.00073    0.00022   -0.00198
  388    0.00069   -0.00029   -0.00122
  389    0.00105   -0.00050   -0.00091
  390    0.00069   -0.00054   -0.00274
  391    0.00025   -0.00138   -0.00314
  392   -0.00009   -0.00077   -0.00372
  393    0.00011   -0.00227   -0.00353
  394    0.00042   -0.00034   -0.00113
  395    0.00042   -0.00112   -0.00058
  396   -0.00005   -0.00246   -0.00118
  397   -0.00026   -0.00247   -0.00178
  398    0.00062   -0.00058    0.00029
  399    0.00068   -0.00149    0.00146
  400    0.00100   -0.00069    0.00289
  401    0.00010   -0.00235    0.00065
  402   -0.00010   -0.00362   -0.00092
  403   -0.00066   -0.00525   -0.00172
  404   -0.00060   -0.00684   -0.00111
  405    0.00002   -0.00617   -0.00014
  406   -0.00103   -0.00535   -0.00247
  407   -0.00058   -0.00511   -0.00216
  408   -0.00068   -0.00612   -0.00221
  409    0.00007   -0.00369   -0.00171
  410   -0.00030   -0.00568   -0.00172
  411    0.00050   -0.00338   -0.00137
  412    0.00039   -0.00419   -0.00146
  413   -0.00131   -0.00833   -0.00153
  414   -0.00168   -0.01094   -0.00175
  415   -0.00055   -0.01035   -0.00123
  416   -0.00116   -0.01021   -0.00207
  417   -0.00300   -0.01378   -0.00309
  418   -0.00191   -0.01084   -0.00252
  419   -0.00161   -0.00869   -0.00259
  420    0.00035   -0.01064   -0.00061
  421    0.00169   -0.00971    0.00001
  422    0.00149   -0.01235   -0.00062
  423   -0.00026   -0.01370    0.00002
  424    0.00337   -0.00834    0.00154
  425    0.00402   -0.00617    0.00129
  426    0.00316   -0.00489    0.00045
  427    0.00532   -0.00487    0.00197
  428    0.00136   -0.01259   -0.00129
  429   -0.00022   -0.01629   -0.00256
  430    0.00299   -0.01367   -0.00169
  431    0.00272   -0.01146   -0.00129
  432   -0.00131   -0.01612   -0.00261
  433   -0.00130   -0.01344   -0.00276
  434   -0.00454   -0.01995   -0.00432
  435    0.00449   -0.01600   -0.00240
  436    0.00519   -0.01532   -0.00211
  437    0.00211   -0.01394   -0.00220
  438    0.00201   -0.01183   -0.00172
  439    0.00723   -0.01839   -0.00255
  440   -0.00023   -0.01488   -0.00271
  441   -0.00256   -0.01426   -0.00281
  442   -0.00295   -0.01157   -0.00225
  443   -0.00428   -0.01004   -0.00183
  444   -0.00467   -0.01618   -0.00356
  445   -0.00676   -0.01529   -0.00425
  446   -0.00786   -0.01566   -0.00486
  447   -0.00723   -0.01539   -0.00410
  448   -0.01182   -0.01741   -0.00719
  449   -0.00195   -0.01119   -0.00228
  450   -0.00196   -0.00927   -0.00219
  451   -0.00046   -0.00740   -0.00153
  452   -0.00076   -0.00588   -0.00128
  453   -0.00140   -0.00902   -0.00213
  454   -0.00107   -0.00712   -0.00191
  455    0.00033   -0.00641   -0.00132
  456   -0.00159   -0.00608   -0.00203
  457    0.00046   -0.00494   -0.00117
  458   -0.00046   -0.00486   -0.00160
  459    0.00138   -0.00769   -0.00159
  460    0.00302   -0.00532   -0.00124
  461    0.00239   -0.00334   -0.00076
  462    0.00301    0.00005   -0.00088
  463    0.00557   -0.00576   -0.00087
  464    0.00738   -0.00378   -0.00117
  465    0.00613   -0.00398   -0.00125
  466    0.00631   -0.00234   -0.00122
  467    0.00437   -0.00609   -0.00060
  468    0.00079   -0.00485   -0.00078
  469   -0.00091   -0.00211   -0.00023
  470   -0.00335   -0.00132    0.00080
  471   -0.00476    0.00295    0.00171
  472   -0.00227   -0.00392   -0.00028
  473   -0.00069   -0.00462   -0.00074
  474    0.00016    0.00700    0.00085
  475    0.00191   -0.00719   -0.00136
  476   -0.00459   -0.00520    0.00125
  477   -0.00668   -0.00496    0.00317
  478   -0.00464   -0.00209    0.00288
  479   -0.00545    0.00044    0.00574
  480   -0.00648   -0.00551   -0.00042
  481   -0.00682   -0.00467   -0.00049
  482   -0.00832   -0.00332   -0.00150
  483   -0.00460   -0.00480   -0.00029
  484   -0.00714   -0.00268   -0.00060
  485   -0.00392   -0.00432    0.00018
  486   -0.00485   -0.00337   -0.00028
  487   -0.00221   -0.00118   -0.00004
  488   -0.00089    0.00110   -0.00018
  489   -0.00161    0.00537    0.00057
  490   -0.00192    0.00750    0.00093
  491    0.00138    0.00074   -0.00153
  492    0.00134   -0.00124   -0.00167
  493    0.00035   -0.00093   -0.00107
  494    0.00108   -0.00092   -0.00083
  495    0.00070   -0.00114   -0.00070
  496   -0.00007   -0.00167   -0.00039
  497    0.00142   -0.00104   -0.00084
  498   -0.00160    0.00728   -0.00011
  499   -0.00335    0.01598   -0.00291
  500   -0.00623    0.01798    0.00027
  501   -0.00712    0.02161    0.00002
  502   -0.00452    0.02096   -0.00449
  503    0.00053    0.01497   -0.00447
  504    0.00209    0.01627   -0.00447
  505    0.00645    0.01238   -0.00343
  506    0.00859    0.01515   -0.00475
  507   -0.00794    0.01522    0.00404
  508   -0.00986    0.01587    0.00846
  509   -0.00851    0.01301    0.01050
  510   -0.00894    0.01511    0.01223
  511   -0.01255    0.01453    0.01436
  512   -0.01663    0.02055    0.01586
  513   -0.02057    0.02984    0.02126
  514   -0.05327    0.07883    0.06020
  515   -0.09761    0.15157    0.16441
  516   -0.00672    0.00880    0.00964
  517   -0.00513    0.00689    0.00982
  518   -0.00482    0.00953    0.00593
  519   -0.00476    0.00949    0.00625
  520   -0.00451    0.00509    0.00473
  521   -0.00381    0.00345    0.00458
  522   -0.00248    0.00098    0.00257
  523   -0.00173    0.00027    0.00146
  524   -0.00172   -0.00077    0.00210
  525   -0.00382    0.01003    0.00333
  526   -0.00314    0.01100    0.00154
  527   -0.00575    0.01370    0.00212
  528   -0.00541    0.01297    0.00187
  529   -0.00209    0.01203   -0.00005
  530    0.00047    0.00954   -0.00139
  531   -0.00253    0.01377   -0.00134
  532    0.00195    0.00989   -0.00205
  533   -0.00854    0.01785    0.00240
  534   -0.01418    0.01860    0.00306
  535   -0.01310    0.01885    0.00708
  536   -0.01650    0.02238    0.00855
  537   -0.02077    0.02536    0.00044
  538   -0.02034    0.03627   -0.00621
  539   -0.00899    0.02747   -0.00377
  540   -0.00698    0.02383   -0.00421
  541   -0.00747    0.02716   -0.00361
  542   -0.00846    0.01542    0.00900
  543   -0.00514    0.01484    0.01139
  544   -0.00308    0.01297    0.00713
  545   -0.00010    0.01261    0.00473
  546   -0.00383    0.01332    0.01722
  547    0.00216    0.01379    0.02193
  548   -0.00480    0.00933    0.01606
  549   -0.00586    0.00760    0.01314
  550    0.00920    0.01301    0.00437
  551   -0.00326    0.01139    0.00594
  552   -0.00149    0.00980    0.00398
  553   -0.00255    0.01021    0.00318
  554   -0.00193    0.00878    0.00194
  555   -0.00108    0.00711    0.00388
  556    0.00021    0.00492    0.00418
  557   -0.00150    0.00535    0.00560
  558    0.00076    0.00368    0.00264
  559   -0.00401    0.01182    0.00436
  560   -0.00436    0.00980    0.00393
  561   -0.00331    0.00872    0.00258
  562   -0.00392    0.00722    0.00181
  563   -0.00478    0.01119    0.00513
  564   -0.00696    0.01320    0.00695
  565   -0.00633    0.01766    0.00842
  566    0.00971   -0.02908   -0.01120
  567    0.06219   -0.20421   -0.19083
  568   -0.00303    0.01154    0.00273
  569   -0.00401    0.01600    0.00336
  570   -0.00393    0.01404    0.00308
  571   -0.00110    0.00799    0.00508
  572    0.00121    0.00508    0.00329
  573    0.00268    0.00314    0.00390
  574    0.00320    0.00166    0.00258
  575    0.00260    0.00244    0.00150
  576    0.00297    0.00302    0.00354
  577    0.00250    0.00356    0.00206
  578    0.00292    0.00280    0.00157
  579    0.00328    0.00180    0.00219
  580    0.00224    0.00398    0.00085
  581    0.00450   -0.00074    0.00293
  582    0.00457   -0.00163    0.00240
  583    0.00459   -0.00093    0.00235
  584    0.00461   -0.00095    0.00257
  585    0.00520   -0.00171    0.00337
  586    0.00462   -0.00184    0.00336
  587    0.00436   -0.00216    0.00291
  588    0.00426   -0.00274    0.00206
  589    0.00400   -0.00185    0.00359
  590    0.00434   -0.00094    0.00207
  591    0.00432   -0.00094    0.00262
  592    0.00370   -0.00128    0.00301
  593    0.00347   -0.00097    0.00350
  594    0.00414    0.00038    0.00186
  595    0.00393    0.00062    0.00272
  596    0.00403    0.00147    0.00140
  597    0.00358   -0.00140    0.00341
  598    0.00355   -0.00130    0.00423
  599    0.00345   -0.00082    0.00478
  600    0.00342   -0.00047    0.00474
  601    0.00323   -0.00125    0.00412
  602    0.00285   -0.00119    0.00455
  603    0.00315   -0.00099    0.00551
  604    0.00324   -0.00049    0.00629
  605    0.00287   -0.00060    0.00617
  606    0.00283   -0.00054    0.00819
  607    0.00344   -0.00081    0.00753
  608    0.00303   -0.00055    0.00720
  609    0.00319   -0.00083    0.00618
  610    0.00254   -0.00057    0.00553
  611    0.00204   -0.00091    0.00563
  612    0.00191   -0.00110    0.00517
  613    0.00170   -0.00179    0.00603
  614    0.00162   -0.00112    0.00545
  615    0.00105   -0.00145    0.00604
  616    0.00062   -0.00154    0.00661
  617   -0.00002   -0.00187    0.00644
  618   -0.00063   -0.00251    0.00745
  619    0.00240   -0.00064    0.00465
  620    0.00256   -0.00052    0.00428
  621    0.00254   -0.00030    0.00512
  622    0.00258    0.00029    0.00610
  623    0.00291   -0.00036    0.00359
  624    0.00303   -0.00008    0.00289
  625    0.00290   -0.00077    0.00305
  626    0.00229   -0.00057    0.00486
  627    0.00233   -0.00052    0.00506
  628    0.00277    0.00033    0.00380
  629    0.00267    0.00020    0.00299
  630    0.00224   -0.00145    0.00480
  631    0.00210   -0.00125    0.00419
  632    0.00255   -0.00067    0.00297
  633    0.00166   -0.00189    0.00495
  634    0.00263   -0.00042    0.00207
  635    0.00176   -0.00177    0.00394
  636    0.00231   -0.00093    0.00236
  637    0.00252   -0.00057    0.00116
  638    0.00312    0.00130    0.00379
  639    0.00374    0.00234    0.00276
  640    0.00440    0.00300    0.00263
  641    0.00490    0.00348    0.00346
  642    0.00380    0.00262    0.00254
  643    0.00436    0.00300    0.00182
  644    0.00469    0.00258    0.00099
  645    0.00475    0.00443    0.00189
  646    0.00488    0.00293    0.00028
  647    0.00522    0.00465    0.00111
  648    0.00523    0.00409    0.00034
  649    0.00474    0.00298    0.00157
  650    0.00548    0.00363    0.00102
  651    0.00599    0.00411    0.00031
  652    0.00547    0.00353    0.00024
  653    0.00510    0.00319    0.00030
  654    0.00460    0.00232   -0.00035
  655    0.00409    0.00188   -0.00157
  656    0.00494    0.00290   -0.00255
  657    0.00673    0.00502    0.00001
  658    0.00719    0.00539   -0.00050
  659    0.00688    0.00512   -0.00106
  660    0.00655    0.00538   -0.00175
  661    0.00796    0.00650   -0.00025
  662    0.00805    0.00648    0.00060
  663    0.00898    0.00720    0.00108
  664    0.00838    0.00740    0.00193
  665    0.00975    0.00823    0.00261
  666    0.00640    0.00474   -0.00078
  667    0.00561    0.00445   -0.00111
  668    0.00591    0.00563   -0.00162
  669    0.00640    0.00567   -0.00111
  670    0.00544    0.00366   -0.00052
  671    0.00518    0.00326   -0.00081
  672    0.00465    0.00263   -0.00025
  673    0.00460    0.00210    0.00021
  674    0.00428    0.00218   -0.00004
  675    0.00552    0.00627   -0.00284
  676    0.00546    0.00721   -0.00384
  677    0.00393    0.00769   -0.00443
  678    0.00309    0.00880   -0.00455
  679    0.00671    0.00952   -0.00511
  680    0.00692    0.00871   -0.00554
  681    0.00782    0.00989   -0.00355
  682    0.00397    0.00671   -0.00490
  683    0.00364    0.00657   -0.00559
  684    0.00331    0.00541   -0.00403
  685    0.00325    0.00427   -0.00266
  686    0.00416    0.00567   -0.00616
  687    0.00490    0.00656   -0.00831
  688    0.00381    0.00503   -0.00543
  689    0.00528    0.00590   -0.00906
  690    0.00275    0.00627   -0.00356
  691    0.00200    0.00497   -0.00080
  692    0.00259    0.00386   -0.00032
  693    0.00294    0.00383   -0.00146
  694    0.00404    0.00138    0.00218
  695    0.00377    0.00037    0.00268
  696    0.00324    0.00120    0.00066
  697    0.00319    0.00093    0.00107
  698    0.00328    0.00005    0.00386
  699    0.00302   -0.00256    0.00654
  700    0.00465   -0.00272    0.00826
  701    0.00369   -0.00288    0.00694
  702    0.00341    0.00160   -0.00037
  703    0.00375    0.00178   -0.00124
  704    0.00364    0.00124   -0.00067
  705    0.00374    0.00122   -0.00121
  706    0.00387    0.00260   -0.00273
  707    0.00416    0.00323   -0.00266
  708    0.00371    0.00107    0.00002
  709    0.00371    0.00093    0.00008
  710    0.00331    0.00066    0.00011
  711    0.00334    0.00057   -0.00014
  712    0.00345    0.00050    0.00066
  713    0.00311   -0.00029    0.00211
  714    0.00288    0.00047    0.00109
  715    0.00288    0.00051    0.00091
  716    0.00288    0.00035   -0.00008
  717    0.00265    0.00051   -0.00025
  718    0.00315    0.00056   -0.00058
  719    0.00299    0.00031   -0.00160
  720    0.00299    0.00042   -0.00166
  721    0.00276    0.00008   -0.00188
  722    0.00336   -0.00008   -0.00254
  723    0.00287   -0.00017   -0.00185
  724    0.00299   -0.00039   -0.00375
  725    0.00363    0.00078   -0.00150
  726    0.00368    0.00101   -0.00141
  727    0.00345    0.00070   -0.00103
  728    0.00321    0.00058   -0.00080
  729    0.00413    0.00151   -0.00118
  730    0.00442    0.00211   -0.00169
  731    0.00433    0.00164   -0.00082
  732    0.00439    0.00258   -0.00261
  733    0.00328    0.00056   -0.00073
  734    0.00269    0.00052   -0.00049
  735    0.00229    0.00038   -0.00056
  736    0.00217    0.00010   -0.00050
  737    0.00213    0.00029   -0.00086
  738    0.00155    0.00006   -0.00108
  739    0.00140   -0.00061   -0.00103
  740    0.00111   -0.00117   -0.00075
  741    0.00137    0.00018   -0.00137
  742    0.00117    0.00059   -0.00123
  743    0.00142    0.00129   -0.00089
  744    0.00049    0.00062   -0.00181
  745    0.00192   -0.00066   -0.00121
  746    0.00189   -0.00123   -0.00101
  747    0.00194   -0.00125   -0.00014
  748    0.00157   -0.00195    0.00038
  749    0.00227   -0.00070   -0.00167
  750    0.00199   -0.00088   -0.00291
  751    0.00220   -0.00095   -0.00103
  752    0.00244   -0.00031   -0.00381
  753    0.00236   -0.00050   -0.00014
  754    0.00237   -0.00050    0.00053
  755    0.00186   -0.00096    0.00069
  756    0.00175   -0.00132    0.00139
  757    0.00272   -0.00000    0.00040
  758    0.00318    0.00046    0.00051
  759    0.00360    0.00087    0.00020
  760    0.00335    0.00085    0.00099
  761    0.00398    0.00161    0.00030
  762    0.00389    0.00159    0.00085
  763    0.00157   -0.00078    0.00016
  764    0.00121   -0.00096    0.00005
  765    0.00074   -0.00203    0.00049
  766    0.00048   -0.00245    0.00082
  767    0.00089   -0.00054   -0.00050
  768    0.00054   -0.00256    0.00045
  769   -0.00006   -0.00400    0.00058
  770   -0.00021   -0.00467    0.00142
  771   -0.00084   -0.00555    0.00210
  772   -0.00025   -0.00436   -0.00021
  773   -0.00050   -0.00603    0.00003
  774   -0.00037   -0.00375   -0.00081
  775    0.00044   -0.00408    0.00161
  776    0.00037   -0.00436    0.00256
  777    0.00068   -0.00393    0.00313
  778    0.00040   -0.00429    0.00386
  779    0.00096   -0.00298    0.00232
  780    0.00108   -0.00318    0.00291
  781    0.00125   -0.00314    0.00352
  782    0.00071   -0.00361    0.00343
  783    0.00085   -0.00352    0.00369
  784    0.00155   -0.00227    0.00319
  785    0.00179   -0.00160    0.00353
  786    0.00189   -0.00154    0.00426
  787    0.00201   -0.00115    0.00281
  788    0.00000   -0.00430    0.00304
  789   -0.00043   -0.00484    0.00271
  790   -0.00187   -0.00704    0.00315
  791   -0.00281   -0.00816    0.00282
  792   -0.00051   -0.00423    0.00185
  793    0.00049   -0.00327    0.00172
  794    0.00072   -0.00346    0.00210
  795    0.00076   -0.00237    0.00107
  796   -0.00229   -0.00819    0.00381
  797   -0.00350   -0.00967    0.00425
  798   -0.00419   -0.01076    0.00499
  799   -0.00538   -0.01177    0.00475
  800   -0.00369   -0.01007    0.00463
  801   -0.00300   -0.00927    0.00381
  802   -0.00281   -0.00945    0.00428
  803   -0.00388   -0.01145    0.00531
  804   -0.00185   -0.00772    0.00443
  805   -0.00315   -0.01055    0.00565
  806   -0.00375   -0.01075    0.00582
  807   -0.00429   -0.01080    0.00488
  808   -0.00537   -0.01131    0.00536
  809   -0.00361   -0.00994    0.00674
  810   -0.00208   -0.00839    0.00492
  811   -0.00207   -0.00820    0.00446
  812   -0.00152   -0.00697    0.00398
  813   -0.00438   -0.00944    0.00372
  814   -0.00419   -0.00898    0.00288
  815   -0.00406   -0.00930    0.00200
  816   -0.00536   -0.00940    0.00176
  817   -0.00302   -0.00672    0.00223
  818   -0.00231   -0.00671    0.00268
  819   -0.00083   -0.00491    0.00188
  820   -0.00029   -0.00432    0.00146
  821   -0.00013   -0.00467    0.00230
  822   -0.00365   -0.00957    0.00203
  823   -0.00376   -0.00969    0.00132
  824   -0.00453   -0.01126    0.00110
  825   -0.00428   -0.01231    0.00155
  826   -0.00251   -0.00864    0.00102
  827   -0.00264   -0.00613    0.00031
  828   -0.00210   -0.00562    0.00056
  829   -0.00182   -0.00525   -0.00017
  830   -0.00452   -0.01284    0.00011
  831   -0.00439   -0.01570   -0.00072
  832   -0.00425   -0.01533   -0.00062
  833   -0.00317   -0.01343   -0.00003
  834   -0.00455   -0.02041    0.00016
  835   -0.00569   -0.02041   -0.00094
  836   -0.00776   -0.02447   -0.00263
  837   -0.00976   -0.02998   -0.00254
  838   -0.00608   -0.01933   -0.00094
  839   -0.00378   -0.01605   -0.00019
  840   -0.00294   -0.01257   -0.00130
  841   -0.00399   -0.01526    0.00105
  842   -0.00193   -0.01036   -0.00099
  843   -0.00305   -0.01242    0.00143
  844   -0.00185   -0.01052    0.00064
  845   -0.00855   -0.02142   -0.00516
  846   -0.01280   -0.02422   -0.00887
  847   -0.01630   -0.02722   -0.01045
  848   -0.01446   -0.02547   -0.00840
  849   -0.01467   -0.02032   -0.01008
  850   -0.01494   -0.01696   -0.01149
  851   -0.01679   -0.01579   -0.01351
  852   -0.01864   -0.01629   -0.01338
  853   -0.01572   -0.01394   -0.01437
  854   -0.02237   -0.03439   -0.01425
  855   -0.02689   -0.04009   -0.01781
  856   -0.02847   -0.03532   -0.02042
  857   -0.03368   -0.03405   -0.02550
  858   -0.03790   -0.05646   -0.02374
  859   -0.03395   -0.06683   -0.01701
  860   -0.02890   -0.06479   -0.00860
  861   -0.05192   -0.12968   -0.03145
  862   -0.02379   -0.03186   -0.01912
  863   -0.02435   -0.02821   -0.02253
  864   -0.01760   -0.02110   -0.02010
  865   -0.01704   -0.01779   -0.02147
  866   -0.01433   -0.01861   -0.01484
  867   -0.01064   -0.01415   -0.01235
  868   -0.00902   -0.01209   -0.01206
  869   -0.00796   -0.01298   -0.01036
  870   -0.00808   -0.01441   -0.00842
  871   -0.00618   -0.01125   -0.00726
  872   -0.00793   -0.00933   -0.01269
  873   -0.00647   -0.00742   -0.01254
  874   -0.00462   -0.00664   -0.00980
  875   -0.00387   -0.00628   -0.00915
  876   -0.00636   -0.00543   -0.01359
  877   -0.00305   -0.00512   -0.01291
  878   -0.00776   -0.00736   -0.01501
  879   -0.00439   -0.00620   -0.00847
  880   -0.00300   -0.00598   -0.00621
  881   -0.00289   -0.00773   -0.00449
  882   -0.00220   -0.00725   -0.00329
  883   -0.00229   -0.00566   -0.00525
  884   -0.00118   -0.00514   -0.00364
  885   -0.00024   -0.00385   -0.00358
  886   -0.00060   -0.00430   -0.00307
  887   -0.00381   -0.01017   -0.00428
  888   -0.00393   -0.01280   -0.00234
  889   -0.00434   -0.01266   -0.00285
  890   -0.00408   -0.01276   -0.00117
  891   -0.00571   -0.01649   -0.00238
  892   -0.00649   -0.02011    0.00015
  893   -0.00958   -0.02620   -0.00073
  894   -0.01093   -0.03059    0.00073
  895   -0.01612   -0.03929   -0.00017
  896   -0.00502   -0.01219   -0.00528
  897   -0.00500   -0.01147   -0.00595
  898   -0.00333   -0.00889   -0.00496
  899   -0.00276   -0.00846   -0.00415
  900   -0.00578   -0.01145   -0.00897
  901   -0.00578   -0.01083   -0.01014
  902   -0.00775   -0.01380   -0.01073
  903   -0.00756   -0.01512   -0.00815
  904   -0.01087   -0.01586   -0.01534
  905   -0.00247   -0.00719   -0.00529
  906   -0.00104   -0.00522   -0.00465
  907   -0.00073   -0.00525   -0.00232
  908   -0.00003   -0.00434   -0.00157
  909   -0.00066   -0.00382   -0.00553
  910    0.00081   -0.00232   -0.00504
  911    0.00156   -0.00130   -0.00593
  912    0.00121   -0.00199   -0.00361
  913    0.00279    0.00008   -0.00539
  914    0.00235   -0.00072   -0.00317
  915    0.00308    0.00039   -0.00402
  916   -0.00139   -0.00621   -0.00125
  917   -0.00108   -0.00651    0.00097
  918   -0.00151   -0.00760    0.00213
  919   -0.00121   -0.00709    0.00389
  920   -0.00156   -0.00747    0.00179
  921   -0.00106   -0.00584    0.00063
  922   -0.00139   -0.00652    0.00097
  923    0.00000   -0.00403    0.00064
  924   -0.00239   -0.00927    0.00134
  925   -0.00289   -0.01064    0.00259
  926   -0.00217   -0.00870    0.00226
  927   -0.00207   -0.00858    0.00395
  928   -0.00423   -0.01304    0.00136
  929   -0.00523   -0.01434    0.00238
  930   -0.00160   -0.00727    0.00029
  931   -0.00062   -0.00548   -0.00015
  932    0.00065   -0.00348    0.00140
  933    0.00158   -0.00212    0.00200
  934   -0.00035   -0.00464   -0.00266
  935   -0.00156   -0.00640   -0.00444
  936   -0.00145   -0.00567   -0.00711
  937   -0.00061   -0.00415   -0.00749
  938   -0.00236   -0.00677   -0.00929
  939    0.00080   -0.00331    0.00191
  940    0.00196   -0.00150    0.00286
  941    0.00161   -0.00178    0.00515
  942    0.00234   -0.00047    0.00586
  943    0.00242   -0.00069    0.00134
  944    0.00155   -0.00191    0.00112
  945    0.00282   -0.00009   -0.00083
  946    0.00062   -0.00365    0.00625
  947   -0.00030   -0.00369    0.00845
  948    0.00040   -0.00222    0.01071
  949    0.00067   -0.00164    0.01162
  950   -0.00155   -0.00614    0.00943
  951   -0.00210   -0.00621    0.01034
  952   -0.00277   -0.01057    0.01167
  953   -0.00280   -0.01346    0.01379
  954   -0.00335   -0.01155    0.01059
  955    0.00100   -0.00184    0.01115
  956    0.00174   -0.00022    0.01314
  957    0.00350    0.00129    0.01209
  958    0.00445    0.00247    0.01385
  959    0.00139    0.00007    0.01489
  960    0.00223   -0.00015    0.01232
  961    0.00260    0.00013    0.01608
  962    0.00525    0.00462    0.01878
  963    0.00516    0.00732    0.02684
  964    0.00398    0.00150    0.00958
  965    0.00547    0.00358    0.00866
  966    0.00635    0.00390    0.00908
  967    0.00558    0.00276    0.00944
  968    0.00549    0.00350    0.00597
  969    0.00530    0.00319    0.00500
  970    0.00549    0.00343    0.00192
  971    0.00509    0.00293    0.00099
  972    0.00759    0.00598    0.00928
  973    0.00792    0.00704    0.00943
  974    0.00755    0.00684    0.00677
  975    0.00754    0.00646    0.00530
  976    0.00885    0.00982    0.01034
  977    0.00961    0.01012    0.00819
  978    0.00769    0.00669    0.00641
  979    0.00757    0.00663    0.00437
  980    0.00810    0.00770    0.00323
  981    0.00779    0.00700    0.00169
  982    0.00703    0.00673    0.00413
  983    0.00627    0.00636    0.00509
  984    0.00709    0.00701    0.00719
  985    0.00968    0.00922    0.00401
  986    0.00995    0.01004    0.00275
  987    0.00976    0.00955    0.00168
  988    0.00956    0.00972   -0.00010
  989    0.01202    0.01199    0.00402
  990    0.01313    0.01325    0.00468
  991    0.01222    0.01316    0.00648
  992    0.01302    0.01380    0.00696
  993    0.01098    0.01207    0.00718
  994    0.00961    0.00917    0.00281
  995    0.00886    0.00844    0.00171
  996    0.00774    0.00679    0.00036
  997    0.00727    0.00633   -0.00126
  998    0.00879    0.00812    0.00344
  999    0.00993    0.00989    0.00452
 1000    0.01111    0.01130    0.00351
 1001    0.01037    0.01005    0.00752
 1002    0.00732    0.00596    0.00105
 1003    0.00635    0.00460   -0.00003
 1004    0.00659    0.00512   -0.00180
 1005    0.00604    0.00437   -0.00308
 1006    0.00574    0.00373    0.00121
 1007    0.00501    0.00282    0.00277
 1008    0.00445    0.00240    0.00403
 1009    0.00374    0.00112    0.00568
 1010    0.00350    0.00059    0.00700
 1011    0.00376    0.00120    0.00665
 1012    0.00291   -0.00040    0.00867
 1013    0.00733    0.00631   -0.00171
 1014    0.00744    0.00702   -0.00317
 1015    0.00751    0.00767   -0.00480
 1016    0.00708    0.00746   -0.00611
 1017    0.00808    0.00797   -0.00261
 1018    0.00799    0.00834   -0.00447
 1019    0.00797    0.00907   -0.00597
 1020    0.00705    0.00759   -0.00702
 1021    0.00686    0.00772   -0.00889
 1022    0.00865    0.01022   -0.00511
 1023    0.00974    0.01220   -0.00445
 1024    0.01033    0.01333   -0.00375
 1025    0.01168    0.01653   -0.00442
 1026    0.01267    0.01722   -0.00186
 1027    0.00636    0.00600   -0.00603
 1028    0.00549    0.00430   -0.00706
 1029    0.00507    0.00363   -0.00816
 1030    0.00435    0.00287   -0.00968
 1031    0.00483    0.00292   -0.00547
 1032    0.00504    0.00335   -0.00390
 1033    0.00530    0.00385   -0.00713
 1034    0.00500    0.00331   -0.00759
 1035    0.00513    0.00437   -0.00905
 1036    0.00480    0.00370   -0.00991
 1037    0.00514    0.00350   -0.00607
 1038    0.00483    0.00300   -0.00607
 1039    0.00414    0.00158   -0.00586
 1040    0.00475    0.00366   -0.00613
 1041    0.00403    0.00128   -0.00544
 1042    0.00454    0.00309   -0.00584
 1043    0.00417    0.00189   -0.00528
 1044    0.00583    0.00587   -0.00925
 1045    0.00595    0.00730   -0.01096
 1046    0.00551    0.00672   -0.01285
 1047    0.00523    0.00718   -0.01429
 1048    0.00705    0.00911   -0.01102
 1049    0.00729    0.00950   -0.00980
 1050    0.00796    0.01154   -0.00946
 1051    0.00816    0.01180   -0.00784
 1052    0.00791    0.01343   -0.01095
 1053    0.00521    0.00577   -0.01282
 1054    0.00459    0.00496   -0.01479
 1055    0.00377    0.00299   -0.01495
 1056    0.00298    0.00197   -0.01685
 1057    0.00459    0.00484   -0.01492
 1058    0.00522    0.00696   -0.01473
 1059    0.00601    0.00731   -0.01377
 1060    0.00715    0.01001   -0.01406
 1061    0.00719    0.01017   -0.01465
 1062    0.00361    0.00236   -0.01356
 1063    0.00303    0.00031   -0.01381
 1064    0.00284    0.00047   -0.01441
 1065    0.00274    0.00064   -0.01304
 1066    0.00256   -0.00031   -0.01215
 1067    0.00148   -0.00184   -0.01232
 1068    0.00114   -0.00250   -0.01288
 1069    0.00098   -0.00265   -0.01158
 1070    0.00246    0.00029   -0.01674
 1071    0.00218    0.00054   -0.01718
 1072    0.00219   -0.00127   -0.01678
 1073    0.00212   -0.00122   -0.01594
 1074    0.00105    0.00133   -0.02135
 1075    0.00078    0.00296   -0.02282
 1076    0.00101    0.00577   -0.02259
 1077    0.00221    0.00598   -0.01943
 1078   -0.00279    0.00932   -0.02943
 1079    0.00208   -0.00288   -0.01714
 1080    0.00181   -0.00362   -0.01568
 1081    0.00176   -0.00381   -0.01280
 1082    0.00178   -0.00419   -0.01156
 1083    0.00089   -0.00511   -0.01593
 1084    0.00178   -0.00288   -0.01211
 1085    0.00173   -0.00252   -0.01027
 1086    0.00207   -0.00169   -0.00974
 1087    0.00208   -0.00172   -0.00812
 1088    0.00200   -0.00210   -0.00988
 1089    0.00057   -0.00272   -0.00992
 1090    0.00195   -0.00130   -0.00806
 1091    0.00089   -0.00252   -0.00861
 1092    0.00273   -0.00067   -0.01063
 1093    0.00273    0.00017   -0.00906
 1094    0.00259   -0.00052   -0.00816
 1095    0.00228    0.00003   -0.00579
 1096    0.00290    0.00186   -0.00988
 1097    0.00340    0.00275   -0.00920
 1098    0.00376    0.00467   -0.01083
 1099    0.00383    0.00507   -0.01144
 1100    0.00482    0.00481   -0.01142
 1101    0.00238   -0.00149   -0.00972
 1102    0.00214   -0.00163   -0.00885
 1103    0.00231   -0.00190   -0.00741
 1104    0.00303   -0.00183   -0.00571
 1105    0.00218   -0.00229   -0.01221
 1106    0.00214   -0.00256   -0.00750
 1107    0.00214   -0.00283   -0.00640
 1108    0.00266   -0.00207   -0.00486
 1109    0.00254   -0.00133   -0.00381
 1110    0.00123   -0.00289   -0.00701
 1111    0.00280   -0.00165   -0.00453
 1112    0.00273   -0.00091   -0.00294
 1113    0.00238   -0.00086   -0.00184
 1114    0.00226   -0.00011   -0.00032
 1115    0.00298   -0.00040   -0.00255
 1116    0.00310    0.00005   -0.00129
 1117    0.00329    0.00016   -0.00040
 1118    0.00286    0.00018   -0.00022
 1119    0.00328    0.00054    0.00075
 1120    0.00289    0.00063    0.00057
 1121    0.00209   -0.00083   -0.00225
 1122    0.00138   -0.00054   -0.00107
 1123    0.00179   -0.00034   -0.00081
 1124    0.00151    0.00003    0.00045
 1125    0.00094   -0.00039   -0.00190
 1126    0.00083   -0.00003   -0.00227
 1127    0.00062    0.00020   -0.00310
 1128    0.00165   -0.00027   -0.00121
 1129    0.00278   -0.00077   -0.00183
 1130    0.00342   -0.00103   -0.00133
 1131    0.00336   -0.00007   -0.00002
 1132    0.00337   -0.00024    0.00112
 1133    0.00400   -0.00219   -0.00346
 1134    0.00299   -0.00040   -0.00027
 1135    0.00298    0.00008    0.00098
 1136    0.00247    0.00019    0.00206
 1137    0.00286    0.00097    0.00346
 1138    0.00248    0.00041   -0.00006
 1139    0.00181    0.00160    0.00095
 1140    0.00137    0.00040   -0.00167
 1141    0.00217   -0.00024    0.00249
 1142    0.00205   -0.00046    0.00476
 1143    0.00189   -0.00014    0.00747
 1144    0.00159   -0.00002    0.00854
 1145    0.00235   -0.00048    0.00439
 1146    0.00211   -0.00011    0.00715
 1147    0.00179    0.00009    0.00903
 1148    0.00291   -0.00023    0.01236
 1149    0.00217   -0.00039    0.01530
 1150    0.00062    0.00047    0.00767
 1151    0.00169    0.00120    0.00671
 1152    0.00237    0.00060    0.00497
 1153    0.00356    0.00023    0.00644
 1154    0.00171    0.00015    0.00267
 1155    0.00341    0.00055    0.00806
 1156    0.00476    0.00028    0.01069
 1157    0.00482    0.00129    0.01271
 1158    0.00591    0.00120    0.01520
 1159    0.00512    0.00026    0.00873
 1160    0.00667    0.00003    0.00978
 1161    0.00597    0.00106    0.01043
 1162    0.00557    0.00149    0.00982
 1163    0.00858   -0.00108    0.01279
 1164    0.00373    0.00174    0.01398
 1165    0.00298    0.00333    0.01572
 1166    0.00194    0.00488    0.01989
 1167    0.00317    0.00675    0.02120
 1168    0.00026    0.00417    0.02094
 1169   -0.00254    0.00544    0.02425
 1170   -0.00476    0.00242    0.02631
 1171   -0.00149   -0.00009    0.02065
 1172   -0.00169    0.00543    0.02281
 1173   -0.00132    0.00372    0.01890
 1174   -0.00016    0.00179    0.01793
 1175   -0.00051    0.00004    0.02032
 1176    0.00079    0.00127    0.01568
 1177   -0.00755    0.00349    0.03094
 1178   -0.01011   -0.00053    0.03176
 1179   -0.00667   -0.00080    0.02962
 1180   -0.00663    0.00133    0.02933
 1181   -0.01747    0.00118    0.04062
 1182   -0.00993   -0.00179    0.03273
 1183   -0.00388   -0.00405    0.02706
 1184   -0.00148   -0.00402    0.02339
 1185   -0.00174   -0.00797    0.02750
 1186   -0.00384   -0.01476    0.03618
 1187   -0.00072   -0.00370    0.01941
 1188   -0.00134    0.00042    0.01574
 1189   -0.00044    0.00034    0.01169
 1190   -0.00102    0.00293    0.01035
 1191   -0.00111    0.00338    0.01060
 1192   -0.00034    0.00177    0.01131
 1193   -0.00136    0.00526    0.00955
 1194    0.00405   -0.00713    0.01667
 1195    0.01162   -0.01220    0.01239
 1196    0.01426   -0.02087    0.01139
 1197    0.02568   -0.03761    0.00355
 1198    0.01944   -0.00673   -0.00232
 1199    0.02464   -0.00194   -0.00788
 1200    0.03120   -0.01487   -0.01056
 1201    0.00899   -0.01615    0.01557
 1202    0.01033   -0.01876    0.01554
 1203    0.01846   -0.03154    0.01603
 1204    0.02400   -0.04387    0.00692
 1205    0.00735   -0.01099    0.02331
 1206    0.00883   -0.01063    0.02163
 1207    0.00804   -0.01344    0.01383
 1208    0.01033   -0.00896    0.02622
 1209    0.03030   -0.03852    0.03047
 1210    0.05707   -0.06065    0.04110
 1211    0.05471   -0.05797    0.03521
 1212    0.05094   -0.04295    0.04037
 1213    0.08647   -0.10815    0.02906
 1214    0.18343   -0.19233    0.06621
 1215    0.23781   -0.27149    0.03121
 1216    0.20978   -0.19009    0.12607
 1217    0.06383   -0.08116    0.02756
 1218    0.05597   -0.07800    0.02589
 1219    0.03217   -0.04919    0.02048
 1220    0.02966   -0.03067    0.02015
 1221    0.05129   -0.10352    0.00753
 1222    0.03419   -0.09352    0.00491
 1223    0.01602   -0.07887    0.00507
 1224    0.01657   -0.12937   -0.02435
 1225   -0.01348   -0.09435    0.01437
 1226    0.01960   -0.04597    0.01072
 1227    0.00892   -0.03161    0.00606
 1228    0.00857   -0.01829    0.00804
 1229    0.00832   -0.01340    0.01054
 1230    0.00435   -0.03064   -0.00059
 1231    0.00132   -0.02789   -0.00238
 1232    0.00774   -0.04289   -0.00214
 1233    0.00910   -0.01753    0.00763
 1234    0.00908   -0.01139    0.00782
 1235    0.00419   -0.00918    0.00513
 1236    0.00141   -0.01035    0.00216
 1237    0.01210   -0.00940    0.00759
 1238    0.02238   -0.01078    0.01077
 1239    0.03055   -0.00553    0.01380
 1240    0.02744   -0.01736    0.01354
 1241    0.00402   -0.00642    0.00582
 1242    0.00209   -0.00564    0.00383
 1243    0.00259   -0.00349    0.00379
 1244    0.00394   -0.00294    0.00506
 1245    0.00149   -0.00481    0.00333
 1246    0.00088   -0.00673    0.00225
 1247   -0.00009   -0.00776    0.00011
 1248    0.00117   -0.00764    0.00267
 1249   -0.00072   -0.00958   -0.00124
 1250    0.00053   -0.01023    0.00027
 1251   -0.00076   -0.01139   -0.00276
 1252    0.00200   -0.00353    0.00222
 1253    0.00272   -0.00222    0.00182
 1254    0.00194   -0.00193    0.00083
 1255    0.00116   -0.00204    0.00048
 1256    0.00257   -0.00309    0.00087
 1257    0.00299   -0.00195    0.00053
 1258    0.00355   -0.00054    0.00078
 1259    0.00271   -0.00175   -0.00011
 1260    0.00366    0.00009    0.00030
 1261    0.00336   -0.00040   -0.00004
 1262    0.00245   -0.00086    0.00089
 1263    0.00215   -0.00038    0.00041
 1264    0.00236   -0.00027   -0.00014
 1265    0.00271    0.00000   -0.00019
 1266    0.00239    0.00008    0.00070
 1267    0.00210    0.00019    0.00158
 1268    0.00218    0.00005    0.00235
 1269    0.00175    0.00068    0.00115
 1270    0.00231    0.00039    0.00317
 1271    0.00160    0.00114    0.00157
 1272    0.00190    0.00101    0.00286
 1273    0.00202   -0.00042   -0.00050
 1274    0.00207   -0.00029   -0.00083
 1275    0.00202   -0.00003   -0.00104
 1276    0.00175    0.00014   -0.00118
 1277    0.00187   -0.00060   -0.00104
 1278    0.00159   -0.00133   -0.00169
 1279    0.00206   -0.00082   -0.00086
 1280    0.00120   -0.00188   -0.00212
 1281    0.00230   -0.00003   -0.00093
 1282    0.00213   -0.00006   -0.00096
 1283    0.00223   -0.00026   -0.00100
 1284    0.00239   -0.00035   -0.00082
 1285    0.00229    0.00004   -0.00064
 1286    0.00210   -0.00007   -0.00058
 1287    0.00181    0.00017   -0.00085
 1288    0.00219   -0.00045   -0.00004
 1289    0.00205   -0.00016   -0.00142
 1290    0.00218   -0.00029   -0.00167
 1291    0.00206   -0.00032   -0.00123
 1292    0.00202   -0.00012   -0.00148
 1293    0.00208   -0.00014   -0.00282
 1294    0.00206   -0.00057   -0.00327
 1295    0.00191   -0.00045   -0.00338
 1296    0.00210   -0.00092   -0.00336
 1297    0.00168   -0.00094   -0.00353
 1298    0.00193   -0.00116   -0.00371
 1299    0.00161   -0.00139   -0.00393
 1300    0.00224   -0.00069   -0.00055
 1301    0.00195   -0.00103   -0.00006
 1302    0.00210   -0.00128    0.00024
 1303    0.00223   -0.00109    0.00015
 1304    0.00198   -0.00132    0.00066
 1305    0.00171   -0.00155    0.00094
 1306    0.00166   -0.00146    0.00074
 1307    0.00153   -0.00185    0.00148
 1308    0.00173   -0.00134    0.00048
 1309    0.00169   -0.00149    0.00083
 1310    0.00143   -0.00171    0.00185
 1311    0.00120   -0.00199    0.00238
 1312    0.00128   -0.00140    0.00051
 1313    0.00133   -0.00114    0.00029
 1314    0.00114   -0.00122    0.00088
 1315    0.00134   -0.00096   -0.00068
 1316    0.00145   -0.00165    0.00211
 1317    0.00129   -0.00168    0.00305
 1318    0.00144   -0.00152    0.00303
 1319    0.00200   -0.00155    0.00277
 1320    0.00161   -0.00155    0.00314
 1321    0.00150   -0.00151    0.00382
 1322    0.00154   -0.00160    0.00303
 1323    0.00087   -0.00185    0.00389
 1324    0.00112   -0.00159    0.00404
 1325    0.00149   -0.00162    0.00349
 1326    0.00192   -0.00194    0.00375
 1327    0.00177   -0.00133    0.00426
 1328    0.00158   -0.00148    0.00514
 1329    0.00076   -0.00195    0.00581
 1330    0.00193   -0.00148    0.00529
 1331    0.00134   -0.00155    0.00268
 1332    0.00161   -0.00152    0.00221
 1333    0.00236   -0.00161    0.00173
 1334    0.00272   -0.00165    0.00140
 1335    0.00242   -0.00164    0.00168
 1336    0.00307   -0.00164    0.00132
 1337    0.00302   -0.00150    0.00084
 1338    0.00255   -0.00139    0.00104
 1339    0.00333   -0.00167    0.00192
 1340    0.00388   -0.00194    0.00232
 1341    0.00448   -0.00181    0.00220
 1342    0.00379   -0.00206    0.00279
 1343    0.00476   -0.00194    0.00268
 1344    0.00436   -0.00218    0.00303
 1345    0.00337   -0.00147    0.00001
 1346    0.00321   -0.00119   -0.00032
 1347    0.00314   -0.00100    0.00006
 1348    0.00342   -0.00099    0.00032
 1349    0.00316   -0.00111   -0.00145
 1350    0.00304   -0.00090   -0.00217
 1351    0.00252   -0.00071   -0.00240
 1352    0.00302   -0.00064   -0.00373
 1353    0.00285   -0.00096    0.00020
 1354    0.00288   -0.00076    0.00056
 1355    0.00290   -0.00065    0.00013
 1356    0.00275   -0.00063   -0.00031
 1357    0.00291   -0.00055    0.00103
 1358    0.00318   -0.00085    0.00150
 1359    0.00359   -0.00068    0.00173
 1360    0.00295   -0.00124    0.00176
 1361    0.00375   -0.00095    0.00214
 1362    0.00308   -0.00135    0.00221
 1363    0.00348   -0.00128    0.00230
 1364    0.00373   -0.00136    0.00280
 1365    0.00272   -0.00026   -0.00000
 1366    0.00262   -0.00016   -0.00044
 1367    0.00282   -0.00002   -0.00014
 1368    0.00298    0.00037   -0.00002
 1369    0.00256   -0.00055   -0.00087
 1370    0.00227   -0.00072   -0.00108
 1371    0.00169   -0.00113   -0.00159
 1372    0.00146   -0.00124   -0.00149
 1373    0.00159   -0.00154   -0.00201
 1374    0.00290    0.00004   -0.00008
 1375    0.00321    0.00043    0.00009
 1376    0.00325    0.00047   -0.00025
 1377    0.00294    0.00029   -0.00046
 1378    0.00314    0.00038    0.00045
 1379    0.00294    0.00004    0.00096
 1380    0.00276   -0.00014    0.00142
 1381    0.00326    0.00030    0.00112
 1382    0.00357    0.00096   -0.00025
 1383    0.00349    0.00124   -0.00040
 1384    0.00426    0.00193   -0.00041
 1385    0.00459    0.00247   -0.00045
 1386    0.00317    0.00066   -0.00053
 1387    0.00325    0.00059   -0.00041
 1388    0.00287   -0.00058   -0.00061
 1389    0.00385    0.00093   -0.00032
 1390    0.00457    0.00201   -0.00039
 1391    0.00526    0.00302   -0.00034
 1392    0.00570    0.00365   -0.00026
 1393    0.00664    0.00448   -0.00038
 1394    0.00534    0.00283   -0.00033
 1395    0.00583    0.00302   -0.00051
 1396    0.00553    0.00331   -0.00068
 1397    0.00572    0.00393   -0.00067
 1398    0.00547    0.00182   -0.00010
 1399    0.00532    0.00191    0.00032
 1400    0.00519    0.00048    0.00040
 1401    0.00562   -0.00058    0.00036
 1402    0.00532   -0.00209    0.00042
 1403    0.00412   -0.00216    0.00039
 1404    0.00657   -0.00244   -0.00020
 1405    0.00490    0.00316   -0.00094
 1406    0.00434    0.00384   -0.00125
 1407    0.00495    0.00475   -0.00098
 1408    0.00581    0.00461   -0.00050
 1409    0.00360    0.00325   -0.00103
 1410    0.00292    0.00217   -0.00072
 1411    0.00197    0.00280   -0.00143
 1412    0.00136    0.00363   -0.00072
 1413    0.00457    0.00585   -0.00085
 1414    0.00477    0.00670   -0.00055
 1415    0.00425    0.00584   -0.00021
 1416    0.00438    0.00657    0.00015
 1417    0.00310    0.00904   -0.00179
 1418    0.00163    0.00906   -0.00323
 1419    0.00287    0.00730   -0.00226
 1420    0.00360    0.00528   -0.00068
 1421    0.00346    0.00474   -0.00026
 1422    0.00351    0.00354   -0.00016
 1423    0.00332    0.00343   -0.00036
 1424    0.00246    0.00539   -0.00097
 1425    0.00152    0.00631   -0.00157
 1426    0.00130    0.00582   -0.00079
 1427    0.00019    0.00802   -0.00248
 1428    0.00021    0.00661   -0.00087
 1429   -0.00184    0.00942   -0.00297
 1430   -0.00120    0.00848   -0.00188
 1431    0.00387    0.00265    0.00063
 1432    0.00356    0.00161    0.00053
 1433    0.00329    0.00169    0.00051
 1434    0.00337    0.00223    0.00052
 1435    0.00383    0.00112    0.00121
 1436    0.00393    0.00178    0.00149
 1437    0.00386    0.00261    0.00095
 1438    0.00311    0.00121    0.00060
 1439    0.00296    0.00102    0.00094
 1440    0.00331    0.00007    0.00101
 1441    0.00328   -0.00019    0.00086
 1442    0.00246    0.00048    0.00090
 1443    0.00173    0.00029    0.00126
 1444    0.00162    0.00128    0.00070
 1445    0.00351    0.00010    0.00149
 1446    0.00386   -0.00036    0.00182
 1447    0.00363   -0.00042    0.00156
 1448    0.00381   -0.00007    0.00233
 1449    0.00426   -0.00047    0.00238
 1450    0.00431   -0.00116    0.00220
 1451    0.00422   -0.00110    0.00190
 1452    0.00436   -0.00137    0.00273
 1453    0.00361   -0.00061    0.00092
 1454    0.00361   -0.00025   -0.00016
 1455    0.00500   -0.00083   -0.00076
 1456    0.00472   -0.00070   -0.00180
 1457    0.00374   -0.00068   -0.00156
 1458    0.00324   -0.00076   -0.00139
 1459    0.00318   -0.00109   -0.00181
 1460    0.00293   -0.00060   -0.00087
 1461    0.00223   -0.00142   -0.00179
 1462    0.00228   -0.00083   -0.00152
 1463    0.00486   -0.00077    0.00031
 1464    0.00524   -0.00112    0.00013
 1465    0.00524   -0.00123    0.00008
 1466    0.00449   -0.00136    0.00004
 1467    0.00575   -0.00132    0.00010
 1468    0.00519   -0.00122    0.00033
 1469    0.00468   -0.00089   -0.00079
 1470    0.00510   -0.00047   -0.00179
 1471    0.00567   -0.00147    0.00032
 1472    0.00371   -0.00093   -0.00074
 1473    0.00324   -0.00081   -0.00163
 1474    0.00213   -0.00077   -0.00133
 1475    0.00192   -0.00092   -0.00034
 1476    0.00332   -0.00074   -0.00183
 1477    0.00276   -0.00058   -0.00276
 1478    0.00179   -0.00044   -0.00215
 1479    0.00074   -0.00022   -0.00194
 1480    0.00015    0.00006   -0.00227
 1481    0.00051    0.00019   -0.00299
 1482    0.00037    0.00009   -0.00281
 1483   -0.00073    0.00030   -0.00281
 1484   -0.00061   -0.00016   -0.00162
 1485   -0.00056    0.00009   -0.00169
 1486   -0.00066    0.00060   -0.00331
 1487   -0.00048    0.00055   -0.00353
 1488   -0.00126   -0.00037   -0.00092
 1489   -0.00119   -0.00121    0.00030
 1490   -0.00049   -0.00151    0.00079
 1491    0.00008   -0.00178    0.00129
 1492    0.00012   -0.00221    0.00063
 1493   -0.00115    0.00126   -0.00391
 1494   -0.00186    0.00185   -0.00513
 1495   -0.00104    0.00184   -0.00617
 1496   -0.00036    0.00244   -0.00716
 1497   -0.00260    0.00168   -0.00538
 1498   -0.00301    0.00213   -0.00492
 1499   -0.00256    0.00208   -0.00427
 1500   -0.00473    0.00231   -0.00503
 1501   -0.00010    0.00163   -0.00596
 1502    0.00087    0.00190   -0.00683
 1503    0.00145    0.00134   -0.00646
 1504    0.00236    0.00133   -0.00746
 1505    0.00161    0.00142   -0.00686
 1506    0.00176    0.00052   -0.00517
 1507    0.00084    0.00173   -0.00728
 1508    0.00066    0.00127   -0.00538
 1509    0.00107    0.00093   -0.00480
 1510    0.00163    0.00149   -0.00616
 1511    0.00204    0.00112   -0.00639
 1512    0.00077    0.00080   -0.00376
 1513    0.00117    0.00061   -0.00316
 1514    0.00141   -0.00010   -0.00219
 1515    0.00119    0.00077   -0.00273
 1516    0.00164    0.00233   -0.00689
 1517    0.00212    0.00284   -0.00800
 1518    0.00263    0.00303   -0.00933
 1519    0.00264    0.00276   -0.00955
 1520    0.00218    0.00377   -0.00861
 1521    0.00265    0.00358   -0.00723
 1522    0.00263    0.00524   -0.00781
 1523    0.00221    0.00409   -0.00625
 1524    0.00309    0.00339   -0.01055
 1525    0.00425    0.00344   -0.01211
 1526    0.00433    0.00178   -0.01162
 1527    0.00477    0.00116   -0.01225
 1528    0.00505    0.00425   -0.01312
 1529    0.00643    0.00380   -0.01521
 1530    0.00669    0.00338   -0.01532
 1531    0.00709    0.00540   -0.01615
 1532    0.00835    0.00756   -0.02114
 1533    0.00378    0.00123   -0.00973
 1534    0.00343    0.00064   -0.00863
 1535    0.00294    0.00024   -0.00823
 1536    0.00282   -0.00041   -0.00843
 1537    0.00324   -0.00015   -0.00688
 1538    0.00335   -0.00014   -0.00718
 1539    0.00319   -0.00004   -0.00582
 1540    0.00412    0.00000   -0.00936
 1541    0.00249    0.00043   -0.00740
 1542    0.00192    0.00014   -0.00671
 1543    0.00201    0.00023   -0.00770
 1544    0.00185   -0.00046   -0.00738
 1545    0.00195    0.00045   -0.00542
 1546    0.00275    0.00096   -0.00904
 1547    0.00265    0.00099   -0.00957
 1548    0.00296    0.00006   -0.01046
 1549    0.00242   -0.00054   -0.01035
 1550    0.00276    0.00211   -0.01059
 1551    0.00381   -0.00025   -0.01138
 1552    0.00328   -0.00091   -0.01188
 1553    0.00193   -0.00223   -0.01112
 1554    0.00163   -0.00310   -0.01147
 1555    0.00345   -0.00122   -0.01254
 1556    0.00383   -0.00224   -0.01385
 1557    0.00470   -0.00246   -0.01492
 1558    0.00558   -0.00353   -0.01634
 1559    0.00855   -0.00346   -0.01961
 1560    0.00193   -0.00220   -0.00983
 1561    0.00148   -0.00302   -0.00926
 1562    0.00082   -0.00318   -0.00831
 1563   -0.00025   -0.00414   -0.00784
 1564    0.00169   -0.00266   -0.00749
 1565    0.00141   -0.00270   -0.00580
 1566    0.00215   -0.00216   -0.00757
 1567    0.00110   -0.00223   -0.00795
 1568    0.00036   -0.00228   -0.00707
 1569   -0.00014   -0.00316   -0.00753
 1570   -0.00077   -0.00365   -0.00713
 1571    0.00056   -0.00109   -0.00684
 1572    0.00100   -0.00048   -0.00575
 1573    0.00037   -0.00307   -0.00885
 1574   -0.00009   -0.00352   -0.00951
 1575   -0.00101   -0.00488   -0.00985
 1576   -0.00178   -0.00576   -0.00977
 1577    0.00118   -0.00263   -0.01150
 1578    0.00159   -0.00102   -0.01173
 1579    0.00197   -0.00016   -0.01418
 1580    0.00303   -0.00003   -0.01578
 1581    0.00460    0.00102   -0.01644
 1582    0.00435    0.00200   -0.01583
 1583    0.00587    0.00111   -0.01774
 1584   -0.00076   -0.00510   -0.00981
 1585   -0.00250   -0.00619   -0.00926
 1586   -0.00373   -0.00666   -0.00790
 1587   -0.00489   -0.00748   -0.00781
 1588   -0.00206   -0.00598   -0.00932
 1589   -0.00120   -0.00557   -0.01115
 1590   -0.00076   -0.00530   -0.01072
 1591   -0.00095   -0.00441   -0.00836
 1592    0.00083   -0.00583   -0.01172
 1593   -0.00295   -0.00599   -0.00689
 1594   -0.00326   -0.00642   -0.00553
 1595   -0.00317   -0.00702   -0.00625
 1596   -0.00386   -0.00805   -0.00605
 1597   -0.00232   -0.00556   -0.00499
 1598   -0.00191   -0.00515   -0.00423
 1599   -0.00133   -0.00439   -0.00461
 1600   -0.00183   -0.00531   -0.00362
 1601   -0.00049   -0.00402   -0.00353
 1602   -0.00116   -0.00458   -0.00290
 1603   -0.00017   -0.00388   -0.00249
 1604   -0.00253   -0.00628   -0.00683
 1605   -0.00256   -0.00649   -0.00658
 1606   -0.00272   -0.00876   -0.00652
 1607   -0.00284   -0.00972   -0.00585
 1608   -0.00212   -0.00486   -0.00677
 1609   -0.00193   -0.00378   -0.00619
 1610   -0.00223   -0.00460   -0.00665
 1611   -0.00284   -0.00860   -0.00767
 1612   -0.00315   -0.00918   -0.00824
 1613   -0.00580   -0.00977   -0.00828
 1614   -0.00780   -0.01022   -0.00838
 1615   -0.00198   -0.00848   -0.00933
 1616   -0.00113   -0.00715   -0.00935
 1617    0.00031   -0.00635   -0.01218
 1618    0.00425   -0.00616   -0.01390
 1619    0.00035   -0.00569   -0.01369
 1620   -0.00672   -0.00904   -0.00793
 1621   -0.00881   -0.00964   -0.00805
 1622   -0.00859   -0.00920   -0.00740
 1623   -0.01032   -0.00950   -0.00734
 1624   -0.00666   -0.01050   -0.00678
 1625   -0.00719   -0.00911   -0.00778
 1626   -0.00680   -0.00805   -0.00624
 1627   -0.00568   -0.00767   -0.00507
 1628   -0.00491   -0.00669   -0.00516
 1629   -0.00512   -0.00600   -0.00583
 1630   -0.00388   -0.00655   -0.00430
 1631   -0.00637   -0.00960   -0.00674
 1632   -0.00583   -0.01009   -0.00623
 1633   -0.00538   -0.01055   -0.00648
 1634   -0.00382   -0.01116   -0.00607
 1635   -0.00436   -0.01049   -0.00552
 1636   -0.00351   -0.01119   -0.00460
 1637   -0.00363   -0.01292   -0.00406
 1638   -0.00405   -0.01286   -0.00409
 1639   -0.00360   -0.01396   -0.00380
 1640   -0.00660   -0.01013   -0.00646
 1641   -0.00568   -0.01195   -0.00626
 1642   -0.00526   -0.01382   -0.00536
 1643   -0.00378   -0.01214   -0.00311
 1644   -0.00773   -0.01006   -0.00467
 1645   -0.00970   -0.01059    0.00823
 1646   -0.02171    0.00936    0.04372
 1647   -0.03693    0.04276    0.08545
 1648   -0.06780    0.02663    0.12392
 1649   -0.00561   -0.01381   -0.00555
 1650   -0.00573   -0.01501   -0.00487
 1651   -0.00436   -0.01144   -0.00218
 1652   -0.00286   -0.00782   -0.00038
 1653   -0.00447   -0.01127   -0.00263
 1654   -0.00317   -0.00943   -0.00184
 1655   -0.00260   -0.00708   -0.00149
 1656   -0.00341   -0.00666   -0.00198
 1657   -0.00317   -0.01057   -0.00265
 1658   -0.00184   -0.01030   -0.00222
 1659   -0.00154   -0.01360   -0.00304
 1660   -0.00062   -0.00994   -0.00143
 1661   -0.00142   -0.01566   -0.00208
 1662   -0.00218   -0.00547   -0.00029
 1663   -0.00198   -0.00337   -0.00009
 1664   -0.00148   -0.00306   -0.00026
 1665   -0.00169   -0.00157   -0.00075
 1666   -0.00106   -0.00048    0.00116
 1667   -0.00182    0.00211    0.00126
 1668   -0.00142    0.00065    0.00125
 1669   -0.00123   -0.00520   -0.00041
 1670   -0.00090   -0.00562   -0.00156
 1671   -0.00096   -0.00497   -0.00166
 1672   -0.00125   -0.00668   -0.00208
 1673   -0.00023   -0.00809   -0.00237
 1674    0.00014   -0.00758   -0.00214
 1675    0.00095   -0.01094   -0.00380
 1676    0.00131   -0.01033   -0.00388
 1677   -0.00027   -0.00614   -0.00129
 1678   -0.00011   -0.00764   -0.00200
 1679   -0.00109   -0.00216   -0.00008
 1680   -0.00112   -0.00288   -0.00129
 1681   -0.00139   -0.00233   -0.00184
 1682   -0.00100   -0.00046   -0.00170
 1683   -0.00095    0.00072   -0.00133
 1684   -0.00166   -0.00274   -0.00288
 1685   -0.00180   -0.00463   -0.00311
 1686   -0.00192   -0.00582   -0.00313
 1687   -0.00175   -0.00503   -0.00353
 1688   -0.00224   -0.00740   -0.00369
 1689   -0.00204   -0.00632   -0.00409
 1690   -0.00233   -0.00759   -0.00427
 1691   -0.00049    0.00001   -0.00188
 1692   -0.00037    0.00183   -0.00121
 1693    0.00001    0.00220   -0.00157
 1694    0.00023    0.00114   -0.00192
 1695   -0.00015    0.00193   -0.00028
 1696   -0.00041    0.00211    0.00006
 1697   -0.00008    0.00351   -0.00182
 1698    0.00015    0.00378   -0.00245
 1699   -0.00004    0.00488   -0.00211
 1700    0.00005    0.00565   -0.00208
 1701    0.00017    0.00337   -0.00341
 1702    0.00030    0.00441   -0.00208
 1703    0.00032    0.00496   -0.00214
 1704    0.00055    0.00461   -0.00262
 1705    0.00058    0.00353   -0.00276
 1706   -0.00000    0.00485   -0.00133
 1707   -0.00005    0.00530   -0.00077
 1708    0.00019    0.00389   -0.00101
 1709    0.00055    0.00464   -0.00318
 1710    0.00083    0.00410   -0.00347
 1711    0.00041    0.00380   -0.00297
 1712   -0.00001    0.00434   -0.00299
 1713    0.00111    0.00490   -0.00420
 1714    0.00033    0.00299   -0.00266
 1715    0.00000    0.00229   -0.00253
 1716   -0.00001    0.00212   -0.00275
 1717    0.00047    0.00173   -0.00244
 1718    0.00031    0.00120   -0.00209
 1719   -0.00031    0.00035   -0.00188
 1720   -0.00055    0.00078   -0.00232
 1721   -0.00034   -0.00054   -0.00130
 1722   -0.00068    0.00255   -0.00314
 1723   -0.00067    0.00242   -0.00321
 1724   -0.00185    0.00203   -0.00350
 1725   -0.00244    0.00217   -0.00450
 1726   -0.00032    0.00377   -0.00394
 1727   -0.00050    0.00513   -0.00465
 1728   -0.00229    0.00126   -0.00309
 1729   -0.00414    0.00028   -0.00326
 1730   -0.00524    0.00107   -0.00490
 1731   -0.00504    0.00074   -0.00434
 1732   -0.00521   -0.00146   -0.00141
 1733   -0.00777   -0.00267   -0.00110
 1734   -0.00949   -0.00464    0.00089
 1735   -0.01220   -0.00585    0.00162
 1736   -0.01224   -0.00767    0.00353
 1737   -0.00635    0.00145   -0.00717
 1738   -0.00855    0.00179   -0.01020
 1739   -0.01134    0.00040   -0.00926
 1740   -0.01453   -0.00213   -0.01101
 1741   -0.00967    0.00163   -0.01186
 1742   -0.01295   -0.00186   -0.00788
 1743   -0.02058   -0.00856   -0.00731
 1744   -0.03510   -0.02290   -0.01584
 1745   -0.05908   -0.05884   -0.02102
 1746   -0.02281   -0.01156   -0.00409
 1747   -0.03839   -0.02874   -0.02618
 1748   -0.00865    0.00020    0.00764
 1749   -0.00946    0.00005    0.00926
 1750   -0.00856    0.00210    0.00961
 1751   -0.00770    0.00318    0.00840
 1752   -0.01039   -0.00173    0.00893
 1753   -0.00969   -0.00170    0.00700
 1754   -0.01085   -0.00357    0.00671
 1755   -0.01222   -0.00605    0.00639
 1756   -0.00905    0.00262    0.01121
 1757   -0.00832    0.00436    0.01177
 1758   -0.00855    0.00405    0.01176
 1759   -0.00941    0.00301    0.01280
 1760   -0.00904    0.00539    0.01389
 1761   -0.00857    0.00720    0.01454
 1762   -0.00942    0.00845    0.01654
 1763   -0.00918    0.00852    0.01690
 1764   -0.00928    0.00924    0.01781
 1765   -0.00764    0.00520    0.01043
 1766   -0.00730    0.00526    0.01025
 1767   -0.00680    0.00730    0.01012
 1768   -0.00638    0.00837    0.00998
 1769   -0.00689    0.00442    0.00858
 1770   -0.00592    0.00549    0.00730
 1771   -0.00785    0.00221    0.00853
 1772   -0.00557    0.00538    0.00603
 1773   -0.00664    0.00775    0.00987
 1774   -0.00583    0.00934    0.00971
 1775   -0.00479    0.00988    0.00819
 1776   -0.00455    0.00931    0.00752
 1777   -0.00645    0.00902    0.01075
 1778   -0.00736    0.00826    0.01259
 1779   -0.00715    0.00900    0.01386
 1780   -0.00905    0.00664    0.01420
 1781   -0.00835    0.00870    0.01588
 1782   -0.01040    0.00610    0.01613
 1783   -0.00952    0.00739    0.01681
 1784   -0.00425    0.01054    0.00742
 1785   -0.00365    0.01035    0.00594
 1786   -0.00369    0.01046    0.00549
 1787   -0.00397    0.01024    0.00532
 1788   -0.00357    0.01032    0.00570
 1789   -0.00299    0.00984    0.00462
 1790   -0.00359    0.00951    0.00556
 1791   -0.00332    0.01026    0.00475
 1792   -0.00296    0.00963    0.00350
 1793   -0.00263    0.00891    0.00220
 1794   -0.00235    0.00923    0.00241
 1795   -0.00252    0.00919    0.00249
 1796   -0.00213    0.00785    0.00099
 1797   -0.00165    0.00765    0.00031
 1798   -0.00056    0.00833   -0.00130
 1799    0.00034    0.00868   -0.00170
 1800   -0.00291    0.00745    0.00130
 1801   -0.00281    0.00661    0.00031
 1802   -0.00235    0.00563   -0.00146
 1803   -0.00209    0.00543   -0.00222
 1804   -0.00247    0.00560    0.00059
 1805   -0.00271    0.00428   -0.00047
 1806   -0.00250    0.00661    0.00194
 1807   -0.00210    0.00496   -0.00163
 1808   -0.00181    0.00433   -0.00314
 1809   -0.00177    0.00280   -0.00479
 1810   -0.00124    0.00293   -0.00616
 1811   -0.00170    0.00396   -0.00272
 1812   -0.00090    0.00310   -0.00408
 1813   -0.00045    0.00443   -0.00438
 1814   -0.00086    0.00206   -0.00349
 1815   -0.00233    0.00185   -0.00419
 1816   -0.00239   -0.00008   -0.00520
 1817   -0.00236    0.00060   -0.00632
 1818   -0.00200   -0.00029   -0.00764
 1819   -0.00276   -0.00167   -0.00430
 1820   -0.00314   -0.00086   -0.00300
 1821   -0.00263   -0.00246   -0.00373
 1822   -0.00249    0.00208   -0.00553
 1823   -0.00186    0.00298   -0.00577
 1824   -0.00219    0.00334   -0.00425
 1825   -0.00231    0.00411   -0.00385
 1826   -0.00278    0.00311   -0.00239
 1827   -0.00261    0.00364   -0.00067
 1828   -0.00337    0.00611    0.00193
 1829   -0.00311    0.00708    0.00204
 1830   -0.00325    0.00331    0.00006
 1831   -0.00252    0.00439    0.00149
 1832   -0.00140    0.00474    0.00204
 1833   -0.00188    0.00669    0.00358
 1834   -0.00045    0.00561    0.00408
 1835   -0.00363    0.00715    0.00396
 1836   -0.00408    0.00875    0.00572
 1837   -0.00416    0.01005    0.00708
 1838   -0.00476    0.01061    0.00817
 1839   -0.00404    0.00870    0.00653
 1840   -0.00364    0.00771    0.00444
 1841   -0.00442    0.00897    0.00789
 1842   -0.00426    0.01057    0.00680
 1843   -0.00461    0.01092    0.00721
 1844   -0.00476    0.01134    0.00823
 1845   -0.00474    0.01097    0.00797
 1846   -0.00383    0.01094    0.00600
 1847   -0.00399    0.01043    0.00528
 1848   -0.00324    0.01100    0.00607
 1849   -0.00281    0.00949    0.00447
 1850   -0.00464    0.01138    0.00911
 1851   -0.00530    0.01143    0.01041
 1852   -0.00506    0.01105    0.00926
 1853   -0.00420    0.01128    0.00851
 1854   -0.00607    0.01190    0.01233
 1855   -0.00619    0.01193    0.01390
 1856   -0.00622    0.01132    0.01301
 1857   -0.00504    0.01005    0.00875
 1858   -0.00444    0.00956    0.00743
 1859   -0.00485    0.00850    0.00779
 1860   -0.00572    0.00752    0.00867
 1861   -0.00409    0.00905    0.00613
 1862   -0.00347    0.00981    0.00524
 1863   -0.00303    0.00912    0.00454
 1864   -0.00242    0.01045    0.00460
 1865   -0.00440    0.00887    0.00701
 1866   -0.00500    0.00767    0.00693
 1867   -0.00478    0.00650    0.00521
 1868   -0.00383    0.00709    0.00379
 1869   -0.00494    0.00899    0.00706
 1870   -0.00492    0.01040    0.00871
 1871   -0.00625    0.00949    0.01074
 1872   -0.00661    0.00931    0.01160
 1873   -0.00691    0.00898    0.01162
 1874   -0.00566    0.00474    0.00532
 1875   -0.00550    0.00346    0.00381
 1876   -0.00631    0.00127    0.00337
 1877   -0.00707    0.00077    0.00443
 1878   -0.00566    0.00335    0.00382
 1879   -0.00452    0.00521    0.00363
 1880   -0.00662    0.00281    0.00530
 1881   -0.00627    0.00011    0.00195
 1882   -0.00723   -0.00227    0.00137
 1883   -0.00761   -0.00339    0.00098
 1884   -0.00680   -0.00230    0.00053
 1885   -0.00692   -0.00334   -0.00027
 1886   -0.00730   -0.00337    0.00039
 1887   -0.00620   -0.00380   -0.00150
 1888   -0.00485   -0.00219   -0.00236
 1889   -0.00680   -0.00636   -0.00264
 1890   -0.00871   -0.00548    0.00103
 1891   -0.00901   -0.00653    0.00068
 1892   -0.00785   -0.00689   -0.00122
 1893   -0.00735   -0.00695   -0.00164
 1894   -0.01040   -0.00892    0.00100
 1895   -0.01127   -0.00876    0.00213
 1896   -0.00986   -0.00683    0.00181
 1897   -0.00715   -0.00687   -0.00254
 1898   -0.00561   -0.00714   -0.00447
 1899   -0.00437   -0.00508   -0.00441
 1900   -0.00330   -0.00529   -0.00570
 1901   -0.00517   -0.00775   -0.00606
 1902   -0.00635   -0.01041   -0.00645
 1903   -0.00464   -0.00323   -0.00312
 1904   -0.00349   -0.00115   -0.00317
 1905   -0.00328   -0.00097   -0.00308
 1906   -0.00415   -0.00128   -0.00207
 1907   -0.00361    0.00075   -0.00182
 1908   -0.00353    0.00091   -0.00186
 1909   -0.00338   -0.00039   -0.00312
 1910   -0.00362    0.00222   -0.00059
 1911   -0.00194   -0.00044   -0.00417
 1912   -0.00148    0.00009   -0.00405
 1913   -0.00138    0.00235   -0.00273
 1914   -0.00146    0.00335   -0.00216
 1915   -0.00006    0.00013   -0.00548
 1916    0.00054    0.00132   -0.00572
 1917    0.00008   -0.00202   -0.00672
 1918   -0.00126    0.00289   -0.00254
 1919   -0.00121    0.00470   -0.00158
 1920   -0.00039    0.00600   -0.00180
 1921   -0.00047    0.00723   -0.00101
 1922   -0.00118    0.00497   -0.00156
 1923   -0.00212    0.00367   -0.00121
 1924   -0.00124    0.00693   -0.00057
 1925   -0.00342    0.00353    0.00004
 1926    0.00041    0.00536   -0.00310
 1927    0.00073    0.00637   -0.00337
 1928    0.00058    0.00672   -0.00315
 1929    0.00061    0.00781   -0.00248
 1930    0.00176    0.00537   -0.00500
 1931    0.00158    0.00644   -0.00533
 1932    0.00263    0.00576   -0.00683
 1933    0.00266    0.00608   -0.00723
 1934    0.00357    0.00449   -0.00793
 1935    0.00052    0.00556   -0.00368
 1936    0.00023    0.00597   -0.00334
 1937   -0.00038    0.00720   -0.00148
 1938   -0.00037    0.00823   -0.00101
 1939   -0.00020    0.00425   -0.00405
 1940    0.00066    0.00331   -0.00574
 1941    0.00141    0.00432   -0.00656
 1942    0.00042    0.00139   -0.00645
 1943   -0.00091    0.00685   -0.00082
 1944   -0.00137    0.00767    0.00056
 1945   -0.00069    0.00899    0.00082
 1946   -0.00080    0.00956    0.00145
 1947   -0.00231    0.00685    0.00115
 1948   -0.00245    0.00769    0.00232
 1949   -0.00325    0.00522    0.00127
 1950   -0.00026    0.00903    0.00035
 1951    0.00018    0.00973    0.00043
 1952    0.00048    0.01006    0.00030
 1953    0.00053    0.00963    0.00065
 1954    0.00038    0.00966   -0.00002
 1955    0.00003    0.00960    0.00018
 1956    0.00020    0.00976   -0.00005
 1957   -0.00005    0.00998    0.00029
 1958    0.00032    0.01018    0.00022
 1959    0.00057    0.01015   -0.00045
 1960    0.00064    0.01051   -0.00082
 1961    0.00032    0.01102    0.00017
 1962    0.00015    0.01133    0.00029
 1963    0.00017    0.01027   -0.00192
 1964    0.00036    0.01096    0.00062
 1965   -0.00012    0.01116    0.00155
 1966   -0.00010    0.01108    0.00219
 1967    0.00002    0.01162    0.00269
 1968   -0.00061    0.01046    0.00189
 1969   -0.00065    0.00982    0.00104
 1970   -0.00147    0.00842    0.00137
 1971   -0.00163    0.00731    0.00031
 1972   -0.00160    0.00805    0.00044
 1973    0.00009    0.01044    0.00212
 1974    0.00021    0.01038    0.00249
 1975    0.00069    0.01010    0.00227
 1976    0.00043    0.00987    0.00250
 1977   -0.00001    0.00980    0.00235
 1978   -0.00080    0.01008    0.00291
 1979    0.00003    0.00931    0.00231
 1980   -0.00101    0.00964    0.00265
 1981    0.00054    0.00969    0.00165
 1982    0.00026    0.00976    0.00156
 1983    0.00051    0.01049    0.00180
 1984    0.00047    0.01061    0.00214
 1985   -0.00009    0.01010    0.00112
 1986   -0.00069    0.01010    0.00125
 1987   -0.00123    0.01066    0.00092
 1988   -0.00071    0.01039    0.00054
 1989   -0.00161    0.01157    0.00095
 1990    0.00045    0.01140    0.00182
 1991    0.00038    0.01270    0.00185
 1992    0.00092    0.01297    0.00275
 1993    0.00104    0.01391    0.00308
 1994    0.00043    0.01365    0.00165
 1995    0.00005    0.01368    0.00074
 1996    0.00008    0.01476    0.00021
 1997    0.00006    0.01303    0.00044
 1998    0.00092    0.01217    0.00330
 1999    0.00110    0.01204    0.00457
 2000    0.00116    0.01093    0.00401
 2001    0.00073    0.01042    0.00415
 2002    0.00011    0.01173    0.00486
 2003   -0.00072    0.01234    0.00554
 2004   -0.00098    0.01224    0.00679
 2005   -0.00145    0.01247    0.00800
 2006   -0.00206    0.01231    0.00827
 2007    0.00126    0.00951    0.00296
 2008    0.00050    0.00780    0.00266
 2009   -0.00020    0.00704    0.00236
 2010   -0.00149    0.00504    0.00221
 2011   -0.00002    0.00659    0.00258
 2012   -0.00013    0.00759    0.00377
 2013   -0.00035    0.00700    0.00450
 2014    0.00048    0.00483    0.00447
 2015   -0.00088    0.00870    0.00524
 2016    0.00032    0.00832    0.00249
 2017   -0.00067    0.00811    0.00246
 2018   -0.00121    0.00666    0.00224
 2019   -0.00140    0.00563    0.00203
 2020   -0.00078    0.00623    0.00179
 2021   -0.00106    0.00524    0.00156
 2022   -0.00043    0.00634    0.00147
 2023   -0.00017    0.00764    0.00157
 2024   -0.00053    0.00495    0.00135
 2025   -0.00048    0.00398    0.00139
 2026   -0.00008    0.00424    0.00186
 2027   -0.00044    0.00393    0.00171
 2028   -0.00053    0.00487    0.00163
 2029    0.00057    0.00422    0.00011
 2030    0.00038    0.00685    0.00072
 2031    0.00006    0.00659    0.00157
 2032    0.00219    0.00250   -0.00006
 2033    0.00166   -0.00023   -0.00011
 2034    0.00118   -0.00088   -0.00083
 2035    0.00055    0.00826    0.00030
 2036    0.00070    0.00913    0.00051
 2037    0.00052    0.00903    0.00101
 2038    0.00016    0.00921    0.00118
 2039    0.00043    0.00942   -0.00055
 2040    0.00047    0.00957   -0.00083
 2041    0.00065    0.00884   -0.00041
 2042   -0.00012    0.00801    0.00149
 2043   -0.00092    0.00824    0.00342
 2044   -0.00064    0.00714    0.00360
 2045   -0.00092    0.00745    0.00495
 2046   -0.00100    0.00735    0.00468
 2047   -0.00291    0.00830    0.00240
 2048   -0.00247    0.00897    0.00163
 2049   -0.00329    0.00796    0.00398
 2050   -0.00032    0.00614    0.00320
 2051    0.00002    0.00560    0.00343
 2052    0.00003    0.00675    0.00250
 2053   -0.00007    0.00652    0.00236
 2054    0.00038    0.00317    0.00312
 2055    0.00018    0.00048    0.00317
 2056    0.00064   -0.00272    0.00247
 2057    0.00051   -0.00321    0.00069
 2058    0.00075   -0.00524    0.00229
 2059   -0.00001    0.00780    0.00188
 2060    0.00021    0.00846    0.00123
 2061   -0.00015    0.00907    0.00176
 2062    0.00004    0.00957    0.00164
 2063    0.00027    0.00863    0.00093
 2064    0.00046    0.00772    0.00110
 2065    0.00045    0.00858    0.00099
 2066    0.00028    0.00873    0.00103
 2067    0.00038    0.00840    0.00109
 2068   -0.00018    0.00947    0.00205
 2069   -0.00032    0.01014    0.00206
 2070   -0.00052    0.01008    0.00196
 2071   -0.00058    0.00984    0.00227
 2072   -0.00019    0.01027    0.00250
 2073   -0.00021    0.01001    0.00298
 2074    0.00019    0.01065    0.00288
 2075   -0.00038    0.01034    0.00387
 2076   -0.00108    0.00964    0.00487
 2077   -0.00097    0.00923    0.00394
 2078   -0.00134    0.00957    0.00660
 2079   -0.00078    0.01005    0.00185
 2080   -0.00144    0.00983    0.00200
 2081   -0.00197    0.00989    0.00232
 2082   -0.00212    0.00976    0.00202
 2083   -0.00179    0.00918    0.00191
 2084   -0.00147    0.00931    0.00186
 2085   -0.00156    0.00874    0.00160
 2086   -0.00166    0.00941    0.00262
 2087   -0.00201    0.01009    0.00258
 2088   -0.00258    0.01048    0.00264
 2089   -0.00402    0.00952    0.00319
 2090   -0.00325    0.00972    0.00339
 2091   -0.00221    0.01129    0.00283
 2092   -0.00129    0.01151    0.00286
 2093   -0.00258    0.01183    0.00274
 2094   -0.00107    0.01193    0.00277
 2095   -0.00491    0.00868    0.00291
 2096   -0.00646    0.00758    0.00361
 2097   -0.00781    0.00772    0.00378
 2098   -0.00771    0.00763    0.00337
 2099   -0.00745    0.00605    0.00358
 2100   -0.00961    0.00413    0.00447
 2101   -0.00946    0.00428    0.00568
 2102   -0.01060    0.00223    0.00527
 2103   -0.01087    0.00201    0.00708
 2104   -0.01271    0.00037    0.00673
 2105   -0.01254    0.00034    0.00752
 2106   -0.00801    0.00814    0.00409
 2107   -0.00989    0.00952    0.00365
 2108   -0.00872    0.01052    0.00338
 2109   -0.00961    0.00992    0.00395
 2110   -0.01254    0.00668    0.00513
 2111   -0.00587    0.01257    0.00238
 2112   -0.00497    0.01480    0.00193
 2113   -0.00653    0.01293    0.00357
 2114   -0.00637    0.01419    0.00400
 2115   -0.00608    0.01106    0.00325
 2116   -0.00556    0.01071    0.00305
 2117   -0.00437    0.01021    0.00270
 2118   -0.00423    0.00924    0.00260
 2119   -0.00627    0.00870    0.00279
 2120   -0.00524    0.00805    0.00186
 2121   -0.00583    0.00558    0.00123
 2122   -0.00457    0.00450    0.00039
 2123   -0.00531    0.00159    0.00009
 2124   -0.00311    0.01082    0.00226
 2125   -0.00232    0.01048    0.00200
 2126   -0.00236    0.00886    0.00141
 2127   -0.00229    0.00810    0.00087
 2128   -0.00108    0.01125    0.00220
 2129   -0.00051    0.01255    0.00271
 2130    0.00064    0.01270    0.00337
 2131    0.00082    0.01226    0.00334
 2132    0.00082    0.01255    0.00352
 2133   -0.00246    0.00821    0.00124
 2134   -0.00243    0.00667    0.00045
 2135   -0.00126    0.00704   -0.00035
 2136   -0.00078    0.00821   -0.00020
 2137   -0.00309    0.00627    0.00072
 2138   -0.00431    0.00620    0.00162
 2139   -0.00468    0.00608    0.00209
 2140   -0.00534    0.00464    0.00162
 2141   -0.00079    0.00569   -0.00147
 2142    0.00065    0.00549   -0.00246
 2143    0.00126    0.00466   -0.00362
 2144    0.00040    0.00312   -0.00358
 2145    0.00156    0.00456   -0.00361
 2146    0.00336    0.00483   -0.00480
 2147    0.00347    0.00658   -0.00380
 2148    0.00252    0.00754   -0.00267
 2149    0.00484    0.00691   -0.00475
 2150    0.00206    0.00523   -0.00407
 2151    0.00257    0.00463   -0.00487
 2152    0.00305    0.00255   -0.00599
 2153    0.00383    0.00208   -0.00661
 2154    0.00287    0.00550   -0.00458
 2155    0.00130    0.00688   -0.00262
 2156    0.00082    0.00773   -0.00191
 2157    0.00131    0.00704   -0.00170
 2158    0.00257    0.00139   -0.00640
 2159    0.00290   -0.00062   -0.00740
 2160    0.00139   -0.00209   -0.00667
 2161    0.00103   -0.00392   -0.00728
 2162    0.00056   -0.00165   -0.00566
 2163   -0.00090   -0.00297   -0.00499
 2164   -0.00202   -0.00269   -0.00412
 2165   -0.00183   -0.00077   -0.00353
 2166   -0.00136   -0.00214   -0.00388
 2167   -0.00051   -0.00246   -0.00456
 2168   -0.00149   -0.00455   -0.00462
 2169   -0.00073   -0.00492   -0.00530
 2170   -0.00040   -0.00347   -0.00481
 2171    0.00030   -0.00418   -0.00571
 2172   -0.00120   -0.00150   -0.00367
 2173   -0.00300   -0.00439   -0.00408
 2174   -0.00409   -0.00422   -0.00313
 2175   -0.00563   -0.00388   -0.00156
 2176   -0.00596   -0.00399   -0.00123
 2177   -0.00465   -0.00634   -0.00395
 2178   -0.00540   -0.00840   -0.00408
 2179   -0.00329   -0.00677   -0.00574
 2180   -0.00619   -0.00325   -0.00066
 2181   -0.00739   -0.00298    0.00095
 2182   -0.00874   -0.00528    0.00126
 2183   -0.00939   -0.00524    0.00230
 2184   -0.00779   -0.00212    0.00192
 2185   -0.00657    0.00017    0.00200
 2186   -0.00648    0.00067    0.00251
 2187   -0.00650    0.00173    0.00278
 2188   -0.00904   -0.00704    0.00043
 2189   -0.01020   -0.00961    0.00038
 2190   -0.01013   -0.01020   -0.00007
 2191   -0.01155   -0.01161    0.00063
 2192   -0.00980   -0.01127   -0.00105
 2193   -0.01114   -0.01422   -0.00099
 2194   -0.00856   -0.00907   -0.00100
 2195   -0.00817   -0.00948   -0.00153
 2196   -0.00882   -0.00831   -0.00028
 2197   -0.00893   -0.00871   -0.00037
 2198   -0.00619   -0.00842   -0.00268
 2199   -0.00531   -0.01026   -0.00436
 2200   -0.00377   -0.00935   -0.00543
 2201   -0.00613   -0.01280   -0.00495
 2202   -0.00940   -0.00682    0.00104
 2203   -0.00979   -0.00554    0.00212
 2204   -0.01142   -0.00665    0.00386
 2205   -0.01215   -0.00577    0.00526
 2206   -0.00882   -0.00254    0.00230
 2207   -0.00712   -0.00153    0.00125
 2208   -0.00586   -0.00102    0.00023
 2209   -0.00667   -0.00080    0.00089
 2210   -0.00440   -0.00011   -0.00066
 2211   -0.00520    0.00009   -0.00003
 2212   -0.00411    0.00040   -0.00075
 2213   -0.00265    0.00135   -0.00153
 2214   -0.01228   -0.00866    0.00380
 2215   -0.01387   -0.00955    0.00520
 2216   -0.01378   -0.00768    0.00661
 2217   -0.01504   -0.00790    0.00818
 2218   -0.01644   -0.01143    0.00617
 2219   -0.01791   -0.01421    0.00455
 2220   -0.01675   -0.01473    0.00298
 2221   -0.02638   -0.01720    0.00567
 2222   -0.01228   -0.00591    0.00578
 2223   -0.01128   -0.00418    0.00643
 2224   -0.01243   -0.00489    0.00756
 2225   -0.01181   -0.00548    0.00649
 2226   -0.00989   -0.00214    0.00555
 2227   -0.00944   -0.00085    0.00545
 2228   -0.00923   -0.00065    0.00641
 2229   -0.00785    0.00070    0.00384
 2230   -0.01283   -0.00470    0.00912
 2231   -0.01412   -0.00533    0.01058
 2232   -0.01274   -0.00347    0.01086
 2233   -0.01096   -0.00188    0.01017
 2234   -0.01630   -0.00660    0.01239
 2235   -0.01820   -0.00871    0.01176
 2236   -0.01966   -0.01133    0.01057
 2237   -0.02762   -0.01635    0.00992
 2238   -0.01840   -0.01153    0.00892
 2239   -0.01345   -0.00384    0.01190
 2240   -0.01224   -0.00225    0.01269
 2241   -0.01256   -0.00147    0.01430
 2242   -0.01388   -0.00270    0.01530
 2243   -0.01339   -0.00300    0.01346
 2244   -0.01540   -0.00511    0.01505
 2245   -0.01689   -0.00651    0.01557
 2246   -0.01677   -0.00488    0.01755
 2247   -0.01892   -0.00520    0.02050
 2248   -0.01203    0.00041    0.01498
 2249   -0.01262    0.00153    0.01645
 2250   -0.01262    0.00195    0.01548
 2251   -0.01339    0.00303    0.01671
 2252   -0.01434    0.00063    0.01895
 2253   -0.01485    0.00204    0.02022
 2254   -0.01470    0.00123    0.01975
 2255   -0.01608   -0.00074    0.02059
 2256   -0.01319    0.00258    0.01852
 2257   -0.01209    0.00132    0.01398
 2258   -0.01186    0.00156    0.01293
 2259   -0.00952    0.00366    0.01085
 2260   -0.00859    0.00457    0.01064
 2261   -0.01222    0.00010    0.01143
 2262   -0.01091    0.00018    0.01015
 2263   -0.00793    0.00532    0.00940
 2264   -0.00658    0.00750    0.00836
 2265   -0.00572    0.00802    0.00680
 2266   -0.00577    0.00789    0.00613
 2267   -0.00682    0.00797    0.00797
 2268   -0.00778    0.00709    0.00981
 2269   -0.00538    0.00899    0.00695
 2270   -0.00465    0.00873    0.00634
 2271   -0.00383    0.00897    0.00488
 2272   -0.00317    0.00989    0.00485
 2273   -0.00321    0.01013    0.00514
 2274   -0.00381    0.00849    0.00463
 2275   -0.00459    0.00711    0.00486
 2276   -0.00406    0.00702    0.00388
 2277   -0.00583    0.00576    0.00496
 2278   -0.00272    0.01003    0.00385
 2279   -0.00208    0.01043    0.00346
 2280   -0.00187    0.01006    0.00318
 2281   -0.00175    0.01020    0.00287
 2282   -0.00207    0.01060    0.00293
 2283   -0.00162    0.01097    0.00265
 2284   -0.00106    0.01062    0.00091
 2285   -0.00208    0.01104    0.00335
 2286   -0.00056    0.01056    0.00076
 2287   -0.00167    0.01073    0.00264
 2288   -0.00195    0.00972    0.00289
 2289   -0.00160    0.00941    0.00249
 2290   -0.00134    0.00880    0.00215
 2291   -0.00141    0.00812    0.00169
 2292   -0.00172    0.00905    0.00272
 2293   -0.00102    0.00862    0.00264
 2294   -0.00057    0.00870    0.00226
 2295   -0.00128    0.00830    0.00279
 2296   -0.00109    0.00897    0.00202
 2297   -0.00093    0.00829    0.00154
 2298   -0.00057    0.00755    0.00158
 2299   -0.00030    0.00798    0.00185
 2300   -0.00064    0.00909    0.00160
 2301   -0.00038    0.00809    0.00133
 2302   -0.00080    0.00966    0.00129
 2303   -0.00052    0.00608    0.00146
 2304   -0.00016    0.00490    0.00181
 2305   -0.00024    0.00428    0.00220
 2306   -0.00026    0.00388    0.00162
 2307   -0.00009    0.00292    0.00088
 2308   -0.00052    0.00343    0.00098
 2309   -0.00020    0.00123    0.00067
 2310   -0.00016    0.00495    0.00141
 2311   -0.00021    0.00489    0.00310
 2312   -0.00014    0.00481    0.00398
 2313   -0.00012    0.00307    0.00523
 2314   -0.00019    0.00262    0.00645
 2315   -0.00027    0.00577    0.00517
 2316   -0.00034    0.00725    0.00434
 2317   -0.00015    0.00722    0.00458
 2318    0.00001    0.00800    0.00435
 2319    0.00002    0.00794    0.00347
 2320   -0.00008    0.00718    0.00257
 2321    0.00016    0.00881    0.00319
 2322    0.00010    0.00176    0.00464
 2323    0.00045   -0.00030    0.00487
 2324    0.00064   -0.00021    0.00616
 2325    0.00068    0.00113    0.00572
 2326    0.00019   -0.00174    0.00293
 2327   -0.00002   -0.00204    0.00143
 2328   -0.00020   -0.00340   -0.00027
 2329    0.00007   -0.00401    0.00065
 2330    0.00119   -0.00166    0.00771
 2331    0.00173   -0.00150    0.00855
 2332    0.00248   -0.00242    0.00896
 2333    0.00301   -0.00318    0.00930
 2334    0.00234   -0.00262    0.01288
 2335    0.00135   -0.00160    0.01311
 2336    0.00116   -0.00280    0.01868
 2337    0.00221   -0.00507    0.02012
 2338    0.00253   -0.00771    0.02470
 2339    0.00119   -0.00951    0.02715
 2340    0.00267   -0.00955    0.02526
 2341    0.00243   -0.00152    0.00729
 2342    0.00266   -0.00161    0.00665
 2343    0.00334   -0.00117    0.00699
 2344    0.00337   -0.00069    0.00675
