    1    0.02239    0.03081   -0.04702
    2    0.02487    0.01915   -0.03045
    3    0.01525    0.01077   -0.01895
    4    0.01274    0.00853   -0.01639
    5    0.05224    0.02155   -0.04155
    6    0.04998    0.00334   -0.01614
    7    0.14398   -0.01425    0.03693
    8    0.15487   -0.05072    0.07892
    9    0.01238    0.00533   -0.01302
   10    0.00937    0.00292   -0.01062
   11    0.01034    0.00045   -0.01058
   12    0.01357   -0.00187   -0.01078
   13    0.00765    0.00015   -0.00877
   14    0.00831   -0.00786   -0.00500
   15    0.00231   -0.01033   -0.00326
   16   -0.00166   -0.00672   -0.00424
   17    0.00026   -0.01716   -0.00187
   18    0.00899    0.00114   -0.01025
   19    0.00960   -0.00000   -0.00996
   20    0.01018   -0.00259   -0.00966
   21    0.01099   -0.00448   -0.00888
   22    0.00910    0.00015   -0.00892
   23    0.00868    0.00054   -0.00821
   24    0.00777   -0.00225   -0.00846
   25    0.00922    0.00139   -0.00831
   26    0.01037   -0.00241   -0.00931
   27    0.01001   -0.00161   -0.00741
   28    0.00824   -0.00051   -0.00665
   29    0.00803   -0.00081   -0.00746
   30    0.01041   -0.00089   -0.00632
   31    0.01286   -0.00304   -0.00733
   32    0.01209   -0.00135   -0.00559
   33    0.01370   -0.00145   -0.00580
   34    0.02155   -0.00504   -0.00785
   35    0.00742   -0.00037   -0.00577
   36    0.00680   -0.00053   -0.00562
   37    0.00802   -0.00120   -0.00443
   38    0.00942   -0.00113   -0.00371
   39    0.00539    0.00006   -0.00462
   40    0.00456    0.00104   -0.00597
   41    0.00689    0.00110   -0.00547
   42    0.00781   -0.00117   -0.00433
   43    0.00917   -0.00117   -0.00330
   44    0.00910   -0.00087   -0.00168
   45    0.00748   -0.00105   -0.00144
   46    0.00909   -0.00114   -0.00412
   47    0.00987   -0.00114   -0.00349
   48    0.01227   -0.00051   -0.00322
   49    0.01203   -0.00096   -0.00430
   50    0.01051   -0.00079   -0.00040
   51    0.01039   -0.00081    0.00090
   52    0.01014   -0.00046    0.00048
   53    0.01107   -0.00011   -0.00018
   54    0.01155   -0.00096    0.00228
   55    0.01097   -0.00093    0.00352
   56    0.01205   -0.00135    0.00489
   57    0.01380   -0.00152    0.00556
   58    0.01108   -0.00064    0.00578
   59    0.00855   -0.00050    0.00086
   60    0.00772   -0.00061    0.00065
   61    0.00858   -0.00040    0.00132
   62    0.00815   -0.00047    0.00220
   63    0.00600   -0.00052    0.00072
   64    0.00560   -0.00023    0.00039
   65    0.00525   -0.00073    0.00212
   66    0.00388    0.00025    0.00028
   67    0.01016   -0.00018    0.00081
   68    0.01090   -0.00045    0.00129
   69    0.01165   -0.00006    0.00042
   70    0.01242    0.00035   -0.00031
   71    0.01209   -0.00021    0.00235
   72    0.01244   -0.00046    0.00278
   73    0.01194   -0.00066    0.00343
   74    0.01404   -0.00054    0.00245
   75    0.01129    0.00003    0.00073
   76    0.01194    0.00060    0.00016
   77    0.01383    0.00073   -0.00051
   78    0.01390    0.00150   -0.00115
   79    0.01168    0.00008    0.00039
   80    0.01095   -0.00036    0.00136
   81    0.01014   -0.00031    0.00159
   82    0.01462    0.00040    0.00028
   83    0.01637    0.00046   -0.00006
   84    0.01575    0.00042   -0.00089
   85    0.01597    0.00103   -0.00127
   86    0.01680    0.00006    0.00122
   87    0.01864   -0.00041    0.00140
   88    0.01968   -0.00142    0.00244
   89    0.01854   -0.00122    0.00276
   90    0.02356   -0.00321    0.00443
   91    0.01564    0.00040   -0.00069
   92    0.01573    0.00027   -0.00126
   93    0.01499    0.00061   -0.00223
   94    0.01524    0.00076   -0.00290
   95    0.01515    0.00020   -0.00073
   96    0.01625   -0.00049    0.00028
   97    0.01537   -0.00085    0.00138
   98    0.01536   -0.00066   -0.00035
   99    0.01387    0.00042   -0.00183
  100    0.01335    0.00074   -0.00225
  101    0.01406    0.00151   -0.00189
  102    0.01390    0.00109   -0.00201
  103    0.01201    0.00095   -0.00195
  104    0.01069    0.00021   -0.00204
  105    0.01065   -0.00016   -0.00158
  106    0.00940    0.00053   -0.00218
  107    0.01485    0.00202   -0.00185
  108    0.01510    0.00266   -0.00165
  109    0.01479    0.00277   -0.00110
  110    0.01390    0.00312   -0.00095
  111    0.01565    0.00297   -0.00148
  112    0.01498    0.00289   -0.00193
  113    0.01435    0.00350   -0.00278
  114    0.01481    0.00247   -0.00153
  115    0.01536    0.00189   -0.00149
  116    0.01488    0.00145   -0.00153
  117    0.01384    0.00047   -0.00277
  118    0.01330    0.00026   -0.00267
  119    0.01578    0.00039   -0.00296
  120    0.01615    0.00012   -0.00264
  121    0.01592   -0.00035   -0.00219
  122    0.01647   -0.00096   -0.00223
  123    0.01370   -0.00047   -0.00245
  124    0.01421    0.00026   -0.00340
  125    0.01388   -0.00038   -0.00326
  126    0.01332   -0.00073   -0.00269
  127    0.01180   -0.00116   -0.00212
  128    0.01348   -0.00138   -0.00302
  129    0.01261   -0.00282   -0.00303
  130    0.01377   -0.00086   -0.00302
  131    0.01309    0.00032   -0.00164
  132    0.01250    0.00088   -0.00013
  133    0.01178    0.00166    0.00031
  134    0.01097    0.00156    0.00173
  135    0.01283    0.00192   -0.00026
  136    0.01229    0.00097   -0.00106
  137    0.01232    0.00248   -0.00153
  138    0.01159   -0.00042   -0.00129
  139    0.01219    0.00278   -0.00007
  140    0.01129    0.00451    0.00085
  141    0.00898    0.00300    0.00250
  142    0.00727    0.00466    0.00506
  143    0.01063    0.00466    0.00068
  144    0.01095    0.00307    0.00029
  145    0.00986    0.00124    0.00132
  146    0.00866   -0.00001    0.00101
  147    0.00787   -0.00209    0.00162
  148    0.00660   -0.00338    0.00289
  149    0.01075   -0.00020   -0.00173
  150    0.01132   -0.00015   -0.00216
  151    0.01413   -0.00059   -0.00345
  152    0.01575   -0.00101   -0.00344
  153    0.01783   -0.00144   -0.00380
  154    0.01764   -0.00115   -0.00401
  155    0.01993   -0.00320   -0.00391
  156    0.00876   -0.00238    0.00125
  157    0.00756   -0.00547    0.00237
  158    0.00653   -0.00415    0.00461
  159    0.00484   -0.00673    0.00632
  160    0.00866   -0.00640    0.00065
  161    0.00939   -0.00663   -0.00101
  162    0.00988   -0.00684   -0.00175
  163    0.00770   -0.00931   -0.00085
  164    0.00692    0.00003    0.00573
  165    0.00587    0.00180    0.00645
  166    0.00821    0.00243    0.00348
  167    0.00837    0.00213    0.00303
  168    0.00970    0.00311    0.00212
  169    0.01133    0.00383    0.00014
  170    0.01156    0.00707   -0.00045
  171    0.01155    0.00814   -0.00032
  172    0.01179    0.00253   -0.00020
  173    0.01236    0.00338   -0.00090
  174    0.01154   -0.00048    0.00035
  175    0.01234    0.00829   -0.00104
  176    0.01341    0.01153   -0.00056
  177    0.01439    0.01211   -0.00200
  178    0.01427    0.01054   -0.00251
  179    0.01323    0.01271    0.00006
  180    0.01673    0.01628   -0.00046
  181    0.01663    0.01692   -0.00162
  182    0.01664    0.01810   -0.00058
  183    0.01686    0.01711    0.00001
  184    0.01535    0.01729   -0.00329
  185    0.01489    0.01646   -0.00415
  186    0.01428    0.01274   -0.00674
  187    0.01302    0.01255   -0.00811
  188    0.01226    0.01913   -0.00527
  189    0.01200    0.02383   -0.00437
  190    0.00065    0.02790   -0.00619
  191   -0.00659    0.02808   -0.00614
  192   -0.00288    0.03408   -0.00601
  193    0.01378    0.01249   -0.00494
  194    0.01278    0.01009   -0.00584
  195    0.01355    0.00870   -0.00523
  196    0.01408    0.00849   -0.00421
  197    0.01162    0.00955   -0.00474
  198    0.01114    0.01162   -0.00519
  199    0.01154    0.01283   -0.00458
  200    0.00981    0.01232   -0.00621
  201    0.01036    0.01430   -0.00614
  202    0.00959    0.01364   -0.00711
  203    0.00869    0.01151   -0.00706
  204    0.00799    0.01317   -0.00863
  205    0.00669    0.01115   -0.00803
  206    0.00667    0.01228   -0.00868
  207    0.01264    0.00761   -0.00554
  208    0.01317    0.00625   -0.00453
  209    0.01162    0.00500   -0.00461
  210    0.00939    0.00511   -0.00441
  211    0.01450    0.00575   -0.00410
  212    0.01542    0.00733   -0.00358
  213    0.01584    0.00741   -0.00239
  214    0.01630    0.00954   -0.00213
  215    0.01796    0.01183   -0.00157
  216    0.01821    0.01177   -0.00089
  217    0.01737    0.01374   -0.00012
  218    0.01202    0.00356   -0.00428
  219    0.00970    0.00314   -0.00303
  220    0.00974    0.00273   -0.00250
  221    0.01116    0.00235   -0.00185
  222    0.00970    0.00231   -0.00204
  223    0.00934    0.00198   -0.00280
  224    0.01026    0.00196   -0.00236
  225    0.00737    0.00173   -0.00325
  226    0.00975    0.00143   -0.00269
  227    0.00708    0.00093   -0.00359
  228    0.00809    0.00094   -0.00325
  229    0.00802    0.00245   -0.00206
  230    0.00807    0.00226   -0.00194
  231    0.00616    0.00179   -0.00132
  232    0.00441    0.00164   -0.00151
  233    0.00742    0.00313   -0.00298
  234    0.00715    0.00275   -0.00198
  235    0.00855    0.00422   -0.00361
  236    0.00607    0.00135   -0.00027
  237    0.00460    0.00150    0.00048
  238    0.00284    0.00218   -0.00036
  239    0.00265    0.00294   -0.00157
  240    0.00509    0.00119    0.00124
  241    0.00611    0.00104    0.00197
  242    0.00735    0.00086    0.00189
  243    0.00635    0.00045    0.00191
  244    0.00149    0.00262    0.00035
  245   -0.00059    0.00331    0.00012
  246   -0.00099    0.00259    0.00061
  247   -0.00067    0.00264    0.00140
  248   -0.00133    0.00350   -0.00059
  249   -0.00447    0.00353   -0.00054
  250   -0.00082    0.00327   -0.00180
  251   -0.00169    0.00259    0.00018
  252   -0.00234    0.00271    0.00006
  253   -0.00408    0.00265    0.00047
  254   -0.00434    0.00275    0.00025
  255   -0.00289    0.00270   -0.00083
  256   -0.00065    0.00247   -0.00157
  257   -0.00106    0.00335   -0.00269
  258    0.00126    0.00261   -0.00186
  259   -0.00509    0.00331    0.00058
  260   -0.00645    0.00344    0.00066
  261   -0.00767    0.00399    0.00114
  262   -0.00831    0.00463    0.00012
  263   -0.00931    0.00389    0.00171
  264   -0.01104    0.00500    0.00113
  265   -0.01298    0.00630   -0.00028
  266   -0.01434    0.00672   -0.00100
  267   -0.01035    0.00412    0.00155
  268   -0.00852    0.00326    0.00274
  269   -0.00869    0.00289    0.00357
  270   -0.00826    0.00254    0.00156
  271   -0.01374    0.00674   -0.00025
  272   -0.01567    0.00711   -0.00105
  273   -0.01564    0.00734   -0.00129
  274   -0.01380    0.00735   -0.00081
  275   -0.01513    0.00661   -0.00066
  276   -0.01372    0.00527   -0.00029
  277   -0.01249    0.00506    0.00017
  278   -0.01359    0.00527    0.00035
  279   -0.01072    0.00413    0.00024
  280   -0.01726    0.00826   -0.00226
  281   -0.01604    0.00935   -0.00249
  282   -0.01531    0.00870   -0.00165
  283   -0.01314    0.00893   -0.00187
  284   -0.01827    0.01024   -0.00448
  285   -0.01812    0.01095   -0.00634
  286   -0.01834    0.00979   -0.00595
  287   -0.02200    0.01014   -0.00876
  288   -0.01621    0.00855   -0.00411
  289   -0.01584    0.00757   -0.00061
  290   -0.01475    0.00615   -0.00016
  291   -0.01197    0.00567    0.00031
  292   -0.01109    0.00497    0.00045
  293   -0.01608    0.00447    0.00025
  294   -0.01153    0.00576    0.00013
  295   -0.00957    0.00507    0.00009
  296   -0.00916    0.00662   -0.00049
  297   -0.00764    0.00627   -0.00066
  298   -0.00920    0.00424    0.00020
  299   -0.00901    0.00373    0.00049
  300   -0.01059    0.00815   -0.00077
  301   -0.01003    0.00905   -0.00164
  302   -0.00924    0.00991   -0.00222
  303   -0.00861    0.00950   -0.00343
  304   -0.01150    0.00979   -0.00218
  305   -0.01150    0.00843   -0.00162
  306   -0.01303    0.00858   -0.00235
  307   -0.01014    0.00716   -0.00183
  308   -0.01024    0.00970   -0.00204
  309   -0.00942    0.00908   -0.00324
  310   -0.00744    0.00828   -0.00311
  311   -0.00617    0.00835   -0.00369
  312   -0.00678    0.00774   -0.00214
  313   -0.00495    0.00649   -0.00195
  314   -0.00293    0.00668   -0.00308
  315   -0.00110    0.00557   -0.00326
  316   -0.00471    0.00567   -0.00095
  317   -0.00564    0.00500   -0.00089
  318   -0.00383    0.00763   -0.00407
  319   -0.00183    0.00719   -0.00581
  320   -0.00104    0.00846   -0.00762
  321   -0.00234    0.00845   -0.00851
  322   -0.00271    0.00715   -0.00591
  323   -0.00171    0.00680   -0.00650
  324   -0.00279    0.00621   -0.00420
  325    0.00079    0.00947   -0.00933
  326    0.00141    0.01111   -0.01014
  327    0.00121    0.01169   -0.01160
  328    0.00113    0.01085   -0.01151
  329    0.00258    0.01192   -0.01295
  330    0.00292    0.00880   -0.00931
  331    0.00167    0.00821   -0.00828
  332    0.00103    0.01276   -0.01201
  333   -0.00119    0.01139   -0.01112
  334    0.00075    0.01358   -0.01182
  335    0.00195    0.01461   -0.01241
  336   -0.00509    0.01123   -0.00915
  337    0.00096    0.01357   -0.01192
  338   -0.00217    0.01235   -0.00998
  339   -0.00031    0.01011   -0.00976
  340    0.00267    0.01089   -0.00972
  341   -0.00160    0.01446   -0.01014
  342   -0.00103    0.01664   -0.01073
  343    0.00189    0.01480   -0.01141
  344   -0.00208    0.00837   -0.01000
  345   -0.00067    0.00752   -0.00903
  346   -0.00152    0.00765   -0.00822
  347   -0.00451    0.00787   -0.00839
  348   -0.00237    0.00649   -0.00873
  349    0.00045    0.00756   -0.00748
  350    0.00040    0.00706   -0.00652
  351   -0.00007    0.00419   -0.00617
  352   -0.00145    0.00333   -0.00492
  353    0.00387    0.00534   -0.00665
  354    0.00575    0.00541   -0.00584
  355    0.00017    0.00367   -0.00569
  356    0.00051    0.00171   -0.00486
  357    0.00046    0.00159   -0.00482
  358    0.00129    0.00251   -0.00494
  359    0.00274   -0.00145   -0.00453
  360   -0.00083    0.00063   -0.00454
  361   -0.00141    0.00078   -0.00392
  362   -0.00066   -0.00078   -0.00359
  363   -0.00085   -0.00197   -0.00323
  364   -0.00352    0.00147   -0.00410
  365   -0.00373    0.00082   -0.00391
  366   -0.00330    0.00135   -0.00335
  367   -0.00613    0.00079   -0.00311
  368    0.00085   -0.00148   -0.00315
  369    0.00131   -0.00248   -0.00262
  370    0.00060   -0.00145   -0.00171
  371    0.00004   -0.00062   -0.00148
  372    0.00302   -0.00237   -0.00255
  373    0.00400   -0.00264   -0.00268
  374    0.00344   -0.00345   -0.00250
  375    0.00565   -0.00150   -0.00288
  376    0.00015   -0.00199   -0.00169
  377   -0.00130   -0.00062   -0.00088
  378   -0.00069   -0.00126   -0.00079
  379   -0.00051   -0.00151   -0.00140
  380   -0.00235   -0.00053   -0.00046
  381   -0.00343    0.00016    0.00042
  382   -0.00394    0.00064    0.00145
  383   -0.00490    0.00110    0.00059
  384   -0.00036   -0.00001    0.00006
  385   -0.00035    0.00046    0.00032
  386   -0.00151    0.00095    0.00178
  387   -0.00148    0.00112    0.00272
  388    0.00106    0.00012    0.00051
  389    0.00083    0.00024    0.00086
  390    0.00235   -0.00013    0.00033
  391    0.00036    0.00068    0.00265
  392   -0.00273    0.00162    0.00207
  393   -0.00407    0.00273    0.00362
  394   -0.00494    0.00369    0.00342
  395   -0.00509    0.00378    0.00189
  396   -0.00522    0.00374    0.00352
  397   -0.00556    0.00349    0.00294
  398   -0.00723    0.00550    0.00360
  399   -0.00448    0.00196    0.00124
  400   -0.00781    0.00563    0.00254
  401   -0.00431    0.00185    0.00058
  402   -0.00583    0.00343    0.00105
  403   -0.00644    0.00520    0.00454
  404   -0.00725    0.00658    0.00516
  405   -0.00967    0.00806    0.00435
  406   -0.01100    0.00965    0.00569
  407   -0.00784    0.00746    0.00705
  408   -0.00786    0.00724    0.00767
  409   -0.00667    0.00559    0.00604
  410   -0.01018    0.00791    0.00272
  411   -0.01321    0.01060    0.00081
  412   -0.01568    0.01462    0.00271
  413   -0.01822    0.01662    0.00168
  414   -0.01239    0.01063   -0.00163
  415   -0.01242    0.01177   -0.00310
  416   -0.01079    0.00942   -0.00235
  417   -0.01010    0.01079   -0.00428
  418   -0.01665    0.01604    0.00488
  419   -0.02029    0.02216    0.00652
  420   -0.02148    0.02633    0.00547
  421   -0.02129    0.02427    0.00394
  422   -0.01849    0.02156    0.00859
  423   -0.01749    0.01990    0.00977
  424   -0.01595    0.01795    0.00941
  425   -0.02734    0.03424    0.00591
  426   -0.03013    0.03760    0.00497
  427   -0.02707    0.03656    0.00907
  428   -0.02873    0.03855    0.00823
  429   -0.03723    0.04763    0.00472
  430   -0.02377    0.03322    0.01173
  431   -0.02094    0.03302    0.01469
  432   -0.01900    0.02713    0.01365
  433   -0.01709    0.02783    0.01455
  434   -0.02024    0.03216    0.01638
  435   -0.01788    0.03043    0.01653
  436   -0.01579    0.03570    0.02075
  437   -0.01628    0.03844    0.02137
  438   -0.01475    0.03805    0.02379
  439   -0.01841    0.02371    0.01134
  440   -0.01691    0.01962    0.00921
  441   -0.01911    0.01962    0.00748
  442   -0.01750    0.01693    0.00711
  443   -0.01550    0.01595    0.00753
  444   -0.01389    0.01250    0.00569
  445   -0.01401    0.01128    0.00262
  446   -0.01186    0.01014    0.00618
  447   -0.01065    0.00706    0.00153
  448   -0.00973    0.00652    0.00364
  449   -0.02309    0.02258    0.00504
  450   -0.02586    0.02185    0.00257
  451   -0.02709    0.02394    0.00324
  452   -0.02832    0.02114    0.00095
  453   -0.03041    0.02434   -0.00087
  454   -0.03142    0.02055   -0.00285
  455   -0.02368    0.01827   -0.00070
  456   -0.02358    0.01855   -0.00195
  457   -0.02032    0.01613    0.00006
  458   -0.02608    0.02890    0.00655
  459   -0.02449    0.03083    0.00883
  460   -0.01821    0.02465    0.01092
  461   -0.01579    0.02170    0.01131
  462   -0.02374    0.04006    0.01461
  463   -0.02988    0.04996    0.01381
  464   -0.03267    0.05837    0.01443
  465   -0.03431    0.05529    0.00844
  466   -0.01626    0.02258    0.01146
  467   -0.01057    0.01732    0.01296
  468   -0.01119    0.01183    0.01025
  469   -0.00746    0.00729    0.01019
  470   -0.00991    0.01775    0.01297
  471   -0.00743    0.01344    0.01159
  472   -0.00437    0.01153    0.01174
  473   -0.00859    0.01021    0.00967
  474   -0.00254    0.00821    0.01088
  475   -0.00747    0.00676    0.00844
  476   -0.00505    0.00630    0.00855
  477   -0.01496    0.01131    0.00745
  478   -0.01434    0.00325    0.00684
  479   -0.01438   -0.00047    0.00706
  480   -0.01176   -0.00663    0.00691
  481   -0.01658    0.00393    0.00460
  482   -0.01360    0.00418    0.00404
  483   -0.01020    0.00103    0.00423
  484   -0.00868    0.00034    0.00304
  485   -0.00667   -0.00098    0.00274
  486   -0.00653   -0.00220    0.00402
  487   -0.00479   -0.00102    0.00123
  488   -0.01782    0.00360    0.00623
  489   -0.01935   -0.00111    0.00666
  490   -0.01255   -0.00555    0.00781
  491   -0.01119   -0.01282    0.00864
  492   -0.02457    0.00774    0.00427
  493   -0.03176    0.01075    0.00007
  494   -0.03428    0.00056    0.00249
  495   -0.03760    0.00425   -0.00068
  496   -0.05676    0.01846   -0.02241
  497   -0.00891   -0.00070    0.00774
  498   -0.00281   -0.00521    0.00584
  499   -0.00102   -0.00848    0.00506
  500    0.00218   -0.01326    0.00258
  501    0.00104    0.00116    0.00703
  502   -0.00335   -0.00595    0.00634
  503   -0.00270   -0.00763    0.00637
  504   -0.00295   -0.01219    0.00572
  505   -0.00155   -0.01298    0.00484
  506   -0.00439   -0.00422    0.00646
  507   -0.00320   -0.00481    0.00548
  508   -0.00486   -0.00274    0.00577
  509   -0.00620   -0.00400    0.00562
  510   -0.00449   -0.00196    0.00456
  511   -0.00608   -0.01342    0.00689
  512   -0.00671   -0.01561    0.00776
  513   -0.00293   -0.01969    0.00867
  514   -0.00129   -0.01914    0.00861
  515   -0.01090   -0.01645    0.00811
  516   -0.01325   -0.01418    0.00861
  517   -0.01048   -0.01841    0.00935
  518   -0.01830   -0.01346    0.00888
  519   -0.00209   -0.02295    0.00707
  520    0.00248   -0.02909    0.00600
  521    0.00719   -0.02953    0.00239
  522    0.01196   -0.03604   -0.00015
  523    0.00558   -0.03609    0.00730
  524    0.00430   -0.04536    0.01461
  525   -0.00816   -0.03417    0.01250
  526   -0.01125   -0.03201    0.01462
  527   -0.00811   -0.02990    0.01121
  528    0.00528   -0.02302    0.00068
  529    0.00501   -0.02042   -0.00373
  530   -0.00227   -0.01829   -0.00251
  531   -0.00506   -0.01794   -0.00723
  532    0.00564   -0.01536   -0.00369
  533    0.00880   -0.01414   -0.00868
  534    0.00467   -0.01301   -0.00814
  535    0.00098   -0.01146   -0.00362
  536    0.00713   -0.01298   -0.01877
  537   -0.00303   -0.01646    0.00175
  538   -0.00583   -0.01426    0.00394
  539   -0.00401   -0.01553    0.00591
  540   -0.00903   -0.01095    0.00924
  541   -0.00445   -0.01255    0.00607
  542   -0.00593   -0.01141    0.00495
  543   -0.00331   -0.00977    0.00280
  544   -0.00297   -0.01053    0.00548
  545   -0.00004   -0.01934    0.00774
  546    0.00235   -0.02079    0.01456
  547    0.00156   -0.00586    0.02106
  548    0.00255    0.00266    0.02301
  549    0.00422   -0.03123    0.00661
  550   -0.00178   -0.00084    0.02365
  551   -0.01443    0.06054    0.03714
  552   -0.02165    0.04472    0.03007
  553   -0.16707    0.30595    0.09710
  554   -0.00764    0.00359    0.01774
  555   -0.01424    0.00131    0.01838
  556   -0.00964    0.00200    0.01726
  557   -0.00641    0.00985    0.01524
  558   -0.00991   -0.00469    0.01287
  559   -0.00331   -0.00556    0.01145
  560   -0.00331   -0.00813    0.00904
  561   -0.00612   -0.00888    0.00758
  562   -0.00081   -0.00775    0.00845
  563   -0.00885   -0.00197    0.01826
  564   -0.00633   -0.00235    0.01804
  565   -0.00529   -0.00466    0.01542
  566   -0.00652   -0.00600    0.01387
  567   -0.00772   -0.00107    0.02430
  568   -0.00796   -0.00157    0.02102
  569   -0.00842   -0.00047    0.02034
  570   -0.00837    0.00148    0.02117
  571   -0.00868   -0.00088    0.01912
  572   -0.00352   -0.00286    0.01423
  573   -0.00248   -0.00339    0.01309
  574   -0.00347   -0.00104    0.01481
  575   -0.00313    0.00262    0.01700
  576    0.00025   -0.00160    0.01219
  577    0.00002   -0.00525    0.01363
  578    0.00082   -0.00362    0.01130
  579   -0.00581   -0.00297    0.01633
  580   -0.00676   -0.00071    0.01980
  581   -0.00434    0.00045    0.02143
  582   -0.00230   -0.00217    0.01823
  583   -0.00986   -0.00083    0.01882
  584   -0.01220    0.00090    0.02200
  585   -0.00326    0.00286    0.02673
  586   -0.00200    0.00013    0.02822
  587   -0.00377   -0.00129    0.02576
  588    0.00192   -0.01247    0.02656
  589    0.00027    0.00694    0.03896
  590   -0.00441    0.01368    0.04196
  591   -0.00540    0.00726    0.03315
  592   -0.00763   -0.00111    0.02479
  593   -0.00876   -0.00325    0.02323
  594   -0.00507   -0.00483    0.01571
  595   -0.00302   -0.00653    0.01119
  596   -0.01310    0.00400    0.02377
  597   -0.01619   -0.00040    0.02635
  598   -0.03848   -0.00920    0.03893
  599   -0.01709    0.01063    0.01670
  600   -0.04706   -0.01050    0.04135
  601   -0.00372   -0.00454    0.01341
  602   -0.00164   -0.00659    0.00890
  603    0.00467   -0.00962    0.00881
  604    0.00636   -0.01027    0.00998
  605   -0.00203   -0.00553    0.00912
  606    0.00021   -0.00695    0.00713
  607   -0.00489   -0.00367    0.00980
  608    0.00551   -0.01052    0.00632
  609    0.00985   -0.01473    0.00689
  610    0.00900   -0.01265    0.00557
  611    0.00705   -0.01086    0.00308
  612    0.00929   -0.01553    0.00501
  613    0.00958   -0.01685    0.00563
  614    0.00888   -0.01637    0.00479
  615    0.00865   -0.02036    0.00746
  616    0.00775   -0.01607    0.00497
  617    0.00720   -0.02063    0.00789
  618    0.00682   -0.01941    0.00627
  619    0.00497   -0.02004    0.00520
  620    0.01088   -0.01343    0.00659
  621    0.00910   -0.01170    0.00559
  622    0.00977   -0.01277    0.00676
  623    0.01016   -0.01444    0.00925
  624    0.00923   -0.01120    0.00687
  625    0.00793   -0.01066    0.00689
  626    0.00656   -0.00940    0.00559
  627    0.00820   -0.01072    0.00771
  628    0.00591   -0.00887    0.00526
  629    0.00735   -0.00971    0.00703
  630    0.00682   -0.00949    0.00594
  631    0.00948   -0.01184    0.00533
  632    0.00951   -0.01170    0.00526
  633    0.00894   -0.00959    0.00384
  634    0.00879   -0.00902    0.00300
  635    0.00873   -0.01315    0.00394
  636    0.00806   -0.01129    0.00213
  637    0.00730   -0.01313    0.00132
  638    0.00666   -0.01333    0.00068
  639    0.00939   -0.00893    0.00376
  640    0.00967   -0.00714    0.00334
  641    0.00920   -0.00582    0.00114
  642    0.00922   -0.00731    0.00043
  643    0.01100   -0.00660    0.00495
  644    0.01125   -0.00705    0.00721
  645    0.01339   -0.00618    0.00866
  646    0.01338   -0.00638    0.01079
  647    0.01543   -0.00527    0.01273
  648    0.00848   -0.00365   -0.00020
  649    0.00811   -0.00269   -0.00192
  650    0.00867   -0.00111   -0.00292
  651    0.00815    0.00059   -0.00274
  652    0.00686   -0.00189   -0.00322
  653    0.00675   -0.00035   -0.00447
  654    0.00482    0.00024   -0.00492
  655    0.00383   -0.00060   -0.00434
  656    0.00416    0.00094   -0.00614
  657    0.00925   -0.00141   -0.00300
  658    0.01009    0.00020   -0.00445
  659    0.00928    0.00277   -0.00619
  660    0.00867    0.00682   -0.00899
  661    0.01059   -0.00178   -0.00406
  662    0.00868   -0.00400   -0.00465
  663    0.01180   -0.00238   -0.00173
  664    0.00839    0.00149   -0.00654
  665    0.00756    0.00449   -0.00790
  666    0.00697    0.00383   -0.00830
  667    0.00674    0.00125   -0.00732
  668    0.00740    0.00230   -0.00804
  669    0.00764    0.00151   -0.00755
  670    0.00752    0.00407   -0.00913
  671    0.00541   -0.00226   -0.00750
  672    0.00616    0.00548   -0.00945
  673    0.00492    0.00423   -0.00892
  674    0.00486    0.00275   -0.00935
  675    0.00604    0.00186   -0.00939
  676    0.00365    0.00200   -0.00933
  677    0.00439    0.00126   -0.00863
  678    0.00587    0.00015   -0.00788
  679    0.00624   -0.00037   -0.00786
  680    0.00485    0.00141   -0.00896
  681    0.00419    0.00214   -0.00806
  682    0.00237    0.00223   -0.00771
  683    0.00461   -0.00130   -0.00803
  684    0.00616    0.00022   -0.00760
  685    0.00701   -0.00092   -0.00693
  686    0.00638   -0.00096   -0.00605
  687    0.00669   -0.00204   -0.00558
  688    0.00733   -0.00148   -0.00673
  689    0.00730   -0.00163   -0.00579
  690    0.00558   -0.00058   -0.00560
  691    0.00499   -0.00131   -0.00446
  692    0.00558   -0.00206   -0.00468
  693    0.00540   -0.00285   -0.00397
  694    0.00306   -0.00072   -0.00485
  695    0.00297   -0.00019   -0.00544
  696    0.00638   -0.00139   -0.00548
  697    0.00686   -0.00186   -0.00539
  698    0.00749   -0.00298   -0.00518
  699    0.00711   -0.00357   -0.00444
  700    0.00767   -0.00323   -0.00558
  701    0.00798   -0.00468   -0.00478
  702    0.00760   -0.00556   -0.00405
  703    0.00786   -0.00630   -0.00344
  704    0.00898   -0.00478   -0.00532
  705    0.00978   -0.00416   -0.00594
  706    0.00884   -0.00664   -0.00458
  707    0.00675   -0.00473   -0.00406
  708    0.00613   -0.00549   -0.00268
  709    0.00553   -0.00582   -0.00219
  710    0.00621   -0.00724   -0.00118
  711    0.00603   -0.00519   -0.00262
  712    0.00715   -0.00523   -0.00325
  713    0.00591   -0.00576   -0.00173
  714    0.00769   -0.00787   -0.00193
  715    0.00524   -0.00514   -0.00274
  716    0.00473   -0.00496   -0.00248
  717    0.00574   -0.00520   -0.00271
  718    0.00528   -0.00496   -0.00232
  719    0.00717   -0.00466   -0.00358
  720    0.00782   -0.00449   -0.00319
  721    0.00769   -0.00614   -0.00257
  722    0.00773   -0.00583   -0.00206
  723    0.00876   -0.00436   -0.00333
  724    0.00894   -0.00301   -0.00342
  725    0.00855   -0.00226   -0.00378
  726    0.01051   -0.00246   -0.00290
  727    0.00765   -0.00798   -0.00209
  728    0.00740   -0.00984   -0.00093
  729    0.00722   -0.00943   -0.00004
  730    0.00716   -0.00966    0.00002
  731    0.00683   -0.01101    0.00000
  732    0.00630   -0.01073   -0.00075
  733    0.00661   -0.01248    0.00137
  734    0.00560   -0.01148   -0.00107
  735    0.00666   -0.00826   -0.00026
  736    0.00593   -0.00745   -0.00039
  737    0.00513   -0.00590   -0.00129
  738    0.00380   -0.00603   -0.00111
  739    0.00542   -0.00659   -0.00064
  740    0.00559   -0.00708    0.00015
  741    0.00605   -0.00692   -0.00010
  742    0.00678   -0.00872    0.00128
  743    0.00650   -0.00787    0.00087
  744    0.00751   -0.00950    0.00173
  745    0.00526   -0.00502   -0.00203
  746    0.00500   -0.00364   -0.00238
  747    0.00618   -0.00369   -0.00207
  748    0.00590   -0.00302   -0.00284
  749    0.00531   -0.00305   -0.00257
  750    0.00702   -0.00489   -0.00165
  751    0.00785   -0.00485   -0.00176
  752    0.00732   -0.00668   -0.00151
  753    0.00733   -0.00444   -0.00216
  754    0.00924   -0.00556   -0.00173
  755    0.01079   -0.00538   -0.00189
  756    0.00956   -0.00426   -0.00165
  757    0.00730   -0.00907   -0.00122
  758    0.00650   -0.01106   -0.00054
  759    0.00582   -0.00967   -0.00126
  760    0.00582   -0.01142   -0.00111
  761    0.00657   -0.01402    0.00164
  762    0.00358   -0.00668   -0.00154
  763    0.00049   -0.00563   -0.00280
  764   -0.00058   -0.00194   -0.00339
  765   -0.00300   -0.00127   -0.00376
  766   -0.00046   -0.00517   -0.00206
  767   -0.00021   -0.00562   -0.00008
  768   -0.00176   -0.00561    0.00041
  769    0.00190   -0.00673    0.00024
  770    0.00303   -0.00245   -0.00411
  771    0.00502    0.00007   -0.00570
  772    0.00801    0.00109   -0.00642
  773    0.00891    0.00259   -0.00626
  774    0.00571    0.00118   -0.00590
  775    0.00329    0.00113   -0.00568
  776    0.00183    0.00355   -0.00587
  777    0.00281    0.00002   -0.00539
  778    0.00811   -0.00111   -0.00618
  779    0.00976    0.00097   -0.00655
  780    0.00983    0.00358   -0.00855
  781    0.01075    0.00528   -0.00845
  782    0.00890   -0.00310   -0.00600
  783    0.00860   -0.00706   -0.00342
  784    0.00814   -0.01259   -0.00243
  785    0.00739   -0.01424   -0.00309
  786    0.00712   -0.01721   -0.00002
  787    0.00905    0.00505   -0.01163
  788    0.01052    0.00722   -0.01499
  789    0.01074    0.00782   -0.01276
  790    0.01124    0.01159   -0.01320
  791    0.00680    0.00848   -0.01654
  792    0.00503    0.00639   -0.01252
  793    0.00289    0.00895   -0.01182
  794    0.00334    0.00445   -0.00836
  795    0.00976    0.00746   -0.00999
  796    0.01070    0.00844   -0.00875
  797    0.01207    0.00846   -0.00707
  798    0.01213    0.01087   -0.00667
  799    0.00863    0.00943   -0.00886
  800    0.00672    0.00982   -0.01011
  801    0.00587    0.00913   -0.00851
  802    0.00268    0.01036   -0.00853
  803    0.00059    0.00864   -0.00700
  804    0.01180    0.00661   -0.00511
  805    0.01232    0.00689   -0.00337
  806    0.01268    0.00717   -0.00391
  807    0.01325    0.00487   -0.00477
  808    0.01161    0.00449   -0.00281
  809    0.01075    0.00511   -0.00279
  810    0.00981    0.00559   -0.00405
  811    0.01017    0.00252   -0.00218
  812    0.01351    0.00836   -0.00324
  813    0.01439    0.00627   -0.00504
  814    0.01378    0.00499   -0.00297
  815    0.01317    0.00414   -0.00201
  816    0.01288    0.00411   -0.00274
  817    0.01118    0.00242   -0.00072
  818    0.01076    0.00453    0.00103
  819    0.01171    0.00556    0.00042
  820    0.01009   -0.00220   -0.00026
  821    0.01064   -0.00357   -0.00087
  822    0.01038   -0.00534    0.00031
  823    0.01190   -0.00262   -0.00235
  824    0.01126   -0.00635   -0.00046
  825    0.01236   -0.00374   -0.00264
  826    0.01226   -0.00600   -0.00186
  827    0.00838    0.00530    0.00348
  828    0.00612    0.00742    0.00743
  829    0.00420    0.00391    0.00919
  830    0.00365   -0.00124    0.00717
  831    0.00370    0.00918    0.00882
  832    0.00236    0.00595    0.01023
  833    0.00054    0.00843    0.01251
  834   -0.00049    0.01360    0.01351
  835   -0.00002    0.00601    0.01308
  836    0.00168    0.00625    0.01286
  837   -0.00262    0.00252    0.01683
  838   -0.00606    0.00031    0.01808
  839   -0.00752    0.00416    0.02112
  840   -0.00982    0.00879    0.02388
  841   -0.00580   -0.00525    0.01664
  842   -0.00847   -0.00700    0.01932
  843   -0.00495   -0.00679    0.01751
  844   -0.00677   -0.00663    0.01888
  845   -0.00162   -0.00742    0.01352
  846    0.00081   -0.00699    0.01126
  847   -0.00063   -0.01204    0.01110
  848   -0.00222   -0.01602    0.01013
  849    0.00416   -0.00626    0.00792
  850    0.00556   -0.00778    0.00642
  851   -0.00135   -0.01326    0.00931
  852   -0.00236   -0.01669    0.00847
  853   -0.00111   -0.01812    0.00631
  854   -0.00363   -0.02078    0.00579
  855   -0.00223   -0.01671    0.00538
  856   -0.00223   -0.01913    0.00392
  857   -0.00481   -0.01320    0.00762
  858    0.00237   -0.01531    0.00479
  859    0.00253   -0.01515    0.00337
  860    0.00261   -0.01639    0.00333
  861    0.00243   -0.01865    0.00319
  862    0.00616   -0.01178    0.00149
  863    0.00650   -0.01225    0.00049
  864    0.00508   -0.01370    0.00058
  865    0.00849   -0.00893   -0.00048
  866    0.00350   -0.01606    0.00415
  867    0.00412   -0.01794    0.00343
  868    0.00209   -0.02389    0.00382
  869    0.00149   -0.02756    0.00361
  870    0.00433   -0.01591    0.00417
  871    0.00576   -0.01707    0.00234
  872    0.00447   -0.01881    0.00337
  873    0.00557   -0.01232    0.00306
  874    0.00447   -0.01221    0.00454
  875   -0.00108   -0.02463    0.00544
  876   -0.00533   -0.03034    0.00474
  877   -0.00404   -0.03177    0.00384
  878   -0.00428   -0.03605    0.00206
  879   -0.00882   -0.02887    0.00652
  880   -0.01155   -0.03338    0.00734
  881   -0.01539   -0.03892    0.00575
  882   -0.01379   -0.04373    0.00273
  883   -0.02155   -0.03994    0.00689
  884   -0.00294   -0.02768    0.00350
  885   -0.00218   -0.02753    0.00222
  886   -0.00045   -0.02844    0.00277
  887   -0.00055   -0.03095    0.00331
  888   -0.00089   -0.02324    0.00146
  889    0.00061   -0.02275    0.00069
  890    0.00020   -0.02258   -0.00059
  891    0.00222   -0.02080    0.00148
  892    0.00153   -0.02158   -0.00052
  893    0.00265   -0.01897    0.00139
  894    0.00212   -0.01965    0.00021
  895    0.00050   -0.02601    0.00324
  896    0.00266   -0.02716    0.00377
  897    0.00268   -0.03233    0.00484
  898    0.00319   -0.03435    0.00641
  899    0.00407   -0.02365    0.00330
  900    0.00471   -0.01845    0.00270
  901    0.00707   -0.01422    0.00069
  902    0.00497   -0.01688    0.00304
  903    0.00165   -0.03427    0.00339
  904    0.00206   -0.04204    0.00366
  905   -0.00038   -0.04432    0.00366
  906    0.00015   -0.04871    0.00382
  907    0.00108   -0.04368    0.00282
  908    0.00060   -0.05123    0.00139
  909   -0.00307   -0.04199    0.00263
  910   -0.00561   -0.04335    0.00158
  911   -0.00270   -0.04080    0.00422
  912   -0.00274   -0.04263    0.00502
  913   -0.00749   -0.04075    0.00251
  914   -0.01105   -0.04362    0.00207
  915   -0.01299   -0.04107    0.00299
  916   -0.01048   -0.03665    0.00260
  917   -0.01914   -0.04492    0.00397
  918   -0.00056   -0.03686    0.00521
  919    0.00131   -0.03390    0.00672
  920    0.00299   -0.03368    0.00876
  921    0.00380   -0.02914    0.01055
  922    0.00126   -0.02803    0.00594
  923    0.00218   -0.02691    0.00517
  924    0.00043   -0.02792    0.00419
  925    0.00434   -0.03753    0.00890
  926    0.00473   -0.03577    0.01032
  927    0.00544   -0.03663    0.01313
  928    0.00437   -0.02726    0.01568
  929    0.00695   -0.04429    0.01144
  930    0.00510   -0.03545    0.01061
  931    0.01081   -0.05249    0.01457
  932    0.01795   -0.06493    0.01205
  933    0.00543   -0.04022    0.00966
  934    0.00641   -0.04283    0.01344
  935    0.01032   -0.04960    0.01588
  936    0.01014   -0.04373    0.01668
  937    0.01387   -0.04749    0.01950
  938    0.00868   -0.06564    0.01383
  939    0.00696   -0.03736    0.01427
  940    0.00743   -0.03443    0.01395
  941    0.00946   -0.02920    0.01630
  942    0.00992   -0.02668    0.01783
  943    0.00537   -0.03128    0.01108
  944    0.00330   -0.03479    0.00999
  945    0.00182   -0.03246    0.00695
  946   -0.00088   -0.03656    0.00641
  947    0.01123   -0.02850    0.01568
  948    0.01230   -0.02439    0.01657
  949    0.01132   -0.02055    0.01363
  950    0.00988   -0.02056    0.01149
  951    0.01453   -0.02547    0.01802
  952    0.01367   -0.02380    0.01631
  953    0.01282   -0.01753    0.01350
  954    0.01206   -0.01467    0.01078
  955    0.01133   -0.01422    0.00978
  956    0.01061   -0.01362    0.00772
  957    0.01223   -0.01261    0.01052
  958    0.01196   -0.01383    0.01232
  959    0.01291   -0.01652    0.01488
  960    0.01285   -0.01367    0.01110
  961    0.01290   -0.01228    0.00934
  962    0.01129   -0.01402    0.00762
  963    0.01018   -0.01309    0.00479
  964    0.01602   -0.01123    0.01071
  965    0.01787   -0.00761    0.01228
  966    0.01791   -0.00652    0.01561
  967    0.02076   -0.00119    0.01993
  968    0.01584   -0.00950    0.01557
  969    0.01030   -0.01698    0.00880
  970    0.00797   -0.01907    0.00705
  971    0.00641   -0.01936    0.00532
  972    0.00512   -0.02034    0.00324
  973    0.00814   -0.02273    0.00904
  974    0.00911   -0.02388    0.01057
  975    0.01110   -0.02100    0.01063
  976    0.00807   -0.02854    0.01119
  977    0.00681   -0.01869    0.00632
  978    0.00583   -0.01883    0.00525
  979    0.00590   -0.01670    0.00291
  980    0.00460   -0.01765    0.00114
  981    0.00664   -0.01836    0.00654
  982    0.00602   -0.02074    0.00823
  983    0.00804   -0.02045    0.00939
  984    0.00851   -0.02312    0.01157
  985    0.01034   -0.02026    0.01319
  986    0.01168   -0.01813    0.01354
  987    0.00967   -0.02172    0.01521
  988    0.00728   -0.01430    0.00262
  989    0.00766   -0.01266    0.00059
  990    0.00666   -0.01275   -0.00142
  991    0.00588   -0.01165   -0.00342
  992    0.00953   -0.00994    0.00121
  993    0.00621   -0.01383   -0.00119
  994    0.00536   -0.01473   -0.00310
  995    0.00343   -0.01721   -0.00429
  996    0.00246   -0.01697   -0.00686
  997    0.00623   -0.01618   -0.00164
  998    0.00802   -0.01363   -0.00191
  999    0.00889   -0.01490    0.00015
 1000    0.00977   -0.01280   -0.00126
 1001    0.01337   -0.00942   -0.00122
 1002    0.00326   -0.01969   -0.00284
 1003    0.00166   -0.02217   -0.00407
 1004    0.00197   -0.01985   -0.00533
 1005    0.00127   -0.02054   -0.00756
 1006    0.00124   -0.02422   -0.00152
 1007    0.00117   -0.02741    0.00039
 1008    0.00350   -0.01744   -0.00426
 1009    0.00406   -0.01563   -0.00541
 1010    0.00315   -0.01405   -0.00736
 1011    0.00271   -0.01366   -0.00836
 1012    0.00469   -0.01327   -0.00399
 1013    0.00502   -0.01137   -0.00472
 1014    0.00547   -0.01165   -0.00468
 1015    0.00604   -0.00840   -0.00530
 1016    0.00620   -0.00931   -0.00468
 1017    0.00633   -0.00663   -0.00567
 1018    0.00639   -0.00739   -0.00559
 1019    0.00279   -0.01218   -0.00745
 1020    0.00190   -0.01030   -0.00967
 1021   -0.00099   -0.01208   -0.01145
 1022   -0.00200   -0.01091   -0.01296
 1023    0.00285   -0.00825   -0.00968
 1024    0.00518   -0.00572   -0.00812
 1025    0.00651   -0.00362   -0.00839
 1026    0.00693   -0.00507   -0.00619
 1027    0.00794   -0.00020   -0.01114
 1028   -0.00131   -0.01534   -0.01189
 1029   -0.00446   -0.01777   -0.01505
 1030   -0.00419   -0.01941   -0.01447
 1031   -0.00614   -0.02309   -0.01743
 1032   -0.00493   -0.02023   -0.01522
 1033   -0.00640   -0.01875   -0.01642
 1034   -0.00746   -0.02210   -0.01831
 1035   -0.00729   -0.01883   -0.01740
 1036   -0.00607   -0.02203   -0.01604
 1037   -0.00127   -0.01781   -0.01167
 1038    0.00046   -0.01924   -0.01056
 1039    0.00072   -0.01697   -0.01039
 1040    0.00210   -0.01497   -0.00922
 1041    0.00130   -0.01964   -0.00699
 1042    0.00049   -0.02022   -0.00664
 1043    0.00254   -0.01875   -0.00609
 1044   -0.00161   -0.02160   -0.00403
 1045   -0.00183   -0.01677   -0.01262
 1046   -0.00246   -0.01404   -0.01277
 1047    0.00175   -0.01388   -0.00933
 1048    0.00328   -0.01161   -0.00856
 1049   -0.00652   -0.01418   -0.01610
 1050   -0.01533   -0.01663   -0.02484
 1051   -0.01437   -0.01308   -0.02180
 1052   -0.00802   -0.01248   -0.01637
 1053   -0.03210   -0.00769   -0.03513
 1054    0.00240   -0.01599   -0.00996
 1055    0.00392   -0.01427   -0.00827
 1056    0.00616   -0.01225   -0.00540
 1057    0.00729   -0.01004   -0.00555
 1058    0.00176   -0.01491   -0.00622
 1059    0.00574   -0.01398   -0.00475
 1060    0.00710   -0.01289   -0.00356
 1061    0.00784   -0.00925   -0.00487
 1062    0.00958   -0.00662   -0.00521
 1063    0.00725   -0.01369   -0.00363
 1064    0.00493   -0.01587   -0.00214
 1065    0.00752   -0.01069   -0.00378
 1066    0.00441   -0.01725   -0.00161
 1067    0.00649   -0.00904   -0.00657
 1068    0.00614   -0.00596   -0.00775
 1069    0.00629   -0.00551   -0.00778
 1070    0.00746   -0.00382   -0.00866
 1071    0.00397   -0.00676   -0.00891
 1072    0.00448   -0.00663   -0.00861
 1073    0.00290   -0.00646   -0.01007
 1074    0.00380   -0.00211   -0.00911
 1075    0.00123   -0.00965   -0.01028
 1076    0.00473   -0.00734   -0.00862
 1077    0.00531   -0.00660   -0.00875
 1078    0.00867   -0.00412   -0.00601
 1079    0.01005   -0.00280   -0.00547
 1080    0.00298   -0.00829   -0.00933
 1081    0.00925   -0.00441   -0.00544
 1082    0.01091   -0.00306   -0.00501
 1083    0.01202   -0.00190   -0.00478
 1084    0.01342   -0.00096   -0.00407
 1085    0.01038   -0.00353   -0.00403
 1086    0.01158   -0.00256   -0.00544
 1087    0.01180   -0.00219   -0.00575
 1088    0.01238   -0.00107   -0.00619
 1089    0.01313   -0.00051   -0.00561
 1090    0.01076   -0.00292   -0.00701
 1091    0.01045   -0.00245   -0.00711
 1092    0.00971   -0.00242   -0.00665
 1093    0.00980   -0.00182   -0.00782
 1094    0.00893   -0.00204   -0.00694
 1095    0.00909   -0.00177   -0.00746
 1096    0.01165   -0.00103   -0.00680
 1097    0.01202   -0.00075   -0.00723
 1098    0.01284   -0.00127   -0.00624
 1099    0.01353   -0.00127   -0.00583
 1100    0.01050   -0.00105   -0.00820
 1101    0.01106    0.00097   -0.00774
 1102    0.01122    0.00070   -0.00938
 1103    0.01072    0.00095   -0.00750
 1104    0.01330   -0.00168   -0.00555
 1105    0.01505   -0.00192   -0.00424
 1106    0.01621   -0.00133   -0.00376
 1107    0.01698   -0.00202   -0.00364
 1108    0.01475   -0.00197   -0.00360
 1109    0.01624   -0.00070   -0.00398
 1110    0.01714   -0.00043   -0.00369
 1111    0.01652   -0.00044   -0.00344
 1112    0.01683   -0.00082   -0.00206
 1113    0.01695    0.00023   -0.00367
 1114    0.01706    0.00038   -0.00313
 1115    0.01659   -0.00011   -0.00393
 1116    0.01519   -0.00037   -0.00426
 1117    0.01413   -0.00061   -0.00417
 1118    0.01456   -0.00114   -0.00267
 1119    0.01446   -0.00136   -0.00109
 1120    0.01273   -0.00033   -0.00519
 1121    0.01475   -0.00143   -0.00293
 1122    0.01572   -0.00173   -0.00121
 1123    0.01753   -0.00244    0.00068
 1124    0.01849   -0.00308    0.00268
 1125    0.01579   -0.00137   -0.00196
 1126    0.01770   -0.00241   -0.00177
 1127    0.01760   -0.00232   -0.00342
 1128    0.01914   -0.00304   -0.00325
 1129    0.01531   -0.00208   -0.00489
 1130    0.01861   -0.00245    0.00006
 1131    0.02029   -0.00292    0.00163
 1132    0.02011   -0.00289    0.00353
 1133    0.02221   -0.00364    0.00544
 1134    0.01990   -0.00277   -0.00015
 1135    0.02162   -0.00301    0.00057
 1136    0.02236   -0.00287    0.00144
 1137    0.02018   -0.00223    0.00081
 1138    0.02527   -0.00549    0.00356
 1139    0.01848   -0.00226    0.00313
 1140    0.01761   -0.00227    0.00467
 1141    0.01748   -0.00201    0.00761
 1142    0.01884   -0.00233    0.00957
 1143    0.01613   -0.00217    0.00754
 1144    0.01486   -0.00176    0.01076
 1145    0.01389   -0.00254    0.01130
 1146    0.01469   -0.00269    0.00699
 1147    0.01310   -0.00145    0.01193
 1148    0.01175   -0.00173    0.00913
 1149    0.01123   -0.00155    0.00734
 1150    0.01059   -0.00192    0.00785
 1151    0.01213   -0.00178    0.00433
 1152    0.01270   -0.00296    0.01531
 1153    0.01059   -0.00350    0.01579
 1154    0.01052   -0.00400    0.01718
 1155    0.01086   -0.00422    0.02298
 1156    0.01118   -0.00423    0.01906
 1157    0.01705   -0.00489    0.01056
 1158    0.00961   -0.00423    0.01471
 1159    0.00760   -0.00490    0.01656
 1160    0.00565   -0.00691    0.01829
 1161    0.00609   -0.00652    0.01727
 1162    0.00608   -0.00439    0.01413
 1163    0.00713   -0.00297    0.01357
 1164    0.00666   -0.00303    0.01505
 1165    0.00751   -0.00197    0.01287
 1166    0.00744   -0.00165    0.01038
 1167    0.00655   -0.00186    0.00951
 1168    0.00836   -0.00116    0.00872
 1169    0.00335   -0.00849    0.02106
 1170    0.00034   -0.01135    0.02325
 1171   -0.00276   -0.00874    0.02134
 1172   -0.00768   -0.00767    0.02416
 1173   -0.00088   -0.01232    0.02534
 1174   -0.00038   -0.00879    0.01939
 1175   -0.00400   -0.02032    0.03336
 1176   -0.00105   -0.00634    0.01765
 1177   -0.00401   -0.00396    0.01865
 1178   -0.00667   -0.00142    0.01782
 1179   -0.01166    0.00151    0.01914
 1180   -0.00057   -0.00303    0.01488
 1181   -0.00221   -0.00122    0.01237
 1182   -0.00501    0.00008    0.01429
 1183   -0.00091   -0.00099    0.00814
 1184   -0.00358   -0.00170    0.01388
 1185   -0.00691    0.00376    0.00960
 1186   -0.01209    0.00883    0.00518
 1187   -0.01087    0.01001   -0.00081
 1188   -0.01054    0.00481    0.01335
 1189   -0.01967    0.01532    0.00215
 1190   -0.01475    0.01406   -0.00024
 1191   -0.04359    0.03353   -0.00766
 1192   -0.01793    0.01224    0.00899
 1193   -0.02778    0.02026    0.00409
 1194   -0.01917    0.01182    0.00643
 1195   -0.01689    0.00970    0.00124
 1196   -0.04771    0.03733    0.01136
 1197   -0.08987    0.07369   -0.00299
 1198   -0.06748    0.05566    0.00464
 1199   -0.07665    0.06522    0.03001
 1200   -0.05860    0.04409    0.02099
 1201   -0.01647    0.00894    0.01265
 1202   -0.01287    0.00802    0.01243
 1203   -0.00901    0.00475    0.00683
 1204   -0.00586    0.00259    0.00669
 1205   -0.01135    0.00705    0.01693
 1206   -0.01075    0.00809    0.01490
 1207   -0.01694    0.00842    0.02340
 1208   -0.01183    0.00705    0.00336
 1209   -0.01030    0.00528   -0.00016
 1210   -0.00775    0.00502    0.00002
 1211   -0.00776    0.00632    0.00132
 1212   -0.01385    0.00519   -0.00381
 1213   -0.01570    0.00452   -0.00561
 1214   -0.01143    0.00258   -0.00650
 1215   -0.02105    0.00726   -0.00398
 1216   -0.00482    0.00331   -0.00080
 1217   -0.00385    0.00315   -0.00051
 1218   -0.00259    0.00197   -0.00225
 1219   -0.00244    0.00210   -0.00364
 1220   -0.00189    0.00212    0.00130
 1221   -0.00228    0.00248    0.00374
 1222   -0.00309    0.00293    0.00459
 1223   -0.00175    0.00212    0.00508
 1224   -0.00347    0.00338    0.00703
 1225   -0.00206    0.00255    0.00873
 1226   -0.00284    0.00269    0.00790
 1227   -0.00273    0.00182   -0.00182
 1228   -0.00286    0.00114   -0.00319
 1229   -0.00136    0.00051   -0.00250
 1230   -0.00167    0.00074   -0.00150
 1231   -0.00415    0.00233   -0.00313
 1232   -0.00340    0.00150   -0.00380
 1233   -0.00197    0.00062   -0.00449
 1234   -0.00356    0.00092   -0.00310
 1235   -0.00152   -0.00051   -0.00409
 1236   -0.00211   -0.00053   -0.00306
 1237    0.00033   -0.00067   -0.00350
 1238    0.00119   -0.00189   -0.00310
 1239    0.00072   -0.00227   -0.00259
 1240   -0.00007   -0.00224   -0.00275
 1241    0.00279   -0.00198   -0.00354
 1242    0.00425   -0.00156   -0.00339
 1243    0.00475   -0.00141   -0.00344
 1244    0.00408   -0.00137   -0.00241
 1245    0.00538   -0.00135   -0.00300
 1246    0.00504   -0.00117   -0.00199
 1247    0.00566   -0.00089   -0.00206
 1248    0.00032   -0.00275   -0.00207
 1249    0.00007   -0.00308   -0.00203
 1250    0.00058   -0.00407   -0.00164
 1251    0.00002   -0.00341   -0.00168
 1252   -0.00104   -0.00265   -0.00153
 1253   -0.00263   -0.00064   -0.00114
 1254   -0.00154   -0.00199   -0.00145
 1255   -0.00385   -0.00063   -0.00031
 1256    0.00041   -0.00451   -0.00158
 1257    0.00023   -0.00520   -0.00134
 1258   -0.00127   -0.00483   -0.00134
 1259   -0.00170   -0.00514   -0.00077
 1260    0.00145   -0.00500   -0.00175
 1261    0.00117   -0.00469   -0.00226
 1262    0.00268   -0.00422   -0.00265
 1263    0.00196   -0.00502   -0.00199
 1264   -0.00255   -0.00359   -0.00202
 1265   -0.00491   -0.00251   -0.00192
 1266   -0.00520   -0.00180   -0.00225
 1267   -0.00366   -0.00071   -0.00357
 1268   -0.00662   -0.00048   -0.00240
 1269   -0.00650   -0.00100   -0.00209
 1270   -0.00552   -0.00114   -0.00182
 1271   -0.00740   -0.00132   -0.00142
 1272   -0.00538   -0.00037   -0.00088
 1273   -0.00741   -0.00113   -0.00126
 1274   -0.00694   -0.00047   -0.00090
 1275   -0.00575   -0.00223   -0.00160
 1276   -0.00614   -0.00136   -0.00116
 1277   -0.00794    0.00051   -0.00088
 1278   -0.00858   -0.00018    0.00051
 1279   -0.00311   -0.00366   -0.00124
 1280   -0.00195   -0.00334   -0.00208
 1281   -0.00029   -0.00292   -0.00231
 1282   -0.00376   -0.00175   -0.00184
 1283   -0.00973    0.00279   -0.00102
 1284   -0.01235    0.00465   -0.00085
 1285   -0.01323    0.00465    0.00024
 1286   -0.01287    0.00455   -0.00062
 1287   -0.01468    0.00761   -0.00127
 1288   -0.01848    0.00874   -0.00233
 1289   -0.01872    0.00912   -0.00088
 1290   -0.01859    0.00854   -0.00432
 1291   -0.01400    0.00340    0.00161
 1292   -0.01387    0.00388    0.00166
 1293   -0.01524    0.00421    0.00495
 1294   -0.01474    0.00282    0.00641
 1295   -0.01086    0.00047    0.00406
 1296   -0.01172    0.00172    0.00646
 1297   -0.00880   -0.00120    0.00207
 1298   -0.01706    0.00735    0.00492
 1299   -0.01897    0.00664    0.00936
 1300   -0.01883    0.00761    0.00581
 1301   -0.01999    0.00719    0.00904
 1302   -0.01857    0.00236    0.01543
 1303   -0.02187    0.00205    0.02174
 1304   -0.02606    0.00248    0.02463
 1305   -0.02041    0.00199    0.02534
 1306   -0.01998    0.01031    0.00310
 1307   -0.02046    0.01070   -0.00023
 1308   -0.01885    0.00771   -0.00088
 1309   -0.01910    0.00724   -0.00321
 1310   -0.01684    0.00625    0.00078
 1311   -0.01580    0.00350    0.00080
 1312   -0.01436    0.00252   -0.00023
 1313   -0.01384    0.00209    0.00095
 1314   -0.01431    0.00187    0.00309
 1315   -0.01480    0.00257    0.00362
 1316   -0.01440    0.00085    0.00166
 1317   -0.01585    0.00363    0.00585
 1318   -0.01515    0.00142    0.00287
 1319   -0.01603    0.00325    0.00557
 1320   -0.01385    0.00156   -0.00142
 1321   -0.01307    0.00046   -0.00136
 1322   -0.01093   -0.00169   -0.00020
 1323   -0.01021   -0.00266   -0.00029
 1324   -0.01339   -0.00033   -0.00318
 1325   -0.01271   -0.00060   -0.00334
 1326   -0.01251    0.00086   -0.00331
 1327   -0.01290   -0.00071   -0.00492
 1328   -0.00973   -0.00201    0.00079
 1329   -0.00754   -0.00355    0.00164
 1330   -0.00633   -0.00445    0.00075
 1331   -0.00575   -0.00433    0.00010
 1332   -0.00556   -0.00516    0.00333
 1333   -0.00645   -0.00442    0.00507
 1334   -0.00557   -0.00581    0.00633
 1335   -0.00883   -0.00198    0.00571
 1336   -0.00593   -0.00488    0.00816
 1337   -0.00952   -0.00194    0.00763
 1338   -0.00778   -0.00364    0.00895
 1339   -0.00855   -0.00383    0.01128
 1340   -0.00565   -0.00509    0.00073
 1341   -0.00464   -0.00594    0.00063
 1342   -0.00235   -0.00677    0.00154
 1343   -0.00198   -0.00721    0.00250
 1344   -0.00582   -0.00499    0.00071
 1345   -0.00470   -0.00448    0.00066
 1346   -0.00596   -0.00356    0.00133
 1347   -0.00535   -0.00282    0.00212
 1348   -0.00710   -0.00291    0.00174
 1349   -0.00087   -0.00651    0.00083
 1350    0.00068   -0.00720    0.00145
 1351    0.00144   -0.00699    0.00117
 1352    0.00126   -0.00586    0.00011
 1353    0.00144   -0.00702    0.00109
 1354    0.00134   -0.00718    0.00147
 1355    0.00182   -0.00706    0.00100
 1356    0.00185   -0.00784    0.00347
 1357    0.00161   -0.00682    0.00175
 1358    0.00161   -0.00560    0.00038
 1359    0.00271   -0.00613    0.00160
 1360    0.00313   -0.00658    0.00289
 1361   -0.00017   -0.00455    0.00042
 1362   -0.00103   -0.00256   -0.00098
 1363   -0.00287   -0.00095   -0.00125
 1364   -0.00019   -0.00271   -0.00188
 1365    0.00344   -0.00484    0.00036
 1366    0.00509   -0.00528    0.00054
 1367    0.00507   -0.00428    0.00110
 1368    0.00620   -0.00446    0.00229
 1369    0.00256   -0.00344    0.00027
 1370   -0.00001   -0.00183   -0.00012
 1371    0.00001   -0.00259    0.00171
 1372   -0.00125   -0.00161    0.00078
 1373   -0.00141   -0.00058   -0.00160
 1374   -0.00067    0.00141   -0.00389
 1375   -0.00388    0.00417   -0.00516
 1376   -0.00447    0.00666   -0.00431
 1377   -0.00775    0.01213   -0.00253
 1378   -0.00951    0.01025   -0.00134
 1379   -0.01149    0.01541   -0.00214
 1380    0.00035   -0.00447    0.00232
 1381    0.00077   -0.00532    0.00432
 1382    0.00318   -0.00652    0.00602
 1383    0.00588   -0.00821    0.00626
 1384    0.00056   -0.00652    0.00458
 1385   -0.00192   -0.00517    0.00349
 1386   -0.00614   -0.00505    0.00348
 1387   -0.00487   -0.00800    0.00557
 1388    0.00239   -0.00724    0.00597
 1389    0.00736   -0.00880    0.00860
 1390    0.00667   -0.00914    0.00892
 1391    0.00661   -0.00821    0.00970
 1392    0.00651   -0.00942    0.00957
 1393   -0.00361   -0.00969    0.00669
 1394   -0.00192   -0.00790    0.00521
 1395    0.00575   -0.00938    0.00840
 1396    0.00505   -0.00892    0.00849
 1397    0.00293   -0.00870    0.00783
 1398    0.00090   -0.00836    0.00676
 1399    0.00309   -0.00816    0.01030
 1400    0.00361   -0.00729    0.00996
 1401    0.00091   -0.00798    0.00898
 1402    0.00391   -0.00648    0.01095
 1403   -0.00070   -0.00942    0.00943
 1404    0.00322   -0.00827    0.01207
 1405   -0.00004   -0.00993    0.01049
 1406    0.00304   -0.00848    0.00842
 1407    0.00111   -0.00841    0.00757
 1408   -0.00149   -0.00789    0.00684
 1409   -0.00127   -0.00780    0.00802
 1410    0.00055   -0.00773    0.00788
 1411    0.00305   -0.00792    0.00873
 1412    0.00360   -0.00784    0.00955
 1413   -0.00209   -0.00822    0.00542
 1414   -0.00327   -0.00889    0.00502
 1415   -0.00510   -0.00802    0.00417
 1416   -0.00558   -0.00665    0.00251
 1417   -0.00344   -0.00853    0.00382
 1418   -0.00458   -0.00921    0.00304
 1419   -0.00290   -0.00902    0.00429
 1420   -0.00544   -0.00842    0.00512
 1421   -0.00765   -0.00734    0.00456
 1422   -0.00862   -0.00698    0.00138
 1423   -0.00869   -0.00705    0.00098
 1424   -0.00914   -0.00783    0.00851
 1425   -0.00939   -0.00492    0.00536
 1426   -0.01081   -0.00359    0.00351
 1427   -0.01106   -0.00511    0.01095
 1428   -0.00971   -0.00557   -0.00060
 1429   -0.01020   -0.00544   -0.00320
 1430   -0.01162   -0.00427   -0.00576
 1431   -0.01314   -0.00266   -0.00760
 1432   -0.01064   -0.00434   -0.00371
 1433   -0.00974   -0.00472   -0.00207
 1434   -0.00886   -0.00458   -0.00148
 1435   -0.00858   -0.00502   -0.00052
 1436   -0.00780   -0.00417   -0.00006
 1437   -0.00760   -0.00481    0.00049
 1438   -0.01293   -0.00423   -0.00484
 1439   -0.01348   -0.00285   -0.00733
 1440   -0.01498   -0.00073   -0.00689
 1441   -0.01453    0.00014   -0.00477
 1442   -0.01705    0.00113   -0.00934
 1443   -0.01884    0.00393   -0.00899
 1444   -0.01874    0.00484   -0.01011
 1445   -0.01910    0.00434   -0.01263
 1446   -0.02235    0.00633   -0.01253
 1447   -0.01868    0.00633   -0.00880
 1448   -0.01916    0.00695   -0.00968
 1449   -0.02040    0.00978   -0.00884
 1450   -0.02042    0.01036   -0.00666
 1451   -0.01761    0.00483   -0.00786
 1452   -0.01777    0.00530   -0.00842
 1453   -0.02122    0.01199   -0.01034
 1454   -0.02327    0.01499   -0.01006
 1455   -0.02178    0.01516   -0.00829
 1456   -0.01954    0.01244   -0.00809
 1457   -0.02611    0.01831   -0.01341
 1458   -0.02889    0.02201   -0.01296
 1459   -0.02282    0.01721   -0.00698
 1460   -0.01998    0.01784   -0.00619
 1461   -0.01834    0.01738   -0.00848
 1462   -0.01534    0.01473   -0.00884
 1463   -0.02037    0.02054   -0.00488
 1464   -0.02057    0.01897   -0.00208
 1465   -0.01521    0.01639   -0.00254
 1466   -0.01296    0.01421   -0.00304
 1467   -0.01325    0.01460   -0.00249
 1468   -0.02175    0.02008   -0.00985
 1469   -0.02340    0.01884   -0.01175
 1470   -0.02294    0.01491   -0.01226
 1471   -0.02200    0.01350   -0.01215
 1472   -0.03011    0.02270   -0.01539
 1473   -0.03631    0.03038   -0.01535
 1474   -0.02929    0.03098   -0.01183
 1475   -0.06564    0.04169   -0.01945
 1476   -0.02225    0.01525   -0.01226
 1477   -0.02204    0.01348   -0.01345
 1478   -0.01938    0.01092   -0.01127
 1479   -0.01848    0.00915   -0.01119
 1480   -0.02246    0.01396   -0.01640
 1481   -0.02148    0.01321   -0.01442
 1482   -0.02421    0.01761   -0.01966
 1483   -0.01820    0.00917   -0.00988
 1484   -0.01561    0.00706   -0.00813
 1485   -0.01533    0.00529   -0.00777
 1486   -0.01437    0.00394   -0.00672
 1487   -0.01350    0.00748   -0.00694
 1488   -0.01219    0.00703   -0.00512
 1489   -0.01318    0.00558   -0.00455
 1490   -0.00977    0.00808   -0.00471
 1491   -0.01481    0.00510   -0.00896
 1492   -0.01382    0.00454   -0.00751
 1493   -0.01548    0.00605   -0.00600
 1494   -0.01412    0.00403   -0.00478
 1495   -0.01295    0.00619   -0.00767
 1496   -0.01078    0.00490   -0.00881
 1497   -0.01027    0.00576   -0.00899
 1498   -0.00832    0.00437   -0.00664
 1499   -0.01703    0.00756   -0.00756
 1500   -0.01665    0.00751   -0.00679
 1501   -0.01656    0.00713   -0.00663
 1502   -0.01605    0.00691   -0.00637
 1503   -0.01823    0.00896   -0.00922
 1504   -0.01864    0.00815   -0.00874
 1505   -0.02002    0.00974   -0.01176
 1506   -0.02007    0.01086   -0.01251
 1507   -0.02327    0.02141   -0.03718
 1508   -0.01715    0.00661   -0.00844
 1509   -0.01579    0.00534   -0.00893
 1510   -0.01421    0.00304   -0.00632
 1511   -0.01333    0.00254   -0.00599
 1512   -0.01591    0.00455   -0.00929
 1513   -0.01705    0.00673   -0.01168
 1514   -0.01732    0.00636   -0.01202
 1515   -0.01813    0.00830   -0.01310
 1516   -0.01331    0.00202   -0.00562
 1517   -0.01118    0.00088   -0.00405
 1518   -0.01187    0.00090   -0.00304
 1519   -0.01036    0.00083   -0.00201
 1520   -0.01064    0.00090   -0.00363
 1521   -0.01267    0.00189   -0.00310
 1522   -0.01313    0.00305   -0.00181
 1523   -0.01319    0.00317   -0.00111
 1524   -0.01193    0.00283    0.00062
 1525   -0.01341    0.00453   -0.00264
 1526   -0.01368    0.00338   -0.00232
 1527   -0.01321    0.00381   -0.00291
 1528   -0.01154    0.00330   -0.00193
 1529   -0.01067    0.00409   -0.00035
 1530   -0.01311    0.00494   -0.00437
 1531   -0.01410    0.00527   -0.00466
 1532   -0.01480    0.00544   -0.00709
 1533   -0.02205    0.00677   -0.00714
 1534   -0.02706    0.00785   -0.00870
 1535   -0.01115    0.00275   -0.00193
 1536   -0.01052    0.00224   -0.00108
 1537   -0.01071    0.00214    0.00059
 1538   -0.01048    0.00283    0.00205
 1539   -0.00982    0.00075   -0.00085
 1540   -0.00916   -0.00054    0.00063
 1541   -0.01041   -0.00003   -0.00285
 1542   -0.01045    0.00184    0.00044
 1543   -0.00975    0.00236    0.00142
 1544   -0.01026    0.00295    0.00307
 1545   -0.00986    0.00329    0.00437
 1546   -0.00875    0.00157    0.00170
 1547   -0.00684    0.00095   -0.00009
 1548   -0.01083    0.00352    0.00323
 1549   -0.01125    0.00452    0.00491
 1550   -0.01176    0.00639    0.00552
 1551   -0.01223    0.00741    0.00711
 1552   -0.01212    0.00521    0.00423
 1553   -0.01238    0.00552    0.00303
 1554   -0.01368    0.00565    0.00243
 1555   -0.01482    0.00529    0.00079
 1556   -0.01521    0.00522   -0.00133
 1557   -0.01582    0.00493   -0.00276
 1558   -0.01654    0.00523   -0.00347
 1559   -0.01219    0.00596    0.00450
 1560   -0.01282    0.00783    0.00507
 1561   -0.01274    0.00843    0.00575
 1562   -0.01354    0.01082    0.00735
 1563   -0.01195    0.00669    0.00412
 1564   -0.01107    0.00597    0.00314
 1565   -0.01049    0.00503    0.00297
 1566   -0.00990    0.00395    0.00270
 1567   -0.01059    0.00524    0.00306
 1568   -0.01147    0.00599    0.00524
 1569   -0.01124    0.00654    0.00598
 1570   -0.01161    0.00731    0.00696
 1571   -0.01225    0.00860    0.00810
 1572   -0.01014    0.00527    0.00465
 1573   -0.00984    0.00461    0.00408
 1574   -0.01021    0.00361    0.00287
 1575   -0.00931    0.00508    0.00405
 1576   -0.00886    0.00236    0.00345
 1577   -0.00840    0.00400    0.00368
 1578   -0.00758    0.00216    0.00381
 1579   -0.01140    0.00638    0.00651
 1580   -0.01116    0.00655    0.00778
 1581   -0.01338    0.00940    0.00991
 1582   -0.01402    0.01005    0.01030
 1583   -0.01089    0.00594    0.00770
 1584   -0.00922    0.00365    0.00628
 1585   -0.01097    0.00611    0.00793
 1586   -0.01424    0.01038    0.01045
 1587   -0.01553    0.01194    0.01276
 1588   -0.01812    0.01502    0.01512
 1589   -0.02007    0.01710    0.01732
 1590   -0.01586    0.01182    0.01335
 1591   -0.01521    0.01116    0.01325
 1592   -0.01561    0.01071    0.01162
 1593   -0.01817    0.01158    0.01494
 1594   -0.01522    0.00948    0.01011
 1595   -0.01555    0.01539    0.01303
 1596   -0.01490    0.01771    0.01303
 1597   -0.01677    0.01792    0.01267
 1598   -0.01715    0.02157    0.01331
 1599   -0.01406    0.01654    0.01151
 1600   -0.01303    0.01656    0.01119
 1601   -0.00982    0.01503    0.01355
 1602   -0.01021    0.01230    0.01144
 1603   -0.01015    0.00934    0.00864
 1604   -0.01070    0.00888    0.00716
 1605   -0.01096    0.00816    0.00654
 1606   -0.01650    0.01471    0.01343
 1607   -0.01603    0.01499    0.01259
 1608   -0.01609    0.01409    0.01252
 1609   -0.01406    0.01047    0.01080
 1610   -0.01391    0.01301    0.01144
 1611   -0.01355    0.01377    0.01128
 1612   -0.01502    0.01686    0.01194
 1613   -0.01604    0.01842    0.01318
 1614   -0.01620    0.01823    0.01091
 1615   -0.01823    0.01590    0.01578
 1616   -0.01705    0.01370    0.01552
 1617   -0.01515    0.00941    0.01001
 1618   -0.01473    0.00756    0.00804
 1619   -0.02233    0.01713    0.02562
 1620   -0.01474    0.00998    0.00946
 1621   -0.01358    0.00635    0.00694
 1622   -0.01103    0.00401    0.00566
 1623   -0.00924    0.00285    0.00405
 1624   -0.01061    0.00568    0.00709
 1625   -0.00900    0.00504    0.00650
 1626   -0.00830    0.00343    0.00621
 1627   -0.00933    0.00277    0.00581
 1628   -0.00951    0.00695    0.00817
 1629   -0.00811    0.00634    0.00784
 1630   -0.00664    0.00544    0.00680
 1631   -0.00438    0.00436    0.00604
 1632   -0.00822    0.00657    0.00707
 1633   -0.00697    0.00243    0.00537
 1634   -0.00607    0.00186    0.00480
 1635   -0.00478    0.00215    0.00502
 1636   -0.00409    0.00233    0.00447
 1637   -0.00547    0.00194    0.00397
 1638   -0.00473    0.00189    0.00292
 1639   -0.00598    0.00133    0.00345
 1640   -0.00427    0.00270    0.00555
 1641   -0.00301    0.00229    0.00605
 1642   -0.00332    0.00275    0.00575
 1643   -0.00334    0.00294    0.00569
 1644   -0.00273    0.00336    0.00763
 1645   -0.00194    0.00278    0.00790
 1646   -0.00185    0.00276    0.00806
 1647   -0.00087    0.00160    0.00846
 1648    0.00016    0.00108    0.00660
 1649    0.00033    0.00041    0.00428
 1650    0.00093   -0.00081    0.00600
 1651   -0.00333    0.00235    0.00524
 1652   -0.00310    0.00245    0.00471
 1653   -0.00164    0.00248    0.00408
 1654   -0.00116    0.00184    0.00420
 1655   -0.00444    0.00239    0.00496
 1656   -0.00590    0.00321    0.00506
 1657   -0.00705    0.00372    0.00592
 1658   -0.00613    0.00350    0.00460
 1659   -0.00839    0.00542    0.00673
 1660   -0.00794    0.00543    0.00561
 1661   -0.00908    0.00660    0.00654
 1662   -0.00096    0.00193    0.00336
 1663    0.00040    0.00154    0.00271
 1664    0.00046    0.00124    0.00169
 1665   -0.00013    0.00069    0.00120
 1666    0.00188    0.00038    0.00281
 1667    0.00193    0.00071    0.00359
 1668    0.00060    0.00173    0.00127
 1669    0.00028    0.00191    0.00031
 1670    0.00130    0.00175    0.00012
 1671    0.00189    0.00176    0.00069
 1672   -0.00138    0.00163    0.00018
 1673    0.00212    0.00115   -0.00085
 1674    0.00303    0.00143   -0.00113
 1675    0.00265    0.00198   -0.00229
 1676    0.00154    0.00093   -0.00246
 1677    0.00479    0.00124   -0.00075
 1678    0.00546    0.00079    0.00016
 1679    0.00500    0.00090   -0.00138
 1680    0.00288    0.00210   -0.00319
 1681    0.00270    0.00272   -0.00449
 1682    0.00397    0.00339   -0.00414
 1683    0.00504    0.00350   -0.00368
 1684    0.00094    0.00417   -0.00487
 1685    0.00435    0.00386   -0.00463
 1686    0.00614    0.00428   -0.00498
 1687    0.00535    0.00643   -0.00585
 1688    0.00437    0.00677   -0.00663
 1689    0.00694    0.00323   -0.00506
 1690    0.00820    0.00398   -0.00481
 1691    0.00972    0.00479   -0.00456
 1692    0.00719    0.00287   -0.00413
 1693    0.00616    0.00742   -0.00623
 1694    0.00579    0.00893   -0.00781
 1695    0.00717    0.01033   -0.00841
 1696    0.00891    0.00948   -0.00793
 1697    0.00408    0.00860   -0.00838
 1698    0.00459    0.00642   -0.00673
 1699    0.00681    0.01201   -0.00984
 1700    0.00751    0.01345   -0.01006
 1701    0.00625    0.01368   -0.01192
 1702    0.00512    0.01360   -0.01340
 1703    0.00639    0.01484   -0.00920
 1704    0.00551    0.01674   -0.00772
 1705    0.00267    0.01791   -0.00716
 1706    0.00157    0.02008   -0.00647
 1707    0.00364    0.02274   -0.00915
 1708    0.00580    0.01358   -0.01273
 1709    0.00151    0.01281   -0.01682
 1710   -0.00232    0.01425   -0.01635
 1711   -0.00681    0.01351   -0.01607
 1712    0.00093    0.01026   -0.01993
 1713   -0.00349    0.01522   -0.01582
 1714   -0.04031    0.00168   -0.02275
 1715   -0.19035   -0.15311   -0.11162
 1716    0.05431    0.14490   -0.01438
 1717   -0.05388    0.00338   -0.01560
 1718    0.00038    0.00566    0.00342
 1719    0.00055    0.00541    0.00301
 1720   -0.00064    0.00595    0.00123
 1721   -0.00075    0.00607    0.00011
 1722    0.00256    0.00477    0.00448
 1723    0.00259    0.00416    0.00163
 1724    0.00409    0.00350    0.00229
 1725    0.00634    0.00266    0.00534
 1726   -0.00106    0.00599    0.00118
 1727   -0.00195    0.00629    0.00009
 1728   -0.00143    0.00591   -0.00089
 1729   -0.00101    0.00548   -0.00063
 1730   -0.00266    0.00664    0.00086
 1731   -0.00326    0.00672   -0.00046
 1732   -0.00398    0.00704    0.00025
 1733   -0.00450    0.00754    0.00107
 1734   -0.00444    0.00706    0.00005
 1735   -0.00166    0.00606   -0.00208
 1736   -0.00159    0.00578   -0.00297
 1737   -0.00240    0.00616   -0.00380
 1738   -0.00294    0.00626   -0.00388
 1739   -0.00078    0.00544   -0.00354
 1740   -0.00105    0.00542   -0.00424
 1741    0.00046    0.00481   -0.00268
 1742   -0.00014    0.00489   -0.00513
 1743   -0.00238    0.00573   -0.00419
 1744   -0.00343    0.00546   -0.00466
 1745   -0.00351    0.00478   -0.00487
 1746   -0.00294    0.00450   -0.00483
 1747   -0.00374    0.00534   -0.00486
 1748   -0.00369    0.00563   -0.00434
 1749   -0.00433    0.00578   -0.00428
 1750   -0.00293    0.00565   -0.00403
 1751   -0.00424    0.00603   -0.00347
 1752   -0.00301    0.00582   -0.00320
 1753   -0.00372    0.00612   -0.00279
 1754   -0.00414    0.00436   -0.00477
 1755   -0.00402    0.00406   -0.00451
 1756   -0.00453    0.00426   -0.00410
 1757   -0.00483    0.00442   -0.00399
 1758   -0.00320    0.00437   -0.00437
 1759   -0.00242    0.00396   -0.00390
 1760   -0.00215    0.00453   -0.00497
 1761   -0.00458    0.00432   -0.00383
 1762   -0.00546    0.00425   -0.00341
 1763   -0.00501    0.00384   -0.00214
 1764   -0.00413    0.00382   -0.00266
 1765   -0.00583    0.00447   -0.00343
 1766   -0.00627    0.00522   -0.00302
 1767   -0.00689    0.00595   -0.00312
 1768   -0.00800    0.00533   -0.00242
 1769   -0.00895    0.00621   -0.00290
 1770   -0.00520    0.00370   -0.00180
 1771   -0.00501    0.00366   -0.00055
 1772   -0.00572    0.00347    0.00031
 1773   -0.00637    0.00423   -0.00042
 1774   -0.00515    0.00327   -0.00002
 1775   -0.00629    0.00356    0.00073
 1776   -0.00477    0.00333   -0.00052
 1777   -0.00443    0.00318    0.00088
 1778   -0.00445    0.00321    0.00124
 1779   -0.00644    0.00279    0.00232
 1780   -0.00794    0.00246    0.00243
 1781   -0.00349    0.00336    0.00206
 1782   -0.00387    0.00261    0.00238
 1783   -0.00377    0.00244    0.00187
 1784   -0.00293    0.00219    0.00272
 1785   -0.00673    0.00284    0.00269
 1786   -0.00836    0.00264    0.00397
 1787   -0.00931    0.00352    0.00334
 1788   -0.01016    0.00452    0.00381
 1789   -0.00869    0.00254    0.00531
 1790   -0.00725    0.00282    0.00372
 1791   -0.00773    0.00181    0.00589
 1792   -0.00845    0.00371    0.00166
 1793   -0.00842    0.00461    0.00028
 1794   -0.00771    0.00491   -0.00060
 1795   -0.00732    0.00501   -0.00224
 1796   -0.00707    0.00490   -0.00050
 1797   -0.00654    0.00547   -0.00096
 1798   -0.00603    0.00497   -0.00296
 1799   -0.00612    0.00476   -0.00261
 1800   -0.00677    0.00513   -0.00035
 1801   -0.00760    0.00457   -0.00097
 1802   -0.00884    0.00326    0.00016
 1803   -0.00833    0.00357   -0.00134
 1804   -0.00907    0.00303   -0.00117
 1805   -0.00613    0.00515   -0.00387
 1806   -0.00607    0.00524   -0.00432
 1807   -0.00580    0.00522   -0.00460
 1808   -0.00597    0.00488   -0.00482
 1809   -0.00612    0.00579   -0.00479
 1810   -0.00645    0.00586   -0.00442
 1811   -0.00564    0.00554   -0.00469
 1812   -0.00556    0.00468   -0.00437
 1813   -0.00564    0.00426   -0.00481
 1814   -0.00554    0.00505   -0.00472
 1815   -0.00502    0.00493   -0.00470
 1816   -0.00513    0.00385   -0.00442
 1817   -0.00505    0.00364   -0.00375
 1818   -0.00492    0.00373   -0.00520
 1819   -0.00423    0.00309   -0.00305
 1820   -0.00597    0.00552   -0.00513
 1821   -0.00531    0.00600   -0.00492
 1822   -0.00467    0.00579   -0.00517
 1823   -0.00440    0.00486   -0.00551
 1824   -0.00545    0.00578   -0.00449
 1825   -0.00564    0.00547   -0.00473
 1826   -0.00512    0.00657   -0.00334
 1827   -0.00402    0.00591   -0.00494
 1828   -0.00370    0.00592   -0.00485
 1829   -0.00331    0.00615   -0.00402
 1830   -0.00309    0.00682   -0.00289
 1831   -0.00292    0.00568   -0.00550
 1832   -0.00302    0.00522   -0.00640
 1833   -0.00171    0.00520   -0.00659
 1834   -0.00275    0.00486   -0.00714
 1835   -0.00332    0.00618   -0.00355
 1836   -0.00306    0.00672   -0.00232
 1837   -0.00182    0.00624   -0.00233
 1838   -0.00159    0.00624   -0.00276
 1839   -0.00448    0.00821   -0.00046
 1840   -0.00453    0.00801   -0.00052
 1841   -0.00474    0.00788    0.00060
 1842   -0.00472    0.00759   -0.00027
 1843   -0.00422    0.00857    0.00248
 1844   -0.00118    0.00603   -0.00221
 1845    0.00002    0.00543   -0.00298
 1846    0.00088    0.00516   -0.00149
 1847    0.00054    0.00555    0.00019
 1848    0.00070    0.00522   -0.00412
 1849   -0.00022    0.00527   -0.00547
 1850    0.00086    0.00507   -0.00312
 1851    0.00200    0.00456   -0.00195
 1852    0.00314    0.00403   -0.00070
 1853    0.00434    0.00295   -0.00203
 1854    0.00436    0.00316   -0.00356
 1855    0.00308    0.00477   -0.00010
 1856    0.00382    0.00492    0.00255
 1857    0.00243    0.00674    0.00447
 1858    0.00071    0.00783    0.00426
 1859    0.00254    0.00906    0.01013
 1860    0.00531    0.00193   -0.00103
 1861    0.00628    0.00071   -0.00227
 1862    0.00666    0.00079   -0.00374
 1863    0.00673    0.00021   -0.00504
 1864    0.00753   -0.00011   -0.00062
 1865    0.00754    0.00095    0.00142
 1866    0.00579    0.00167    0.00092
 1867    0.00630    0.00149   -0.00334
 1868    0.00618    0.00145   -0.00478
 1869    0.00534    0.00235   -0.00622
 1870    0.00519    0.00239   -0.00750
 1871    0.00592    0.00182   -0.00426
 1872    0.00507    0.00310   -0.00346
 1873    0.00485    0.00319   -0.00597
 1874    0.00397    0.00379   -0.00698
 1875    0.00441    0.00304   -0.00806
 1876    0.00491    0.00240   -0.00788
 1877    0.00325    0.00457   -0.00648
 1878    0.00268    0.00537   -0.00559
 1879    0.00269    0.00606   -0.00596
 1880    0.00177    0.00544   -0.00447
 1881    0.00409    0.00312   -0.00910
 1882    0.00409    0.00234   -0.00977
 1883    0.00401    0.00303   -0.00931
 1884    0.00347    0.00376   -0.00879
 1885    0.00403    0.00252   -0.01109
 1886    0.00307    0.00338   -0.01087
 1887    0.00426    0.00217   -0.01118
 1888    0.00439    0.00259   -0.00991
 1889    0.00409    0.00308   -0.00945
 1890    0.00320    0.00391   -0.00900
 1891    0.00314    0.00487   -0.00808
 1892    0.00463    0.00214   -0.00977
 1893    0.00542    0.00117   -0.00992
 1894    0.00388    0.00345   -0.00817
 1895    0.00506    0.00162   -0.00895
 1896    0.00313    0.00365   -0.01002
 1897    0.00237    0.00408   -0.00974
 1898    0.00180    0.00454   -0.00917
 1899    0.00175    0.00465   -0.00791
 1900    0.00199    0.00393   -0.01097
 1901    0.00083    0.00414   -0.01075
 1902    0.00017    0.00481   -0.01263
 1903   -0.00004    0.00516   -0.01243
 1904    0.00255    0.00407   -0.01394
 1905    0.00239    0.00465   -0.00971
 1906    0.00190    0.00509   -0.00889
 1907    0.00185    0.00551   -0.00788
 1908    0.00184    0.00576   -0.00776
 1909    0.00224    0.00576   -0.00896
 1910    0.00197    0.00589   -0.00954
 1911    0.00151    0.00684   -0.01005
 1912    0.00236    0.00527   -0.00961
 1913    0.00193    0.00524   -0.00812
 1914    0.00161    0.00548   -0.00779
 1915    0.00218    0.00543   -0.00723
 1916    0.00152    0.00505   -0.00718
 1917    0.00188    0.00514   -0.00757
 1918    0.00125    0.00516   -0.00708
 1919    0.00193    0.00491   -0.00767
 1920    0.00281    0.00535   -0.00668
 1921    0.00315    0.00532   -0.00564
 1922    0.00325    0.00435   -0.00546
 1923    0.00324    0.00323   -0.00453
 1924    0.00327    0.00556   -0.00517
 1925    0.00316    0.00548   -0.00538
 1926    0.00347    0.00580   -0.00493
 1927    0.00356    0.00563   -0.00482
 1928    0.00436    0.00620   -0.00444
 1929    0.00288    0.00464   -0.00635
 1930    0.00303    0.00345   -0.00642
 1931    0.00270    0.00274   -0.00666
 1932    0.00275    0.00116   -0.00622
 1933    0.00247    0.00371   -0.00725
 1934    0.00215    0.00397   -0.00716
 1935    0.00112    0.00399   -0.00706
 1936    0.00067    0.00271   -0.00690
 1937    0.00015    0.00239   -0.00698
 1938    0.00078    0.00502   -0.00741
 1939    0.00083    0.00558   -0.00737
 1940    0.00058    0.00552   -0.00721
 1941    0.00092    0.00624   -0.00668
 1942    0.00020    0.00628   -0.00546
 1943    0.00100    0.00300   -0.00628
 1944    0.00132    0.00259   -0.00579
 1945    0.00192    0.00124   -0.00502
 1946    0.00120    0.00073   -0.00494
 1947    0.00126    0.00319   -0.00501
 1948    0.00073    0.00416   -0.00552
 1949    0.00115    0.00262   -0.00383
 1950    0.00122    0.00433   -0.00546
 1951    0.00245    0.00057   -0.00475
 1952    0.00284   -0.00087   -0.00395
 1953    0.00311   -0.00191   -0.00475
 1954    0.00397   -0.00278   -0.00420
 1955    0.00343   -0.00092   -0.00306
 1956    0.00438   -0.00191   -0.00153
 1957    0.00546   -0.00215    0.00021
 1958    0.00565   -0.00116   -0.00225
 1959    0.00567   -0.00293    0.00282
 1960    0.00303   -0.00162   -0.00602
 1961    0.00322   -0.00244   -0.00718
 1962    0.00250   -0.00209   -0.00742
 1963    0.00232   -0.00278   -0.00836
 1964    0.00261   -0.00210   -0.00751
 1965    0.00336   -0.00228   -0.00674
 1966    0.00368   -0.00242   -0.00773
 1967    0.00428   -0.00257   -0.00597
 1968    0.00194   -0.00104   -0.00690
 1969    0.00076   -0.00051   -0.00641
 1970    0.00062   -0.00133   -0.00608
 1971    0.00062   -0.00168   -0.00574
 1972   -0.00109    0.00109   -0.00589
 1973   -0.00249    0.00147   -0.00602
 1974   -0.00341    0.00066   -0.00592
 1975   -0.00441    0.00028   -0.00521
 1976   -0.00479    0.00204   -0.00519
 1977    0.00097   -0.00113   -0.00551
 1978   -0.00039   -0.00102   -0.00380
 1979    0.00102   -0.00207   -0.00255
 1980    0.00083   -0.00302   -0.00123
 1981   -0.00175    0.00015   -0.00150
 1982   -0.00304    0.00125   -0.00151
 1983   -0.00414    0.00130   -0.00096
 1984   -0.00408    0.00099    0.00015
 1985   -0.00507    0.00182   -0.00227
 1986    0.00306   -0.00255   -0.00307
 1987    0.00409   -0.00317   -0.00134
 1988    0.00422   -0.00282    0.00011
 1989    0.00407   -0.00405    0.00207
 1990    0.00327   -0.00201   -0.00015
 1991    0.00303   -0.00155    0.00094
 1992    0.00391   -0.00119    0.00113
 1993    0.00340   -0.00059    0.00018
 1994    0.00240   -0.00048    0.00109
 1995    0.00065   -0.00024    0.00210
 1996    0.00305   -0.00083    0.00228
 1997   -0.00069    0.00023    0.00227
 1998    0.00445   -0.00177    0.00365
 1999    0.00461   -0.00088    0.00476
 2000    0.00432    0.00041    0.00383
 2001    0.00432    0.00056    0.00349
 2002    0.00335   -0.00181    0.00852
 2003    0.00290   -0.00272    0.00926
 2004    0.00284   -0.00279    0.00692
 2005    0.00491    0.00157    0.00141
 2006    0.00458    0.00273    0.00006
 2007    0.00504    0.00298    0.00227
 2008    0.00497    0.00373    0.00128
 2009    0.00422    0.00300   -0.00126
 2010    0.00507    0.00189   -0.00135
 2011    0.00499    0.00097    0.00136
 2012    0.00526    0.00253    0.00565
 2013    0.00594    0.00218    0.00882
 2014    0.00647    0.00059    0.00788
 2015    0.00725    0.00045    0.00863
 2016    0.00671   -0.00012    0.01397
 2017    0.00736   -0.00002    0.01520
 2018    0.00583    0.00007    0.01043
 2019    0.01058    0.00028    0.02305
 2020    0.00495    0.00069    0.00681
 2021    0.00565   -0.00025    0.00642
 2022    0.00530    0.00039    0.00448
 2023    0.00526    0.00016    0.00433
 2024    0.00488   -0.00091    0.00690
 2025    0.00489   -0.00144    0.00942
 2026    0.00344   -0.00227    0.01057
 2027    0.00253   -0.00179    0.00945
 2028    0.00306   -0.00200    0.01163
 2029    0.00492    0.00197    0.00327
 2030    0.00454    0.00264    0.00142
 2031    0.00488    0.00287    0.00121
 2032    0.00596    0.00362    0.00042
 2033    0.00396    0.00317   -0.00051
 2034    0.00343    0.00220    0.00002
 2035    0.00329    0.00290   -0.00170
 2036    0.00312    0.00379   -0.00330
 2037    0.00338    0.00209   -0.00166
 2038    0.00500    0.00306   -0.00009
 2039    0.00559    0.00318   -0.00072
 2040    0.00440    0.00379   -0.00221
 2041    0.00373    0.00314   -0.00206
 2042    0.00618    0.00307    0.00035
 2043    0.00713    0.00326    0.00148
 2044    0.00785    0.00330    0.00104
 2045    0.00875    0.00285    0.00262
 2046    0.00925    0.00248    0.00423
 2047    0.00906    0.00276    0.00469
 2048    0.01148    0.00189    0.00550
 2049    0.00383    0.00378   -0.00311
 2050    0.00265    0.00399   -0.00382
 2051    0.00299    0.00400   -0.00414
 2052    0.00399    0.00351   -0.00431
 2053    0.00262    0.00385   -0.00482
 2054    0.00225    0.00451   -0.00506
 2055    0.00225    0.00456   -0.00604
 2056    0.00134    0.00403   -0.00486
 2057    0.00165    0.00406   -0.00383
 2058    0.00195    0.00398   -0.00389
 2059    0.00161    0.00409   -0.00449
 2060    0.00044    0.00391   -0.00443
 2061    0.00155    0.00422   -0.00357
 2062    0.00260    0.00425   -0.00315
 2063    0.00159    0.00463   -0.00363
 2064    0.00360    0.00464   -0.00279
 2065    0.00264    0.00352   -0.00472
 2066    0.00280    0.00326   -0.00482
 2067    0.00294    0.00316   -0.00464
 2068    0.00367    0.00291   -0.00497
 2069    0.00362    0.00234   -0.00544
 2070    0.00352    0.00244   -0.00498
 2071    0.00295    0.00294   -0.00512
 2072    0.00459    0.00162   -0.00552
 2073    0.00323    0.00269   -0.00463
 2074    0.00503    0.00092   -0.00513
 2075    0.00455    0.00182   -0.00454
 2076    0.00194    0.00384   -0.00457
 2077    0.00221    0.00428   -0.00440
 2078    0.00269    0.00480   -0.00453
 2079    0.00370    0.00503   -0.00516
 2080    0.00351    0.00521   -0.00623
 2081    0.00190    0.00469   -0.00392
 2082    0.00227    0.00528   -0.00364
 2083    0.00389    0.00597   -0.00475
 2084    0.00485    0.00726   -0.00510
 2085    0.00397    0.00480   -0.00456
 2086    0.00492    0.00475   -0.00504
 2087    0.00516    0.00402   -0.00448
 2088    0.00426    0.00358   -0.00439
 2089    0.00535    0.00430   -0.00535
 2090    0.00533    0.00386   -0.00414
 2091    0.00518    0.00342   -0.00414
 2092    0.00572    0.00216   -0.00584
 2093    0.00648    0.00110   -0.00693
 2094    0.00575    0.00379   -0.00305
 2095    0.00567    0.00429   -0.00150
 2096    0.00685    0.00438   -0.00040
 2097    0.00669    0.00365   -0.00146
 2098    0.00860    0.00353    0.00085
 2099    0.00527    0.00218   -0.00595
 2100    0.00571    0.00094   -0.00737
 2101    0.00598    0.00099   -0.00830
 2102    0.00537    0.00212   -0.00769
 2103    0.00536    0.00115   -0.00761
 2104    0.00508    0.00148   -0.00663
 2105    0.00435    0.00177   -0.00660
 2106    0.00574    0.00063   -0.00713
 2107    0.00703   -0.00056   -0.01052
 2108    0.00672   -0.00035   -0.01177
 2109    0.00666    0.00006   -0.01269
 2110    0.00652   -0.00059   -0.01270
 2111    0.00872   -0.00126   -0.01553
 2112    0.00944   -0.00153   -0.01801
 2113    0.00743   -0.00045   -0.01507
 2114    0.00688   -0.00022   -0.01186
 2115    0.00749   -0.00008   -0.01745
 2116    0.00634    0.00094   -0.01267
 2117    0.00535    0.00126   -0.01272
 2118    0.00593    0.00034   -0.01467
 2119    0.00659   -0.00064   -0.01582
 2120    0.00407    0.00149   -0.01282
 2121    0.00335    0.00328   -0.00865
 2122    0.00351    0.00419   -0.00801
 2123    0.00377    0.00314   -0.00594
 2124    0.00541    0.00046   -0.01373
 2125    0.00569   -0.00006   -0.01457
 2126    0.00586   -0.00085   -0.01399
 2127    0.00571   -0.00077   -0.01349
 2128    0.00625   -0.00131   -0.01352
 2129    0.00668   -0.00204   -0.01276
 2130    0.00642   -0.00109   -0.01131
 2131    0.00603    0.00003   -0.01097
 2132    0.00714   -0.00306   -0.01290
 2133    0.00783   -0.00484   -0.01376
 2134    0.00816   -0.00590   -0.01309
 2135    0.00978   -0.00757   -0.01386
 2136    0.01161   -0.00995   -0.01638
 2137    0.01822   -0.01530   -0.01945
 2138    0.01102   -0.00890   -0.01647
 2139    0.00680   -0.00143   -0.01054
 2140    0.00661   -0.00066   -0.00924
 2141    0.00685   -0.00071   -0.00870
 2142    0.00721   -0.00161   -0.00907
 2143    0.00715   -0.00109   -0.00857
 2144    0.00813   -0.00268   -0.00841
 2145    0.00689   -0.00072   -0.00939
 2146    0.00641    0.00004   -0.00760
 2147    0.00624   -0.00000   -0.00677
 2148    0.00726   -0.00132   -0.00615
 2149    0.00724   -0.00172   -0.00571
 2150    0.00561    0.00119   -0.00587
 2151    0.00455    0.00246   -0.00643
 2152    0.00352    0.00329   -0.00567
 2153    0.00398    0.00251   -0.00632
 2154    0.00804   -0.00190   -0.00575
 2155    0.00900   -0.00323   -0.00481
 2156    0.00987   -0.00488   -0.00585
 2157    0.01070   -0.00549   -0.00521
 2158    0.00914   -0.00387   -0.00401
 2159    0.01031   -0.00501   -0.00290
 2160    0.00977   -0.00497   -0.00732
 2161    0.01058   -0.00629   -0.00850
 2162    0.01019   -0.00656   -0.00817
 2163    0.01241   -0.00835   -0.00925
 2164    0.01001   -0.00606   -0.00985
 2165    0.01057   -0.00629   -0.01016
 2166    0.00956   -0.00502   -0.01074
 2167    0.01169   -0.00800   -0.00990
 2168    0.00905   -0.00505   -0.00790
 2169    0.00858   -0.00495   -0.00744
 2170    0.00846   -0.00463   -0.00634
 2171    0.00794   -0.00412   -0.00584
 2172    0.00719   -0.00294   -0.00796
 2173    0.00744   -0.00301   -0.00904
 2174    0.00719   -0.00265   -0.00969
 2175    0.00766   -0.00358   -0.00873
 2176    0.00729   -0.00274   -0.01073
 2177    0.00795   -0.00377   -0.00929
 2178    0.00771   -0.00328   -0.01090
 2179    0.00776   -0.00376   -0.01191
 2180    0.00913   -0.00480   -0.00535
 2181    0.00925   -0.00493   -0.00361
 2182    0.00849   -0.00367   -0.00312
 2183    0.00955   -0.00438   -0.00261
 2184    0.01183   -0.00735   -0.00264
 2185    0.01511   -0.00904   -0.00250
 2186    0.01547   -0.00882   -0.00110
 2187    0.01630   -0.01056   -0.00413
 2188    0.00704   -0.00187   -0.00346
 2189    0.00573   -0.00048   -0.00297
 2190    0.00593   -0.00019   -0.00128
 2191    0.00596    0.00030   -0.00063
 2192    0.00461    0.00079   -0.00418
 2193    0.00404    0.00073   -0.00555
 2194    0.00356    0.00207   -0.00341
 2195    0.00476    0.00021   -0.00632
 2196    0.00597   -0.00033   -0.00094
 2197    0.00644    0.00010    0.00059
 2198    0.00493    0.00172    0.00102
 2199    0.00315    0.00246   -0.00015
 2200    0.01028   -0.00023    0.00145
 2201    0.01940    0.00010    0.00548
 2202    0.02647    0.00354    0.01164
 2203    0.04829    0.01200    0.02305
 2204    0.02275    0.00117    0.01040
 2205    0.00514    0.00235    0.00301
 2206    0.00365    0.00288    0.00328
 2207    0.00261    0.00324    0.00131
 2208    0.00380    0.00302    0.00073
 2209    0.00405    0.00268    0.00648
 2210    0.00075    0.00439    0.00052
 2211    0.00025    0.00490   -0.00099
 2212    0.00127    0.00469   -0.00256
 2213    0.00155    0.00474   -0.00339
 2214    0.00027    0.00498   -0.00026
 2215   -0.00058    0.00491    0.00180
 2216    0.00122    0.00409    0.00439
 2217    0.00346    0.00381    0.00377
 2218    0.00089    0.00403    0.00696
 2219    0.00158    0.00418   -0.00270
 2220    0.00238    0.00398   -0.00402
 2221    0.00035    0.00447   -0.00420
 2222   -0.00027    0.00448   -0.00435
 2223    0.00393    0.00295   -0.00387
 2224    0.00320    0.00237   -0.00350
 2225   -0.00065    0.00442   -0.00427
 2226   -0.00159    0.00448   -0.00474
 2227   -0.00155    0.00397   -0.00480
 2228   -0.00070    0.00392   -0.00464
 2229   -0.00207    0.00498   -0.00477
 2230   -0.00204    0.00551   -0.00520
 2231   -0.00326    0.00510   -0.00509
 2232   -0.00192    0.00378   -0.00504
 2233   -0.00163    0.00360   -0.00502
 2234   -0.00214    0.00392   -0.00479
 2235   -0.00283    0.00389   -0.00453
 2236   -0.00098    0.00372   -0.00508
 2237   -0.00008    0.00360   -0.00545
 2238    0.00029    0.00405   -0.00574
 2239    0.00120    0.00300   -0.00575
 2240   -0.00184    0.00391   -0.00436
 2241   -0.00197    0.00422   -0.00399
 2242   -0.00141    0.00395   -0.00364
 2243   -0.00050    0.00429   -0.00372
 2244   -0.00196    0.00473   -0.00374
 2245   -0.00344    0.00466   -0.00356
 2246   -0.00431    0.00445   -0.00243
 2247   -0.00357    0.00468   -0.00416
 2248   -0.00567    0.00437   -0.00248
 2249   -0.00495    0.00492   -0.00363
 2250   -0.00184    0.00391   -0.00298
 2251   -0.00061    0.00343   -0.00223
 2252    0.00036    0.00255   -0.00060
 2253   -0.00056    0.00281    0.00011
 2254   -0.00100    0.00318   -0.00192
 2255    0.00034    0.00258   -0.00109
 2256    0.00187    0.00299   -0.00188
 2257   -0.00012    0.00255   -0.00086
 2258    0.00156    0.00249   -0.00004
 2259    0.00220    0.00228    0.00112
 2260    0.00321    0.00174    0.00212
 2261    0.00420    0.00224    0.00190
 2262    0.00325    0.00243    0.00105
 2263    0.00404    0.00132    0.00235
 2264    0.00234    0.00302    0.00039
 2265    0.00333    0.00126    0.00309
 2266    0.00415    0.00054    0.00421
 2267    0.00484   -0.00012    0.00465
 2268    0.00471    0.00002    0.00438
 2269    0.00296    0.00058    0.00439
 2270    0.00169    0.00070    0.00371
 2271    0.00018    0.00092    0.00380
 2272    0.00242    0.00065    0.00282
 2273    0.00584    0.00003    0.00524
 2274    0.00677   -0.00031    0.00523
 2275    0.00644   -0.00068    0.00572
 2276    0.00610   -0.00118    0.00658
 2277    0.00783   -0.00048    0.00553
 2278    0.00855    0.00045    0.00516
 2279    0.00902   -0.00000    0.00428
 2280    0.00919    0.00016    0.00425
 2281    0.00808   -0.00014    0.00303
 2282    0.00709   -0.00016    0.00300
 2283    0.00837   -0.00020    0.00287
 2284    0.00587   -0.00060    0.00499
 2285    0.00492   -0.00080    0.00546
 2286    0.00502   -0.00058    0.00373
 2287    0.00567   -0.00065    0.00266
 2288    0.00319   -0.00015    0.00569
 2289    0.00240    0.00001    0.00632
 2290    0.00088    0.00093    0.00580
 2291    0.00240    0.00007    0.00796
 2292    0.00473   -0.00101    0.00393
 2293    0.00491   -0.00100    0.00177
 2294    0.00320   -0.00049    0.00022
 2295    0.00158   -0.00002    0.00092
 2296    0.00522   -0.00102    0.00183
 2297    0.00677   -0.00138    0.00384
 2298    0.00580   -0.00172    0.00559
 2299    0.00534   -0.00142    0.00354
 2300    0.00373   -0.00138    0.00356
 2301    0.00243   -0.00202    0.00684
 2302    0.00331   -0.00034    0.00128
 2303    0.00370   -0.00065   -0.00182
 2304    0.00229   -0.00024   -0.00339
 2305    0.00247   -0.00033   -0.00540
 2306    0.00404   -0.00054   -0.00576
