    1   -0.01653    0.00631   -0.00971
    2   -0.01610    0.00720   -0.00873
    3   -0.01454    0.00665   -0.00774
    4   -0.01404    0.00551   -0.00794
    5   -0.01771    0.00717   -0.00958
    6   -0.01774    0.00836   -0.00901
    7   -0.02037    0.00866   -0.01058
    8   -0.01954    0.01012   -0.00942
    9   -0.01363    0.00776   -0.00689
   10   -0.01205    0.00756   -0.00603
   11   -0.01177    0.00716   -0.00562
   12   -0.01271    0.00767   -0.00578
   13   -0.01172    0.00882   -0.00516
   14   -0.01233    0.00995   -0.00499
   15   -0.01164    0.01074   -0.00449
   16   -0.01159    0.01079   -0.00468
   17   -0.01168    0.01094   -0.00329
   18   -0.01054    0.00635   -0.00517
   19   -0.01013    0.00612   -0.00480
   20   -0.00997    0.00721   -0.00383
   21   -0.00965    0.00795   -0.00327
   22   -0.00901    0.00531   -0.00454
   23   -0.00976    0.00427   -0.00529
   24   -0.00862    0.00379   -0.00481
   25   -0.01072    0.00381   -0.00587
   26   -0.00914    0.00699   -0.00338
   27   -0.00795    0.00709   -0.00221
   28   -0.00628    0.00707   -0.00167
   29   -0.00562    0.00654   -0.00191
   30   -0.00751    0.00673   -0.00192
   31   -0.00927    0.00737   -0.00217
   32   -0.00849    0.00702   -0.00144
   33   -0.01042    0.00779   -0.00200
   34   -0.01137    0.00851   -0.00207
   35   -0.00545    0.00802   -0.00104
   36   -0.00439    0.00833   -0.00050
   37   -0.00375    0.00796   -0.00010
   38   -0.00364    0.00782    0.00026
   39   -0.00282    0.00915    0.00004
   40   -0.00424    0.00920    0.00013
   41   -0.00612    0.00844   -0.00085
   42   -0.00285    0.00788   -0.00016
   43   -0.00214    0.00745    0.00014
   44   -0.00046    0.00803    0.00062
   45    0.00007    0.00824    0.00061
   46   -0.00225    0.00672   -0.00044
   47   -0.00182    0.00649   -0.00033
   48   -0.00245    0.00620   -0.00039
   49   -0.00364    0.00529   -0.00130
   50    0.00006    0.00800    0.00128
   51    0.00101    0.00829    0.00165
   52    0.00129    0.00842    0.00131
   53    0.00099    0.00810    0.00109
   54    0.00120    0.00840    0.00197
   55    0.00241    0.00860    0.00280
   56    0.00242    0.00870    0.00361
   57    0.00097    0.00895    0.00327
   58    0.00362    0.00875    0.00407
   59    0.00199    0.00880    0.00120
   60    0.00198    0.00885    0.00101
   61    0.00256    0.00939    0.00113
   62    0.00320    0.00989    0.00133
   63    0.00214    0.00889    0.00082
   64    0.00212    0.00892    0.00047
   65    0.00231    0.00921    0.00110
   66    0.00216    0.00912    0.00015
   67    0.00209    0.00917    0.00092
   68    0.00261    0.00952    0.00107
   69    0.00189    0.00907    0.00113
   70    0.00063    0.00832    0.00095
   71    0.00197    0.00963    0.00176
   72    0.00201    0.00999    0.00214
   73    0.00267    0.01094    0.00266
   74    0.00101    0.00952    0.00215
   75    0.00235    0.00931    0.00098
   76    0.00122    0.00875    0.00092
   77    0.00052    0.00816    0.00086
   78    0.00007    0.00718    0.00044
   79    0.00192    0.00929    0.00072
   80    0.00441    0.01070    0.00097
   81    0.00364    0.01024    0.00090
   82    0.00061    0.00875    0.00126
   83   -0.00049    0.00826    0.00099
   84   -0.00120    0.00726    0.00104
   85   -0.00209    0.00655    0.00002
   86   -0.00019    0.00961    0.00196
   87   -0.00108    0.00914    0.00167
   88   -0.00146    0.01020    0.00206
   89   -0.00086    0.00993    0.00276
   90   -0.00140    0.01041    0.00216
   91   -0.00090    0.00772    0.00111
   92   -0.00193    0.00706    0.00079
   93   -0.00198    0.00629    0.00028
   94   -0.00277    0.00551   -0.00032
   95   -0.00140    0.00746    0.00085
   96   -0.00158    0.00803    0.00140
   97   -0.00077    0.00821    0.00196
   98   -0.00195    0.00770    0.00117
   99   -0.00097    0.00633    0.00025
  100   -0.00095    0.00553   -0.00027
  101   -0.00112    0.00477   -0.00050
  102   -0.00183    0.00381   -0.00102
  103   -0.00009    0.00599   -0.00004
  104   -0.00001    0.00629   -0.00005
  105    0.00029    0.00714    0.00007
  106    0.00054    0.00641   -0.00014
  107   -0.00084    0.00512   -0.00055
  108   -0.00105    0.00422   -0.00075
  109   -0.00260    0.00380   -0.00122
  110   -0.00311    0.00281   -0.00143
  111   -0.00059    0.00479   -0.00049
  112    0.00004    0.00515   -0.00048
  113    0.00003    0.00460   -0.00090
  114    0.00023    0.00612   -0.00010
  115   -0.00284    0.00440   -0.00081
  116   -0.00416    0.00397   -0.00107
  117   -0.00506    0.00313   -0.00169
  118   -0.00596    0.00233   -0.00203
  119   -0.00450    0.00498   -0.00090
  120   -0.00546    0.00483   -0.00101
  121   -0.00580    0.00426   -0.00113
  122   -0.00677    0.00365   -0.00168
  123   -0.00789    0.00287   -0.00210
  124   -0.00449    0.00329   -0.00185
  125   -0.00490    0.00262   -0.00241
  126   -0.00491    0.00127   -0.00277
  127   -0.00575    0.00045   -0.00329
  128   -0.00430    0.00294   -0.00214
  129   -0.00503    0.00209   -0.00271
  130   -0.00420    0.00389   -0.00170
  131   -0.00395    0.00142   -0.00221
  132   -0.00387    0.00029   -0.00224
  133   -0.00463   -0.00064   -0.00262
  134   -0.00504   -0.00195   -0.00312
  135   -0.00283    0.00056   -0.00175
  136   -0.00210    0.00088   -0.00138
  137   -0.00122    0.00138   -0.00103
  138   -0.00224   -0.00024   -0.00156
  139   -0.00472    0.00015   -0.00242
  140   -0.00558   -0.00058   -0.00272
  141   -0.00680   -0.00107   -0.00325
  142   -0.00744   -0.00232   -0.00378
  143   -0.00579    0.00050   -0.00234
  144   -0.00619    0.00132   -0.00222
  145   -0.00723   -0.00045   -0.00333
  146   -0.00837   -0.00088   -0.00404
  147   -0.00854   -0.00205   -0.00489
  148   -0.00947   -0.00291   -0.00538
  149   -0.00824    0.00026   -0.00394
  150   -0.00866    0.00113   -0.00316
  151   -0.00791    0.00182   -0.00328
  152   -0.00797    0.00252   -0.00283
  153   -0.00824    0.00258   -0.00302
  154   -0.00873    0.00217   -0.00351
  155   -0.00789    0.00302   -0.00241
  156   -0.00768   -0.00213   -0.00461
  157   -0.00792   -0.00349   -0.00486
  158   -0.00796   -0.00479   -0.00503
  159   -0.00849   -0.00597   -0.00531
  160   -0.00691   -0.00322   -0.00441
  161   -0.00683   -0.00212   -0.00424
  162   -0.00589   -0.00191   -0.00383
  163   -0.00790   -0.00260   -0.00495
  164   -0.00737   -0.00448   -0.00455
  165   -0.00736   -0.00568   -0.00453
  166   -0.00597   -0.00603   -0.00406
  167   -0.00567   -0.00725   -0.00415
  168   -0.00512   -0.00492   -0.00335
  169   -0.00413   -0.00498   -0.00279
  170   -0.00408   -0.00480   -0.00251
  171   -0.00422   -0.00369   -0.00230
  172   -0.00336   -0.00378   -0.00231
  173   -0.00261   -0.00395   -0.00174
  174   -0.00351   -0.00403   -0.00265
  175   -0.00368   -0.00579   -0.00235
  176   -0.00368   -0.00570   -0.00238
  177   -0.00264   -0.00556   -0.00190
  178   -0.00225   -0.00566   -0.00159
  179   -0.00410   -0.00706   -0.00292
  180   -0.00256   -0.00493   -0.00213
  181   -0.00177   -0.00465   -0.00181
  182   -0.00145   -0.00269   -0.00142
  183   -0.00198   -0.00187   -0.00148
  184   -0.00073   -0.00258   -0.00106
  185   -0.00023   -0.00138   -0.00085
  186    0.00029   -0.00071   -0.00058
  187    0.00065    0.00054   -0.00045
  188    0.00020   -0.00147   -0.00062
  189   -0.00044   -0.00171   -0.00086
  190   -0.00037   -0.00188   -0.00076
  191    0.00020   -0.00208   -0.00041
  192   -0.00117   -0.00182   -0.00113
  193    0.00031   -0.00106   -0.00055
  194    0.00064   -0.00050   -0.00036
  195    0.00025    0.00068   -0.00065
  196   -0.00044    0.00048   -0.00089
  197    0.00062   -0.00152   -0.00020
  198    0.00102   -0.00236    0.00001
  199    0.00072   -0.00363   -0.00006
  200    0.00185   -0.00198    0.00038
  201    0.00133   -0.00407    0.00008
  202    0.00218   -0.00321    0.00038
  203    0.00243   -0.00100    0.00059
  204    0.00289   -0.00364    0.00064
  205    0.00315   -0.00144    0.00098
  206    0.00347   -0.00264    0.00106
  207    0.00019    0.00211   -0.00051
  208    0.00007    0.00332   -0.00055
  209    0.00070    0.00436   -0.00033
  210    0.00093    0.00424    0.00002
  211   -0.00037    0.00391   -0.00054
  212   -0.00053    0.00252   -0.00079
  213   -0.00107    0.00226   -0.00091
  214   -0.00167    0.00088   -0.00121
  215   -0.00215    0.00054   -0.00157
  216   -0.00253    0.00132   -0.00146
  217   -0.00260   -0.00070   -0.00175
  218    0.00084    0.00496   -0.00063
  219    0.00121    0.00609   -0.00041
  220    0.00154    0.00743   -0.00039
  221    0.00146    0.00767   -0.00000
  222    0.00121    0.00627   -0.00017
  223    0.00097    0.00514   -0.00029
  224    0.00032    0.00420   -0.00049
  225    0.00123    0.00530   -0.00020
  226   -0.00008    0.00335   -0.00066
  227    0.00098    0.00421   -0.00038
  228    0.00042    0.00337   -0.00050
  229    0.00202    0.00777   -0.00034
  230    0.00229    0.00931   -0.00078
  231    0.00253    0.01023   -0.00072
  232    0.00228    0.00956   -0.00058
  233    0.00221    0.00924   -0.00115
  234    0.00177    0.01063   -0.00145
  235    0.00183    0.00797   -0.00065
  236    0.00286    0.01165   -0.00083
  237    0.00292    0.01236   -0.00103
  238    0.00264    0.01214   -0.00191
  239    0.00251    0.01171   -0.00261
  240    0.00401    0.01431   -0.00074
  241    0.00458    0.01412    0.00029
  242    0.00550    0.01535    0.00138
  243    0.00404    0.01233    0.00014
  244    0.00183    0.01193   -0.00178
  245    0.00027    0.01167   -0.00259
  246   -0.00040    0.01220   -0.00304
  247   -0.00028    0.01226   -0.00252
  248    0.00150    0.01070   -0.00245
  249    0.00051    0.01028   -0.00350
  250    0.00192    0.00988   -0.00176
  251   -0.00090    0.01257   -0.00454
  252   -0.00218    0.01405   -0.00578
  253   -0.00340    0.01328   -0.00614
  254   -0.00335    0.01314   -0.00658
  255   -0.00261    0.01593   -0.00727
  256   -0.00091    0.01689   -0.00717
  257   -0.00096    0.02047   -0.01000
  258    0.00036    0.01878   -0.00549
  259   -0.00335    0.01261   -0.00590
  260   -0.00358    0.01218   -0.00658
  261   -0.00249    0.01100   -0.00593
  262   -0.00051    0.01029   -0.00469
  263   -0.00242    0.01080   -0.00561
  264    0.00097    0.00915   -0.00398
  265    0.00178    0.00909   -0.00413
  266    0.00408    0.00790   -0.00252
  267    0.00149    0.00892   -0.00323
  268    0.00025    0.00927   -0.00270
  269    0.00095    0.00901   -0.00125
  270    0.00144    0.00864   -0.00145
  271    0.00076    0.00998   -0.00522
  272    0.00261    0.00942   -0.00505
  273    0.00249    0.00960   -0.00459
  274    0.00187    0.01004   -0.00503
  275   -0.00006    0.00921   -0.00668
  276   -0.00020    0.01040   -0.00769
  277   -0.00145    0.01170   -0.00873
  278    0.00010    0.01185   -0.00882
  279   -0.00283    0.01278   -0.00935
  280    0.00383    0.00903   -0.00419
  281    0.00306    0.00839   -0.00484
  282    0.00188    0.00919   -0.00535
  283    0.00125    0.00856   -0.00540
  284    0.00342    0.00837   -0.00462
  285    0.00407    0.00734   -0.00357
  286    0.00566    0.00675   -0.00178
  287    0.00755    0.00660   -0.00047
  288    0.00604    0.00616   -0.00121
  289    0.00053    0.00970   -0.00652
  290   -0.00015    0.00974   -0.00682
  291   -0.00003    0.01071   -0.00643
  292   -0.00035    0.01075   -0.00682
  293    0.00075    0.01037   -0.00768
  294   -0.00075    0.01130   -0.00642
  295   -0.00108    0.01149   -0.00566
  296   -0.00082    0.01074   -0.00486
  297   -0.00073    0.01077   -0.00460
  298   -0.00233    0.01247   -0.00617
  299   -0.00331    0.01334   -0.00789
  300    0.00064    0.00998   -0.00471
  301    0.00117    0.00904   -0.00414
  302    0.00116    0.00833   -0.00427
  303    0.00164    0.00786   -0.00367
  304    0.00131    0.00810   -0.00391
  305    0.00180    0.00827   -0.00352
  306    0.00304    0.00749   -0.00244
  307    0.00148    0.00859   -0.00309
  308    0.00081    0.00780   -0.00504
  309    0.00216    0.00821   -0.00497
  310    0.00262    0.00872   -0.00499
  311    0.00356    0.00937   -0.00540
  312    0.00281    0.00942   -0.00483
  313    0.00308    0.01018   -0.00460
  314    0.00269    0.01022   -0.00426
  315    0.00268    0.01111   -0.00406
  316    0.00278    0.01187   -0.00546
  317    0.00083    0.01169   -0.00595
  318    0.00294    0.00984   -0.00370
  319    0.00366    0.00955   -0.00288
  320    0.00416    0.00842   -0.00231
  321    0.00424    0.00743   -0.00274
  322    0.00310    0.00893   -0.00237
  323    0.00349    0.00791   -0.00113
  324    0.00215    0.00981   -0.00306
  325    0.00364    0.00839   -0.00168
  326    0.00309    0.00684   -0.00138
  327    0.00319    0.00506   -0.00081
  328    0.00361    0.00496   -0.00032
  329    0.00262    0.00642   -0.00084
  330    0.00252    0.00800   -0.00133
  331    0.00306    0.00880   -0.00150
  332    0.00332    0.00374   -0.00098
  333    0.00335    0.00210   -0.00008
  334    0.00405    0.00077    0.00066
  335    0.00367    0.00091    0.00026
  336    0.00366    0.00218   -0.00001
  337    0.00424   -0.00031    0.00113
  338    0.00462   -0.00049    0.00160
  339    0.00440    0.00012    0.00140
  340    0.00382    0.00054    0.00104
  341    0.00499   -0.00192    0.00216
  342    0.00473   -0.00240    0.00219
  343    0.00422   -0.00123    0.00116
  344    0.00456    0.00051    0.00136
  345    0.00426    0.00115    0.00122
  346    0.00467    0.00014    0.00151
  347    0.00521    0.00007    0.00170
  348    0.00405    0.00290    0.00091
  349    0.00421   -0.00029    0.00139
  350    0.00436   -0.00152    0.00175
  351    0.00410   -0.00107    0.00158
  352    0.00426   -0.00193    0.00190
  353    0.00413   -0.00306    0.00151
  354    0.00311   -0.00212    0.00101
  355    0.00380    0.00030    0.00131
  356    0.00373    0.00080    0.00122
  357    0.00372    0.00235    0.00099
  358    0.00337    0.00313    0.00074
  359    0.00301   -0.00008    0.00083
  360    0.00402    0.00274    0.00112
  361    0.00369    0.00417    0.00092
  362    0.00324    0.00446    0.00073
  363    0.00357    0.00390    0.00094
  364    0.00448    0.00444    0.00118
  365    0.00377    0.00571    0.00084
  366    0.00316    0.00683    0.00029
  367    0.00402    0.00580    0.00130
  368    0.00281    0.00514    0.00050
  369    0.00231    0.00547    0.00034
  370    0.00232    0.00677    0.00033
  371    0.00225    0.00766    0.00015
  372    0.00173    0.00546    0.00009
  373    0.00124    0.00548   -0.00016
  374    0.00099    0.00447   -0.00014
  375    0.00079    0.00578   -0.00037
  376    0.00243    0.00680    0.00033
  377    0.00234    0.00762    0.00041
  378    0.00198    0.00792    0.00022
  379    0.00187    0.00754    0.00016
  380    0.00290    0.00734    0.00072
  381    0.00292    0.00781    0.00072
  382    0.00247    0.00819    0.00055
  383    0.00338    0.00756    0.00121
  384    0.00194    0.00850    0.00011
  385    0.00175    0.00873    0.00006
  386    0.00186    0.00885    0.00008
  387    0.00185    0.00878    0.00009
  388    0.00171    0.00883    0.00006
  389    0.00155    0.00885    0.00008
  390    0.00139    0.00881    0.00023
  391    0.00181    0.00886    0.00033
  392    0.00188    0.00892    0.00003
  393    0.00202    0.00903    0.00004
  394    0.00204    0.00930   -0.00018
  395    0.00193    0.00936   -0.00034
  396    0.00235    0.00888    0.00049
  397    0.00262    0.00898    0.00054
  398    0.00291    0.00943    0.00061
  399    0.00254    0.00862    0.00056
  400    0.00303    0.00958    0.00073
  401    0.00260    0.00851    0.00066
  402    0.00288    0.00900    0.00078
  403    0.00220    0.00909   -0.00024
  404    0.00238    0.00926   -0.00057
  405    0.00257    0.01006   -0.00069
  406    0.00313    0.01030   -0.00024
  407    0.00232    0.00899   -0.00048
  408    0.00238    0.00881   -0.00027
  409    0.00206    0.00870   -0.00009
  410    0.00253    0.01045   -0.00117
  411    0.00221    0.01099   -0.00102
  412    0.00310    0.01204   -0.00088
  413    0.00255    0.01257   -0.00104
  414    0.00157    0.01102   -0.00126
  415    0.00180    0.01137   -0.00118
  416    0.00226    0.01104   -0.00060
  417    0.00091    0.01089   -0.00174
  418    0.00422    0.01209   -0.00047
  419    0.00561    0.01317   -0.00066
  420    0.00610    0.01499   -0.00030
  421    0.00594    0.01460    0.00037
  422    0.00586    0.01345   -0.00061
  423    0.00569    0.01286    0.00035
  424    0.00510    0.01191   -0.00073
  425    0.00685    0.01600   -0.00075
  426    0.00749    0.01673   -0.00034
  427    0.00771    0.01660    0.00097
  428    0.00786    0.01707    0.00152
  429    0.00804    0.01798   -0.00107
  430    0.00776    0.01602    0.00102
  431    0.00792    0.01590    0.00214
  432    0.00749    0.01485    0.00277
  433    0.00792    0.01521    0.00365
  434    0.00778    0.01551    0.00195
  435    0.00756    0.01497    0.00283
  436    0.00836    0.01601    0.00414
  437    0.00880    0.01670    0.00453
  438    0.00828    0.01611    0.00466
  439    0.00683    0.01391    0.00228
  440    0.00642    0.01302    0.00251
  441    0.00669    0.01354    0.00250
  442    0.00675    0.01312    0.00308
  443    0.00565    0.01219    0.00176
  444    0.00512    0.01154    0.00188
  445    0.00474    0.01163    0.00135
  446    0.00502    0.01074    0.00235
  447    0.00439    0.01082    0.00153
  448    0.00464    0.01031    0.00212
  449    0.00666    0.01428    0.00188
  450    0.00664    0.01471    0.00181
  451    0.00743    0.01557    0.00252
  452    0.00752    0.01558    0.00260
  453    0.00662    0.01546    0.00093
  454    0.00598    0.01506    0.00017
  455    0.00486    0.01410   -0.00061
  456    0.00431    0.01389   -0.00141
  457    0.00469    0.01348   -0.00015
  458    0.00798    0.01629    0.00300
  459    0.00865    0.01720    0.00390
  460    0.00879    0.01626    0.00490
  461    0.00919    0.01653    0.00574
  462    0.00904    0.01828    0.00424
  463    0.00910    0.01969    0.00340
  464    0.00918    0.01977    0.00271
  465    0.00930    0.02062    0.00305
  466    0.00854    0.01517    0.00473
  467    0.00874    0.01428    0.00562
  468    0.00858    0.01370    0.00561
  469    0.00928    0.01331    0.00673
  470    0.00816    0.01359    0.00526
  471    0.00795    0.01247    0.00557
  472    0.00861    0.01217    0.00627
  473    0.00743    0.01143    0.00503
  474    0.00908    0.01114    0.00690
  475    0.00757    0.01016    0.00549
  476    0.00845    0.01015    0.00629
  477    0.00792    0.01332    0.00449
  478    0.00760    0.01243    0.00438
  479    0.00790    0.01284    0.00488
  480    0.00803    0.01188    0.00536
  481    0.00667    0.01195    0.00322
  482    0.00603    0.01106    0.00283
  483    0.00607    0.00982    0.00335
  484    0.00532    0.00907    0.00282
  485    0.00531    0.00811    0.00305
  486    0.00615    0.00767    0.00382
  487    0.00467    0.00761    0.00244
  488    0.00806    0.01427    0.00461
  489    0.00842    0.01505    0.00471
  490    0.00927    0.01494    0.00628
  491    0.00940    0.01438    0.00664
  492    0.00841    0.01664    0.00421
  493    0.00779    0.01656    0.00292
  494    0.00725    0.01608    0.00217
  495    0.00640    0.01550    0.00117
  496    0.00688    0.01667    0.00101
  497    0.00991    0.01538    0.00718
  498    0.01097    0.01527    0.00885
  499    0.01120    0.01348    0.00946
  500    0.01202    0.01298    0.01067
  501    0.01161    0.01621    0.00965
  502    0.01049    0.01260    0.00852
  503    0.01059    0.01094    0.00881
  504    0.01037    0.00971    0.00850
  505    0.01092    0.00830    0.00927
  506    0.00958    0.01048    0.00750
  507    0.00977    0.00881    0.00764
  508    0.00875    0.00801    0.00662
  509    0.00790    0.00840    0.00564
  510    0.00897    0.00717    0.00669
  511    0.00954    0.01007    0.00747
  512    0.00923    0.00878    0.00704
  513    0.01024    0.00870    0.00803
  514    0.01060    0.00708    0.00839
  515    0.00827    0.00935    0.00582
  516    0.00733    0.00909    0.00469
  517    0.00787    0.00824    0.00539
  518    0.00650    0.01000    0.00349
  519    0.01064    0.01047    0.00857
  520    0.01155    0.01071    0.00955
  521    0.01287    0.01025    0.01117
  522    0.01384    0.01054    0.01221
  523    0.01151    0.01294    0.00940
  524    0.01061    0.01337    0.00814
  525    0.00968    0.01378    0.00678
  526    0.00890    0.01250    0.00583
  527    0.00969    0.01547    0.00678
  528    0.01296    0.00957    0.01130
  529    0.01442    0.00885    0.01278
  530    0.01470    0.00665    0.01258
  531    0.01586    0.00574    0.01367
  532    0.01436    0.00938    0.01336
  533    0.01589    0.00926    0.01546
  534    0.01701    0.00748    0.01543
  535    0.01621    0.00639    0.01367
  536    0.01898    0.00707    0.01771
  537    0.01376    0.00578    0.01099
  538    0.01392    0.00370    0.01046
  539    0.01382    0.00257    0.01060
  540    0.01472    0.00085    0.01079
  541    0.01258    0.00321    0.00917
  542    0.01247    0.00295    0.00896
  543    0.01278    0.00458    0.00948
  544    0.01069    0.00281    0.00748
  545    0.01297    0.00358    0.01029
  546    0.01303    0.00286    0.01013
  547    0.01274    0.00038    0.00956
  548    0.01151   -0.00028    0.00842
  549    0.01438    0.00354    0.01162
  550    0.01392   -0.00109    0.01041
  551    0.01402   -0.00394    0.01009
  552    0.01502   -0.00498    0.01050
  553    0.01677   -0.00719    0.01104
  554    0.01426   -0.00383    0.01000
  555    0.01478   -0.00435    0.01029
  556    0.01408   -0.00634    0.01001
  557    0.01297   -0.00710    0.00948
  558    0.01419   -0.00297    0.00972
  559    0.01228   -0.00293    0.00850
  560    0.01135   -0.00168    0.00795
  561    0.01214   -0.00136    0.00837
  562    0.00987   -0.00121    0.00687
  563    0.01441   -0.00679    0.01026
  564    0.01356   -0.00820    0.01012
  565    0.01202   -0.00773    0.00919
  566    0.01197   -0.00700    0.00891
  567    0.01459   -0.00910    0.01101
  568    0.01366   -0.01035    0.01081
  569    0.01277   -0.01151    0.01062
  570    0.01328   -0.01218    0.01104
  571    0.01149   -0.01181    0.00995
  572    0.01069   -0.00812    0.00843
  573    0.00925   -0.00797    0.00745
  574    0.00877   -0.00958    0.00746
  575    0.00860   -0.01055    0.00756
  576    0.00820   -0.00703    0.00662
  577    0.00689   -0.00700    0.00552
  578    0.00877   -0.00527    0.00663
  579    0.00851   -0.00992    0.00743
  580    0.00800   -0.01136    0.00755
  581    0.00673   -0.01149    0.00665
  582    0.00608   -0.01051    0.00570
  583    0.00782   -0.01155    0.00760
  584    0.00735   -0.01308    0.00786
  585    0.00642   -0.01296    0.00681
  586    0.00523   -0.01329    0.00585
  587    0.00418   -0.01350    0.00541
  588    0.00330   -0.01404    0.00379
  589    0.00539   -0.01476    0.00664
  590    0.00641   -0.01572    0.00770
  591    0.00739   -0.01427    0.00783
  592    0.00454   -0.01375    0.00581
  593    0.00376   -0.01400    0.00516
  594    0.00351   -0.01240    0.00407
  595    0.00304   -0.01247    0.00316
  596    0.00437   -0.01446    0.00596
  597    0.00352   -0.01581    0.00561
  598    0.00298   -0.01786    0.00712
  599    0.00528   -0.01560    0.00606
  600    0.00444   -0.01826    0.00845
  601    0.00395   -0.01111    0.00406
  602    0.00347   -0.00953    0.00314
  603    0.00266   -0.00976    0.00200
  604    0.00252   -0.01022    0.00165
  605    0.00422   -0.00811    0.00362
  606    0.00383   -0.00657    0.00293
  607    0.00539   -0.00808    0.00465
  608    0.00197   -0.00926    0.00109
  609    0.00106   -0.00909   -0.00008
  610    0.00090   -0.00730   -0.00012
  611    0.00093   -0.00611   -0.00009
  612    0.00019   -0.00947   -0.00064
  613   -0.00092   -0.00920   -0.00162
  614   -0.00145   -0.00768   -0.00184
  615   -0.00167   -0.01049   -0.00228
  616   -0.00271   -0.00736   -0.00262
  617   -0.00304   -0.01021   -0.00313
  618   -0.00355   -0.00871   -0.00327
  619   -0.00493   -0.00859   -0.00417
  620    0.00075   -0.00707   -0.00037
  621    0.00054   -0.00541   -0.00039
  622   -0.00070   -0.00523   -0.00128
  623   -0.00119   -0.00624   -0.00160
  624    0.00165   -0.00497    0.00046
  625    0.00151   -0.00332    0.00043
  626    0.00156   -0.00199    0.00056
  627    0.00134   -0.00307    0.00031
  628    0.00154   -0.00050    0.00052
  629    0.00127   -0.00150    0.00028
  630    0.00141   -0.00028    0.00037
  631   -0.00132   -0.00390   -0.00161
  632   -0.00263   -0.00348   -0.00237
  633   -0.00255   -0.00176   -0.00224
  634   -0.00184   -0.00086   -0.00179
  635   -0.00369   -0.00388   -0.00310
  636   -0.00365   -0.00266   -0.00300
  637   -0.00467   -0.00322   -0.00367
  638   -0.00619   -0.00342   -0.00469
  639   -0.00327   -0.00139   -0.00267
  640   -0.00335    0.00026   -0.00269
  641   -0.00434    0.00091   -0.00330
  642   -0.00516    0.00014   -0.00376
  643   -0.00359    0.00047   -0.00290
  644   -0.00233    0.00013   -0.00207
  645   -0.00268    0.00035   -0.00227
  646   -0.00133    0.00003   -0.00140
  647   -0.00147    0.00046   -0.00153
  648   -0.00417    0.00234   -0.00315
  649   -0.00506    0.00312   -0.00361
  650   -0.00614    0.00384   -0.00408
  651   -0.00566    0.00463   -0.00375
  652   -0.00434    0.00418   -0.00303
  653   -0.00525    0.00499   -0.00336
  654   -0.00417    0.00580   -0.00286
  655   -0.00305    0.00564   -0.00235
  656   -0.00477    0.00658   -0.00300
  657   -0.00745    0.00346   -0.00493
  658   -0.00872    0.00402   -0.00552
  659   -0.00969    0.00471   -0.00585
  660   -0.01061    0.00571   -0.00636
  661   -0.00967    0.00288   -0.00611
  662   -0.00989    0.00166   -0.00636
  663   -0.00889    0.00229   -0.00578
  664   -0.00942    0.00449   -0.00578
  665   -0.00996    0.00502   -0.00602
  666   -0.00929    0.00610   -0.00516
  667   -0.00815    0.00601   -0.00451
  668   -0.01031    0.00417   -0.00637
  669   -0.01114    0.00296   -0.00727
  670   -0.01098    0.00470   -0.00647
  671   -0.01162    0.00187   -0.00724
  672   -0.00988    0.00719   -0.00496
  673   -0.00883    0.00793   -0.00415
  674   -0.00806    0.00740   -0.00369
  675   -0.00867    0.00688   -0.00416
  676   -0.00684    0.00772   -0.00278
  677   -0.00621    0.00722   -0.00234
  678   -0.00603    0.00632   -0.00266
  679   -0.00545    0.00608   -0.00249
  680   -0.00672    0.00746   -0.00231
  681   -0.00694    0.00835   -0.00213
  682   -0.00541    0.00893   -0.00170
  683   -0.00810    0.00881   -0.00255
  684   -0.00614    0.00583   -0.00330
  685   -0.00589    0.00473   -0.00343
  686   -0.00472    0.00461   -0.00313
  687   -0.00456    0.00370   -0.00309
  688   -0.00700    0.00406   -0.00421
  689   -0.00678    0.00416   -0.00416
  690   -0.00402    0.00537   -0.00269
  691   -0.00290    0.00530   -0.00218
  692   -0.00235    0.00491   -0.00206
  693   -0.00198    0.00436   -0.00178
  694   -0.00198    0.00635   -0.00178
  695   -0.00169    0.00719   -0.00149
  696   -0.00246    0.00537   -0.00200
  697   -0.00210    0.00516   -0.00181
  698   -0.00258    0.00398   -0.00195
  699   -0.00224    0.00353   -0.00168
  700   -0.00356    0.00332   -0.00241
  701   -0.00406    0.00205   -0.00271
  702   -0.00376    0.00134   -0.00277
  703   -0.00361    0.00045   -0.00262
  704   -0.00510    0.00175   -0.00344
  705   -0.00519    0.00247   -0.00319
  706   -0.00576    0.00052   -0.00374
  707   -0.00361    0.00180   -0.00274
  708   -0.00321    0.00130   -0.00254
  709   -0.00220    0.00110   -0.00193
  710   -0.00187    0.00002   -0.00178
  711   -0.00321    0.00192   -0.00258
  712   -0.00447    0.00197   -0.00329
  713   -0.00254    0.00135   -0.00218
  714   -0.00521    0.00061   -0.00386
  715   -0.00165    0.00213   -0.00161
  716   -0.00078    0.00222   -0.00109
  717   -0.00082    0.00140   -0.00116
  718   -0.00039    0.00075   -0.00081
  719   -0.00151    0.00145   -0.00155
  720   -0.00181    0.00068   -0.00166
  721   -0.00206   -0.00088   -0.00183
  722   -0.00175   -0.00172   -0.00164
  723   -0.00239    0.00099   -0.00192
  724   -0.00223    0.00192   -0.00158
  725   -0.00152    0.00315   -0.00127
  726   -0.00292    0.00198   -0.00188
  727   -0.00264   -0.00135   -0.00212
  728   -0.00279   -0.00284   -0.00234
  729   -0.00179   -0.00325   -0.00173
  730   -0.00151   -0.00440   -0.00165
  731   -0.00367   -0.00299   -0.00284
  732   -0.00480   -0.00276   -0.00348
  733   -0.00369   -0.00443   -0.00300
  734   -0.00566   -0.00273   -0.00408
  735   -0.00117   -0.00224   -0.00136
  736   -0.00018   -0.00249   -0.00080
  737    0.00036   -0.00258   -0.00043
  738    0.00090   -0.00348    0.00004
  739    0.00033   -0.00134   -0.00050
  740   -0.00003   -0.00144   -0.00064
  741   -0.00026   -0.00030   -0.00082
  742   -0.00003   -0.00264   -0.00068
  743   -0.00054   -0.00069   -0.00096
  744   -0.00036   -0.00214   -0.00088
  745   -0.00001   -0.00179   -0.00061
  746    0.00042   -0.00178   -0.00034
  747    0.00024   -0.00317   -0.00044
  748    0.00083   -0.00383   -0.00010
  749    0.00015   -0.00054   -0.00048
  750   -0.00061   -0.00369   -0.00096
  751   -0.00089   -0.00497   -0.00121
  752   -0.00065   -0.00644   -0.00115
  753   -0.00033   -0.00725   -0.00100
  754   -0.00186   -0.00498   -0.00188
  755   -0.00205   -0.00624   -0.00214
  756   -0.00207   -0.00362   -0.00181
  757   -0.00078   -0.00657   -0.00131
  758   -0.00081   -0.00799   -0.00122
  759    0.00022   -0.00847   -0.00043
  760    0.00040   -0.01001   -0.00040
  761   -0.00113   -0.00795   -0.00155
  762    0.00072   -0.00729    0.00004
  763    0.00149   -0.00761    0.00064
  764    0.00175   -0.00744    0.00092
  765    0.00247   -0.00751    0.00151
  766    0.00206   -0.00652    0.00103
  767    0.00201   -0.00684    0.00098
  768    0.00201   -0.00814    0.00112
  769    0.00190   -0.00569    0.00075
  770    0.00142   -0.00764    0.00041
  771    0.00168   -0.00767    0.00059
  772    0.00116   -0.00840    0.00005
  773    0.00109   -0.00826   -0.00005
  774    0.00185   -0.00623    0.00051
  775    0.00273   -0.00561    0.00113
  776    0.00336   -0.00602    0.00164
  777    0.00274   -0.00431    0.00111
  778    0.00079   -0.00955   -0.00025
  779    0.00017   -0.01025   -0.00081
  780    0.00055   -0.01106   -0.00054
  781    0.00010   -0.01158   -0.00088
  782   -0.00034   -0.01127   -0.00139
  783   -0.00079   -0.01059   -0.00174
  784   -0.00144   -0.01179   -0.00238
  785   -0.00201   -0.01287   -0.00310
  786   -0.00133   -0.01172   -0.00231
  787    0.00155   -0.01110   -0.00014
  788    0.00233   -0.01199    0.00007
  789    0.00226   -0.01127    0.00022
  790    0.00263   -0.01190    0.00049
  791    0.00315   -0.01213    0.00076
  792    0.00358   -0.01087    0.00133
  793    0.00436   -0.01043    0.00185
  794    0.00299   -0.01013    0.00140
  795    0.00192   -0.00995    0.00012
  796    0.00207   -0.00900    0.00028
  797    0.00113   -0.00849   -0.00022
  798    0.00076   -0.00836   -0.00032
  799    0.00240   -0.00741    0.00054
  800    0.00332   -0.00773    0.00107
  801    0.00397   -0.00651    0.00152
  802    0.00465   -0.00684    0.00216
  803    0.00431   -0.00758    0.00232
  804    0.00051   -0.00808   -0.00044
  805   -0.00058   -0.00760   -0.00084
  806   -0.00131   -0.00864   -0.00139
  807   -0.00104   -0.00985   -0.00152
  808   -0.00074   -0.00676   -0.00090
  809   -0.00078   -0.00491   -0.00067
  810    0.00029   -0.00449   -0.00023
  811   -0.00114   -0.00438   -0.00094
  812   -0.00188   -0.00842   -0.00164
  813   -0.00238   -0.00981   -0.00249
  814   -0.00304   -0.00935   -0.00276
  815   -0.00286   -0.00822   -0.00239
  816   -0.00369   -0.01037   -0.00338
  817   -0.00447   -0.01016   -0.00396
  818   -0.00529   -0.01071   -0.00450
  819   -0.00531   -0.01189   -0.00466
  820   -0.00487   -0.01091   -0.00420
  821   -0.00416   -0.01028   -0.00382
  822   -0.00424   -0.00933   -0.00380
  823   -0.00327   -0.01073   -0.00339
  824   -0.00356   -0.00884   -0.00344
  825   -0.00263   -0.01027   -0.00301
  826   -0.00270   -0.00939   -0.00303
  827   -0.00595   -0.00978   -0.00463
  828   -0.00713   -0.01025   -0.00514
  829   -0.00824   -0.01148   -0.00582
  830   -0.00817   -0.01175   -0.00585
  831   -0.00754   -0.00885   -0.00493
  832   -0.00867   -0.00837   -0.00539
  833   -0.00954   -0.00735   -0.00544
  834   -0.00950   -0.00713   -0.00526
  835   -0.01024   -0.00677   -0.00568
  836   -0.00922   -0.01238   -0.00634
  837   -0.01038   -0.01381   -0.00696
  838   -0.01163   -0.01289   -0.00728
  839   -0.01214   -0.01202   -0.00738
  840   -0.01115   -0.01552   -0.00758
  841   -0.01181   -0.01319   -0.00753
  842   -0.01291   -0.01240   -0.00773
  843   -0.01199   -0.01085   -0.00720
  844   -0.01280   -0.00982   -0.00728
  845   -0.01054   -0.01070   -0.00666
  846   -0.00970   -0.00925   -0.00613
  847   -0.01026   -0.00927   -0.00637
  848   -0.01024   -0.01042   -0.00652
  849   -0.00807   -0.00928   -0.00552
  850   -0.00742   -0.00838   -0.00514
  851   -0.01060   -0.00815   -0.00641
  852   -0.01107   -0.00796   -0.00659
  853   -0.01013   -0.00800   -0.00625
  854   -0.01061   -0.00868   -0.00657
  855   -0.01165   -0.00669   -0.00688
  856   -0.01160   -0.00655   -0.00703
  857   -0.01278   -0.00660   -0.00709
  858   -0.00889   -0.00728   -0.00576
  859   -0.00797   -0.00727   -0.00530
  860   -0.00750   -0.00879   -0.00535
  861   -0.00718   -0.00928   -0.00530
  862   -0.00670   -0.00621   -0.00473
  863   -0.00562   -0.00616   -0.00421
  864   -0.00598   -0.00581   -0.00428
  865   -0.00458   -0.00500   -0.00353
  866   -0.00739   -0.00958   -0.00536
  867   -0.00686   -0.01115   -0.00545
  868   -0.00773   -0.01230   -0.00610
  869   -0.00735   -0.01335   -0.00611
  870   -0.00709   -0.01174   -0.00555
  871   -0.00636   -0.01329   -0.00563
  872   -0.00721   -0.01455   -0.00617
  873   -0.00700   -0.01413   -0.00602
  874   -0.00764   -0.01558   -0.00653
  875   -0.00910   -0.01216   -0.00655
  876   -0.01026   -0.01315   -0.00721
  877   -0.00992   -0.01283   -0.00709
  878   -0.00987   -0.01409   -0.00748
  879   -0.01178   -0.01268   -0.00768
  880   -0.01292   -0.01358   -0.00828
  881   -0.01373   -0.01554   -0.00911
  882   -0.01289   -0.01690   -0.00919
  883   -0.01544   -0.01588   -0.01001
  884   -0.00954   -0.01128   -0.00674
  885   -0.00927   -0.01075   -0.00669
  886   -0.00811   -0.01144   -0.00621
  887   -0.00817   -0.01217   -0.00640
  888   -0.00905   -0.00888   -0.00642
  889   -0.00869   -0.00821   -0.00640
  890   -0.00960   -0.00789   -0.00706
  891   -0.00749   -0.00763   -0.00566
  892   -0.00941   -0.00715   -0.00691
  893   -0.00727   -0.00689   -0.00549
  894   -0.00833   -0.00666   -0.00616
  895   -0.00706   -0.01123   -0.00548
  896   -0.00576   -0.01185   -0.00488
  897   -0.00578   -0.01375   -0.00532
  898   -0.00519   -0.01441   -0.00509
  899   -0.00460   -0.01128   -0.00425
  900   -0.00448   -0.00946   -0.00396
  901   -0.00344   -0.00912   -0.00333
  902   -0.00432   -0.00837   -0.00357
  903   -0.00653   -0.01461   -0.00581
  904   -0.00662   -0.01669   -0.00637
  905   -0.00750   -0.01721   -0.00691
  906   -0.00717   -0.01862   -0.00709
  907   -0.00729   -0.01743   -0.00682
  908   -0.00748   -0.01952   -0.00741
  909   -0.00866   -0.01614   -0.00726
  910   -0.00962   -0.01638   -0.00785
  911   -0.00873   -0.01584   -0.00729
  912   -0.00888   -0.01659   -0.00750
  913   -0.01094   -0.01512   -0.00812
  914   -0.01220   -0.01593   -0.00881
  915   -0.01335   -0.01473   -0.00914
  916   -0.01304   -0.01319   -0.00881
  917   -0.01481   -0.01545   -0.00974
  918   -0.00785   -0.01451   -0.00658
  919   -0.00708   -0.01369   -0.00612
  920   -0.00559   -0.01420   -0.00536
  921   -0.00482   -0.01344   -0.00480
  922   -0.00712   -0.01165   -0.00581
  923   -0.00644   -0.01120   -0.00537
  924   -0.00844   -0.01100   -0.00656
  925   -0.00503   -0.01543   -0.00524
  926   -0.00361   -0.01602   -0.00455
  927   -0.00308   -0.01670   -0.00442
  928   -0.00211   -0.01587   -0.00355
  929   -0.00331   -0.01759   -0.00467
  930   -0.00191   -0.01792   -0.00385
  931   -0.00144   -0.02023   -0.00389
  932   -0.00202   -0.02124   -0.00483
  933   -0.00052   -0.02061   -0.00335
  934   -0.00388   -0.01790   -0.00507
  935   -0.00334   -0.01894   -0.00493
  936   -0.00360   -0.01743   -0.00471
  937   -0.00284   -0.01784   -0.00434
  938   -0.00426   -0.02119   -0.00580
  939   -0.00456   -0.01588   -0.00496
  940   -0.00503   -0.01457   -0.00504
  941   -0.00396   -0.01305   -0.00407
  942   -0.00283   -0.01282   -0.00331
  943   -0.00633   -0.01345   -0.00569
  944   -0.00773   -0.01447   -0.00659
  945   -0.00906   -0.01324   -0.00728
  946   -0.01060   -0.01452   -0.00840
  947   -0.00418   -0.01224   -0.00427
  948   -0.00325   -0.01076   -0.00347
  949   -0.00362   -0.00901   -0.00349
  950   -0.00482   -0.00882   -0.00424
  951   -0.00333   -0.01079   -0.00365
  952   -0.00476   -0.01029   -0.00447
  953   -0.00264   -0.00772   -0.00267
  954   -0.00286   -0.00611   -0.00268
  955   -0.00416   -0.00524   -0.00347
  956   -0.00481   -0.00447   -0.00381
  957   -0.00149   -0.00503   -0.00172
  958   -0.00040   -0.00628   -0.00099
  959   -0.00115   -0.00782   -0.00166
  960   -0.00459   -0.00531   -0.00377
  961   -0.00584   -0.00451   -0.00455
  962   -0.00721   -0.00542   -0.00550
  963   -0.00815   -0.00467   -0.00607
  964   -0.00600   -0.00443   -0.00460
  965   -0.00494   -0.00312   -0.00382
  966   -0.00340   -0.00387   -0.00290
  967   -0.00270   -0.00327   -0.00241
  968   -0.00281   -0.00486   -0.00259
  969   -0.00715   -0.00712   -0.00566
  970   -0.00825   -0.00816   -0.00653
  971   -0.00834   -0.00797   -0.00652
  972   -0.00941   -0.00808   -0.00729
  973   -0.00803   -0.01002   -0.00656
  974   -0.00865   -0.01058   -0.00709
  975   -0.00894   -0.00933   -0.00721
  976   -0.00889   -0.01225   -0.00738
  977   -0.00725   -0.00764   -0.00571
  978   -0.00718   -0.00738   -0.00563
  979   -0.00779   -0.00585   -0.00589
  980   -0.00838   -0.00585   -0.00625
  981   -0.00578   -0.00737   -0.00468
  982   -0.00527   -0.00904   -0.00450
  983   -0.00367   -0.00910   -0.00358
  984   -0.00314   -0.01073   -0.00350
  985   -0.00188   -0.01093   -0.00257
  986   -0.00087   -0.00989   -0.00177
  987   -0.00165   -0.01252   -0.00257
  988   -0.00764   -0.00465   -0.00569
  989   -0.00821   -0.00321   -0.00590
  990   -0.00975   -0.00331   -0.00686
  991   -0.01032   -0.00260   -0.00715
  992   -0.00770   -0.00189   -0.00544
  993   -0.01025   -0.00426   -0.00741
  994   -0.01171   -0.00452   -0.00848
  995   -0.01226   -0.00535   -0.00898
  996   -0.01336   -0.00497   -0.00977
  997   -0.01220   -0.00539   -0.00903
  998   -0.01279   -0.00425   -0.00917
  999   -0.01323   -0.00523   -0.00976
 1000   -0.01480   -0.00423   -0.01078
 1001   -0.01459   -0.00246   -0.01017
 1002   -0.01146   -0.00646   -0.00862
 1003   -0.01174   -0.00729   -0.00899
 1004   -0.01169   -0.00606   -0.00878
 1005   -0.01235   -0.00613   -0.00940
 1006   -0.01094   -0.00854   -0.00839
 1007   -0.01095   -0.01023   -0.00853
 1008   -0.01082   -0.00499   -0.00796
 1009   -0.01054   -0.00386   -0.00763
 1010   -0.01174   -0.00292   -0.00814
 1011   -0.01213   -0.00258   -0.00828
 1012   -0.00934   -0.00293   -0.00667
 1013   -0.00903   -0.00180   -0.00626
 1014   -0.00848   -0.00213   -0.00606
 1015   -0.00889   -0.00030   -0.00602
 1016   -0.00789   -0.00104   -0.00540
 1017   -0.00853    0.00068   -0.00561
 1018   -0.00804    0.00032   -0.00531
 1019   -0.01234   -0.00240   -0.00830
 1020   -0.01349   -0.00151   -0.00891
 1021   -0.01490   -0.00218   -0.00977
 1022   -0.01555   -0.00158   -0.01007
 1023   -0.01396   -0.00102   -0.00903
 1024   -0.01292   -0.00002   -0.00822
 1025   -0.01320    0.00036   -0.00847
 1026   -0.01219    0.00004   -0.00798
 1027   -0.01431    0.00101   -0.00912
 1028   -0.01479   -0.00368   -0.01035
 1029   -0.01598   -0.00461   -0.01147
 1030   -0.01540   -0.00520   -0.01127
 1031   -0.01594   -0.00635   -0.01218
 1032   -0.01622   -0.00584   -0.01213
 1033   -0.01713   -0.00529   -0.01257
 1034   -0.01721   -0.00669   -0.01345
 1035   -0.01794   -0.00584   -0.01353
 1036   -0.01784   -0.00721   -0.01410
 1037   -0.01436   -0.00444   -0.01027
 1038   -0.01361   -0.00489   -0.00997
 1039   -0.01369   -0.00373   -0.00953
 1040   -0.01300   -0.00277   -0.00875
 1041   -0.01244   -0.00529   -0.00904
 1042   -0.01213   -0.00592   -0.00898
 1043   -0.01190   -0.00521   -0.00872
 1044   -0.01208   -0.00706   -0.00876
 1045   -0.01492   -0.00363   -0.01032
 1046   -0.01528   -0.00248   -0.01000
 1047   -0.01371   -0.00261   -0.00907
 1048   -0.01313   -0.00165   -0.00837
 1049   -0.01709   -0.00252   -0.01117
 1050   -0.01881   -0.00333   -0.01280
 1051   -0.01934   -0.00225   -0.01250
 1052   -0.01773   -0.00197   -0.01126
 1053   -0.02186   -0.00156   -0.01392
 1054   -0.01346   -0.00377   -0.00956
 1055   -0.01259   -0.00383   -0.00897
 1056   -0.01121   -0.00303   -0.00766
 1057   -0.01081   -0.00233   -0.00705
 1058   -0.01276   -0.00507   -0.00911
 1059   -0.01089   -0.00329   -0.00747
 1060   -0.00977   -0.00258   -0.00651
 1061   -0.00981   -0.00088   -0.00622
 1062   -0.00909    0.00015   -0.00565
 1063   -0.00916   -0.00312   -0.00658
 1064   -0.00949   -0.00437   -0.00668
 1065   -0.00831   -0.00196   -0.00578
 1066   -0.00897   -0.00522   -0.00648
 1067   -0.01065   -0.00060   -0.00674
 1068   -0.01109    0.00083   -0.00650
 1069   -0.01115    0.00125   -0.00610
 1070   -0.01073    0.00239   -0.00560
 1071   -0.01235    0.00072   -0.00719
 1072   -0.01194    0.00052   -0.00721
 1073   -0.01323    0.00048   -0.00803
 1074   -0.01412    0.00129   -0.00826
 1075   -0.01362   -0.00066   -0.00845
 1076   -0.01209    0.00049   -0.00660
 1077   -0.01222    0.00087   -0.00625
 1078   -0.01065    0.00148   -0.00531
 1079   -0.01010    0.00228   -0.00454
 1080   -0.01328    0.00015   -0.00701
 1081   -0.00994    0.00071   -0.00531
 1082   -0.00889    0.00098   -0.00466
 1083   -0.00803    0.00224   -0.00395
 1084   -0.00723    0.00295   -0.00333
 1085   -0.00872    0.00006   -0.00487
 1086   -0.00786    0.00237   -0.00403
 1087   -0.00701    0.00335   -0.00345
 1088   -0.00724    0.00414   -0.00323
 1089   -0.00655    0.00489   -0.00247
 1090   -0.00707    0.00326   -0.00375
 1091   -0.00641    0.00403   -0.00335
 1092   -0.00541    0.00420   -0.00281
 1093   -0.00685    0.00478   -0.00319
 1094   -0.00506    0.00502   -0.00245
 1095   -0.00599    0.00531   -0.00272
 1096   -0.00838    0.00411   -0.00364
 1097   -0.00883    0.00478   -0.00361
 1098   -0.00868    0.00497   -0.00312
 1099   -0.00871    0.00580   -0.00267
 1100   -0.01034    0.00460   -0.00436
 1101   -0.01023    0.00495   -0.00469
 1102   -0.01141    0.00506   -0.00541
 1103   -0.00940    0.00531   -0.00406
 1104   -0.00844    0.00422   -0.00312
 1105   -0.00806    0.00427   -0.00254
 1106   -0.00718    0.00507   -0.00191
 1107   -0.00727    0.00531   -0.00151
 1108   -0.00817    0.00347   -0.00272
 1109   -0.00642    0.00512   -0.00188
 1110   -0.00543    0.00566   -0.00126
 1111   -0.00500    0.00614   -0.00079
 1112   -0.00426    0.00669    0.00015
 1113   -0.00484    0.00537   -0.00141
 1114   -0.00411    0.00595   -0.00061
 1115   -0.00555    0.00445   -0.00210
 1116   -0.00557    0.00607   -0.00112
 1117   -0.00496    0.00638   -0.00054
 1118   -0.00478    0.00694    0.00045
 1119   -0.00373    0.00748    0.00134
 1120   -0.00586    0.00618   -0.00125
 1121   -0.00558    0.00666    0.00019
 1122   -0.00519    0.00712    0.00122
 1123   -0.00505    0.00706    0.00265
 1124   -0.00506    0.00687    0.00440
 1125   -0.00630    0.00626    0.00083
 1126   -0.00687    0.00612    0.00159
 1127   -0.00794    0.00615   -0.00034
 1128   -0.00770    0.00624   -0.00031
 1129   -0.00939    0.00618   -0.00182
 1130   -0.00476    0.00694    0.00230
 1131   -0.00446    0.00729    0.00283
 1132   -0.00383    0.00832    0.00322
 1133   -0.00346    0.00908    0.00350
 1134   -0.00501    0.00676    0.00171
 1135   -0.00544    0.00774    0.00158
 1136   -0.00443    0.00820    0.00187
 1137   -0.00396    0.00793    0.00179
 1138   -0.00435    0.00903    0.00221
 1139   -0.00279    0.00805    0.00337
 1140   -0.00204    0.00873    0.00358
 1141   -0.00189    0.00891    0.00406
 1142   -0.00202    0.00941    0.00420
 1143   -0.00181    0.00863    0.00376
 1144   -0.00034    0.00711    0.00291
 1145   -0.00022    0.00663    0.00342
 1146   -0.00235    0.00775    0.00376
 1147    0.00250    0.00685    0.00351
 1148    0.00309    0.00722    0.00330
 1149    0.00124    0.00717    0.00269
 1150    0.00125    0.00695    0.00258
 1151    0.00041    0.00826    0.00307
 1152    0.00207    0.00505    0.00248
 1153    0.00340    0.00340    0.00101
 1154    0.00620    0.00226    0.00078
 1155    0.00589    0.00166    0.00192
 1156    0.00137    0.00407    0.00251
 1157   -0.00539    0.00616    0.00695
 1158    0.00680    0.00259    0.00121
 1159    0.00613    0.00247    0.00242
 1160    0.00505    0.00242    0.00296
 1161    0.00590    0.00236    0.00195
 1162    0.00578    0.00346    0.00255
 1163    0.00595    0.00426    0.00256
 1164    0.00715    0.00317    0.00382
 1165    0.00786    0.00417    0.00497
 1166    0.00642    0.00538    0.00479
 1167    0.00547    0.00583    0.00369
 1168    0.00617    0.00691    0.00507
 1169    0.00474    0.00073    0.00396
 1170    0.00436    0.00010    0.00495
 1171    0.00292    0.00145    0.00465
 1172    0.00220    0.00175    0.00444
 1173    0.00468   -0.00410    0.00948
 1174    0.00438   -0.00685    0.01106
 1175    0.00391   -0.00694    0.01107
 1176    0.00322    0.00246    0.00437
 1177    0.00283    0.00367    0.00355
 1178    0.00173    0.00555    0.00242
 1179    0.00061    0.00593    0.00262
 1180    0.00258    0.00514    0.00287
 1181    0.00201    0.00627    0.00203
 1182    0.00115    0.00625    0.00227
 1183    0.00071    0.00794    0.00110
 1184    0.00208    0.00617    0.00150
 1185    0.00172    0.00729    0.00048
 1186    0.00058    0.00872    0.00001
 1187    0.00025    0.00927   -0.00101
 1188    0.00193    0.00695    0.00108
 1189    0.00219    0.00771    0.00009
 1190    0.00412    0.00716   -0.00034
 1191    0.00026    0.00927   -0.00025
 1192   -0.00053    0.00927    0.00095
 1193   -0.00111    0.00991    0.00056
 1194   -0.00128    0.00977    0.00070
 1195   -0.00134    0.01027   -0.00019
 1196   -0.00227    0.01068    0.00111
 1197   -0.00331    0.01195    0.00026
 1198   -0.00328    0.01212    0.00048
 1199   -0.00393    0.01232    0.00208
 1200   -0.00248    0.01248    0.00164
 1201   -0.00030    0.00818    0.00149
 1202    0.00022    0.00865    0.00128
 1203    0.00017    0.00920    0.00045
 1204    0.00061    0.00878    0.00046
 1205    0.00031    0.00773    0.00205
 1206    0.00096    0.00837    0.00120
 1207   -0.00101    0.00660    0.00334
 1208   -0.00019    0.01018   -0.00001
 1209   -0.00044    0.01031   -0.00035
 1210    0.00033    0.01001   -0.00059
 1211    0.00107    0.01012   -0.00084
 1212   -0.00091    0.01074   -0.00105
 1213   -0.00151    0.01144   -0.00136
 1214   -0.00180    0.01132   -0.00141
 1215   -0.00203    0.01213   -0.00174
 1216    0.00039    0.00978   -0.00067
 1217    0.00095    0.00937   -0.00069
 1218    0.00049    0.00947   -0.00078
 1219   -0.00009    0.00933   -0.00089
 1220    0.00125    0.00911   -0.00027
 1221    0.00158    0.00882    0.00002
 1222    0.00177    0.00874    0.00009
 1223    0.00186    0.00839    0.00051
 1224    0.00200    0.00800    0.00051
 1225    0.00175    0.00777    0.00133
 1226    0.00184    0.00772    0.00107
 1227    0.00091    0.00931   -0.00073
 1228    0.00091    0.00890   -0.00079
 1229    0.00107    0.00843   -0.00047
 1230    0.00146    0.00849   -0.00019
 1231    0.00105    0.00907   -0.00070
 1232    0.00094    0.00848   -0.00061
 1233    0.00016    0.00787   -0.00099
 1234    0.00149    0.00817   -0.00017
 1235    0.00023    0.00721   -0.00084
 1236    0.00108    0.00740   -0.00030
 1237    0.00058    0.00778   -0.00056
 1238    0.00081    0.00719   -0.00048
 1239    0.00110    0.00650   -0.00022
 1240    0.00085    0.00622   -0.00036
 1241    0.00030    0.00664   -0.00070
 1242    0.00022    0.00717   -0.00059
 1243   -0.00015    0.00748   -0.00071
 1244    0.00059    0.00732   -0.00037
 1245   -0.00001    0.00779   -0.00038
 1246    0.00071    0.00772   -0.00021
 1247    0.00057    0.00795   -0.00012
 1248    0.00168    0.00624    0.00015
 1249    0.00207    0.00543    0.00045
 1250    0.00237    0.00475    0.00064
 1251    0.00246    0.00523    0.00061
 1252    0.00276    0.00583    0.00090
 1253    0.00312    0.00654    0.00103
 1254    0.00253    0.00627    0.00077
 1255    0.00393    0.00665    0.00155
 1256    0.00248    0.00368    0.00080
 1257    0.00269    0.00284    0.00099
 1258    0.00353    0.00223    0.00152
 1259    0.00365    0.00164    0.00173
 1260    0.00201    0.00185    0.00060
 1261    0.00220    0.00101    0.00072
 1262    0.00185    0.00149    0.00038
 1263    0.00212   -0.00045    0.00070
 1264    0.00398    0.00245    0.00168
 1265    0.00475    0.00186    0.00225
 1266    0.00461    0.00071    0.00229
 1267    0.00441    0.00099    0.00187
 1268    0.00530    0.00285    0.00234
 1269    0.00551    0.00375    0.00226
 1270    0.00511    0.00465    0.00191
 1271    0.00611    0.00372    0.00278
 1272    0.00505    0.00541    0.00194
 1273    0.00627    0.00463    0.00269
 1274    0.00570    0.00548    0.00230
 1275    0.00498   -0.00055    0.00271
 1276    0.00473   -0.00185    0.00277
 1277    0.00565   -0.00278    0.00341
 1278    0.00613   -0.00290    0.00399
 1279    0.00403   -0.00275    0.00227
 1280    0.00373   -0.00389    0.00203
 1281    0.00300   -0.00360    0.00154
 1282    0.00415   -0.00496    0.00251
 1283    0.00570   -0.00339    0.00361
 1284    0.00634   -0.00440    0.00429
 1285    0.00589   -0.00588    0.00435
 1286    0.00520   -0.00646    0.00386
 1287    0.00665   -0.00441    0.00457
 1288    0.00763   -0.00508    0.00542
 1289    0.00779   -0.00628    0.00591
 1290    0.00815   -0.00451    0.00526
 1291    0.00654   -0.00670    0.00495
 1292    0.00615   -0.00810    0.00475
 1293    0.00723   -0.00920    0.00600
 1294    0.00813   -0.00887    0.00671
 1295    0.00563   -0.00813    0.00450
 1296    0.00497   -0.00954    0.00438
 1297    0.00476   -0.00696    0.00353
 1298    0.00718   -0.01036    0.00608
 1299    0.00784   -0.01202    0.00741
 1300    0.00908   -0.01145    0.00806
 1301    0.01002   -0.01201    0.00912
 1302    0.00789   -0.01305    0.00810
 1303    0.00789   -0.01500    0.00889
 1304    0.00830   -0.01584    0.00948
 1305    0.00745   -0.01554    0.00893
 1306    0.00904   -0.01013    0.00767
 1307    0.01022   -0.00939    0.00796
 1308    0.01085   -0.00810    0.00787
 1309    0.01193   -0.00767    0.00821
 1310    0.01024   -0.00748    0.00744
 1311    0.01069   -0.00630    0.00744
 1312    0.00982   -0.00509    0.00648
 1313    0.00867   -0.00535    0.00599
 1314    0.01087   -0.00684    0.00769
 1315    0.01213   -0.00760    0.00862
 1316    0.01338   -0.00699    0.00895
 1317    0.01242   -0.00911    0.00935
 1318    0.01444   -0.00805    0.00987
 1319    0.01379   -0.00935    0.01011
 1320    0.00989   -0.00372    0.00636
 1321    0.00907   -0.00242    0.00564
 1322    0.00868   -0.00220    0.00548
 1323    0.00948   -0.00210    0.00587
 1324    0.00941   -0.00119    0.00549
 1325    0.00854    0.00037    0.00473
 1326    0.00760    0.00051    0.00403
 1327    0.00911    0.00128    0.00459
 1328    0.00752   -0.00211    0.00484
 1329    0.00707   -0.00184    0.00456
 1330    0.00638   -0.00054    0.00384
 1331    0.00571   -0.00044    0.00332
 1332    0.00663   -0.00337    0.00443
 1333    0.00733   -0.00456    0.00518
 1334    0.00769   -0.00449    0.00546
 1335    0.00773   -0.00569    0.00567
 1336    0.00843   -0.00559    0.00620
 1337    0.00842   -0.00685    0.00643
 1338    0.00879   -0.00687    0.00671
 1339    0.00950   -0.00810    0.00757
 1340    0.00656    0.00045    0.00387
 1341    0.00594    0.00160    0.00332
 1342    0.00517    0.00127    0.00288
 1343    0.00534    0.00105    0.00309
 1344    0.00640    0.00293    0.00365
 1345    0.00580    0.00404    0.00314
 1346    0.00618    0.00516    0.00354
 1347    0.00582    0.00580    0.00342
 1348    0.00684    0.00528    0.00408
 1349    0.00426    0.00131    0.00218
 1350    0.00335    0.00095    0.00165
 1351    0.00275    0.00219    0.00116
 1352    0.00234    0.00275    0.00084
 1353    0.00268   -0.00015    0.00126
 1354    0.00328   -0.00156    0.00169
 1355    0.00273   -0.00243    0.00132
 1356    0.00342   -0.00248    0.00199
 1357    0.00268    0.00259    0.00111
 1358    0.00207    0.00372    0.00064
 1359    0.00126    0.00332    0.00012
 1360    0.00155    0.00296    0.00036
 1361    0.00280    0.00489    0.00104
 1362    0.00228    0.00609    0.00064
 1363    0.00283    0.00708    0.00095
 1364    0.00134    0.00604    0.00005
 1365    0.00020    0.00340   -0.00057
 1366   -0.00084    0.00301   -0.00123
 1367   -0.00091    0.00395   -0.00128
 1368   -0.00156    0.00357   -0.00172
 1369   -0.00015    0.00521   -0.00090
 1370    0.00010    0.00631   -0.00087
 1371    0.00103    0.00628   -0.00030
 1372    0.00107    0.00685   -0.00035
 1373    0.00040    0.00767   -0.00082
 1374   -0.00061    0.00762   -0.00139
 1375   -0.00007    0.00873   -0.00137
 1376   -0.00025    0.00977   -0.00183
 1377    0.00102    0.01077   -0.00187
 1378    0.00199    0.01084   -0.00098
 1379    0.00153    0.01202   -0.00253
 1380    0.00185    0.00553    0.00033
 1381    0.00269    0.00519    0.00095
 1382    0.00216    0.00400    0.00071
 1383    0.00124    0.00309    0.00013
 1384    0.00362    0.00459    0.00167
 1385    0.00430    0.00576    0.00215
 1386    0.00535    0.00709    0.00297
 1387    0.00641    0.00582    0.00392
 1388    0.00271    0.00412    0.00118
 1389    0.00232    0.00279    0.00098
 1390    0.00284    0.00100    0.00141
 1391    0.00232   -0.00029    0.00110
 1392    0.00295    0.00360    0.00143
 1393    0.00416    0.00490    0.00227
 1394    0.00367    0.00564    0.00187
 1395    0.00381    0.00099    0.00209
 1396    0.00440   -0.00054    0.00260
 1397    0.00484   -0.00026    0.00304
 1398    0.00500    0.00112    0.00308
 1399    0.00542   -0.00120    0.00343
 1400    0.00630    0.00017    0.00402
 1401    0.00710    0.00102    0.00473
 1402    0.00603    0.00073    0.00387
 1403    0.00798    0.00235    0.00542
 1404    0.00672    0.00225    0.00446
 1405    0.00777    0.00305    0.00530
 1406    0.00501   -0.00152    0.00325
 1407    0.00549   -0.00131    0.00366
 1408    0.00676   -0.00082    0.00459
 1409    0.00747   -0.00127    0.00525
 1410    0.00531   -0.00291    0.00369
 1411    0.00455   -0.00381    0.00309
 1412    0.00469   -0.00316    0.00315
 1413    0.00720   -0.00004    0.00471
 1414    0.00863    0.00038    0.00553
 1415    0.00921   -0.00049    0.00588
 1416    0.00869   -0.00037    0.00547
 1417    0.00847    0.00193    0.00549
 1418    0.00967    0.00233    0.00634
 1419    0.00770    0.00302    0.00508
 1420    0.01034   -0.00145    0.00681
 1421    0.01104   -0.00235    0.00723
 1422    0.01195   -0.00161    0.00746
 1423    0.01315   -0.00116    0.00825
 1424    0.01172   -0.00377    0.00802
 1425    0.01211   -0.00491    0.00811
 1426    0.01170   -0.00477    0.00762
 1427    0.01312   -0.00596    0.00900
 1428    0.01159   -0.00119    0.00693
 1429    0.01191   -0.00033    0.00715
 1430    0.01311   -0.00135    0.00747
 1431    0.01283   -0.00097    0.00719
 1432    0.01062    0.00096    0.00623
 1433    0.01009    0.00216    0.00603
 1434    0.01049    0.00308    0.00647
 1435    0.00917    0.00259    0.00546
 1436    0.00975    0.00394    0.00603
 1437    0.00882    0.00371    0.00530
 1438    0.01439   -0.00238    0.00803
 1439    0.01547   -0.00332    0.00852
 1440    0.01457   -0.00409    0.00847
 1441    0.01310   -0.00410    0.00784
 1442    0.01571   -0.00468    0.00900
 1443    0.01500   -0.00544    0.00899
 1444    0.01387   -0.00447    0.00804
 1445    0.01400   -0.00322    0.00752
 1446    0.01627   -0.00638    0.00980
 1447    0.01260   -0.00497    0.00745
 1448    0.01177   -0.00413    0.00653
 1449    0.01107   -0.00495    0.00646
 1450    0.01063   -0.00594    0.00680
 1451    0.01049   -0.00324    0.00596
 1452    0.00971   -0.00223    0.00524
 1453    0.01066   -0.00440    0.00599
 1454    0.01032   -0.00494    0.00610
 1455    0.00879   -0.00445    0.00533
 1456    0.00827   -0.00322    0.00476
 1457    0.01101   -0.00464    0.00604
 1458    0.01056   -0.00508    0.00594
 1459    0.00850   -0.00492    0.00541
 1460    0.00762   -0.00432    0.00471
 1461    0.00749   -0.00310    0.00395
 1462    0.00688   -0.00240    0.00333
 1463    0.00715   -0.00541    0.00493
 1464    0.00662   -0.00657    0.00529
 1465    0.00604   -0.00630    0.00458
 1466    0.00593   -0.00531    0.00413
 1467    0.00553   -0.00738    0.00451
 1468    0.00814   -0.00293    0.00426
 1469    0.00832   -0.00163    0.00385
 1470    0.00867   -0.00081    0.00361
 1471    0.00824    0.00021    0.00319
 1472    0.00929   -0.00222    0.00421
 1473    0.00956   -0.00320    0.00456
 1474    0.00876   -0.00370    0.00440
 1475    0.01051   -0.00402    0.00491
 1476    0.00914   -0.00123    0.00396
 1477    0.00972   -0.00054    0.00408
 1478    0.00887   -0.00005    0.00375
 1479    0.00911    0.00040    0.00381
 1480    0.01060   -0.00091    0.00454
 1481    0.01055   -0.00194    0.00488
 1482    0.01103   -0.00137    0.00466
 1483    0.00815   -0.00030    0.00354
 1484    0.00754   -0.00000    0.00330
 1485    0.00706    0.00144    0.00316
 1486    0.00733    0.00183    0.00304
 1487    0.00668   -0.00063    0.00313
 1488    0.00597   -0.00054    0.00301
 1489    0.00655   -0.00088    0.00348
 1490    0.00547   -0.00145    0.00287
 1491    0.00675    0.00214    0.00281
 1492    0.00624    0.00349    0.00247
 1493    0.00575    0.00403    0.00263
 1494    0.00558    0.00432    0.00230
 1495    0.00465    0.00439    0.00119
 1496    0.00463    0.00436    0.00108
 1497    0.00422    0.00458    0.00048
 1498    0.00398    0.00535    0.00038
 1499    0.00659    0.00371    0.00298
 1500    0.00733    0.00352    0.00287
 1501    0.00807    0.00326    0.00337
 1502    0.00851    0.00356    0.00331
 1503    0.00813    0.00294    0.00341
 1504    0.00866    0.00328    0.00347
 1505    0.00952    0.00240    0.00439
 1506    0.00883    0.00247    0.00350
 1507    0.00979    0.00150    0.00518
 1508    0.00915    0.00286    0.00365
 1509    0.00970    0.00245    0.00388
 1510    0.00886    0.00312    0.00347
 1511    0.00908    0.00347    0.00353
 1512    0.01007    0.00088    0.00426
 1513    0.01103   -0.00017    0.00465
 1514    0.01142   -0.00108    0.00513
 1515    0.01116    0.00031    0.00453
 1516    0.00805    0.00311    0.00314
 1517    0.00697    0.00366    0.00273
 1518    0.00633    0.00468    0.00271
 1519    0.00642    0.00513    0.00255
 1520    0.00661    0.00341    0.00263
 1521    0.00608    0.00492    0.00257
 1522    0.00597    0.00577    0.00220
 1523    0.00709    0.00581    0.00238
 1524    0.00649    0.00635    0.00212
 1525    0.00584    0.00602    0.00132
 1526    0.00774    0.00507    0.00294
 1527    0.00869    0.00506    0.00320
 1528    0.00802    0.00516    0.00334
 1529    0.00790    0.00558    0.00319
 1530    0.00954    0.00418    0.00352
 1531    0.01048    0.00437    0.00376
 1532    0.01162    0.00346    0.00457
 1533    0.01260    0.00392    0.00539
 1534    0.01339    0.00424    0.00513
 1535    0.00773    0.00499    0.00326
 1536    0.00749    0.00535    0.00329
 1537    0.00646    0.00627    0.00277
 1538    0.00590    0.00664    0.00291
 1539    0.00783    0.00490    0.00341
 1540    0.00775    0.00533    0.00391
 1541    0.00870    0.00391    0.00375
 1542    0.00615    0.00633    0.00236
 1543    0.00468    0.00699    0.00209
 1544    0.00434    0.00716    0.00234
 1545    0.00414    0.00764    0.00202
 1546    0.00406    0.00709    0.00177
 1547    0.00453    0.00665    0.00160
 1548    0.00506    0.00683    0.00247
 1549    0.00519    0.00723    0.00237
 1550    0.00516    0.00743    0.00253
 1551    0.00480    0.00776    0.00270
 1552    0.00596    0.00694    0.00223
 1553    0.00609    0.00730    0.00100
 1554    0.00674    0.00765    0.00034
 1555    0.00884    0.00758    0.00139
 1556    0.00958    0.00741    0.00117
 1557    0.00851    0.00729    0.00060
 1558    0.01070    0.00686    0.00201
 1559    0.00564    0.00766    0.00282
 1560    0.00503    0.00791    0.00335
 1561    0.00451    0.00808    0.00317
 1562    0.00445    0.00876    0.00323
 1563    0.00569    0.00758    0.00371
 1564    0.00660    0.00694    0.00384
 1565    0.00715    0.00668    0.00427
 1566    0.00720    0.00661    0.00461
 1567    0.00844    0.00637    0.00503
 1568    0.00443    0.00814    0.00282
 1569    0.00427    0.00858    0.00257
 1570    0.00331    0.00866    0.00212
 1571    0.00324    0.00896    0.00202
 1572    0.00405    0.00831    0.00206
 1573    0.00434    0.00819    0.00236
 1574    0.00472    0.00775    0.00271
 1575    0.00415    0.00850    0.00217
 1576    0.00537    0.00742    0.00314
 1577    0.00445    0.00822    0.00239
 1578    0.00530    0.00764    0.00303
 1579    0.00337    0.00839    0.00183
 1580    0.00272    0.00781    0.00117
 1581    0.00275    0.00769    0.00185
 1582    0.00277    0.00760    0.00143
 1583    0.00245    0.00782    0.00072
 1584    0.00206    0.00807    0.00053
 1585    0.00062    0.00737   -0.00041
 1586    0.00326    0.00790    0.00266
 1587    0.00323    0.00837    0.00283
 1588    0.00280    0.00891    0.00388
 1589    0.00250    0.00929    0.00414
 1590    0.00411    0.00840    0.00351
 1591    0.00456    0.00824    0.00309
 1592    0.00577    0.00821    0.00344
 1593    0.00592    0.00847    0.00358
 1594    0.00675    0.00810    0.00334
 1595    0.00372    0.00945    0.00350
 1596    0.00443    0.01035    0.00335
 1597    0.00387    0.01029    0.00286
 1598    0.00439    0.01134    0.00280
 1599    0.00496    0.01081    0.00335
 1600    0.00510    0.01078    0.00397
 1601    0.00615    0.01111    0.00477
 1602    0.00600    0.01073    0.00429
 1603    0.00579    0.00988    0.00413
 1604    0.00590    0.00955    0.00442
 1605    0.00538    0.00946    0.00363
 1606    0.00300    0.00964    0.00252
 1607    0.00324    0.00937    0.00171
 1608    0.00254    0.00840    0.00179
 1609    0.00201    0.00766    0.00090
 1610    0.00314    0.00934    0.00110
 1611    0.00371    0.01012    0.00114
 1612    0.00471    0.01116    0.00113
 1613    0.00521    0.01178    0.00172
 1614    0.00481    0.01127    0.00047
 1615    0.00264    0.00832    0.00204
 1616    0.00164    0.00738    0.00298
 1617    0.00087    0.00463   -0.00035
 1618   -0.00107    0.00274   -0.00217
 1619    0.00186    0.00798    0.00425
 1620    0.00232    0.00522   -0.00013
 1621    0.00164    0.00335   -0.00164
 1622    0.00028    0.00104   -0.00268
 1623   -0.00328   -0.00414   -0.00504
 1624    0.00131    0.00396   -0.00132
 1625    0.00067    0.00325   -0.00135
 1626   -0.00081    0.00262   -0.00257
 1627   -0.00100    0.00368   -0.00328
 1628    0.00200    0.00593   -0.00077
 1629    0.00143    0.00579   -0.00061
 1630    0.00122    0.00472   -0.00071
 1631   -0.00020    0.00279    0.00005
 1632    0.00183    0.00486   -0.00049
 1633   -0.00068    0.00168   -0.00276
 1634   -0.00179    0.00156   -0.00316
 1635   -0.00055    0.00361   -0.00185
 1636   -0.00057    0.00477   -0.00180
 1637   -0.00297   -0.00196   -0.00372
 1638   -0.00253   -0.00110   -0.00362
 1639   -0.00456   -0.00536   -0.00567
 1640    0.00000    0.00414   -0.00101
 1641    0.00071    0.00513    0.00008
 1642    0.00114    0.00684   -0.00009
 1643    0.00150    0.00767    0.00016
 1644    0.00081    0.00535    0.00123
 1645    0.00104    0.00344    0.00230
 1646    0.00134    0.00285    0.00298
 1647    0.00167    0.00111    0.00489
 1648    0.00148   -0.00209    0.00621
 1649    0.00090   -0.00441    0.00468
 1650    0.00304   -0.00461    0.00767
 1651    0.00091    0.00734   -0.00047
 1652    0.00103    0.00827   -0.00034
 1653    0.00117    0.00885   -0.00033
 1654    0.00088    0.00873   -0.00061
 1655    0.00066    0.00830   -0.00054
 1656    0.00109    0.00810   -0.00027
 1657    0.00105    0.00763   -0.00067
 1658    0.00155    0.00843    0.00011
 1659    0.00143    0.00775   -0.00019
 1660    0.00207    0.00850    0.00059
 1661    0.00194    0.00847    0.00058
 1662    0.00142    0.00924   -0.00027
 1663    0.00165    0.00974   -0.00034
 1664    0.00182    0.00984   -0.00041
 1665    0.00192    0.00934   -0.00023
 1666    0.00197    0.00957    0.00017
 1667    0.00204    0.00948    0.00044
 1668    0.00192    0.01038   -0.00059
 1669    0.00201    0.01024   -0.00050
 1670    0.00207    0.01025   -0.00035
 1671    0.00213    0.01095   -0.00050
 1672    0.00187    0.00979   -0.00061
 1673    0.00228    0.00919   -0.00028
 1674    0.00234    0.00913   -0.00025
 1675    0.00240    0.00807   -0.00018
 1676    0.00224    0.00705    0.00001
 1677    0.00218    0.00879   -0.00005
 1678    0.00230    0.00953    0.00012
 1679    0.00177    0.00806   -0.00007
 1680    0.00257    0.00760   -0.00035
 1681    0.00283    0.00619   -0.00013
 1682    0.00226    0.00543    0.00002
 1683    0.00215    0.00595   -0.00009
 1684    0.00316    0.00645   -0.00016
 1685    0.00223    0.00436    0.00021
 1686    0.00199    0.00320    0.00017
 1687    0.00233    0.00284    0.00037
 1688    0.00302    0.00226    0.00064
 1689    0.00185    0.00197    0.00003
 1690    0.00137    0.00074   -0.00009
 1691    0.00069    0.00142   -0.00038
 1692    0.00084   -0.00030   -0.00016
 1693    0.00199    0.00295    0.00040
 1694    0.00240    0.00262    0.00050
 1695    0.00185    0.00210    0.00040
 1696    0.00134    0.00206    0.00015
 1697    0.00271    0.00368    0.00044
 1698    0.00238    0.00505   -0.00007
 1699    0.00213    0.00139    0.00035
 1700    0.00180    0.00077    0.00011
 1701    0.00180    0.00145   -0.00013
 1702    0.00225    0.00182   -0.00021
 1703    0.00236   -0.00056    0.00025
 1704    0.00196   -0.00129    0.00004
 1705    0.00223   -0.00243    0.00008
 1706    0.00207   -0.00385   -0.00009
 1707    0.00243   -0.00492    0.00000
 1708    0.00135    0.00131   -0.00045
 1709    0.00147    0.00206   -0.00077
 1710    0.00122    0.00110   -0.00089
 1711    0.00161    0.00094   -0.00083
 1712    0.00098    0.00280   -0.00110
 1713    0.00084    0.00084   -0.00089
 1714    0.00073   -0.00026   -0.00089
 1715    0.00084    0.00065   -0.00101
 1716    0.00167    0.00053   -0.00054
 1717    0.00157   -0.00110   -0.00037
 1718   -0.02660   -0.05186   -0.02293
 1719   -0.02968   -0.04562   -0.02708
 1720   -0.02848   -0.04314   -0.02639
 1721   -0.02484   -0.04356   -0.02177
 1722   -0.02845   -0.03873   -0.02608
 1723   -0.02231   -0.03580   -0.01954
 1724   -0.02076   -0.02674   -0.01881
 1725   -0.02410   -0.02839   -0.02188
 1726   -0.03212   -0.04005   -0.03097
 1727   -0.03181   -0.03774   -0.03124
 1728   -0.03103   -0.02932   -0.03045
 1729   -0.03399   -0.02490   -0.03370
 1730   -0.03713   -0.04066   -0.03680
 1731   -0.03754   -0.03810   -0.03701
 1732   -0.04289   -0.04237   -0.04201
 1733   -0.04335   -0.04966   -0.04287
 1734   -0.04556   -0.03847   -0.04566
 1735   -0.02618   -0.02744   -0.02594
 1736   -0.02468   -0.01980   -0.02501
 1737   -0.02428   -0.01929   -0.02440
 1738   -0.02329   -0.02411   -0.02332
 1739   -0.01996   -0.01633   -0.02023
 1740   -0.01564   -0.01943   -0.01507
 1741   -0.02066   -0.01625   -0.02053
 1742   -0.01115   -0.01514   -0.01019
 1743   -0.02484   -0.01269   -0.02508
 1744   -0.02354   -0.01095   -0.02460
 1745   -0.01802   -0.00626   -0.02000
 1746   -0.01648   -0.00219   -0.01842
 1747   -0.02706   -0.00743   -0.02846
 1748   -0.03316   -0.01177   -0.03381
 1749   -0.03360   -0.01766   -0.03506
 1750   -0.03699   -0.01001   -0.03727
 1751   -0.04004   -0.02192   -0.04031
 1752   -0.04301   -0.01358   -0.04236
 1753   -0.04418   -0.02007   -0.04407
 1754   -0.01593   -0.00685   -0.01782
 1755   -0.01235   -0.00329   -0.01424
 1756   -0.01317   -0.00156   -0.01458
 1757   -0.01332   -0.00465   -0.01488
 1758   -0.00917   -0.00698   -0.01069
 1759   -0.00671   -0.00331   -0.00756
 1760   -0.00829   -0.00828   -0.00886
 1761   -0.01339    0.00311   -0.01462
 1762   -0.01202    0.00534   -0.01384
 1763   -0.00821    0.00684   -0.01046
 1764   -0.00704    0.00856   -0.00933
 1765   -0.01374    0.00858   -0.01572
 1766   -0.01428    0.00788   -0.01618
 1767   -0.01494    0.00841   -0.01762
 1768   -0.00971    0.01157   -0.01542
 1769   -0.00919    0.01134   -0.01747
 1770   -0.00767    0.00636   -0.00963
 1771   -0.00527    0.00740   -0.00719
 1772   -0.00508    0.00967   -0.00695
 1773   -0.00648    0.01049   -0.00850
 1774   -0.00476    0.00458   -0.00688
 1775   -0.00554    0.00413   -0.00727
 1776   -0.00489    0.00104   -0.00682
 1777   -0.00336    0.00983   -0.00549
 1778   -0.00313    0.01051   -0.00525
 1779   -0.00374    0.01022   -0.00542
 1780   -0.00345    0.01107   -0.00539
 1781   -0.00221    0.01065   -0.00357
 1782   -0.00096    0.01021   -0.00300
 1783   -0.00069    0.01027   -0.00325
 1784    0.00003    0.00969   -0.00171
 1785   -0.00348    0.00936   -0.00485
 1786   -0.00315    0.00899   -0.00441
 1787   -0.00489    0.00899   -0.00559
 1788   -0.00390    0.00843   -0.00460
 1789   -0.00242    0.00787   -0.00370
 1790   -0.00473    0.00517   -0.00472
 1791   -0.00056    0.00748   -0.00220
 1792   -0.00696    0.00859   -0.00726
 1793   -0.00855    0.00644   -0.00857
 1794   -0.01125    0.00202   -0.00956
 1795   -0.01570    0.00071   -0.01326
 1796   -0.01123    0.00146   -0.01090
 1797   -0.01377   -0.00257   -0.01262
 1798   -0.01428   -0.00320   -0.01497
 1799   -0.01240   -0.00025   -0.01408
 1800   -0.01119   -0.00372   -0.01072
 1801   -0.01149   -0.00843   -0.01233
 1802   -0.01092   -0.01150   -0.01128
 1803   -0.01415   -0.01795   -0.01300
 1804   -0.01279   -0.02015   -0.01249
 1805   -0.01738   -0.00648   -0.01775
 1806   -0.01957   -0.00717   -0.02039
 1807   -0.01954   -0.01354   -0.02032
 1808   -0.02044   -0.01704   -0.02131
 1809   -0.02481   -0.00684   -0.02513
 1810   -0.02485   -0.00224   -0.02415
 1811   -0.02561   -0.00616   -0.02654
 1812   -0.01721   -0.01349   -0.01894
 1813   -0.01620   -0.01828   -0.01719
 1814   -0.01890   -0.02167   -0.02013
 1815   -0.01800   -0.01870   -0.01951
 1816   -0.01227   -0.01817   -0.01343
 1817   -0.01099   -0.01673   -0.01177
 1818   -0.01143   -0.02421   -0.01164
 1819   -0.00827   -0.01455   -0.00827
 1820   -0.02173   -0.02769   -0.02214
 1821   -0.02412   -0.03240   -0.02415
 1822   -0.02095   -0.03464   -0.01973
 1823   -0.01980   -0.03667   -0.01682
 1824   -0.02908   -0.03785   -0.02830
 1825   -0.03350   -0.03449   -0.03289
 1826   -0.03106   -0.04294   -0.03051
 1827   -0.02052   -0.03330   -0.01896
 1828   -0.01707   -0.03623   -0.01498
 1829   -0.01936   -0.04054   -0.01646
 1830   -0.02160   -0.03929   -0.02041
 1831   -0.01350   -0.03091   -0.01090
 1832   -0.00997   -0.02752   -0.00716
 1833   -0.00777   -0.02264   -0.00409
 1834   -0.00871   -0.03216   -0.00362
 1835   -0.01833   -0.04662   -0.01455
 1836   -0.01971   -0.05186   -0.01518
 1837   -0.01658   -0.05017   -0.01032
 1838   -0.01355   -0.05289   -0.00623
 1839   -0.02042   -0.06154   -0.01767
 1840   -0.02509   -0.06269   -0.02256
 1841   -0.02989   -0.06070   -0.02808
 1842   -0.03226   -0.05648   -0.03052
 1843   -0.03189   -0.06479   -0.03031
 1844   -0.01621   -0.04621   -0.01075
 1845   -0.01232   -0.04362   -0.00560
 1846   -0.01273   -0.04525   -0.00652
 1847   -0.01626   -0.04903   -0.01095
 1848   -0.01046   -0.03583   -0.00446
 1849   -0.00853   -0.03414   -0.00259
 1850   -0.01387   -0.03119   -0.00992
 1851   -0.00908   -0.04236   -0.00246
 1852   -0.00870   -0.04284   -0.00255
 1853   -0.00533   -0.03575    0.00081
 1854   -0.00220   -0.03336    0.00492
 1855   -0.00711   -0.05049    0.00067
 1856   -0.00997   -0.05428   -0.00231
 1857   -0.01063   -0.06416   -0.00284
 1858   -0.01099   -0.06774   -0.00328
 1859   -0.01072   -0.06909   -0.00369
 1860   -0.00634   -0.03231   -0.00104
 1861   -0.00323   -0.02509    0.00171
 1862    0.00258   -0.02554    0.00862
 1863    0.00557   -0.01990    0.01103
 1864   -0.00508   -0.02380   -0.00054
 1865   -0.01084   -0.02781   -0.00634
 1866   -0.01078   -0.03469   -0.00541
 1867    0.00417   -0.03214    0.01155
 1868    0.00976   -0.03338    0.01814
 1869    0.01214   -0.03379    0.02089
 1870    0.01682   -0.03418    0.02629
 1871    0.01042   -0.04107    0.02057
 1872    0.00724   -0.04763    0.01835
 1873    0.00875   -0.03387    0.01727
 1874    0.01048   -0.03393    0.01930
 1875    0.01337   -0.02643    0.02087
 1876    0.01157   -0.02071    0.01792
 1877    0.00609   -0.03620    0.01499
 1878    0.00383   -0.04450    0.01422
 1879    0.00683   -0.04958    0.01832
 1880    0.00021   -0.04606    0.00916
 1881    0.01771   -0.02651    0.02558
 1882    0.02056   -0.02002    0.02726
 1883    0.01770   -0.01791    0.02383
 1884    0.01433   -0.02176    0.02096
 1885    0.02612   -0.02119    0.03344
 1886    0.02602   -0.02638    0.03412
 1887    0.02869   -0.02368    0.03677
 1888    0.01964   -0.01182    0.02457
 1889    0.01765   -0.00939    0.02160
 1890    0.01836   -0.01314    0.02317
 1891    0.01449   -0.01409    0.02012
 1892    0.01913   -0.00166    0.02206
 1893    0.01792    0.00291    0.01982
 1894    0.01696    0.00040    0.01923
 1895    0.01249    0.00221    0.01430
 1896    0.02294   -0.01554    0.02816
 1897    0.02335   -0.01900    0.03009
 1898    0.02040   -0.02531    0.02789
 1899    0.01800   -0.02662    0.02606
 1900    0.02928   -0.02058    0.03610
 1901    0.03005   -0.02211    0.03827
 1902    0.03562   -0.02575    0.04535
 1903    0.03473   -0.02816    0.04712
 1904    0.03970   -0.02526    0.04718
 1905    0.01905   -0.02866    0.02749
 1906    0.01555   -0.03449    0.02467
 1907    0.01020   -0.03330    0.01902
 1908    0.00761   -0.03672    0.01804
 1909    0.01453   -0.03860    0.02472
 1910    0.01880   -0.04273    0.02989
 1911    0.01973   -0.04775    0.03168
 1912    0.02119   -0.04091    0.03177
 1913    0.00899   -0.02782    0.01700
 1914    0.00473   -0.02562    0.01262
 1915    0.00444   -0.02381    0.01234
 1916    0.00187   -0.02549    0.01021
 1917    0.00385   -0.01963    0.00995
 1918    0.00072   -0.01668    0.00586
 1919    0.00241   -0.02131    0.00844
 1920    0.00740   -0.02025    0.01487
 1921    0.00738   -0.01855    0.01503
 1922    0.00660   -0.02301    0.01594
 1923    0.00522   -0.02215    0.01410
 1924    0.01131   -0.01437    0.01799
 1925    0.01142   -0.00835    0.01671
 1926    0.01552   -0.00525    0.01951
 1927    0.01573    0.00010    0.01831
 1928    0.01996    0.00333    0.02100
 1929    0.00857   -0.02828    0.01871
 1930    0.00817   -0.03282    0.01964
 1931    0.00402   -0.03490    0.01625
 1932    0.00348   -0.03631    0.01544
 1933    0.01188   -0.03709    0.02368
 1934    0.00225   -0.03603    0.01375
 1935   -0.00088   -0.03924    0.00952
 1936   -0.00283   -0.03389    0.00711
 1937   -0.00509   -0.03635    0.00470
 1938   -0.00321   -0.04063    0.00749
 1939   -0.00204   -0.04631    0.00936
 1940   -0.00355   -0.04467    0.00764
 1941   -0.00355   -0.05092    0.00922
 1942   -0.00669   -0.05689    0.00576
 1943   -0.00171   -0.02830    0.00760
 1944   -0.00346   -0.02446    0.00560
 1945   -0.00270   -0.02457    0.00677
 1946   -0.00374   -0.02395    0.00520
 1947   -0.00182   -0.01886    0.00522
 1948   -0.00295   -0.01820    0.00326
 1949   -0.00266   -0.01516    0.00369
 1950   -0.00088   -0.01261    0.00422
 1951    0.00032   -0.02525    0.00995
 1952    0.00177   -0.02636    0.01105
 1953   -0.00056   -0.03098    0.01023
 1954   -0.00106   -0.03204    0.00952
 1955    0.00527   -0.02736    0.01395
 1956    0.00661   -0.02782    0.01463
 1957    0.00844   -0.02804    0.01712
 1958    0.00940   -0.03303    0.02081
 1959    0.00938   -0.02505    0.01704
 1960   -0.00168   -0.03465    0.01016
 1961   -0.00368   -0.04030    0.00949
 1962   -0.00713   -0.04034    0.00543
 1963   -0.00862   -0.04524    0.00353
 1964   -0.00299   -0.04495    0.01009
 1965    0.00089   -0.04654    0.01343
 1966    0.00106   -0.05141    0.01504
 1967    0.00230   -0.04304    0.01534
 1968   -0.00765   -0.03588    0.00400
 1969   -0.01018   -0.03522   -0.00060
 1970   -0.00920   -0.03020    0.00025
 1971   -0.01025   -0.03091   -0.00165
 1972   -0.01041   -0.03348   -0.00352
 1973   -0.01164   -0.03787   -0.00606
 1974   -0.01471   -0.03872   -0.01021
 1975   -0.01684   -0.04275   -0.01294
 1976   -0.01857   -0.04197   -0.01490
 1977   -0.00692   -0.02599    0.00260
 1978   -0.00468   -0.02129    0.00210
 1979   -0.00237   -0.02113    0.00421
 1980   -0.00011   -0.01670    0.00437
 1981   -0.00440   -0.01643    0.00000
 1982   -0.00672   -0.01753   -0.00417
 1983   -0.00840   -0.01813   -0.00642
 1984   -0.00740   -0.01612   -0.00611
 1985   -0.00983   -0.02085   -0.00862
 1986   -0.00247   -0.02408    0.00649
 1987    0.00057   -0.02449    0.00801
 1988    0.00262   -0.01948    0.00874
 1989    0.00285   -0.01637    0.00975
 1990    0.00224   -0.01626    0.00832
 1991    0.00439   -0.01257    0.00909
 1992    0.00617   -0.01416    0.01132
 1993    0.00582   -0.01583    0.01181
 1994    0.00263   -0.00902    0.00717
 1995    0.00111   -0.00793    0.00428
 1996    0.00340   -0.00455    0.00729
 1997   -0.00033   -0.00579    0.00175
 1998    0.00647   -0.01097    0.01276
 1999    0.00775   -0.01211    0.01512
 2000    0.00987   -0.01091    0.01523
 2001    0.00868   -0.00767    0.01344
 2002    0.00712   -0.00988    0.01567
 2003    0.00678   -0.00659    0.01274
 2004    0.00547   -0.00784    0.01196
 2005    0.01184   -0.01388    0.01861
 2006    0.01381   -0.01211    0.01897
 2007    0.01460   -0.00788    0.01877
 2008    0.01500   -0.00501    0.01870
 2009    0.01579   -0.01614    0.02220
 2010    0.01346   -0.02061    0.02212
 2011    0.01247   -0.01812    0.02096
 2012    0.01450   -0.00764    0.01873
 2013    0.01404   -0.00448    0.01685
 2014    0.01074   -0.00009    0.01380
 2015    0.01124    0.00268    0.01282
 2016    0.01136   -0.00387    0.01543
 2017    0.01505   -0.00686    0.01948
 2018    0.01563   -0.01025    0.02324
 2019    0.01247   -0.00546    0.01664
 2020    0.01047   -0.00090    0.01290
 2021    0.00776    0.00250    0.01017
 2022    0.00738    0.00322    0.00959
 2023    0.00614    0.00491    0.00740
 2024    0.00640    0.00189    0.00886
 2025    0.00660    0.00163    0.00776
 2026    0.00523    0.00215    0.00630
 2027    0.00452    0.00109    0.00738
 2028    0.00519    0.00285    0.00491
 2029    0.00853    0.00151    0.01093
 2030    0.00751    0.00253    0.00977
 2031    0.00904    0.00580    0.01068
 2032    0.01162    0.00593    0.01330
 2033    0.00747   -0.00116    0.01062
 2034    0.00577   -0.00415    0.00989
 2035    0.00557   -0.00873    0.01041
 2036    0.00447   -0.00924    0.00968
 2037    0.00615   -0.01205    0.01191
 2038    0.00784    0.00849    0.00882
 2039    0.00869    0.01231    0.00908
 2040    0.00721    0.01248    0.00670
 2041    0.00441    0.01189    0.00377
 2042    0.00863    0.01546    0.00815
 2043    0.00928    0.01467    0.00953
 2044    0.01198    0.01702    0.01309
 2045    0.01136    0.01704    0.01316
 2046    0.01078    0.01390    0.01288
 2047    0.01203    0.01104    0.01382
 2048    0.00741    0.01327    0.01020
 2049    0.00853    0.01307    0.00792
 2050    0.00604    0.01309    0.00504
 2051    0.00605    0.01879    0.00398
 2052    0.00921    0.02159    0.00683
 2053    0.00604    0.00875    0.00625
 2054    0.00496    0.00282    0.00659
 2055    0.00600   -0.00182    0.00868
 2056    0.00136    0.00184    0.00245
 2057    0.00259    0.02015    0.00027
 2058    0.00168    0.02603   -0.00141
 2059   -0.00101    0.02651   -0.00485
 2060   -0.00399    0.02336   -0.00759
 2061    0.00092    0.02769   -0.00291
 2062    0.00332    0.02629   -0.00011
 2063   -0.00015    0.03410   -0.00448
 2064    0.00660    0.03017    0.00298
 2065   -0.00028    0.03011   -0.00460
 2066   -0.00393    0.03147   -0.00855
 2067   -0.00381    0.03854   -0.00887
 2068   -0.00027    0.04144   -0.00600
 2069   -0.00380    0.02778   -0.00776
 2070   -0.00769    0.02801   -0.01225
 2071   -0.01201    0.02486   -0.01656
 2072   -0.00725    0.03240   -0.01268
 2073   -0.01638    0.02568   -0.02087
 2074   -0.01126    0.03339   -0.01690
 2075   -0.01623    0.02970   -0.02097
 2076   -0.00678    0.04138   -0.01302
 2077   -0.00756    0.04788   -0.01422
 2078   -0.00488    0.05302   -0.01095
 2079   -0.00233    0.05838   -0.01008
 2080   -0.00705    0.05263   -0.01791
 2081   -0.00614    0.05053   -0.00754
 2082   -0.00494    0.05428   -0.00241
 2083    0.00238    0.05534   -0.00043
 2084    0.00609    0.05829    0.00012
 2085    0.00445    0.05133    0.00031
 2086    0.01021    0.05093    0.00419
 2087    0.01164    0.04385    0.00557
 2088    0.00805    0.03930    0.00397
 2089    0.01293    0.05402    0.00488
 2090    0.01676    0.04350    0.00892
 2091    0.01794    0.03725    0.01116
 2092    0.01831    0.03421    0.01367
 2093    0.02036    0.03724    0.01568
 2094    0.02161    0.03755    0.01458
 2095    0.01859    0.03662    0.01324
 2096    0.01988    0.03464    0.01646
 2097    0.02288    0.03240    0.02098
 2098    0.01586    0.03158    0.01388
 2099    0.01677    0.02821    0.01312
 2100    0.01757    0.02435    0.01540
 2101    0.02128    0.02091    0.02065
 2102    0.02075    0.01708    0.02068
 2103    0.01346    0.01939    0.01218
 2104    0.00857    0.02159    0.00668
 2105    0.00513    0.01581    0.00395
 2106    0.00842    0.02692    0.00560
 2107    0.02544    0.02264    0.02482
 2108    0.02969    0.02035    0.03036
 2109    0.03053    0.01307    0.03171
 2110    0.02922    0.01114    0.03065
 2111    0.03405    0.02511    0.03470
 2112    0.03921    0.02379    0.04090
 2113    0.03819    0.02354    0.04360
 2114    0.03692    0.02750    0.03922
 2115    0.04090    0.02043    0.04917
 2116    0.03223    0.00913    0.03417
 2117    0.03401    0.00284    0.03599
 2118    0.03710    0.00193    0.04051
 2119    0.04065    0.00627    0.04379
 2120    0.03678    0.00041    0.03847
 2121    0.02997   -0.00093    0.03305
 2122    0.02539   -0.00264    0.02894
 2123    0.02995    0.00074    0.03215
 2124    0.03548   -0.00350    0.04005
 2125    0.03818   -0.00507    0.04387
 2126    0.03563   -0.00354    0.04118
 2127    0.03638   -0.00777    0.04213
 2128    0.03356    0.00231    0.03751
 2129    0.03061    0.00423    0.03410
 2130    0.02553   -0.00073    0.02921
 2131    0.02315   -0.00253    0.02686
 2132    0.02966    0.01219    0.03175
 2133    0.03335    0.01759    0.03476
 2134    0.03147    0.02491    0.03083
 2135    0.03474    0.02950    0.03272
 2136    0.03991    0.03601    0.03648
 2137    0.04479    0.04204    0.03943
 2138    0.04206    0.03817    0.03851
 2139    0.02400   -0.00269    0.02791
 2140    0.01912   -0.00738    0.02339
 2141    0.01450   -0.00313    0.01774
 2142    0.01525    0.00380    0.01719
 2143    0.01875   -0.01072    0.02363
 2144    0.01931   -0.00474    0.02321
 2145    0.02287   -0.01590    0.02928
 2146    0.01005   -0.00716    0.01351
 2147    0.00538   -0.00383    0.00771
 2148    0.00389    0.00035    0.00528
 2149    0.00165    0.00587    0.00171
 2150    0.00094   -0.00981    0.00402
 2151    0.00059   -0.01206    0.00407
 2152   -0.00210   -0.01946    0.00230
 2153   -0.00170   -0.00662    0.00032
 2154    0.00513   -0.00237    0.00723
 2155    0.00394    0.00093    0.00529
 2156    0.00693    0.00913    0.00701
 2157    0.00476    0.01398    0.00373
 2158    0.00522   -0.00418    0.00760
 2159    0.00388   -0.00130    0.00560
 2160    0.01182    0.01046    0.01211
 2161    0.01523    0.01810    0.01437
 2162    0.01256    0.02460    0.01034
 2163    0.01367    0.03160    0.01028
 2164    0.02072    0.01775    0.02034
 2165    0.02444    0.01335    0.02502
 2166    0.02678    0.00832    0.02841
 2167    0.02523    0.01507    0.02585
 2168    0.00897    0.02225    0.00706
 2169    0.00594    0.02758    0.00293
 2170    0.00031    0.02693   -0.00315
 2171   -0.00284    0.03080   -0.00730
 2172    0.00625    0.02594    0.00329
 2173    0.01136    0.02753    0.00842
 2174    0.01416    0.02182    0.01266
 2175    0.01305    0.03430    0.00939
 2176    0.01881    0.02318    0.01747
 2177    0.01783    0.03559    0.01423
 2178    0.02065    0.02999    0.01807
 2179    0.02522    0.03147    0.02285
 2180   -0.00099    0.02204   -0.00383
 2181   -0.00642    0.02076   -0.00955
 2182   -0.01092    0.01877   -0.01409
 2183   -0.01551    0.02247   -0.01885
 2184   -0.00807    0.02812   -0.01215
 2185   -0.00395    0.03003   -0.00801
 2186   -0.00387    0.02554   -0.00744
 2187   -0.00012    0.03658   -0.00515
 2188   -0.00998    0.01307   -0.01226
 2189   -0.01393    0.01016   -0.01610
 2190   -0.01825    0.00474   -0.02000
 2191   -0.01698   -0.00106   -0.01802
 2192   -0.01122    0.00639   -0.01278
 2193   -0.00946    0.01226   -0.01160
 2194   -0.01495    0.00041   -0.01594
 2195   -0.00435    0.01586   -0.00674
 2196   -0.02334    0.00675   -0.02546
 2197   -0.02820    0.00210   -0.02983
 2198   -0.03074   -0.00410   -0.03176
 2199   -0.02768   -0.00509   -0.02906
 2200   -0.03412    0.00698   -0.03536
 2201   -0.03573    0.00998   -0.03597
 2202   -0.04038    0.00422   -0.03971
 2203   -0.04871    0.00094   -0.04624
 2204   -0.03546    0.00293   -0.03560
 2205   -0.03571   -0.00849   -0.03645
 2206   -0.03867   -0.01370   -0.03906
 2207   -0.04107   -0.00938   -0.04167
 2208   -0.04384   -0.00340   -0.04430
 2209   -0.04342   -0.01931   -0.04380
 2210   -0.03957   -0.01286   -0.04083
 2211   -0.04188   -0.00979   -0.04279
 2212   -0.04031   -0.00179   -0.04096
 2213   -0.04391    0.00275   -0.04395
 2214   -0.04929   -0.01031   -0.04970
 2215   -0.05236   -0.01818   -0.05240
 2216   -0.05631   -0.01863   -0.05581
 2217   -0.06032   -0.01257   -0.05817
 2218   -0.05563   -0.02505   -0.05585
 2219   -0.03479    0.00005   -0.03612
 2220   -0.03273    0.00746   -0.03386
 2221   -0.02790    0.00678   -0.02961
 2222   -0.02477    0.00188   -0.02600
 2223   -0.02977    0.01146   -0.03097
 2224   -0.02511    0.00751   -0.02672
 2225   -0.02663    0.01120   -0.02954
 2226   -0.02365    0.01076   -0.02609
 2227   -0.01887    0.01348   -0.02146
 2228   -0.01834    0.01825   -0.02120
 2229   -0.02646    0.01355   -0.02817
 2230   -0.03151    0.01091   -0.03269
 2231   -0.02278    0.01167   -0.02414
 2232   -0.01514    0.01005   -0.01745
 2233   -0.01074    0.01220   -0.01349
 2234   -0.00954    0.01279   -0.01243
 2235   -0.01112    0.01036   -0.01359
 2236   -0.00785    0.00755   -0.00985
 2237   -0.00761    0.00526   -0.00927
 2238   -0.00480    0.00006   -0.00527
 2239   -0.00625    0.01066   -0.00830
 2240   -0.00717    0.01577   -0.01051
 2241   -0.00618    0.01582   -0.00946
 2242   -0.00353    0.01338   -0.00594
 2243   -0.00173    0.01484   -0.00401
 2244   -0.00624    0.02010   -0.01023
 2245   -0.00802    0.02149   -0.01329
 2246   -0.00784    0.01988   -0.01273
 2247   -0.01026    0.02422   -0.01738
 2248   -0.00850    0.02053   -0.01498
 2249   -0.01013    0.02316   -0.01841
 2250   -0.00345    0.01080   -0.00546
 2251   -0.00154    0.00902   -0.00292
 2252   -0.00046    0.01025   -0.00190
 2253   -0.00121    0.01014   -0.00302
 2254   -0.00183    0.00468   -0.00278
 2255   -0.00048    0.00294   -0.00044
 2256    0.00138    0.00242    0.00242
 2257   -0.00169   -0.00100   -0.00073
 2258    0.00114    0.01135    0.00003
 2259    0.00172    0.01194    0.00033
 2260    0.00284    0.01010    0.00201
 2261    0.00459    0.00980    0.00402
 2262    0.00282    0.01414    0.00042
 2263    0.00326    0.01321    0.00092
 2264    0.00196    0.01632   -0.00134
 2265    0.00255    0.00948    0.00167
 2266    0.00324    0.00841    0.00283
 2267    0.00385    0.00919    0.00285
 2268    0.00334    0.00961    0.00174
 2269    0.00244    0.00723    0.00233
 2270    0.00153    0.00568    0.00174
 2271    0.00082    0.00491    0.00105
 2272    0.00199    0.00335    0.00320
 2273    0.00478    0.00907    0.00393
 2274    0.00464    0.00933    0.00358
 2275    0.00420    0.00853    0.00350
 2276    0.00516    0.00755    0.00451
 2277    0.00570    0.00964    0.00498
 2278    0.00523    0.01039    0.00499
 2279    0.00463    0.01092    0.00365
 2280    0.00503    0.01256    0.00394
 2281    0.00518    0.01256    0.00300
 2282    0.00485    0.01188    0.00168
 2283    0.00524    0.01335    0.00288
 2284    0.00318    0.00859    0.00253
 2285    0.00257    0.00837    0.00195
 2286    0.00220    0.00868    0.00132
 2287    0.00240    0.00885    0.00131
 2288    0.00242    0.00803    0.00168
 2289    0.00301    0.00739    0.00232
 2290    0.00232    0.00750    0.00174
 2291    0.00335    0.00621    0.00322
 2292    0.00168    0.00877    0.00108
 2293    0.00118    0.00902    0.00091
 2294    0.00054    0.00925    0.00042
 2295    0.00052    0.00931    0.00026
 2296    0.00043    0.00910    0.00114
 2297    0.00104    0.00856    0.00155
 2298    0.00124    0.00797    0.00165
 2299    0.00031    0.00836    0.00139
 2300    0.00061    0.00777    0.00096
 2301    0.00212    0.00674    0.00104
 2302   -0.00065    0.00811    0.00012
 2303   -0.00011    0.00906    0.00009
 2304   -0.00051    0.00896   -0.00031
 2305   -0.00143    0.00863   -0.00062
 2306   -0.00215    0.00833   -0.00053
