    1    0.00198   -0.05070    0.04337
    2    0.00453   -0.04608    0.03947
    3    0.00416   -0.03316    0.02266
    4    0.00410   -0.02670    0.01937
    5   -0.00083   -0.04877    0.06043
    6    0.00604   -0.03455    0.02030
    7    0.00531   -0.02898    0.01351
    8    0.00229   -0.02294    0.01254
    9    0.00173   -0.02373    0.01615
   10    0.00782   -0.03266    0.01069
   11    0.00670   -0.03693    0.01265
   12    0.00392   -0.04200    0.01061
   13    0.00300   -0.05090    0.01057
   14    0.00360   -0.03693    0.00668
   15    0.00150   -0.01943    0.00960
   16   -0.00018   -0.01549    0.00910
   17   -0.00011   -0.01551    0.00741
   18    0.00109   -0.01753    0.00632
   19   -0.00048   -0.01279    0.00677
   20   -0.00048   -0.01226    0.00806
   21   -0.00025   -0.01106    0.00509
   22   -0.00219   -0.01197    0.01073
   23   -0.00155   -0.01264    0.00679
   24   -0.00149   -0.01263    0.00499
   25   -0.00006   -0.01149    0.00134
   26    0.00025   -0.01034    0.00040
   27   -0.00337   -0.00984    0.00594
   28   -0.00478   -0.00984    0.00904
   29   -0.00567   -0.00715    0.00990
   30   -0.00752   -0.00716    0.01306
   31   -0.00761   -0.00940    0.01523
   32    0.00048   -0.01159   -0.00059
   33    0.00165   -0.00995   -0.00349
   34    0.00059   -0.00790   -0.00307
   35   -0.00177   -0.00766   -0.00139
   36    0.00183   -0.00988   -0.00354
   37    0.00256   -0.01086   -0.00313
   38    0.00030   -0.01268   -0.00030
   39    0.00135   -0.00650   -0.00540
   40    0.00058   -0.00470   -0.00589
   41    0.00092   -0.00406   -0.00724
   42    0.00301   -0.00463   -0.00844
   43    0.00102   -0.00440   -0.00659
   44    0.00110   -0.00265   -0.00733
   45   -0.00070   -0.00100   -0.00521
   46   -0.00114   -0.00186   -0.00348
   47   -0.00047   -0.00264   -0.00669
   48    0.00039   -0.00146   -0.00807
   49    0.00166   -0.00059   -0.00943
   50    0.00141    0.00047   -0.00883
   51    0.00019    0.00083   -0.00757
   52    0.00134    0.00232   -0.00890
   53    0.00083    0.00497   -0.00680
   54   -0.00003    0.00471   -0.00345
   55    0.00089    0.00740   -0.00730
   56    0.00334   -0.00081   -0.00971
   57    0.00421   -0.00032   -0.01017
   58    0.00332    0.00243   -0.01005
   59    0.00411    0.00323   -0.00969
   60    0.00731   -0.00160   -0.00905
   61    0.00731    0.00008   -0.00822
   62    0.00823   -0.00206   -0.00684
   63    0.00955   -0.00067   -0.00632
   64    0.00247    0.00372   -0.00990
   65    0.00173    0.00636   -0.01061
   66    0.00123    0.00733   -0.01121
   67    0.00093    0.00642   -0.01031
   68    0.00097    0.00826   -0.00999
   69    0.00003    0.01052   -0.01006
   70    0.00034    0.01168   -0.01174
   71   -0.00080    0.01158   -0.00802
   72    0.00127    0.00830   -0.01186
   73    0.00121    0.00783   -0.01134
   74    0.00073    0.00800   -0.01116
   75    0.00069    0.00701   -0.01152
   76    0.00149    0.00880   -0.01168
   77    0.00152    0.01023   -0.01263
   78    0.00173    0.00871   -0.01101
   79   -0.00042    0.00952   -0.01072
   80   -0.00129    0.01072   -0.00942
   81   -0.00108    0.00963   -0.00767
   82   -0.00187    0.00886   -0.00778
   83   -0.00117    0.01421   -0.00771
   84   -0.00243    0.01701   -0.00529
   85   -0.00438    0.02069   -0.00375
   86   -0.00455    0.01964   -0.00353
   87   -0.00572    0.02454   -0.00283
   88   -0.00103    0.00904   -0.00717
   89   -0.00131    0.00774   -0.00582
   90   -0.00102    0.00558   -0.00655
   91   -0.00166    0.00553   -0.00542
   92   -0.00120    0.00639   -0.00570
   93   -0.00204    0.00769   -0.00407
   94   -0.00128    0.00560   -0.00383
   95   -0.00196    0.00311   -0.00320
   96   -0.00001    0.00469   -0.00858
   97    0.00051    0.00327   -0.00968
   98    0.00013    0.00348   -0.01097
   99    0.00007    0.00273   -0.01043
  100    0.00162    0.00284   -0.01081
  101    0.00210    0.00198   -0.01089
  102    0.00208    0.00192   -0.01050
  103    0.00294    0.00168   -0.01123
  104    0.00004    0.00464   -0.01134
  105    0.00038    0.00529   -0.01159
  106   -0.00072    0.00514   -0.01016
  107   -0.00005    0.00489   -0.00970
  108    0.00035    0.00630   -0.01118
  109    0.00041    0.00502   -0.01167
  110    0.00138    0.00356   -0.01270
  111    0.00069    0.00612   -0.01109
  112   -0.00195    0.00634   -0.00782
  113   -0.00274    0.00768   -0.00483
  114   -0.00261    0.00614   -0.00314
  115   -0.00349    0.00609   -0.00136
  116   -0.00368    0.00958   -0.00132
  117   -0.00511    0.01009    0.00188
  118   -0.00525    0.01299    0.00296
  119   -0.00716    0.01303    0.00571
  120   -0.00750    0.01507    0.00642
  121   -0.00217    0.00472   -0.00413
  122   -0.00240    0.00275   -0.00416
  123   -0.00195    0.00232   -0.00521
  124   -0.00245    0.00163   -0.00428
  125   -0.00165    0.00150   -0.00539
  126   -0.00197   -0.00000   -0.00504
  127   -0.00199    0.00143   -0.00473
  128   -0.00046    0.00223   -0.00809
  129    0.00053    0.00122   -0.01014
  130    0.00028    0.00193   -0.00934
  131    0.00022    0.00068   -0.00923
  132    0.00160    0.00082   -0.01226
  133    0.00191    0.00031   -0.01196
  134    0.00265    0.00057   -0.01323
  135    0.00221   -0.00059   -0.01130
  136   -0.00005    0.00345   -0.00863
  137   -0.00084    0.00335   -0.00755
  138   -0.00222    0.00325   -0.00537
  139   -0.00291    0.00209   -0.00597
  140   -0.00099    0.00541   -0.00613
  141   -0.00249    0.00663   -0.00445
  142   -0.00376    0.00383   -0.00332
  143   -0.00537    0.00262   -0.00073
  144   -0.00529    0.00093   -0.00180
  145   -0.00659    0.00023   -0.00149
  146   -0.00634    0.00206    0.00229
  147   -0.00716    0.00441    0.00454
  148   -0.00797    0.00353    0.00596
  149   -0.00895    0.00586    0.00767
  150   -0.01112    0.00637    0.01052
  151   -0.01194    0.00437    0.01195
  152   -0.01151    0.00932    0.01249
  153   -0.00386    0.00051   -0.00387
  154   -0.00296   -0.00018   -0.00522
  155   -0.00275   -0.00080   -0.00714
  156   -0.00267   -0.00184   -0.00783
  157   -0.00161   -0.00001   -0.00596
  158   -0.00187   -0.00059   -0.00506
  159   -0.00076   -0.00099   -0.00639
  160   -0.00284   -0.00079   -0.00333
  161   -0.00225   -0.00128   -0.00820
  162   -0.00159   -0.00274   -0.00871
  163    0.00065   -0.00353   -0.00832
  164    0.00142   -0.00531   -0.00798
  165    0.00188   -0.00279   -0.00939
  166    0.00386   -0.00343   -0.00998
  167    0.00483   -0.00388   -0.01023
  168    0.00401   -0.00297   -0.01025
  169    0.00386   -0.00246   -0.01104
  170    0.00484   -0.00322   -0.01198
  171    0.00305   -0.00243   -0.01044
  172    0.00586   -0.00478   -0.01098
  173    0.00606   -0.00559   -0.01147
  174    0.00639   -0.00568   -0.01261
  175    0.00633   -0.00588   -0.01338
  176    0.00722   -0.00677   -0.01059
  177    0.00490   -0.00810   -0.01435
  178    0.00461   -0.00922   -0.01547
  179    0.00350   -0.01220   -0.01852
  180    0.00318   -0.01248   -0.01861
  181    0.00485   -0.01213   -0.01782
  182    0.00451   -0.01341   -0.01795
  183    0.00516   -0.01109   -0.01758
  184    0.00487   -0.01064   -0.01561
  185    0.00564   -0.01552   -0.01592
  186    0.00823   -0.01894   -0.01636
  187    0.00635   -0.02148   -0.01430
  188    0.00133   -0.02187   -0.01286
  189    0.00450   -0.03083   -0.01672
  190    0.00499   -0.00827   -0.01662
  191    0.00474   -0.00610   -0.01503
  192    0.00460   -0.00450   -0.01537
  193    0.00446   -0.00330   -0.01552
  194    0.00404   -0.00534   -0.01348
  195    0.00387   -0.00612   -0.01319
  196    0.00388   -0.00691   -0.01349
  197    0.00346   -0.00607   -0.01160
  198    0.00332   -0.00747   -0.01195
  199    0.00282   -0.00693   -0.01073
  200    0.00316   -0.00519   -0.01044
  201    0.00216   -0.00727   -0.00878
  202    0.00235   -0.00544   -0.00860
  203    0.00198   -0.00637   -0.00802
  204    0.00401   -0.00347   -0.01450
  205    0.00346   -0.00123   -0.01384
  206    0.00318    0.00043   -0.01297
  207    0.00285   -0.00070   -0.01167
  208    0.00255   -0.00175   -0.01383
  209    0.00273   -0.00392   -0.01437
  210    0.00192   -0.00162   -0.01301
  211    0.00210   -0.00304   -0.01336
  212    0.00113   -0.00447   -0.01363
  213    0.00132   -0.00470   -0.01396
  214    0.00174   -0.00555   -0.01424
  215    0.00276    0.00224   -0.01309
  216    0.00284    0.00350   -0.01223
  217    0.00307    0.00463   -0.01160
  218    0.00260    0.00536   -0.01106
  219    0.00256    0.00363   -0.01175
  220    0.00281    0.00224   -0.01213
  221    0.00249    0.00172   -0.01262
  222    0.00298    0.00180   -0.01171
  223    0.00257    0.00081   -0.01247
  224    0.00318    0.00071   -0.01179
  225    0.00292    0.00037   -0.01212
  226    0.00329    0.00463   -0.01053
  227    0.00387    0.00579   -0.00998
  228    0.00411    0.00692   -0.00922
  229    0.00386    0.00613   -0.00866
  230    0.00431    0.00536   -0.00934
  231    0.00503    0.00740   -0.00840
  232    0.00326    0.00362   -0.01048
  233    0.00393    0.00824   -0.00909
  234    0.00447    0.00973   -0.00727
  235    0.00628    0.01182   -0.00510
  236    0.00807    0.01266   -0.00419
  237    0.00422    0.01067   -0.00762
  238    0.00284    0.01143   -0.00877
  239    0.00259    0.01208   -0.01146
  240    0.00276    0.01021   -0.00929
  241    0.00613    0.01314   -0.00432
  242    0.00708    0.01409   -0.00147
  243    0.00730    0.01484    0.00071
  244    0.00652    0.01499    0.00051
  245    0.00516    0.01159   -0.00344
  246    0.00348    0.01177   -0.00066
  247    0.00484    0.00895   -0.00553
  248    0.00977    0.01694    0.00616
  249    0.00994    0.01775    0.00976
  250    0.00759    0.01706    0.01141
  251    0.00698    0.01670    0.01216
  252    0.01147    0.02007    0.01541
  253    0.01413    0.02057    0.01371
  254    0.01762    0.02160    0.01588
  255    0.01335    0.02268    0.01664
  256    0.00773    0.01723    0.00995
  257    0.00340    0.01859    0.01228
  258    0.00308    0.01652    0.00784
  259    0.00230    0.01550    0.00428
  260    0.00099    0.01520    0.00717
  261   -0.00231    0.01411    0.00266
  262   -0.00234    0.01512    0.00035
  263   -0.00409    0.01272   -0.00272
  264   -0.00357    0.00969    0.00193
  265   -0.00268    0.00649    0.00327
  266   -0.00254    0.00261    0.00402
  267   -0.00281    0.00562    0.00053
  268   -0.00073    0.01783    0.00261
  269    0.00151    0.01789    0.00167
  270    0.00587    0.01908    0.00155
  271    0.00791    0.01944    0.00373
  272    0.00478    0.01826    0.00509
  273    0.00309    0.01931    0.01074
  274    0.00642    0.02087    0.01366
  275    0.00987    0.02240    0.01512
  276    0.00524    0.02094    0.01585
  277    0.00783    0.01965   -0.00124
  278    0.01378    0.02102   -0.00133
  279    0.01990    0.02127    0.00247
  280    0.02366    0.02080    0.00178
  281    0.01545    0.02152   -0.00438
  282    0.01343    0.02153   -0.01050
  283    0.00747    0.01946   -0.01320
  284    0.00327    0.01971   -0.01856
  285    0.00418    0.01768   -0.01043
  286    0.02309    0.02325    0.00610
  287    0.02856    0.02673    0.01025
  288    0.02375    0.02444    0.01044
  289    0.02667    0.02661    0.01245
  290    0.03250    0.03200    0.01704
  291    0.01865    0.02237    0.00950
  292    0.01659    0.02170    0.00927
  293    0.01460    0.02052    0.00576
  294    0.01365    0.02016    0.00559
  295    0.01240    0.02110    0.01143
  296    0.01238    0.02260    0.01586
  297    0.01299    0.01959    0.00406
  298    0.01272    0.01673    0.00123
  299    0.01786    0.01650    0.00051
  300    0.01521    0.01245   -0.00085
  301    0.00868    0.01660   -0.00150
  302    0.00489    0.01541   -0.00134
  303    0.00187    0.01486   -0.00466
  304    0.00300    0.01211   -0.00242
  305    0.02403    0.01919    0.00077
  306    0.03543    0.01901   -0.00298
  307    0.03465    0.02196    0.00128
  308    0.04292    0.02236   -0.00254
  309    0.02807    0.02273    0.00341
  310    0.02603    0.02448    0.00529
  311    0.01888    0.01793    0.00164
  312    0.01679    0.01592   -0.00023
  313    0.02565    0.02706    0.00792
  314    0.02246    0.02273    0.00706
  315    0.01602    0.01336   -0.00103
  316    0.01091    0.00820   -0.00349
  317    0.00901    0.00310   -0.00343
  318    0.01071    0.00139   -0.00192
  319    0.00906    0.00744   -0.00293
  320    0.00601    0.00436   -0.00483
  321    0.01009    0.01064   -0.00290
  322    0.00668    0.00103   -0.00472
  323    0.00555   -0.00376   -0.00357
  324    0.00626   -0.00564   -0.00300
  325    0.00548   -0.00383   -0.00367
  326    0.00346   -0.00430   -0.00642
  327    0.00354   -0.00032   -0.00760
  328    0.00515    0.00350   -0.00663
  329    0.00676   -0.00881    0.00007
  330    0.00636   -0.01100    0.00190
  331    0.00449   -0.01244    0.00078
  332    0.00246   -0.01791    0.00225
  333    0.00689   -0.01298    0.00850
  334    0.00413   -0.01029   -0.00159
  335    0.00073   -0.00779   -0.00197
  336    0.00080   -0.00579   -0.00421
  337    0.00286   -0.00601   -0.00495
  338    0.00037   -0.00571   -0.00298
  339    0.00109   -0.00805   -0.00226
  340    0.00301   -0.01281   -0.00015
  341    0.00001   -0.00457   -0.00431
  342    0.00040   -0.00291   -0.00585
  343   -0.00206   -0.00130   -0.00603
  344   -0.00515   -0.00002   -0.00580
  345    0.00115   -0.00191   -0.00584
  346   -0.00137   -0.00060   -0.00686
  347   -0.00218    0.00052   -0.00712
  348   -0.00186    0.00064   -0.00781
  349   -0.00313    0.00155   -0.00718
  350   -0.00013   -0.00084   -0.00784
  351    0.00128   -0.00126   -0.00943
  352   -0.00114    0.00041   -0.00857
  353   -0.00043    0.00070   -0.00907
  354    0.00069    0.00080   -0.00942
  355    0.00171    0.00064   -0.00950
  356    0.00085   -0.00041   -0.00980
  357    0.00027    0.00082   -0.00955
  358    0.00105    0.00092   -0.00964
  359    0.00223    0.00006   -0.01023
  360    0.00203   -0.00039   -0.01013
  361   -0.00030    0.00155   -0.00946
  362    0.00038    0.00157   -0.00962
  363    0.00090    0.00248   -0.00910
  364   -0.00199    0.00166   -0.00904
  365    0.00352   -0.00036   -0.01027
  366    0.00482   -0.00150   -0.01019
  367    0.00556   -0.00101   -0.00932
  368    0.00507   -0.00055   -0.00898
  369    0.00512   -0.00125   -0.01011
  370    0.00549   -0.00191   -0.01038
  371    0.00493   -0.00213   -0.01074
  372    0.00485   -0.00132   -0.01083
  373    0.00621   -0.00241   -0.00930
  374    0.00694   -0.00288   -0.00859
  375    0.00879   -0.00494   -0.00864
  376    0.00809   -0.00438   -0.00915
  377    0.00620   -0.00241   -0.00857
  378    0.00619   -0.00247   -0.00705
  379    0.00522   -0.00146   -0.00375
  380    0.00434   -0.00153   -0.00697
  381    0.01015   -0.00529   -0.00711
  382    0.01025   -0.00568   -0.00694
  383    0.00920   -0.00560   -0.00578
  384    0.00947   -0.00602   -0.00353
  385    0.01092   -0.00541   -0.00672
  386    0.01048   -0.00523   -0.00663
  387    0.01058   -0.00532   -0.00713
  388    0.01134   -0.00637   -0.00419
  389    0.00764   -0.00472   -0.00595
  390    0.00540   -0.00407   -0.00377
  391    0.00350   -0.00290   -0.00353
  392    0.00390   -0.00204   -0.00597
  393    0.00414   -0.00318   -0.00359
  394    0.00421   -0.00170   -0.00546
  395    0.00263    0.00026   -0.00486
  396    0.00555   -0.00223   -0.00774
  397    0.00265    0.00156   -0.00619
  398    0.00535   -0.00156   -0.00876
  399    0.00433    0.00009   -0.00778
  400    0.00100   -0.00262   -0.00055
  401   -0.00117    0.00010   -0.00011
  402   -0.00255    0.00195   -0.00274
  403   -0.00446    0.00257   -0.00125
  404   -0.00371   -0.00043    0.00514
  405   -0.00475   -0.00266    0.00678
  406   -0.00009   -0.00438    0.00337
  407   -0.00143    0.00288   -0.00555
  408   -0.00111    0.00390   -0.00752
  409   -0.00237    0.00819   -0.00552
  410   -0.00297    0.00931   -0.00617
  411   -0.00040    0.00484   -0.01053
  412    0.00018    0.00719   -0.01151
  413    0.00163    0.00588   -0.01036
  414    0.00184    0.00543   -0.01337
  415   -0.00402    0.01040   -0.00229
  416   -0.00387    0.01569   -0.00096
  417   -0.00179    0.02192   -0.00128
  418   -0.00244    0.02119   -0.00159
  419   -0.00446    0.01504    0.00301
  420   -0.00534    0.01260    0.00334
  421   -0.00668    0.00985    0.00592
  422   -0.00450    0.02803   -0.00190
  423   -0.00577    0.03243   -0.00239
  424   -0.00466    0.03213    0.00268
  425   -0.00535    0.03466    0.00239
  426   -0.00800    0.04004   -0.00418
  427   -0.00345    0.02808    0.00524
  428   -0.00251    0.02729    0.00945
  429   -0.00224    0.02247    0.00792
  430    0.00021    0.02412    0.00949
  431   -0.00363    0.02424    0.01130
  432   -0.00563    0.02047    0.01337
  433   -0.00403    0.02625    0.01919
  434   -0.00228    0.03092    0.01853
  435   -0.00702    0.02586    0.02323
  436   -0.00239    0.01893    0.00520
  437   -0.00173    0.01606    0.00255
  438   -0.00107    0.01807    0.00039
  439    0.00059    0.01634    0.00010
  440   -0.00129    0.01201    0.00034
  441   -0.00030    0.00987   -0.00139
  442    0.00063    0.00940   -0.00430
  443    0.00075    0.00805   -0.00138
  444    0.00343    0.00645   -0.00564
  445    0.00330    0.00559   -0.00388
  446   -0.00318    0.02046   -0.00128
  447   -0.00382    0.02062   -0.00303
  448   -0.00396    0.02319   -0.00219
  449   -0.00398    0.02130   -0.00388
  450   -0.00633    0.02339   -0.00539
  451   -0.00688    0.02049   -0.00792
  452   -0.00311    0.01790   -0.00801
  453   -0.00259    0.01811   -0.01007
  454   -0.00118    0.01562   -0.00716
  455   -0.00269    0.02675    0.00082
  456   -0.00116    0.02861    0.00312
  457    0.00417    0.02295    0.00434
  458    0.00751    0.01983    0.00477
  459    0.00002    0.03570    0.00827
  460   -0.00358    0.04501    0.00739
  461   -0.00541    0.05160    0.00749
  462   -0.00579    0.04998    0.00310
  463    0.00441    0.02132    0.00385
  464    0.00910    0.01710    0.00449
  465    0.00904    0.01457    0.00217
  466    0.01417    0.01003    0.00172
  467    0.00605    0.01781    0.00469
  468    0.00661    0.01489    0.00273
  469    0.00876    0.01233    0.00238
  470    0.00597    0.01297    0.00062
  471    0.01064    0.01062    0.00083
  472    0.00572    0.01003   -0.00118
  473    0.00746    0.01084   -0.00194
  474    0.00602    0.01421   -0.00014
  475    0.00644    0.00873   -0.00003
  476    0.00755    0.00505    0.00115
  477    0.00981    0.00016    0.00183
  478    0.00367    0.00779   -0.00133
  479    0.00429    0.00709   -0.00265
  480    0.00613    0.00500   -0.00268
  481    0.00596    0.00339   -0.00453
  482    0.00588    0.00194   -0.00531
  483    0.00590    0.00225   -0.00428
  484    0.00590    0.00072   -0.00700
  485    0.00587    0.00713    0.00081
  486    0.00646    0.00160    0.00200
  487    0.01396   -0.00410    0.00257
  488    0.01607   -0.01140    0.00417
  489    0.00337    0.00761    0.00108
  490   -0.00307    0.01077   -0.00194
  491   -0.00460    0.00135    0.00119
  492   -0.00786    0.00654   -0.00320
  493   -0.02065    0.01838   -0.01939
  494    0.01839   -0.00087    0.00074
  495    0.02557   -0.00688   -0.00340
  496    0.02580   -0.00772   -0.00505
  497    0.03008   -0.01327   -0.00854
  498    0.02996   -0.00259   -0.00540
  499    0.02134   -0.00279   -0.00324
  500    0.01964   -0.00125   -0.00305
  501    0.01964   -0.00491   -0.00207
  502    0.02009   -0.00507   -0.00327
  503    0.01530    0.00400   -0.00285
  504    0.01382    0.00529   -0.00454
  505    0.01014    0.00675   -0.00412
  506    0.00917    0.00540   -0.00318
  507    0.00863    0.00808   -0.00590
  508    0.01687   -0.00619    0.00165
  509    0.01682   -0.00809    0.00486
  510    0.02427   -0.01497    0.00590
  511    0.02577   -0.01348    0.00725
  512    0.01409   -0.00985    0.00636
  513    0.00986   -0.00629    0.00688
  514    0.01663   -0.01224    0.01023
  515    0.00551   -0.00706    0.00683
  516    0.02729   -0.02168    0.00298
  517    0.03625   -0.03156    0.00123
  518    0.04193   -0.03246   -0.00606
  519    0.05171   -0.04321   -0.01010
  520    0.04397   -0.04402    0.00274
  521    0.04510   -0.05586    0.01584
  522    0.02763   -0.03935    0.01283
  523    0.02365   -0.03396    0.01662
  524    0.02817   -0.03744    0.01141
  525    0.03625   -0.02230   -0.01002
  526    0.03597   -0.01797   -0.01931
  527    0.02573   -0.01279   -0.01509
  528    0.02541   -0.01251   -0.02385
  529    0.03380   -0.01134   -0.02131
  530    0.03786   -0.00984   -0.03312
  531    0.03234   -0.00409   -0.03516
  532    0.02235   -0.00162   -0.02196
  533    0.04243   -0.00183   -0.05944
  534    0.02117   -0.00855   -0.00641
  535    0.01462   -0.00338   -0.00114
  536    0.01820   -0.00534    0.00362
  537    0.01109    0.00191    0.00792
  538    0.01365    0.00004    0.00218
  539    0.00829    0.00256   -0.00042
  540    0.01221    0.00301   -0.00563
  541    0.01039    0.00321    0.00090
  542    0.02644   -0.01181    0.00636
  543    0.03132   -0.01497    0.01797
  544    0.02785    0.00427    0.02854
  545    0.02741    0.01488    0.03327
  546    0.03645   -0.02986    0.00670
  547    0.02353    0.01042    0.03156
  548    0.00763    0.07791    0.04894
  549   -0.00795    0.07141    0.03928
  550   -0.13782    0.30570    0.09974
  551    0.00519    0.02860    0.02511
  552   -0.00739    0.02780    0.02372
  553   -0.00704    0.03525    0.02608
  554   -0.00072    0.04439    0.02679
  555   -0.00331    0.01654    0.01558
  556    0.00579    0.01448    0.01514
  557    0.00565    0.01017    0.00994
  558    0.00019    0.00959    0.00645
  559    0.01006    0.00771    0.00910
  560   -0.01111    0.03486    0.02634
  561   -0.00883    0.03655    0.02811
  562   -0.00702    0.02603    0.02188
  563   -0.00856    0.02131    0.01824
  564   -0.01486    0.03628    0.03403
  565   -0.01465    0.03454    0.03121
  566   -0.01393    0.04023    0.03387
  567   -0.01383    0.05086    0.03976
  568   -0.01202    0.03660    0.03010
  569   -0.00319    0.02841    0.02089
  570   -0.00115    0.02603    0.01579
  571   -0.00231    0.03023    0.01855
  572   -0.00020    0.03807    0.02243
  573    0.00365    0.02394    0.01386
  574    0.00391    0.01668    0.01141
  575    0.00575    0.01794    0.01313
  576   -0.00539    0.02581    0.01869
  577   -0.00725    0.02773    0.02144
  578   -0.00442    0.02797    0.02057
  579   -0.00261    0.02278    0.01530
  580   -0.01153    0.02390    0.02042
  581   -0.01423    0.02515    0.02386
  582   -0.00238    0.03423    0.02593
  583   -0.00151    0.02915    0.02463
  584   -0.00449    0.02310    0.01940
  585   -0.00297    0.01460    0.00929
  586    0.00259    0.04262    0.03814
  587   -0.00426    0.05157    0.04321
  588   -0.00565    0.04290    0.03585
  589   -0.00900    0.02140    0.01984
  590   -0.01047    0.01820    0.01660
  591   -0.00661    0.01464    0.00870
  592   -0.00595    0.01204    0.00341
  593   -0.01503    0.02292    0.02002
  594   -0.01793    0.02082    0.02068
  595   -0.03568    0.01536    0.03228
  596   -0.02183    0.02474    0.01763
  597   -0.04536    0.01139    0.03820
  598   -0.00440    0.01434    0.00733
  599   -0.00129    0.01029    0.00245
  600    0.00338    0.00887   -0.00190
  601    0.00584    0.00896   -0.00292
  602   -0.00054    0.01108    0.00309
  603    0.00172    0.00828    0.00060
  604   -0.00414    0.01374    0.00622
  605    0.00363    0.00663   -0.00415
  606    0.00632    0.00341   -0.00555
  607    0.00686    0.00264   -0.00574
  608    0.00548    0.00210   -0.00623
  609    0.00464    0.00267   -0.00652
  610    0.00459    0.00119   -0.00661
  611    0.00467   -0.00040   -0.00642
  612    0.00396    0.00004   -0.00599
  613    0.00406   -0.00103   -0.00574
  614    0.00366   -0.00054   -0.00476
  615    0.00343   -0.00196   -0.00471
  616    0.00283   -0.00291   -0.00362
  617    0.00893    0.00181   -0.00516
  618    0.00737   -0.00105   -0.00457
  619    0.00663   -0.00361   -0.00454
  620    0.00581   -0.00457   -0.00403
  621    0.00922   -0.00010   -0.00281
  622    0.00822   -0.00111   -0.00237
  623    0.00715   -0.00059   -0.00329
  624    0.00897   -0.00337   -0.00175
  625    0.00705   -0.00194   -0.00298
  626    0.00899   -0.00352   -0.00138
  627    0.00847   -0.00321   -0.00238
  628    0.00596   -0.00423   -0.00478
  629    0.00463   -0.00630   -0.00417
  630    0.00477   -0.00692   -0.00466
  631    0.00536   -0.00623   -0.00590
  632    0.00390   -0.00729   -0.00399
  633    0.00401   -0.00606   -0.00512
  634    0.00338   -0.00605   -0.00501
  635    0.00250   -0.00803   -0.00222
  636    0.00401   -0.00936   -0.00394
  637    0.00435   -0.00934   -0.00434
  638    0.00397   -0.01140   -0.00484
  639    0.00370   -0.01227   -0.00409
  640    0.00435   -0.01080   -0.00321
  641    0.00560   -0.00829   -0.00171
  642    0.00523   -0.00835   -0.00041
  643    0.00727   -0.00662    0.00045
  644    0.00835   -0.00525    0.00130
  645    0.00468   -0.01123   -0.00592
  646    0.00465   -0.01229   -0.00609
  647    0.00481   -0.01431   -0.00400
  648    0.00535   -0.01439   -0.00294
  649    0.00492   -0.01081   -0.00862
  650    0.00443   -0.01194   -0.00883
  651    0.00465   -0.01147   -0.01077
  652    0.00511   -0.01027   -0.01191
  653    0.00382   -0.01381   -0.01111
  654    0.00519   -0.01658   -0.00092
  655    0.00572   -0.01985    0.00271
  656    0.00513   -0.02480    0.00414
  657    0.00670   -0.03144    0.00738
  658    0.00645   -0.02343    0.00566
  659    0.00479   -0.02085    0.00567
  660    0.00593   -0.02325    0.00412
  661    0.00471   -0.02229    0.00334
  662    0.00448   -0.02483    0.00429
  663    0.00460   -0.02329    0.00085
  664    0.00430   -0.01850   -0.00295
  665    0.00366   -0.02033    0.00544
  666    0.00342   -0.02016    0.00817
  667    0.00337   -0.01988    0.00777
  668    0.00301   -0.01767    0.00894
  669    0.00584   -0.02627    0.00255
  670    0.00659   -0.02746   -0.00020
  671    0.00462   -0.02185   -0.00120
  672    0.00425   -0.02136    0.00221
  673    0.00384   -0.01769   -0.00477
  674    0.00304   -0.01603   -0.00428
  675    0.00270   -0.01404   -0.00403
  676    0.00211   -0.01181   -0.00390
  677    0.00279   -0.01638   -0.00223
  678    0.00342   -0.01755   -0.00274
  679    0.00399   -0.01433   -0.00569
  680    0.00278   -0.02013    0.00017
  681    0.00259   -0.01407   -0.00454
  682    0.00218   -0.01316   -0.00337
  683    0.00220   -0.01010   -0.00750
  684    0.00236   -0.00926   -0.00691
  685    0.00253   -0.01453   -0.00152
  686    0.00334   -0.01408   -0.00406
  687    0.00268   -0.01037   -0.00995
  688    0.00383   -0.00890   -0.01118
  689    0.00426   -0.00756   -0.01156
  690    0.00442   -0.00637   -0.01161
  691    0.00510   -0.00835   -0.01255
  692    0.00535   -0.00848   -0.01265
  693    0.00347   -0.00737   -0.01094
  694    0.00345   -0.00603   -0.01084
  695    0.00306   -0.00490   -0.01004
  696    0.00338   -0.00375   -0.01056
  697    0.00241   -0.00590   -0.00827
  698    0.00213   -0.00531   -0.00766
  699    0.00264   -0.00519   -0.00856
  700    0.00241   -0.00411   -0.00875
  701    0.00060   -0.00619   -0.00519
  702    0.00003   -0.00574   -0.00376
  703   -0.00018   -0.00523   -0.00449
  704    0.00301   -0.00622   -0.00868
  705    0.00325   -0.00560   -0.00895
  706    0.00382   -0.00455   -0.01021
  707    0.00397   -0.00385   -0.01017
  708    0.00378   -0.00664   -0.00933
  709    0.00316   -0.00862   -0.00762
  710    0.00473   -0.00574   -0.00877
  711    0.00328   -0.00901   -0.00551
  712    0.00417   -0.00459   -0.01108
  713    0.00467   -0.00382   -0.01176
  714    0.00415   -0.00292   -0.01161
  715    0.00366   -0.00205   -0.01150
  716    0.00365   -0.00289   -0.01140
  717    0.00316   -0.00241   -0.01111
  718    0.00280   -0.00196   -0.01079
  719    0.00294   -0.00173   -0.01094
  720    0.00264   -0.00188   -0.01039
  721    0.00248   -0.00118   -0.01064
  722    0.00281   -0.00130   -0.01111
  723    0.00141   -0.00073   -0.00977
  724    0.00292   -0.00215   -0.01030
  725    0.00292   -0.00204   -0.00933
  726    0.00319   -0.00132   -0.00972
  727    0.00288   -0.00083   -0.00959
  728    0.00305   -0.00258   -0.00814
  729    0.00220   -0.00335   -0.00698
  730    0.00298   -0.00231   -0.00715
  731    0.00140   -0.00493   -0.00498
  732    0.00328   -0.00196   -0.00984
  733    0.00317   -0.00091   -0.00967
  734    0.00268   -0.00020   -0.01017
  735    0.00185    0.00054   -0.00963
  736    0.00370   -0.00114   -0.00947
  737    0.00462   -0.00110   -0.00880
  738    0.00463   -0.00302   -0.00943
  739    0.00495   -0.00093   -0.00809
  740    0.00530   -0.00324   -0.00790
  741    0.00559   -0.00255   -0.00747
  742    0.00274   -0.00076   -0.01094
  743    0.00229   -0.00053   -0.01085
  744    0.00201   -0.00047   -0.01069
  745    0.00173   -0.00043   -0.01074
  746    0.00239   -0.00097   -0.01127
  747    0.00246   -0.00078   -0.01081
  748    0.00261   -0.00118   -0.01079
  749    0.00227   -0.00099   -0.01043
  750    0.00188   -0.00058   -0.01039
  751    0.00294   -0.00179   -0.01029
  752    0.00325   -0.00229   -0.01042
  753    0.00305   -0.00187   -0.01081
  754    0.00247   -0.00067   -0.00998
  755    0.00226   -0.00012   -0.00954
  756    0.00124    0.00077   -0.00950
  757    0.00074    0.00075   -0.00905
  758    0.00260   -0.00020   -0.00849
  759    0.00052    0.00160   -0.00930
  760   -0.00173    0.00233   -0.00880
  761   -0.00270    0.00262   -0.00841
  762   -0.00495    0.00294   -0.00734
  763   -0.00175    0.00293   -0.00810
  764   -0.00107    0.00432   -0.00689
  765   -0.00232    0.00580   -0.00614
  766    0.00117    0.00323   -0.00696
  767   -0.00054    0.00130   -0.00968
  768    0.00041    0.00076   -0.01017
  769    0.00197   -0.00064   -0.01108
  770    0.00225   -0.00158   -0.01102
  771    0.00102    0.00045   -0.01032
  772   -0.00042    0.00060   -0.00904
  773   -0.00165    0.00169   -0.00790
  774   -0.00032    0.00021   -0.00935
  775    0.00170   -0.00040   -0.01100
  776    0.00229   -0.00101   -0.01134
  777    0.00265   -0.00087   -0.01223
  778    0.00313   -0.00122   -0.01276
  779    0.00181   -0.00079   -0.01083
  780    0.00187   -0.00136   -0.01011
  781    0.00178   -0.00133   -0.00919
  782    0.00172   -0.00172   -0.00828
  783    0.00143   -0.00116   -0.00842
  784    0.00180    0.00077   -0.01271
  785    0.00177    0.00109   -0.01370
  786    0.00236   -0.00122   -0.01254
  787    0.00258   -0.00162   -0.01281
  788   -0.00200    0.00330   -0.01223
  789   -0.00261    0.00254   -0.01000
  790   -0.00471    0.00289   -0.00842
  791   -0.00276    0.00255   -0.00882
  792    0.00207   -0.00132   -0.01164
  793    0.00261   -0.00375   -0.01141
  794    0.00389   -0.00450   -0.01174
  795    0.00420   -0.00547   -0.01244
  796    0.00199   -0.00318   -0.01072
  797    0.00074   -0.00166   -0.00985
  798    0.00028   -0.00071   -0.00855
  799   -0.00244    0.00189   -0.00744
  800   -0.00406    0.00309   -0.00661
  801    0.00421   -0.00404   -0.01135
  802    0.00523   -0.00477   -0.01206
  803    0.00568   -0.00483   -0.01238
  804    0.00538   -0.00449   -0.01229
  805    0.00503   -0.00444   -0.01165
  806    0.00427   -0.00397   -0.01233
  807    0.00348   -0.00360   -0.01219
  808    0.00400   -0.00360   -0.01198
  809    0.00652   -0.00574   -0.01271
  810    0.00681   -0.00637   -0.01255
  811    0.00717   -0.00649   -0.01085
  812    0.00629   -0.00563   -0.01055
  813    0.00667   -0.00952   -0.00960
  814    0.00599   -0.01006   -0.00698
  815    0.00426   -0.01268   -0.00768
  816    0.00371   -0.01600   -0.00912
  817    0.00437   -0.00986   -0.00704
  818    0.00416   -0.00654   -0.00787
  819    0.00326   -0.00541   -0.00768
  820    0.00434   -0.00543   -0.00898
  821    0.00284   -0.00355   -0.00852
  822    0.00386   -0.00433   -0.00917
  823    0.00323   -0.00358   -0.00893
  824    0.00308   -0.01048   -0.00797
  825    0.00199   -0.01159   -0.01052
  826   -0.00166   -0.01406   -0.01129
  827   -0.00188   -0.01340   -0.00920
  828    0.00025   -0.00849   -0.00958
  829   -0.00326   -0.00707   -0.00948
  830   -0.00555   -0.00538   -0.00942
  831   -0.00499   -0.00529   -0.00915
  832   -0.00700   -0.00483   -0.00931
  833   -0.00388   -0.01771   -0.01437
  834   -0.00857   -0.02510   -0.01913
  835   -0.01262   -0.02137   -0.01813
  836   -0.01451   -0.02023   -0.01879
  837   -0.01373   -0.03886   -0.02366
  838    0.00192   -0.04625   -0.02673
  839    0.00930   -0.03651   -0.02202
  840    0.00853   -0.08800   -0.04390
  841   -0.01214   -0.02102   -0.01744
  842   -0.01319   -0.01872   -0.01918
  843   -0.00973   -0.01300   -0.01664
  844   -0.01038   -0.01060   -0.01690
  845   -0.00632   -0.01092   -0.01327
  846   -0.00441   -0.00736   -0.01114
  847   -0.00326   -0.00582   -0.00995
  848   -0.00187   -0.00603   -0.00890
  849   -0.00198   -0.00713   -0.00924
  850   -0.00097   -0.00533   -0.00842
  851   -0.00310   -0.00359   -0.00750
  852   -0.00235   -0.00299   -0.00622
  853   -0.00099   -0.00262   -0.00573
  854    0.00010   -0.00288   -0.00471
  855   -0.00378   -0.00146   -0.00272
  856   -0.00291   -0.00227   -0.00009
  857   -0.00504   -0.00359   -0.00277
  858   -0.00110   -0.00234   -0.00591
  859    0.00024   -0.00247   -0.00608
  860    0.00075   -0.00305   -0.00583
  861    0.00101   -0.00301   -0.00535
  862    0.00037   -0.00198   -0.00638
  863    0.00129   -0.00198   -0.00680
  864    0.00146   -0.00213   -0.00634
  865    0.00150   -0.00173   -0.00818
  866    0.00054   -0.00450   -0.00656
  867    0.00081   -0.00515   -0.00603
  868    0.00089   -0.00538   -0.00475
  869    0.00149   -0.00468   -0.00372
  870    0.00074   -0.00760   -0.00652
  871    0.00079   -0.00885   -0.00561
  872   -0.00022   -0.01237   -0.00628
  873   -0.00057   -0.01483   -0.00610
  874   -0.00261   -0.02059   -0.00813
  875    0.00055   -0.00516   -0.00522
  876    0.00116   -0.00530   -0.00425
  877    0.00196   -0.00421   -0.00337
  878    0.00206   -0.00337   -0.00223
  879    0.00092   -0.00492   -0.00492
  880    0.00114   -0.00483   -0.00478
  881    0.00010   -0.00615   -0.00565
  882    0.00010   -0.00626   -0.00449
  883   -0.00260   -0.00761   -0.00888
  884    0.00184   -0.00356   -0.00293
  885    0.00223   -0.00303   -0.00179
  886    0.00257   -0.00289   -0.00207
  887    0.00273   -0.00267   -0.00127
  888    0.00148   -0.00317   -0.00148
  889    0.00105   -0.00361   -0.00025
  890    0.00019   -0.00537    0.00193
  891    0.00151   -0.00393   -0.00147
  892    0.00023   -0.00670    0.00192
  893    0.00168   -0.00460   -0.00172
  894    0.00108   -0.00667    0.00016
  895    0.00241   -0.00275   -0.00394
  896    0.00252   -0.00246   -0.00458
  897    0.00236   -0.00244   -0.00375
  898    0.00229   -0.00237   -0.00381
  899    0.00205   -0.00235   -0.00544
  900    0.00182   -0.00218   -0.00594
  901    0.00189   -0.00177   -0.00749
  902    0.00258   -0.00148   -0.00629
  903    0.00240   -0.00263   -0.00378
  904    0.00217   -0.00234   -0.00262
  905    0.00233   -0.00155   -0.00136
  906    0.00215   -0.00104   -0.00114
  907    0.00194   -0.00266   -0.00250
  908    0.00127   -0.00145   -0.00155
  909    0.00295   -0.00190   -0.00091
  910    0.00333   -0.00212    0.00008
  911    0.00339   -0.00253    0.00020
  912    0.00339   -0.00308    0.00060
  913    0.00418   -0.00335    0.00113
  914    0.00449   -0.00310    0.00132
  915    0.00463   -0.00404    0.00185
  916    0.00454   -0.00453    0.00230
  917    0.00578   -0.00393    0.00205
  918    0.00306   -0.00267   -0.00080
  919    0.00257   -0.00364   -0.00105
  920    0.00250   -0.00359   -0.00263
  921    0.00236   -0.00370   -0.00295
  922    0.00227   -0.00405   -0.00098
  923    0.00240   -0.00318   -0.00221
  924    0.00204   -0.00524    0.00087
  925    0.00266   -0.00296   -0.00331
  926    0.00239   -0.00180   -0.00485
  927    0.00248   -0.00216   -0.00544
  928    0.00152    0.00303   -0.00625
  929    0.00293   -0.00226   -0.00476
  930    0.00155    0.00171   -0.00666
  931    0.00256    0.00013   -0.00642
  932    0.00273   -0.00044   -0.00556
  933    0.00015    0.00486   -0.00948
  934    0.00245   -0.00268   -0.00458
  935    0.00248   -0.00382   -0.00540
  936    0.00262   -0.00626   -0.00542
  937    0.00280   -0.00851   -0.00673
  938    0.00296   -0.00587   -0.00468
  939    0.00287   -0.00667   -0.00398
  940    0.00271   -0.01062   -0.00369
  941    0.00228   -0.00985   -0.00457
  942    0.00256   -0.00572   -0.00548
  943    0.00229   -0.01012   -0.00151
  944    0.00238   -0.00961    0.00027
  945    0.00272   -0.00916    0.00236
  946    0.00367   -0.00931    0.00547
  947    0.00251   -0.01512   -0.00517
  948    0.00262   -0.01580   -0.00586
  949    0.00232   -0.01508   -0.00433
  950    0.00168   -0.01463   -0.00287
  951    0.00286   -0.02149   -0.00680
  952    0.00163   -0.02263   -0.00413
  953    0.00283   -0.01362   -0.00466
  954    0.00291   -0.01271   -0.00399
  955    0.00218   -0.01553   -0.00266
  956    0.00226   -0.01468   -0.00156
  957    0.00470   -0.01154   -0.00355
  958    0.00590   -0.01075   -0.00304
  959    0.00457   -0.01313   -0.00463
  960    0.00111   -0.01877   -0.00221
  961    0.00110   -0.02063   -0.00070
  962    0.00068   -0.01992    0.00110
  963    0.00144   -0.02121    0.00270
  964   -0.00012   -0.02470   -0.00128
  965   -0.00115   -0.02524   -0.00253
  966    0.00031   -0.02074   -0.00357
  967   -0.00018   -0.01974   -0.00295
  968    0.00151   -0.01883   -0.00389
  969    0.00051   -0.01942    0.00074
  970    0.00043   -0.01789    0.00294
  971    0.00074   -0.01508    0.00296
  972    0.00071   -0.01488    0.00516
  973    0.00063   -0.01728    0.00199
  974    0.00073   -0.02073    0.00290
  975    0.00008   -0.02381    0.00340
  976    0.00123   -0.02073    0.00341
  977    0.00085   -0.01336    0.00097
  978    0.00108   -0.01124    0.00086
  979    0.00107   -0.01201    0.00194
  980    0.00111   -0.01184    0.00216
  981    0.00143   -0.00938   -0.00154
  982    0.00184   -0.00744   -0.00234
  983    0.00319   -0.00630   -0.00398
  984    0.00332   -0.00447   -0.00453
  985    0.00450    0.00020   -0.00506
  986    0.00691    0.00127   -0.00556
  987    0.00437    0.00246   -0.00576
  988    0.00148   -0.01436    0.00158
  989    0.00232   -0.01676    0.00186
  990    0.00202   -0.01816    0.00549
  991    0.00219   -0.01830    0.00691
  992    0.00281   -0.01746    0.00136
  993    0.00187   -0.01918    0.00708
  994    0.00275   -0.02160    0.01167
  995    0.00228   -0.01929    0.01309
  996    0.00312   -0.02053    0.01689
  997    0.00402   -0.02439    0.01429
  998    0.00646   -0.03065    0.01628
  999    0.00744   -0.03317    0.01990
 1000    0.01436   -0.04483    0.03092
 1001    0.01660   -0.05462    0.02953
 1002    0.00080   -0.01597    0.01048
 1003    0.00008   -0.01345    0.01123
 1004   -0.00035   -0.01312    0.01053
 1005   -0.00095   -0.01301    0.01342
 1006   -0.00001   -0.01056    0.00802
 1007    0.00120   -0.01078    0.00772
 1008    0.00009   -0.01339    0.00823
 1009    0.00011   -0.01376    0.00772
 1010    0.00065   -0.01640    0.01011
 1011   -0.00017   -0.01541    0.01104
 1012    0.00097   -0.01280    0.00407
 1013    0.00080   -0.01245    0.00297
 1014    0.00002   -0.01050    0.00249
 1015    0.00158   -0.01355    0.00286
 1016   -0.00050   -0.01039    0.00132
 1017    0.00129   -0.01278    0.00210
 1018    0.00035   -0.01105    0.00100
 1019    0.00162   -0.01881    0.01077
 1020    0.00259   -0.02115    0.01382
 1021    0.00313   -0.02051    0.01744
 1022    0.00319   -0.02123    0.01913
 1023    0.00384   -0.02416    0.01492
 1024    0.00411   -0.02375    0.01166
 1025    0.00521   -0.02774    0.01303
 1026    0.00521   -0.02691    0.01168
 1027    0.00586   -0.03211    0.01632
 1028    0.00165   -0.01901    0.01915
 1029    0.00170   -0.01809    0.02364
 1030   -0.00019   -0.01553    0.02199
 1031   -0.00105   -0.01439    0.02587
 1032    0.00179   -0.01911    0.02713
 1033    0.00611   -0.02338    0.03122
 1034    0.00932   -0.02235    0.04047
 1035    0.01519   -0.02845    0.04317
 1036    0.01554   -0.03005    0.05007
 1037   -0.00114   -0.01482    0.01795
 1038   -0.00301   -0.01197    0.01653
 1039   -0.00358   -0.01239    0.01555
 1040   -0.00299   -0.01238    0.01299
 1041   -0.00320   -0.01065    0.01090
 1042   -0.00367   -0.00839    0.01031
 1043   -0.00482   -0.00831    0.00999
 1044   -0.00247   -0.00785    0.00798
 1045   -0.00397   -0.01209    0.01894
 1046   -0.00451   -0.01209    0.01861
 1047   -0.00693   -0.01051    0.01591
 1048   -0.00712   -0.01029    0.01415
 1049   -0.00376   -0.01386    0.02491
 1050    0.00153   -0.01518    0.03336
 1051    0.00266   -0.01949    0.03062
 1052    0.00090   -0.01901    0.02419
 1053    0.01634   -0.02560    0.04520
 1054   -0.00836   -0.00989    0.01689
 1055   -0.00986   -0.00893    0.01512
 1056   -0.00807   -0.00750    0.01033
 1057   -0.00826   -0.00649    0.01000
 1058   -0.00937   -0.00933    0.01382
 1059   -0.00644   -0.00679    0.00820
 1060   -0.00515   -0.00564    0.00474
 1061   -0.00507   -0.00743    0.00540
 1062   -0.00523   -0.00638    0.00414
 1063   -0.00452   -0.00570    0.00344
 1064   -0.00383   -0.00367    0.00150
 1065   -0.00319   -0.00601    0.00063
 1066   -0.00256   -0.00411    0.00033
 1067   -0.00467   -0.00968    0.00823
 1068   -0.00385   -0.01087    0.00896
 1069   -0.00477   -0.00995    0.00981
 1070   -0.00458   -0.00923    0.00975
 1071   -0.00250   -0.01384    0.01153
 1072   -0.00122   -0.01440    0.01086
 1073    0.00050   -0.01676    0.01423
 1074    0.00116   -0.01821    0.01556
 1075    0.00082   -0.01794    0.01403
 1076   -0.00594   -0.00854    0.01194
 1077   -0.00732   -0.00757    0.01316
 1078   -0.00789   -0.00559    0.01020
 1079   -0.00813   -0.00465    0.01056
 1080   -0.00819   -0.00668    0.01608
 1081   -0.00755   -0.00544    0.00841
 1082   -0.00724   -0.00358    0.00673
 1083   -0.00620   -0.00325    0.00469
 1084   -0.00604   -0.00166    0.00384
 1085   -0.00664   -0.00355    0.00458
 1086   -0.00516   -0.00431    0.00413
 1087   -0.00386   -0.00417    0.00254
 1088   -0.00457   -0.00419    0.00453
 1089   -0.00431   -0.00337    0.00342
 1090   -0.00280   -0.00595    0.00241
 1091   -0.00185   -0.00648    0.00103
 1092   -0.00054   -0.00607   -0.00196
 1093   -0.00172   -0.00755    0.00224
 1094    0.00035   -0.00690   -0.00244
 1095   -0.00042   -0.00792   -0.00011
 1096   -0.00536   -0.00537    0.00725
 1097   -0.00618   -0.00566    0.00897
 1098   -0.00683   -0.00299    0.00976
 1099   -0.00718   -0.00206    0.00998
 1100   -0.00664   -0.00792    0.01121
 1101   -0.00592   -0.00977    0.01065
 1102   -0.00663   -0.01175    0.01429
 1103   -0.00462   -0.00937    0.00840
 1104   -0.00717   -0.00198    0.01006
 1105   -0.00794    0.00010    0.01119
 1106   -0.00729    0.00191    0.00936
 1107   -0.00789    0.00352    0.01070
 1108   -0.00853    0.00083    0.01184
 1109   -0.00628    0.00178    0.00656
 1110   -0.00555    0.00300    0.00455
 1111   -0.00489    0.00205    0.00364
 1112   -0.00435    0.00335    0.00314
 1113   -0.00474    0.00312    0.00172
 1114   -0.00406    0.00507    0.00033
 1115   -0.00537    0.00334    0.00262
 1116   -0.00489   -0.00032    0.00402
 1117   -0.00436   -0.00186    0.00315
 1118   -0.00467   -0.00120    0.00439
 1119   -0.00310   -0.00053    0.00351
 1120   -0.00437   -0.00454    0.00337
 1121   -0.00543   -0.00078    0.00729
 1122   -0.00434   -0.00053    0.00978
 1123   -0.00499    0.00141    0.01129
 1124   -0.00560    0.00095    0.01362
 1125   -0.00504   -0.00287    0.01355
 1126   -0.00634   -0.00211    0.01828
 1127   -0.00897    0.00016    0.01576
 1128   -0.00919    0.00295    0.01571
 1129   -0.00920   -0.00151    0.01517
 1130   -0.00511    0.00352    0.01083
 1131   -0.00539    0.00656    0.01092
 1132   -0.00499    0.00667    0.00787
 1133   -0.00523    0.00908    0.00758
 1134   -0.00621    0.00767    0.00969
 1135   -0.00760    0.01078    0.01005
 1136   -0.00678    0.01255    0.00741
 1137   -0.00536    0.01140    0.00498
 1138   -0.00740    0.01579    0.00782
 1139   -0.00343    0.00479    0.00579
 1140   -0.00260    0.00474    0.00324
 1141   -0.00343    0.00397    0.00550
 1142   -0.00389    0.00523    0.00610
 1143   -0.00319    0.00174    0.00566
 1144   -0.00484   -0.00048    0.00776
 1145   -0.00665   -0.00313    0.01215
 1146   -0.00271   -0.00189    0.00796
 1147   -0.00453   -0.00182    0.00680
 1148   -0.00214   -0.00129    0.00303
 1149   -0.00174   -0.00314    0.00263
 1150   -0.00210   -0.00462    0.00491
 1151   -0.00110   -0.00257   -0.00032
 1152   -0.00903   -0.00515    0.01508
 1153   -0.00773   -0.00521    0.01464
 1154   -0.00407   -0.00831    0.01053
 1155    0.00446   -0.01825    0.00487
 1156    0.06686   -0.02584   -0.05918
 1157   -0.00564   -0.00704    0.01005
 1158   -0.00718   -0.00852    0.00995
 1159   -0.00392   -0.00958    0.00858
 1160   -0.00154   -0.00831    0.00763
 1161   -0.00839   -0.00711    0.00908
 1162   -0.00945   -0.00657    0.00975
 1163   -0.01413   -0.00969    0.01213
 1164   -0.01051   -0.00751    0.01038
 1165   -0.00675   -0.00379    0.00664
 1166   -0.00430   -0.00264    0.00431
 1167   -0.00257   -0.00003    0.00115
 1168   -0.00472   -0.01211    0.00856
 1169   -0.00289   -0.01367    0.00809
 1170   -0.00405   -0.00445    0.01215
 1171   -0.00416   -0.00262    0.01439
 1172   -0.00504   -0.03130    0.00422
 1173   -0.00519   -0.00424    0.01108
 1174   -0.00344   -0.00319    0.01378
 1175   -0.00117   -0.00330    0.01492
 1176   -0.00253   -0.00120    0.01698
 1177    0.00059   -0.00466    0.01204
 1178    0.00214   -0.00497    0.01215
 1179    0.00347   -0.00565    0.01556
 1180   -0.00039   -0.00447    0.00806
 1181   -0.00257   -0.00144    0.01087
 1182   -0.00147   -0.00245    0.01205
 1183   -0.00414   -0.00096    0.00990
 1184   -0.00431   -0.00102    0.00706
 1185    0.00009   -0.00503    0.01296
 1186   -0.00524   -0.00047    0.01174
 1187   -0.01016    0.00198    0.00831
 1188   -0.00625   -0.00228    0.00869
 1189   -0.00513   -0.00426    0.00526
 1190   -0.01830    0.00883    0.01178
 1191   -0.03296    0.01914    0.00661
 1192   -0.02635    0.01343    0.00801
 1193   -0.02957    0.01705    0.01777
 1194   -0.02134    0.00967    0.01257
 1195   -0.00520   -0.00229    0.01364
 1196   -0.00250   -0.00210    0.01235
 1197    0.00139   -0.00424    0.00620
 1198    0.00335   -0.00549    0.00680
 1199   -0.00156   -0.00199    0.01819
 1200   -0.00124   -0.00082    0.01262
 1201   -0.00680    0.00049    0.02570
 1202   -0.00019   -0.00230   -0.00018
 1203    0.00211   -0.00393   -0.00419
 1204    0.00380   -0.00239   -0.00722
 1205    0.00147    0.00020   -0.00693
 1206   -0.00001   -0.00486   -0.00471
 1207   -0.00054   -0.00696   -0.00294
 1208    0.00193   -0.00786   -0.00533
 1209   -0.00425   -0.00762    0.00033
 1210    0.00693   -0.00383   -0.00902
 1211    0.00688   -0.00335   -0.00952
 1212    0.00791   -0.00486   -0.01156
 1213    0.00739   -0.00561   -0.01180
 1214    0.00848   -0.00376   -0.00714
 1215    0.00754   -0.00395   -0.00401
 1216    0.00687   -0.00395   -0.00172
 1217    0.00854   -0.00459   -0.00149
 1218    0.00585   -0.00439    0.00349
 1219    0.00838   -0.00598    0.00603
 1220    0.00699   -0.00558    0.00595
 1221    0.00734   -0.00288   -0.01132
 1222    0.00734   -0.00393   -0.01211
 1223    0.00760   -0.00332   -0.01122
 1224    0.00779   -0.00373   -0.01016
 1225    0.00590   -0.00128   -0.01197
 1226    0.00630   -0.00215   -0.01209
 1227    0.00616   -0.00546   -0.01283
 1228    0.00615   -0.00185   -0.01132
 1229    0.00636   -0.00537   -0.01229
 1230    0.00669   -0.00316   -0.01129
 1231    0.00741   -0.00510   -0.01180
 1232    0.00754   -0.00453   -0.01163
 1233    0.00725   -0.00410   -0.01161
 1234    0.00703   -0.00400   -0.01138
 1235    0.00694   -0.00535   -0.01187
 1236    0.00628   -0.00497   -0.01116
 1237    0.00603   -0.00589   -0.01137
 1238    0.00637   -0.00365   -0.01012
 1239    0.00604   -0.00534   -0.01060
 1240    0.00632   -0.00318   -0.01023
 1241    0.00630   -0.00350   -0.00969
 1242    0.00685   -0.00349   -0.01111
 1243    0.00623   -0.00298   -0.01071
 1244    0.00514   -0.00276   -0.01046
 1245    0.00507   -0.00275   -0.01038
 1246    0.00582   -0.00273   -0.01044
 1247    0.00510   -0.00160   -0.00970
 1248    0.00614   -0.00269   -0.01004
 1249    0.00417   -0.00075   -0.00915
 1250    0.00450   -0.00196   -0.01030
 1251    0.00368   -0.00117   -0.01004
 1252    0.00220   -0.00020   -0.00944
 1253    0.00224    0.00043   -0.00853
 1254    0.00359   -0.00135   -0.01023
 1255    0.00242   -0.00068   -0.01009
 1256    0.00271   -0.00109   -0.01043
 1257    0.00217   -0.00025   -0.00977
 1258    0.00090    0.00021   -0.00937
 1259   -0.00172    0.00141   -0.00841
 1260   -0.00309    0.00184   -0.00779
 1261   -0.00230    0.00146   -0.00860
 1262   -0.00295    0.00189   -0.00852
 1263   -0.00198    0.00151   -0.00849
 1264   -0.00074    0.00063   -0.00918
 1265   -0.00269    0.00181   -0.00811
 1266    0.00019    0.00074   -0.00874
 1267   -0.00200    0.00166   -0.00847
 1268   -0.00086    0.00097   -0.00869
 1269   -0.00451    0.00264   -0.00661
 1270   -0.00553    0.00314   -0.00553
 1271   -0.00807    0.00568   -0.00355
 1272   -0.00841    0.00685   -0.00251
 1273   -0.00294    0.00236   -0.00647
 1274   -0.00294    0.00218   -0.00676
 1275   -0.00143    0.00142   -0.00792
 1276   -0.00496    0.00367   -0.00533
 1277   -0.01036    0.00638   -0.00262
 1278   -0.01355    0.00858   -0.00075
 1279   -0.01469    0.00994    0.00009
 1280   -0.01434    0.00892   -0.00117
 1281   -0.01642    0.00914    0.00022
 1282   -0.02115    0.01083    0.00099
 1283   -0.02185    0.01292    0.00268
 1284   -0.02133    0.00977    0.00102
 1285   -0.01606    0.01174    0.00157
 1286   -0.01573    0.01354    0.00240
 1287   -0.01823    0.01599    0.00674
 1288   -0.01823    0.01651    0.00887
 1289   -0.01200    0.01255    0.00287
 1290   -0.01280    0.01439    0.00483
 1291   -0.00916    0.00930   -0.00077
 1292   -0.02084    0.01808    0.00787
 1293   -0.02331    0.02038    0.01340
 1294   -0.02393    0.02117    0.01107
 1295   -0.02636    0.02311    0.01645
 1296   -0.02290    0.01995    0.01932
 1297   -0.02678    0.02156    0.02673
 1298   -0.03220    0.02173    0.03061
 1299   -0.02434    0.02348    0.02962
 1300   -0.02517    0.02062    0.00850
 1301   -0.02673    0.01997    0.00741
 1302   -0.02536    0.01785    0.00646
 1303   -0.02659    0.01745    0.00606
 1304   -0.02223    0.01730    0.00610
 1305   -0.02115    0.01557    0.00554
 1306   -0.01819    0.01313    0.00270
 1307   -0.01670    0.01190    0.00246
 1308   -0.01961    0.01746    0.00856
 1309   -0.02184    0.02052    0.01174
 1310   -0.02262    0.02016    0.01092
 1311   -0.02383    0.02308    0.01542
 1312   -0.02537    0.02341    0.01470
 1313   -0.02582    0.02538    0.01765
 1314   -0.01620    0.01132    0.00098
 1315   -0.01427    0.00868   -0.00096
 1316   -0.01087    0.00826   -0.00099
 1317   -0.01055    0.00894   -0.00029
 1318   -0.01384    0.00666   -0.00255
 1319   -0.01129    0.00470   -0.00453
 1320   -0.01111    0.00438   -0.00481
 1321   -0.01143    0.00384   -0.00575
 1322   -0.00870    0.00763   -0.00148
 1323   -0.00583    0.00712   -0.00161
 1324   -0.00346    0.00461   -0.00409
 1325   -0.00311    0.00356   -0.00528
 1326   -0.00462    0.00704   -0.00014
 1327   -0.00600    0.01045    0.00292
 1328   -0.00450    0.01037    0.00411
 1329   -0.00991    0.01293    0.00495
 1330   -0.00582    0.01385    0.00753
 1331   -0.01149    0.01515    0.00830
 1332   -0.00923    0.01636    0.00995
 1333   -0.01078    0.01886    0.01365
 1334   -0.00176    0.00377   -0.00473
 1335    0.00044    0.00171   -0.00609
 1336    0.00284    0.00187   -0.00555
 1337    0.00392    0.00211   -0.00423
 1338    0.00034    0.00201   -0.00620
 1339    0.00219    0.00122   -0.00717
 1340    0.00219    0.00151   -0.00698
 1341    0.00359    0.00166   -0.00624
 1342    0.00049    0.00229   -0.00618
 1343    0.00348    0.00095   -0.00689
 1344    0.00476    0.00047   -0.00664
 1345    0.00575   -0.00050   -0.00752
 1346    0.00550   -0.00173   -0.00876
 1347    0.00422    0.00063   -0.00701
 1348    0.00323    0.00200   -0.00593
 1349    0.00244    0.00157   -0.00672
 1350    0.00396    0.00283   -0.00387
 1351    0.00644   -0.00123   -0.00686
 1352    0.00714   -0.00266   -0.00787
 1353    0.00751   -0.00342   -0.00696
 1354    0.00802   -0.00298   -0.00567
 1355    0.00737   -0.00133   -0.00793
 1356    0.00741   -0.00212   -0.00897
 1357    0.00691   -0.00063   -0.00914
 1358    0.00713   -0.00298   -0.00968
 1359    0.00691   -0.00437   -0.00799
 1360    0.00690   -0.00615   -0.00779
 1361    0.00764   -0.00723   -0.00760
 1362    0.00721   -0.00809   -0.00668
 1363    0.00809   -0.00511   -0.00786
 1364    0.00827   -0.00426   -0.00750
 1365    0.00936   -0.00175   -0.00513
 1366    0.00960   -0.00012   -0.00433
 1367    0.00804   -0.00252   -0.00894
 1368    0.00715   -0.00586   -0.01041
 1369    0.00622   -0.00316   -0.01142
 1370    0.00678   -0.00041   -0.01035
 1371    0.00601    0.01003   -0.01128
 1372    0.00487    0.00870   -0.00941
 1373    0.00565    0.01407   -0.01203
 1374    0.00990   -0.00178   -0.00435
 1375    0.01110   -0.00099   -0.00116
 1376    0.01104   -0.00110    0.00063
 1377    0.01009   -0.00246   -0.00069
 1378    0.01045   -0.00066   -0.00162
 1379    0.00928    0.00063   -0.00310
 1380    0.00868    0.00104   -0.00152
 1381    0.01045    0.00011    0.00123
 1382    0.01271   -0.00006    0.00260
 1383    0.01525   -0.00025    0.00464
 1384    0.01411   -0.00141    0.00541
 1385    0.01341   -0.00221    0.00620
 1386    0.01909   -0.00091    0.00765
 1387    0.01448   -0.00133    0.00743
 1388    0.01317   -0.00015    0.00345
 1389    0.01395   -0.00054    0.00537
 1390    0.01285    0.00038    0.00590
 1391    0.01034    0.00125    0.00446
 1392    0.00981    0.00065    0.00280
 1393    0.01597    0.00343    0.01112
 1394    0.01958    0.00402    0.01208
 1395    0.01688    0.00398    0.00985
 1396    0.02275    0.00439    0.01546
 1397    0.01784    0.00241    0.01050
 1398    0.02616    0.00239    0.01741
 1399    0.02194    0.00090    0.01376
 1400    0.00930    0.00309    0.00402
 1401    0.00726    0.00484    0.00288
 1402    0.00631    0.00582    0.00284
 1403    0.00697    0.00643    0.00583
 1404    0.00549    0.00596    0.00307
 1405    0.00788    0.00569    0.00373
 1406    0.01007    0.00489    0.00557
 1407    0.00462    0.00400    0.00069
 1408    0.00331    0.00367    0.00061
 1409   -0.00078    0.00600    0.00096
 1410   -0.00214    0.00589   -0.00105
 1411    0.00402    0.00268   -0.00182
 1412    0.00342    0.00369   -0.00332
 1413    0.00693    0.00149   -0.00147
 1414   -0.00253    0.00820    0.00300
 1415   -0.00763    0.00975    0.00388
 1416   -0.00968    0.00955    0.00179
 1417   -0.01002    0.00986    0.00082
 1418   -0.01036    0.01205    0.00896
 1419   -0.01319    0.01585    0.00893
 1420   -0.01507    0.01474    0.00737
 1421   -0.01633    0.01889    0.01551
 1422   -0.01090    0.00860    0.00015
 1423   -0.01094    0.00738   -0.00276
 1424   -0.01459    0.00885   -0.00205
 1425   -0.01553    0.00807   -0.00337
 1426   -0.00946    0.00535   -0.00519
 1427   -0.00699    0.00446   -0.00579
 1428   -0.00572    0.00383   -0.00734
 1429   -0.00503    0.00361   -0.00572
 1430   -0.00323    0.00370   -0.00691
 1431   -0.00282    0.00319   -0.00588
 1432   -0.01938    0.01171    0.00153
 1433   -0.02302    0.01348    0.00194
 1434   -0.02281    0.01373    0.00188
 1435   -0.02065    0.01335    0.00228
 1436   -0.02726    0.01552    0.00176
 1437   -0.02885    0.01636    0.00243
 1438   -0.02589    0.01443    0.00105
 1439   -0.02499    0.01354   -0.00029
 1440   -0.03435    0.01963    0.00291
 1441   -0.02458    0.01452    0.00222
 1442   -0.02423    0.01233    0.00123
 1443   -0.02573    0.01293    0.00234
 1444   -0.02573    0.01408    0.00308
 1445   -0.02007    0.00995   -0.00020
 1446   -0.01896    0.00779   -0.00112
 1447   -0.02545    0.01216    0.00280
 1448   -0.02852    0.01225    0.00255
 1449   -0.02539    0.01083    0.00188
 1450   -0.02140    0.00897    0.00052
 1451   -0.03220    0.01274    0.00300
 1452   -0.03559    0.01298    0.00348
 1453   -0.02727    0.01089    0.00210
 1454   -0.02356    0.01016    0.00105
 1455   -0.02148    0.00808   -0.00060
 1456   -0.01833    0.00522   -0.00245
 1457   -0.02341    0.01133    0.00175
 1458   -0.02334    0.01182    0.00330
 1459   -0.01776    0.00973    0.00070
 1460   -0.01539    0.00838   -0.00036
 1461   -0.01566    0.00801   -0.00000
 1462   -0.02542    0.00921   -0.00044
 1463   -0.02845    0.00537   -0.00230
 1464   -0.02828    0.00469   -0.00352
 1465   -0.02545    0.00316   -0.00559
 1466   -0.03553    0.00620   -0.00230
 1467   -0.04212    0.01018   -0.00177
 1468   -0.03354    0.01243   -0.00101
 1469   -0.07283    0.01371    0.00006
 1470   -0.02643    0.00725   -0.00228
 1471   -0.02525    0.00711   -0.00443
 1472   -0.02048    0.00646   -0.00458
 1473   -0.01801    0.00661   -0.00597
 1474   -0.02444    0.00819   -0.00350
 1475   -0.02365    0.00917   -0.00042
 1476   -0.02900    0.00826   -0.00152
 1477   -0.02007    0.00432   -0.00416
 1478   -0.01637    0.00411   -0.00466
 1479   -0.01394    0.00288   -0.00746
 1480   -0.01272    0.00273   -0.00720
 1481   -0.01451    0.00379   -0.00442
 1482   -0.01239    0.00437   -0.00439
 1483   -0.01297    0.00508   -0.00383
 1484   -0.01031    0.00483   -0.00433
 1485   -0.01223    0.00166   -0.00979
 1486   -0.00872    0.00198   -0.01120
 1487   -0.00777    0.00467   -0.01096
 1488   -0.00698    0.00412   -0.00999
 1489   -0.00425    0.00196   -0.00993
 1490   -0.00181   -0.00096   -0.00917
 1491    0.00044   -0.00162   -0.00771
 1492   -0.00031    0.00177   -0.00723
 1493   -0.00772    0.00677   -0.01323
 1494   -0.00613    0.00949   -0.01348
 1495   -0.00809    0.00713   -0.01252
 1496   -0.00652    0.00755   -0.01334
 1497   -0.00482    0.01293   -0.01670
 1498   -0.00311    0.01287   -0.01815
 1499   -0.00053    0.01732   -0.02428
 1500    0.00031    0.02190   -0.02334
 1501    0.00266    0.04086   -0.06577
 1502   -0.01196    0.00548   -0.01075
 1503   -0.01289    0.00536   -0.00939
 1504   -0.01096    0.00404   -0.00867
 1505   -0.01045    0.00394   -0.00891
 1506   -0.01578    0.00555   -0.00595
 1507   -0.01758    0.00804   -0.00530
 1508   -0.01867    0.00979   -0.00323
 1509   -0.01722    0.00788   -0.00660
 1510   -0.00997    0.00344   -0.00876
 1511   -0.00759    0.00254   -0.00818
 1512   -0.00656    0.00230   -0.00863
 1513   -0.00532    0.00204   -0.00794
 1514   -0.00733    0.00211   -0.00818
 1515   -0.00663    0.00304   -0.00883
 1516   -0.00682    0.00392   -0.00742
 1517   -0.00663    0.00393   -0.00757
 1518   -0.00585    0.00295   -0.00540
 1519   -0.00638    0.00644   -0.00804
 1520   -0.00686    0.00446   -0.00970
 1521   -0.00737    0.00423   -0.01065
 1522   -0.00688    0.00338   -0.00934
 1523   -0.00724    0.00306   -0.00867
 1524   -0.00737    0.00539   -0.01252
 1525   -0.00834    0.00486   -0.01416
 1526   -0.01012    0.00580   -0.01526
 1527   -0.01028    0.00401   -0.01887
 1528   -0.00947    0.00426   -0.02464
 1529   -0.00666    0.00314   -0.00887
 1530   -0.00614    0.00236   -0.00820
 1531   -0.00515    0.00157   -0.00633
 1532   -0.00476    0.00149   -0.00540
 1533   -0.00566    0.00265   -0.00796
 1534   -0.00458    0.00190   -0.00727
 1535   -0.00737    0.00269   -0.00854
 1536   -0.00427    0.00138   -0.00577
 1537   -0.00277    0.00042   -0.00361
 1538   -0.00385   -0.00028   -0.00145
 1539   -0.00308   -0.00143    0.00088
 1540   -0.00271    0.00084   -0.00269
 1541   -0.00076    0.00094   -0.00559
 1542   -0.00555    0.00024   -0.00175
 1543   -0.00637   -0.00059    0.00017
 1544   -0.00759   -0.00005   -0.00015
 1545   -0.00831   -0.00112    0.00241
 1546   -0.00764    0.00127   -0.00160
 1547   -0.00699    0.00324   -0.00174
 1548   -0.00741    0.00439   -0.00299
 1549   -0.00801    0.00492   -0.00710
 1550   -0.00711    0.00663   -0.00969
 1551   -0.00664    0.00783   -0.01004
 1552   -0.00787    0.00630   -0.01405
 1553   -0.00823    0.00064   -0.00253
 1554   -0.01023    0.00087   -0.00297
 1555   -0.00935    0.00018   -0.00158
 1556   -0.01172    0.00022    0.00059
 1557   -0.01008    0.00198   -0.00474
 1558   -0.01027    0.00239   -0.00639
 1559   -0.00974    0.00341   -0.00694
 1560   -0.00755    0.00349   -0.00622
 1561   -0.01090    0.00430   -0.00802
 1562   -0.00606   -0.00013   -0.00185
 1563   -0.00440   -0.00041   -0.00102
 1564   -0.00540   -0.00218    0.00333
 1565   -0.00753   -0.00209    0.00547
 1566   -0.00145   -0.00056   -0.00205
 1567   -0.00090    0.00073   -0.00427
 1568   -0.00166    0.00143   -0.00531
 1569    0.00010    0.00140   -0.00483
 1570   -0.00039    0.00200   -0.00560
 1571    0.00108    0.00207   -0.00534
 1572    0.00137    0.00203   -0.00550
 1573   -0.00455   -0.00378    0.00550
 1574   -0.00420   -0.00544    0.01099
 1575   -0.00858   -0.00483    0.01326
 1576   -0.01105   -0.00661    0.01768
 1577   -0.00238   -0.00534    0.01272
 1578    0.00064   -0.00622    0.01143
 1579   -0.00018   -0.00465    0.02114
 1580   -0.01136   -0.00331    0.00976
 1581   -0.01658   -0.00357    0.01194
 1582   -0.02320   -0.00328    0.01379
 1583   -0.02983   -0.00403    0.01726
 1584   -0.01806   -0.00281    0.00841
 1585   -0.01560   -0.00216    0.00872
 1586   -0.01861   -0.00188    0.00428
 1587   -0.02429   -0.00234    0.00483
 1588   -0.01518   -0.00044    0.00164
 1589   -0.01799   -0.00186    0.01032
 1590   -0.01858    0.00026    0.01125
 1591   -0.02297   -0.00115    0.01395
 1592   -0.02696    0.00015    0.01694
 1593   -0.01467    0.00400    0.00724
 1594   -0.01461    0.00446    0.00544
 1595   -0.00792    0.00632    0.00698
 1596   -0.00496    0.00723    0.00358
 1597   -0.00462    0.00589   -0.00001
 1598   -0.00735    0.00559   -0.00218
 1599   -0.00366    0.00622   -0.00295
 1600   -0.02207   -0.00223    0.01519
 1601   -0.02176   -0.00382    0.01839
 1602   -0.02215   -0.00640    0.02520
 1603   -0.01611   -0.00669    0.02621
 1604   -0.01774   -0.00303    0.01477
 1605   -0.01597    0.00039    0.00995
 1606   -0.01684    0.00419    0.01105
 1607   -0.01232    0.00717    0.00890
 1608   -0.02096    0.00364    0.01458
 1609   -0.02651   -0.00797    0.02910
 1610   -0.02578   -0.00797    0.03941
 1611   -0.02227   -0.00438    0.05521
 1612   -0.01402   -0.00221    0.05986
 1613   -0.03384   -0.00964    0.04090
 1614   -0.03026   -0.00308    0.06534
 1615   -0.03229    0.01255    0.09647
 1616   -0.02389    0.00472    0.08115
 1617   -0.01594    0.02515    0.11958
 1618   -0.02086   -0.00332    0.05451
 1619   -0.01548   -0.00492    0.05084
 1620   -0.00574   -0.00755    0.05093
 1621    0.00033   -0.00730    0.04707
 1622   -0.01689   -0.00429    0.03692
 1623   -0.01153   -0.00457    0.03068
 1624   -0.01308   -0.00121    0.03977
 1625   -0.01160   -0.00191    0.04812
 1626   -0.01744    0.00201    0.04088
 1627   -0.00340   -0.00776    0.05588
 1628    0.00689   -0.01055    0.05683
 1629    0.00660   -0.01461    0.04135
 1630    0.01390   -0.01579    0.03897
 1631    0.01518   -0.00005    0.08667
 1632    0.05874    0.07225    0.11785
 1633    0.02745    0.03392    0.12638
 1634    0.00299   -0.01230    0.03568
 1635    0.00478   -0.01367    0.02468
 1636    0.00776   -0.01260    0.01511
 1637    0.00621   -0.00950    0.00877
 1638    0.00238   -0.00918    0.02441
 1639    0.01149   -0.01302    0.01568
 1640    0.01369   -0.00936    0.00883
 1641    0.01528   -0.01040    0.00986
 1642    0.01569   -0.01064    0.01532
 1643    0.01320   -0.00812    0.01001
 1644    0.00865   -0.00809    0.00959
 1645    0.00635   -0.00840    0.01590
 1646    0.00628   -0.00598    0.00450
 1647   -0.00002   -0.00741    0.01492
 1648    0.00128   -0.00472    0.00513
 1649   -0.00125   -0.00555    0.00874
 1650    0.01577   -0.00617    0.00238
 1651    0.01085   -0.00113    0.00191
 1652    0.01039   -0.00025   -0.00050
 1653    0.01019   -0.00399   -0.00330
 1654    0.01130   -0.00429    0.00032
 1655    0.01144   -0.00720    0.00278
 1656    0.00734    0.00393   -0.00187
 1657    0.00536    0.00482   -0.00477
 1658    0.00415    0.00654   -0.00605
 1659    0.00421    0.00764   -0.00590
 1660    0.00442    0.00448   -0.00472
 1661    0.00488    0.00449   -0.00769
 1662    0.00383    0.00498   -0.00845
 1663    0.00377    0.00409   -0.00915
 1664    0.00344    0.00271   -0.00910
 1665    0.00322    0.00479   -0.00882
 1666    0.00308    0.00603   -0.00892
 1667    0.00373    0.00331   -0.00929
 1668    0.00358    0.00417   -0.00930
 1669    0.00335    0.00287   -0.00937
 1670    0.00304    0.00194   -0.00983
 1671    0.00308    0.00200   -0.00980
 1672    0.00330    0.00390   -0.00796
 1673    0.00299    0.00103   -0.01024
 1674    0.00280    0.00008   -0.01078
 1675    0.00289   -0.00065   -0.00996
 1676    0.00270   -0.00074   -0.00902
 1677    0.00298   -0.00036   -0.01142
 1678    0.00289   -0.00115   -0.01197
 1679    0.00320   -0.00092   -0.01296
 1680    0.00247   -0.00120   -0.01174
 1681    0.00313   -0.00170   -0.01007
 1682    0.00338   -0.00320   -0.00898
 1683    0.00360   -0.00539   -0.00978
 1684    0.00377   -0.00542   -0.01172
 1685    0.00353   -0.00275   -0.00745
 1686    0.00311   -0.00082   -0.00817
 1687    0.00326   -0.00736   -0.00829
 1688    0.00289   -0.00981   -0.00864
 1689    0.00249   -0.01182   -0.00785
 1690    0.00213   -0.01234   -0.00557
 1691    0.00222   -0.01158   -0.00714
 1692    0.00184   -0.01355   -0.00828
 1693    0.00062   -0.01535   -0.00697
 1694    0.00038   -0.01546   -0.00840
 1695   -0.00068   -0.01648   -0.00651
 1696    0.00227   -0.01283   -0.00998
 1697    0.00054   -0.01612   -0.01101
 1698   -0.00216   -0.02344   -0.01151
 1699   -0.00835   -0.03387   -0.01060
 1700   -0.00078   -0.01443   -0.01486
 1701   -0.00568   -0.02820   -0.01547
 1702   -0.03853   -0.06382   -0.02392
 1703   -0.11678   -0.16204   -0.06988
 1704    0.16326    0.06138    0.04991
 1705   -0.02659   -0.05732   -0.01135
