    1    0.02722    0.00701   -0.00808
    2    0.02614    0.00614   -0.01075
    3    0.02319    0.00587   -0.00961
    4    0.02207    0.00433   -0.00605
    5    0.02789    0.00621   -0.01216
    6    0.02667    0.00523   -0.01591
    7    0.02990    0.00411   -0.01582
    8    0.02707    0.00244   -0.01879
    9    0.02243    0.00508   -0.01119
   10    0.02056    0.00391   -0.01058
   11    0.01924    0.00301   -0.01194
   12    0.02026    0.00266   -0.01413
   13    0.02093    0.00443   -0.01111
   14    0.02200    0.00561   -0.01352
   15    0.02196    0.00939   -0.01315
   16    0.02515    0.00818   -0.01193
   17    0.02314    0.01101   -0.01489
   18    0.01722    0.00216   -0.01098
   19    0.01608    0.00122   -0.01193
   20    0.01588    0.00031   -0.01394
   21    0.01618    0.00112   -0.01471
   22    0.01417    0.00077   -0.01025
   23    0.01424    0.00107   -0.00815
   24    0.01227    0.00049   -0.00656
   25    0.01523    0.00062   -0.00847
   26    0.01472   -0.00056   -0.01472
   27    0.01414   -0.00100   -0.01640
   28    0.01220   -0.00149   -0.01525
   29    0.01075   -0.00130   -0.01371
   30    0.01477   -0.00250   -0.01789
   31    0.01667   -0.00276   -0.01943
   32    0.01726   -0.00467   -0.02126
   33    0.01791   -0.00479   -0.02229
   34    0.02248   -0.00550   -0.02350
   35    0.01187   -0.00142   -0.01654
   36    0.00984   -0.00180   -0.01537
   37    0.00929   -0.00275   -0.01500
   38    0.00995   -0.00299   -0.01753
   39    0.00716   -0.00180   -0.01753
   40    0.00786   -0.00002   -0.02148
   41    0.01244   -0.00021   -0.01876
   42    0.00774   -0.00262   -0.01269
   43    0.00601   -0.00304   -0.01249
   44    0.00489   -0.00410   -0.01189
   45    0.00454   -0.00404   -0.00960
   46    0.00466   -0.00287   -0.01058
   47    0.00285   -0.00370   -0.01026
   48    0.00304   -0.00413   -0.01190
   49    0.00379   -0.00336   -0.01067
   50    0.00447   -0.00461   -0.01424
   51    0.00263   -0.00588   -0.01395
   52    0.00083   -0.00547   -0.01159
   53    0.00001   -0.00585   -0.01124
   54    0.00267   -0.00740   -0.01668
   55    0.00134   -0.00958   -0.01729
   56    0.00196   -0.01183   -0.02111
   57    0.00312   -0.01156   -0.02312
   58    0.00152   -0.01392   -0.02219
   59    0.00047   -0.00472   -0.00907
   60   -0.00072   -0.00407   -0.00723
   61   -0.00192   -0.00469   -0.00781
   62   -0.00157   -0.00433   -0.00586
   63    0.00061   -0.00271   -0.00265
   64    0.00025   -0.00209   -0.00143
   65   -0.00020   -0.00327   -0.00118
   66    0.00124   -0.00147    0.00146
   67   -0.00249   -0.00504   -0.00902
   68   -0.00275   -0.00504   -0.01029
   69   -0.00348   -0.00448   -0.00978
   70   -0.00331   -0.00449   -0.00972
   71   -0.00322   -0.00755   -0.01458
   72   -0.00385   -0.00803   -0.01622
   73   -0.00388   -0.00624   -0.01445
   74   -0.00406   -0.01031   -0.01879
   75   -0.00431   -0.00431   -0.00874
   76   -0.00499   -0.00469   -0.00748
   77   -0.00546   -0.00548   -0.00899
   78   -0.00578   -0.00515   -0.00819
   79   -0.00469   -0.00535   -0.00663
   80   -0.00423   -0.00536   -0.00828
   81   -0.00389   -0.00467   -0.00751
   82   -0.00565   -0.00599   -0.01128
   83   -0.00653   -0.00727   -0.01304
   84   -0.00584   -0.00785   -0.01408
   85   -0.00650   -0.00752   -0.01392
   86   -0.00753   -0.00977   -0.01668
   87   -0.00883   -0.01204   -0.01962
   88   -0.00969   -0.01421   -0.02373
   89   -0.01037   -0.01423   -0.02411
   90   -0.01034   -0.01478   -0.02667
   91   -0.00428   -0.00723   -0.01443
   92   -0.00319   -0.00712   -0.01452
   93   -0.00304   -0.00538   -0.01205
   94   -0.00301   -0.00535   -0.01203
   95   -0.00188   -0.00751   -0.01491
   96   -0.00120   -0.00847   -0.01790
   97    0.00089   -0.00861   -0.01889
   98    0.00274   -0.00710   -0.01738
   99   -0.00310   -0.00474   -0.00992
  100   -0.00322   -0.00408   -0.00773
  101   -0.00458   -0.00380   -0.00725
  102   -0.00445   -0.00340   -0.00651
  103   -0.00303   -0.00302   -0.00583
  104   -0.00197   -0.00284   -0.00592
  105   -0.00108   -0.00360   -0.00760
  106   -0.00205   -0.00236   -0.00423
  107   -0.00576   -0.00434   -0.00758
  108   -0.00734   -0.00471   -0.00710
  109   -0.00743   -0.00478   -0.00791
  110   -0.00830   -0.00471   -0.00678
  111   -0.00874   -0.00544   -0.00787
  112   -0.00778   -0.00483   -0.00634
  113   -0.00721   -0.00413   -0.00483
  114   -0.00811   -0.00577   -0.00720
  115   -0.00661   -0.00565   -0.01029
  116   -0.00624   -0.00598   -0.01114
  117   -0.00482   -0.00481   -0.00986
  118   -0.00491   -0.00441   -0.00927
  119   -0.00530   -0.00669   -0.01371
  120   -0.00694   -0.00814   -0.01556
  121   -0.00614   -0.00878   -0.01839
  122   -0.00800   -0.01044   -0.02035
  123   -0.00903   -0.01178   -0.02132
  124   -0.00364   -0.00414   -0.00929
  125   -0.00249   -0.00327   -0.00755
  126   -0.00349   -0.00272   -0.00561
  127   -0.00303   -0.00207   -0.00436
  128   -0.00124   -0.00289   -0.00731
  129    0.00043   -0.00213   -0.00606
  130   -0.00040   -0.00339   -0.00911
  131   -0.00486   -0.00289   -0.00508
  132   -0.00597   -0.00239   -0.00326
  133   -0.00723   -0.00227   -0.00301
  134   -0.00744   -0.00148   -0.00149
  135   -0.00676   -0.00234   -0.00279
  136   -0.00590   -0.00205   -0.00257
  137   -0.00658   -0.00242   -0.00242
  138   -0.00511   -0.00136   -0.00123
  139   -0.00812   -0.00318   -0.00439
  140   -0.00950   -0.00302   -0.00430
  141   -0.00834   -0.00291   -0.00426
  142   -0.00908   -0.00215   -0.00292
  143   -0.01071   -0.00392   -0.00613
  144   -0.00942   -0.00542   -0.00833
  145   -0.00639   -0.00297   -0.00553
  146   -0.00485   -0.00255   -0.00531
  147   -0.00423   -0.00146   -0.00280
  148   -0.00390   -0.00109   -0.00188
  149   -0.00287   -0.00268   -0.00687
  150   -0.00289   -0.00371   -0.00927
  151   -0.00097   -0.00390   -0.01088
  152   -0.00090   -0.00498   -0.01317
  153    0.00055   -0.00522   -0.01404
  154    0.00176   -0.00448   -0.01284
  155    0.00044   -0.00661   -0.01640
  156   -0.00407   -0.00112   -0.00187
  157   -0.00345   -0.00027    0.00035
  158   -0.00538    0.00008    0.00185
  159   -0.00507    0.00060    0.00381
  160   -0.00255   -0.00008    0.00074
  161   -0.00054   -0.00019   -0.00031
  162   -0.00007    0.00002    0.00021
  163    0.00117    0.00029    0.00043
  164   -0.00731   -0.00032    0.00097
  165   -0.00944   -0.00004    0.00225
  166   -0.01043    0.00017    0.00295
  167   -0.01140    0.00047    0.00466
  168   -0.01009   -0.00006    0.00169
  169   -0.01091   -0.00011    0.00199
  170   -0.01267   -0.00034    0.00098
  171   -0.01266   -0.00087   -0.00057
  172   -0.00914   -0.00053    0.00132
  173   -0.00920   -0.00034    0.00136
  174   -0.00762    0.00007    0.00226
  175   -0.01364   -0.00032    0.00213
  176   -0.01523   -0.00071    0.00162
  177   -0.01473   -0.00085    0.00178
  178   -0.01268   -0.00032    0.00238
  179   -0.01726   -0.00034    0.00307
  180   -0.01530   -0.00114    0.00148
  181   -0.01311   -0.00068    0.00246
  182   -0.01223   -0.00133    0.00159
  183   -0.01314   -0.00156   -0.00023
  184   -0.01096   -0.00094    0.00151
  185   -0.01071   -0.00074    0.00070
  186   -0.00974   -0.00078   -0.00007
  187   -0.00915   -0.00099   -0.00069
  188   -0.01133   -0.00084    0.00049
  189   -0.01133   -0.00130    0.00113
  190   -0.01210   -0.00139    0.00096
  191   -0.01327   -0.00160    0.00036
  192   -0.01202   -0.00167    0.00119
  193   -0.00912   -0.00076    0.00019
  194   -0.00765   -0.00091   -0.00023
  195   -0.00773   -0.00150   -0.00095
  196   -0.00854   -0.00197   -0.00105
  197   -0.00700   -0.00048    0.00029
  198   -0.00682   -0.00068    0.00100
  199   -0.00775   -0.00079    0.00196
  200   -0.00597   -0.00099    0.00112
  201   -0.00746   -0.00100    0.00243
  202   -0.00652   -0.00107    0.00190
  203   -0.00492   -0.00095    0.00061
  204   -0.00565   -0.00104    0.00199
  205   -0.00415   -0.00080    0.00064
  206   -0.00442   -0.00089    0.00125
  207   -0.00678   -0.00200   -0.00152
  208   -0.00660   -0.00277   -0.00228
  209   -0.00514   -0.00290   -0.00242
  210   -0.00429   -0.00226   -0.00212
  211   -0.00695   -0.00334   -0.00327
  212   -0.00675   -0.00324   -0.00362
  213   -0.00696   -0.00235   -0.00304
  214   -0.00700   -0.00186   -0.00351
  215   -0.00617   -0.00175   -0.00323
  216   -0.00623   -0.00139   -0.00343
  217   -0.00512   -0.00148   -0.00262
  218   -0.00530   -0.00399   -0.00244
  219   -0.00437   -0.00390   -0.00262
  220   -0.00488   -0.00453   -0.00303
  221   -0.00530   -0.00517   -0.00428
  222   -0.00463   -0.00378   -0.00262
  223   -0.00371   -0.00288   -0.00197
  224   -0.00434   -0.00273   -0.00252
  225   -0.00278   -0.00214   -0.00119
  226   -0.00368   -0.00214   -0.00180
  227   -0.00217   -0.00147   -0.00058
  228   -0.00285   -0.00169   -0.00102
  229   -0.00401   -0.00350   -0.00219
  230   -0.00388   -0.00332   -0.00229
  231   -0.00354   -0.00298   -0.00180
  232   -0.00261   -0.00228   -0.00129
  233   -0.00356   -0.00262   -0.00174
  234   -0.00340   -0.00183   -0.00184
  235   -0.00439   -0.00261   -0.00246
  236   -0.00345   -0.00285   -0.00258
  237   -0.00261   -0.00177   -0.00036
  238   -0.00140    0.00119    0.00129
  239   -0.00092    0.00119    0.00050
  240   -0.00195   -0.00116   -0.00137
  241   -0.00228   -0.00150   -0.00274
  242   -0.00317   -0.00241   -0.00725
  243   -0.00208   -0.00172   -0.00294
  244   -0.00018    0.00244    0.00222
  245    0.00154    0.00363    0.00305
  246    0.00274    0.00587    0.00428
  247    0.00232    0.00574    0.00469
  248    0.00200    0.00322    0.00306
  249    0.00365    0.00369    0.00414
  250    0.00113    0.00169    0.00232
  251    0.00369    0.00617    0.00389
  252    0.00473    0.00799    0.00458
  253    0.00594    0.00897    0.00560
  254    0.00597    0.01059    0.00569
  255    0.00483    0.00804    0.00377
  256    0.00376    0.00696    0.00294
  257    0.00419    0.00688    0.00303
  258    0.00251    0.00727    0.00219
  259    0.00630    0.00829    0.00563
  260    0.00705    0.00892    0.00684
  261    0.00698    0.00768    0.00735
  262    0.00607    0.00641    0.00580
  263    0.00786    0.00854    0.00866
  264    0.00819    0.00750    0.00834
  265    0.00897    0.00770    0.00783
  266    0.00942    0.00723    0.00765
  267    0.00792    0.00747    0.00870
  268    0.00723    0.00597    0.00919
  269    0.00679    0.00578    0.01027
  270    0.00622    0.00476    0.00780
  271    0.00976    0.00825    0.00839
  272    0.01126    0.00826    0.00885
  273    0.01177    0.00693    0.00856
  274    0.01045    0.00670    0.00783
  275    0.01274    0.00996    0.01005
  276    0.01246    0.01070    0.01017
  277    0.01084    0.01120    0.00987
  278    0.01105    0.01328    0.01049
  279    0.00946    0.01006    0.00867
  280    0.01337    0.00632    0.00898
  281    0.01429    0.00490    0.00882
  282    0.01402    0.00547    0.00878
  283    0.01333    0.00447    0.00809
  284    0.01683    0.00379    0.00984
  285    0.01683    0.00258    0.00965
  286    0.01541    0.00388    0.00884
  287    0.01562    0.00504    0.00937
  288    0.01347    0.00387    0.00685
  289    0.01448    0.00720    0.00926
  290    0.01396    0.00776    0.00918
  291    0.01120    0.00771    0.00782
  292    0.01054    0.00790    0.00754
  293    0.01560    0.01008    0.01019
  294    0.01908    0.00953    0.01232
  295    0.02273    0.01166    0.01542
  296    0.02182    0.01386    0.01586
  297    0.02980    0.01071    0.02189
  298    0.01003    0.00756    0.00736
  299    0.00796    0.00733    0.00614
  300    0.00706    0.00574    0.00588
  301    0.00570    0.00505    0.00474
  302    0.00751    0.00847    0.00631
  303    0.00779    0.00998    0.00630
  304    0.00827    0.00479    0.00615
  305    0.00792    0.00357    0.00550
  306    0.00818    0.00281    0.00525
  307    0.00702    0.00195    0.00459
  308    0.00898    0.00340    0.00590
  309    0.00856    0.00399    0.00605
  310    0.00937    0.00403    0.00628
  311    0.00701    0.00332    0.00512
  312    0.00981    0.00311    0.00659
  313    0.00929    0.00191    0.00703
  314    0.00725    0.00191    0.00629
  315    0.00591    0.00038    0.00670
  316    0.00606    0.00300    0.00559
  317    0.00455    0.00278    0.00466
  318    0.00319    0.00213    0.00387
  319    0.00192    0.00126    0.00224
  320    0.00486    0.00493    0.00478
  321    0.00538    0.00547    0.00477
  322    0.00298    0.00050    0.00308
  323    0.00116   -0.00036    0.00163
  324    0.00029   -0.00117    0.00119
  325    0.00137   -0.00105    0.00237
  326    0.00169    0.00003    0.00144
  327    0.00053   -0.00073    0.00033
  328    0.00199    0.00097    0.00176
  329   -0.00071   -0.00151   -0.00036
  330   -0.00083   -0.00161   -0.00008
  331   -0.00022   -0.00157    0.00024
  332   -0.00018   -0.00143   -0.00011
  333   -0.00253   -0.00155   -0.00173
  334   -0.00259   -0.00141   -0.00180
  335   -0.00147   -0.00113   -0.00108
  336   -0.00005   -0.00129    0.00095
  337    0.00143   -0.00022    0.00013
  338   -0.00090   -0.00079    0.00011
  339   -0.00251   -0.00117    0.00050
  340    0.00388   -0.00018   -0.00004
  341   -0.00080   -0.00025   -0.00031
  342    0.00007    0.00004   -0.00058
  343   -0.00031   -0.00008   -0.00046
  344   -0.00168   -0.00080   -0.00028
  345   -0.00021   -0.00069   -0.00057
  346   -0.00201   -0.00100   -0.00012
  347   -0.00232   -0.00114    0.00017
  348    0.00087    0.00051   -0.00035
  349    0.00040    0.00029    0.00001
  350    0.00096    0.00051   -0.00002
  351    0.00216    0.00027    0.00009
  352    0.00147    0.00020    0.00009
  353   -0.00025   -0.00004    0.00018
  354   -0.00029    0.00056    0.00010
  355    0.00018    0.00065    0.00030
  356    0.00068    0.00085    0.00006
  357   -0.00172    0.00087    0.00066
  358   -0.00295    0.00031    0.00061
  359   -0.00005    0.00041    0.00027
  360    0.00017    0.00036    0.00043
  361    0.00026    0.00022    0.00059
  362   -0.00003   -0.00006    0.00060
  363   -0.00061    0.00073    0.00070
  364    0.00099    0.00055    0.00066
  365    0.00150    0.00062    0.00110
  366    0.00116    0.00052    0.00114
  367    0.00107    0.00052    0.00088
  368    0.00215    0.00089    0.00139
  369    0.00246    0.00123    0.00210
  370    0.00210    0.00116    0.00224
  371    0.00351    0.00153    0.00266
  372    0.00091    0.00028    0.00130
  373    0.00110   -0.00001    0.00134
  374    0.00123    0.00019    0.00216
  375    0.00159   -0.00006    0.00258
  376    0.00059   -0.00053    0.00090
  377    0.00044   -0.00067    0.00043
  378    0.00033   -0.00038    0.00042
  379    0.00012   -0.00115   -0.00040
  380    0.00125    0.00021    0.00231
  381    0.00122    0.00071    0.00347
  382    0.00077    0.00045    0.00346
  383    0.00004    0.00026    0.00276
  384    0.00145    0.00130    0.00385
  385    0.00121    0.00212    0.00515
  386    0.00213    0.00291    0.00658
  387    0.00085    0.00232    0.00498
  388    0.00094    0.00072    0.00457
  389   -0.00012    0.00129    0.00493
  390   -0.00093    0.00247    0.00679
  391   -0.00021    0.00297    0.00845
  392    0.00017    0.00090    0.00440
  393   -0.00103    0.00174    0.00457
  394    0.00006    0.00065    0.00190
  395   -0.00178    0.00279    0.00663
  396   -0.00285    0.00293    0.00733
  397   -0.00415    0.00430    0.00946
  398   -0.00663    0.00504    0.01025
  399   -0.00709    0.00473    0.00875
  400   -0.00404    0.00436    0.00901
  401   -0.00483    0.00350    0.00770
  402   -0.00728    0.00443    0.00829
  403   -0.00389    0.00227    0.00580
  404   -0.00816    0.00300    0.00682
  405   -0.00446    0.00137    0.00433
  406   -0.00648    0.00153    0.00475
  407   -0.00837    0.00705    0.01238
  408   -0.01034    0.00944    0.01402
  409   -0.01200    0.00894    0.01285
  410   -0.01332    0.00881    0.01330
  411   -0.01128    0.01108    0.01721
  412   -0.01030    0.00976    0.01694
  413   -0.00773    0.00752    0.01440
  414   -0.01191    0.00908    0.01206
  415   -0.01369    0.00725    0.01010
  416   -0.01633    0.00979    0.01220
  417   -0.01642    0.01009    0.01050
  418   -0.01191    0.00626    0.00821
  419   -0.01268    0.00431    0.00699
  420   -0.01158    0.00197    0.00582
  421   -0.01164    0.00430    0.00590
  422   -0.01879    0.00994    0.01339
  423   -0.02235    0.01216    0.01580
  424   -0.02568    0.00742    0.01403
  425   -0.02484    0.00511    0.01129
  426   -0.02143    0.01239    0.01774
  427   -0.02013    0.01025    0.01618
  428   -0.01889    0.01453    0.01911
  429   -0.02961    0.00923    0.01574
  430   -0.03247    0.00785    0.01440
  431   -0.03014    0.00699    0.01345
  432   -0.03114    0.00413    0.01115
  433   -0.03653    0.01038    0.01654
  434   -0.02706    0.00853    0.01505
  435   -0.02379    0.00731    0.01378
  436   -0.02171    0.00547    0.01103
  437   -0.02060    0.00339    0.00885
  438   -0.02190    0.00950    0.01568
  439   -0.01911    0.00856    0.01500
  440   -0.01904    0.00645    0.01302
  441   -0.02051    0.00709    0.01386
  442   -0.01631    0.00399    0.01056
  443   -0.02092    0.00600    0.01063
  444   -0.01891    0.00436    0.00818
  445   -0.02108    0.00140    0.00645
  446   -0.01891   -0.00112    0.00409
  447   -0.01724    0.00438    0.00890
  448   -0.01498    0.00256    0.00680
  449   -0.01432    0.00029    0.00553
  450   -0.01236    0.00218    0.00532
  451   -0.01178   -0.00102    0.00383
  452   -0.01011   -0.00043    0.00358
  453   -0.02492    0.00047    0.00692
  454   -0.02762   -0.00350    0.00536
  455   -0.02888   -0.00562    0.00366
  456   -0.03070   -0.01119    0.00277
  457   -0.03190   -0.00382    0.00585
  458   -0.03227   -0.00692    0.00649
  459   -0.02712   -0.00520    0.00728
  460   -0.02250   -0.00420    0.00630
  461   -0.02824   -0.00502    0.00854
  462   -0.02842   -0.00406    0.00504
  463   -0.02752   -0.00672    0.00344
  464   -0.02240   -0.00848    0.00078
  465   -0.02156   -0.01343   -0.00217
  466   -0.02629   -0.00335    0.00552
  467   -0.03144   -0.00292    0.00748
  468   -0.03610   -0.00732    0.00704
  469   -0.03142    0.00238    0.01017
  470   -0.01905   -0.00532    0.00142
  471   -0.01466   -0.00619   -0.00140
  472   -0.01511   -0.00956   -0.00373
  473   -0.01286   -0.01296   -0.00765
  474   -0.01300   -0.00247    0.00092
  475   -0.01026   -0.00314   -0.00120
  476   -0.00677   -0.00459   -0.00387
  477   -0.01032   -0.00218   -0.00103
  478   -0.00448   -0.00483   -0.00580
  479   -0.00737   -0.00258   -0.00269
  480   -0.00513   -0.00357   -0.00503
  481   -0.01787   -0.00903   -0.00159
  482   -0.01781   -0.01279   -0.00212
  483   -0.01943   -0.01917   -0.00436
  484   -0.01708   -0.02219   -0.00733
  485   -0.01929   -0.01104    0.00019
  486   -0.01552   -0.00710    0.00101
  487   -0.01204   -0.00667   -0.00084
  488   -0.00948   -0.00461    0.00002
  489   -0.00692   -0.00379   -0.00111
  490   -0.00641   -0.00442   -0.00288
  491   -0.00524   -0.00242   -0.00035
  492   -0.02329   -0.02186   -0.00311
  493   -0.02557   -0.02932   -0.00439
  494   -0.02141   -0.03325   -0.00847
  495   -0.02110   -0.03952   -0.01042
  496   -0.02942   -0.03162   -0.00170
  497   -0.03518   -0.03183    0.00083
  498   -0.04019   -0.03598    0.00123
  499   -0.04769   -0.03338   -0.00040
  500   -0.05882   -0.03855   -0.00028
  501   -0.01798   -0.02920   -0.01038
  502   -0.01341   -0.03290   -0.01611
  503   -0.00964   -0.03077   -0.01905
  504   -0.00655   -0.03532   -0.02412
  505   -0.01073   -0.02964   -0.01723
  506   -0.01298   -0.03292   -0.01630
  507   -0.00980   -0.04514   -0.02362
  508   -0.00968   -0.05409   -0.02566
  509   -0.00516   -0.05954   -0.03660
  510   -0.00969   -0.02419   -0.01635
  511   -0.00776   -0.02107   -0.01784
  512   -0.00847   -0.02522   -0.01817
  513   -0.00584   -0.02560   -0.02234
  514   -0.00730   -0.01441   -0.01372
  515   -0.00450   -0.01121   -0.01489
  516   -0.00513   -0.00744   -0.01109
  517   -0.00761   -0.00836   -0.00759
  518   -0.00357   -0.00548   -0.01137
  519   -0.01306   -0.02739   -0.01430
  520   -0.01483   -0.03087   -0.01410
  521   -0.01271   -0.03884   -0.01820
  522   -0.01079   -0.03881   -0.01940
  523   -0.01896   -0.03396   -0.01094
  524   -0.01990   -0.02813   -0.00656
  525   -0.02065   -0.03934   -0.01185
  526   -0.02308   -0.02935   -0.00268
  527   -0.01246   -0.04492   -0.02095
  528   -0.00852   -0.05584   -0.02484
  529   -0.00163   -0.05411   -0.03164
  530    0.00199   -0.06203   -0.03563
  531   -0.00903   -0.06127   -0.02578
  532   -0.01407   -0.06975   -0.02089
  533   -0.02186   -0.06135   -0.01605
  534   -0.02331   -0.05480   -0.01322
  535   -0.02432   -0.06317   -0.01375
  536   -0.00004   -0.04511   -0.03290
  537    0.00597   -0.04232   -0.04028
  538    0.00600   -0.03930   -0.04151
  539    0.01088   -0.04177   -0.04961
  540    0.00665   -0.03428   -0.04056
  541    0.01396   -0.03491   -0.05087
  542    0.02168   -0.03537   -0.06710
  543    0.01921   -0.02838   -0.06447
  544    0.02681   -0.04455   -0.07795
  545    0.00041   -0.03401   -0.03292
  546   -0.00120   -0.02977   -0.03081
  547   -0.00082   -0.03567   -0.03142
  548   -0.00156   -0.03221   -0.03078
  549   -0.00547   -0.02156   -0.02341
  550   -0.00450   -0.01438   -0.02275
  551   -0.00116   -0.01539   -0.02521
  552   -0.00644   -0.01150   -0.01632
  553   -0.00091   -0.04490   -0.03045
  554   -0.00016   -0.05359   -0.02962
  555   -0.00194   -0.04599   -0.02478
  556   -0.00496   -0.03902   -0.01944
  557    0.00632   -0.06283   -0.03890
  558    0.01019   -0.06730   -0.04530
  559    0.01889   -0.08131   -0.06299
  560    0.02371   -0.07724   -0.07229
  561    0.02077   -0.08076   -0.06663
  562   -0.00006   -0.04619   -0.02695
  563   -0.00157   -0.03951   -0.02352
  564   -0.00358   -0.02949   -0.02644
  565   -0.00185   -0.03615   -0.03106
  566   -0.00480   -0.02302   -0.02553
  567   -0.00533   -0.01794   -0.02755
  568   -0.00590   -0.01373   -0.02338
  569   -0.00564   -0.01275   -0.01898
  570   -0.00575   -0.01481   -0.02627
  571   -0.00660   -0.01307   -0.02157
  572   -0.00654   -0.00908   -0.01909
  573   -0.00665   -0.00846   -0.01523
  574   -0.00497   -0.00875   -0.02111
  575   -0.00641   -0.01105   -0.02427
  576   -0.00559   -0.00852   -0.02182
  577   -0.00411   -0.00562   -0.01856
  578   -0.00371   -0.00442   -0.01822
  579   -0.00495   -0.00718   -0.02472
  580   -0.00354   -0.00445   -0.02282
  581   -0.00380   -0.00426   -0.02140
  582   -0.00435   -0.00674   -0.02220
  583   -0.00281   -0.00253   -0.01959
  584   -0.00392   -0.00589   -0.01568
  585   -0.00327   -0.00458   -0.01299
  586   -0.00281   -0.00334   -0.01298
  587   -0.00310   -0.00409   -0.01323
  588   -0.00359   -0.00542   -0.01052
  589   -0.00292   -0.00269   -0.00794
  590   -0.00456   -0.00672   -0.01039
  591   -0.00176   -0.00138   -0.01288
  592   -0.00088   -0.00024   -0.01258
  593   -0.00075    0.00012   -0.01042
  594   -0.00076    0.00031   -0.00804
  595    0.00054    0.00133   -0.01261
  596    0.00142    0.00270   -0.01347
  597   -0.00095    0.00065   -0.01059
  598   -0.00050    0.00232   -0.00784
  599    0.00062    0.00397   -0.00652
  600   -0.00020    0.00644   -0.00149
  601   -0.00080    0.00147   -0.01016
  602   -0.00165   -0.00014   -0.01346
  603   -0.00100    0.00102   -0.01307
  604    0.00141    0.00481   -0.00785
  605    0.00088    0.00551   -0.00517
  606    0.00048    0.00470   -0.00284
  607   -0.00002    0.00569    0.00010
  608    0.00255    0.00475   -0.00751
  609    0.00514    0.00704   -0.00969
  610    0.00602    0.00832   -0.01103
  611    0.00138    0.00531   -0.00671
  612    0.00043    0.00428   -0.00699
  613    0.00024    0.00388   -0.00330
  614    0.00002    0.00309   -0.00166
  615   -0.00096    0.00380    0.00208
  616   -0.00160    0.00387    0.00341
  617   -0.00035    0.00163   -0.00317
  618   -0.00061    0.00110   -0.00212
  619    0.00001    0.00124   -0.00596
  620   -0.00095    0.00415    0.00375
  621   -0.00120    0.00451    0.00639
  622   -0.00073    0.00326    0.00522
  623   -0.00042    0.00274    0.00435
  624   -0.00080    0.00501    0.00739
  625   -0.00015    0.00488    0.00896
  626    0.00078    0.00396    0.00817
  627   -0.00014    0.00601    0.01142
  628    0.00204    0.00389    0.00908
  629    0.00133    0.00571    0.01240
  630    0.00245    0.00489    0.01120
  631    0.00397    0.00520    0.01215
  632   -0.00057    0.00294    0.00562
  633    0.00031    0.00237    0.00477
  634    0.00210    0.00232    0.00644
  635    0.00317    0.00322    0.00807
  636   -0.00079    0.00107    0.00347
  637   -0.00061   -0.00076    0.00277
  638   -0.00039   -0.00129    0.00198
  639    0.00000   -0.00115    0.00316
  640   -0.00059   -0.00238    0.00171
  641   -0.00033   -0.00301    0.00275
  642   -0.00086   -0.00366    0.00231
  643    0.00297    0.00159    0.00585
  644    0.00514    0.00156    0.00683
  645    0.00548    0.00027    0.00595
  646    0.00432   -0.00056    0.00461
  647    0.00558    0.00212    0.00694
  648    0.00773    0.00264    0.00829
  649    0.00821    0.00217    0.00784
  650    0.00585    0.00212    0.00705
  651    0.00731    0.00053    0.00672
  652    0.00790   -0.00070    0.00649
  653    0.00942   -0.00006    0.00560
  654    0.01047    0.00051    0.00603
  655    0.01021   -0.00056    0.00785
  656    0.00936   -0.00259    0.00726
  657    0.00797   -0.00317    0.00672
  658    0.00357   -0.00600    0.00463
  659    0.00287   -0.00893    0.00452
  660    0.00853   -0.00095    0.00431
  661    0.00959   -0.00055    0.00321
  662    0.01253   -0.00089    0.00323
  663    0.01131   -0.00061    0.00258
  664    0.00758   -0.00092    0.00167
  665    0.00943   -0.00060    0.00069
  666    0.00656   -0.00013   -0.00049
  667    0.00424   -0.00035   -0.00016
  668    0.00736    0.00062   -0.00084
  669    0.01456   -0.00008    0.00416
  670    0.01751   -0.00003    0.00423
  671    0.01973    0.00126    0.00236
  672    0.02217    0.00121    0.00211
  673    0.01971   -0.00013    0.00600
  674    0.01876    0.00130    0.00618
  675    0.01914    0.00056    0.00751
  676    0.01796    0.00106    0.00189
  677    0.01832    0.00208    0.00031
  678    0.01770    0.00203   -0.00186
  679    0.01563    0.00058   -0.00171
  680    0.01703    0.00164   -0.00007
  681    0.01811    0.00208    0.00245
  682    0.01749    0.00202   -0.00277
  683    0.01712    0.00183    0.00188
  684    0.01897    0.00262   -0.00407
  685    0.01714    0.00323   -0.00629
  686    0.01427    0.00275   -0.00791
  687    0.01505    0.00245   -0.00820
  688    0.01184    0.00275   -0.00899
  689    0.01048    0.00211   -0.00971
  690    0.01038    0.00126   -0.00820
  691    0.01007    0.00058   -0.00915
  692    0.01192    0.00286   -0.01284
  693    0.01239    0.00420   -0.01352
  694    0.00881    0.00562   -0.01134
  695    0.01472    0.00503   -0.01554
  696    0.01062    0.00123   -0.00534
  697    0.00994    0.00085   -0.00439
  698    0.00750    0.00058   -0.00294
  699    0.00677    0.00045   -0.00263
  700    0.01152    0.00092   -0.00268
  701    0.01174    0.00026   -0.00067
  702    0.00648    0.00050   -0.00243
  703    0.00439    0.00001   -0.00148
  704    0.00358   -0.00029   -0.00178
  705    0.00248   -0.00032   -0.00076
  706    0.00231    0.00003   -0.00130
  707    0.00197    0.00036   -0.00268
  708    0.00433   -0.00045   -0.00350
  709    0.00349   -0.00111   -0.00358
  710    0.00325   -0.00105   -0.00285
  711    0.00217   -0.00091   -0.00228
  712    0.00420   -0.00070   -0.00339
  713    0.00374   -0.00036   -0.00234
  714    0.00342    0.00013   -0.00061
  715    0.00253    0.00024    0.00008
  716    0.00532   -0.00015   -0.00287
  717    0.00521   -0.00079   -0.00445
  718    0.00548    0.00033   -0.00128
  719    0.00393    0.00043   -0.00013
  720    0.00353    0.00038    0.00128
  721    0.00208    0.00008    0.00137
  722    0.00177    0.00031    0.00216
  723    0.00382    0.00018    0.00114
  724    0.00622    0.00010    0.00138
  725    0.00734    0.00005    0.00333
  726    0.00592   -0.00003    0.00360
  727    0.00170   -0.00016    0.00051
  728    0.00088   -0.00019    0.00062
  729    0.00051   -0.00008    0.00066
  730    0.00015    0.00020    0.00107
  731    0.00051   -0.00024    0.00009
  732   -0.00033   -0.00017    0.00028
  733   -0.00038    0.00048    0.00144
  734   -0.00113    0.00074    0.00197
  735   -0.00045   -0.00059   -0.00078
  736   -0.00111   -0.00113   -0.00192
  737   -0.00053   -0.00132   -0.00258
  738   -0.00160   -0.00160   -0.00307
  739    0.00048    0.00066    0.00192
  740    0.00053    0.00121    0.00341
  741    0.00008    0.00141    0.00378
  742   -0.00065    0.00178    0.00430
  743    0.00195    0.00125    0.00410
  744    0.00264    0.00127    0.00352
  745    0.00204    0.00191    0.00580
  746    0.00435    0.00162    0.00431
  747    0.00043    0.00116    0.00326
  748    0.00011    0.00119    0.00312
  749   -0.00055    0.00118    0.00277
  750   -0.00058    0.00149    0.00290
  751    0.00034    0.00081    0.00245
  752    0.00088    0.00070    0.00269
  753    0.00116    0.00049    0.00224
  754    0.00101    0.00108    0.00346
  755    0.00160    0.00007    0.00259
  756    0.00167    0.00043    0.00352
  757   -0.00059    0.00086    0.00216
  758   -0.00104    0.00087    0.00183
  759   -0.00191    0.00127    0.00243
  760   -0.00210    0.00152    0.00259
  761   -0.00115    0.00046    0.00121
  762   -0.00238    0.00133    0.00295
  763   -0.00330    0.00161    0.00371
  764   -0.00343    0.00220    0.00489
  765   -0.00421    0.00199    0.00540
  766   -0.00381    0.00149    0.00403
  767   -0.00521    0.00156    0.00507
  768   -0.00403    0.00089    0.00259
  769   -0.00251    0.00245    0.00548
  770   -0.00224    0.00323    0.00635
  771   -0.00207    0.00386    0.00558
  772   -0.00282    0.00483    0.00653
  773   -0.00139    0.00365    0.00665
  774   -0.00125    0.00297    0.00436
  775   -0.00057    0.00284    0.00410
  776   -0.00041    0.00252    0.00356
  777    0.00039    0.00212    0.00301
  778   -0.00008    0.00244    0.00281
  779    0.00005    0.00263    0.00317
  780    0.00055    0.00318    0.00304
  781   -0.00029    0.00224    0.00284
  782   -0.00191    0.00254    0.00406
  783   -0.00259    0.00215    0.00373
  784   -0.00432    0.00128    0.00496
  785   -0.00518    0.00138    0.00467
  786   -0.00263    0.00197    0.00299
  787   -0.00158    0.00196    0.00217
  788   -0.00100    0.00146    0.00180
  789   -0.00096    0.00165    0.00162
  790   -0.00494    0.00181    0.00613
  791   -0.00673    0.00100    0.00779
  792   -0.00679    0.00064    0.00799
  793   -0.00799    0.00046    0.00853
  794   -0.00643    0.00143    0.00935
  795   -0.00590    0.00268    0.00869
  796   -0.00576    0.00373    0.01052
  797   -0.00641    0.00361    0.01276
  798   -0.00512    0.00514    0.01072
  799   -0.00603    0.00056    0.00793
  800   -0.00670    0.00089    0.00814
  801   -0.00697    0.00104    0.00701
  802   -0.00752    0.00058    0.00653
  803   -0.00481    0.00098    0.00690
  804   -0.00324    0.00119    0.00439
  805   -0.00261    0.00056    0.00310
  806   -0.00290    0.00170    0.00394
  807   -0.00663    0.00109    0.00609
  808   -0.00669    0.00050    0.00470
  809   -0.00784    0.00049    0.00469
  810   -0.00867    0.00020    0.00454
  811   -0.00530    0.00027    0.00386
  812   -0.00455    0.00037    0.00336
  813   -0.00352    0.00079    0.00296
  814   -0.00236    0.00048    0.00184
  815   -0.00023    0.00020    0.00009
  816   -0.00783    0.00060    0.00480
  817   -0.00818    0.00064    0.00454
  818   -0.00942    0.00046    0.00571
  819   -0.00972    0.00055    0.00668
  820   -0.00741    0.00070    0.00383
  821   -0.00639    0.00031    0.00260
  822   -0.00562    0.00027    0.00256
  823   -0.00579    0.00025    0.00207
  824   -0.01047    0.00050    0.00557
  825   -0.01260    0.00070    0.00709
  826   -0.01267    0.00077    0.00662
  827   -0.01199    0.00056    0.00511
  828   -0.01401    0.00083    0.00856
  829   -0.01362    0.00065    0.00831
  830   -0.01592    0.00061    0.00873
  831   -0.01768    0.00059    0.01014
  832   -0.01177    0.00099    0.00987
  833   -0.01020    0.00135    0.00948
  834   -0.00897    0.00143    0.00807
  835   -0.01016    0.00149    0.01068
  836   -0.00784    0.00186    0.00772
  837   -0.00913    0.00186    0.01005
  838   -0.00816    0.00205    0.00884
  839   -0.01559    0.00056    0.00735
  840   -0.01748    0.00050    0.00758
  841   -0.01656    0.00070    0.00966
  842   -0.01429    0.00088    0.01076
  843   -0.01748    0.00018    0.00539
  844   -0.01471    0.00003    0.00459
  845   -0.01475   -0.00040    0.00232
  846   -0.01718   -0.00069    0.00133
  847   -0.01216   -0.00070    0.00149
  848   -0.01898    0.00064    0.01059
  849   -0.01852    0.00125    0.01324
  850   -0.01572    0.00142    0.01184
  851   -0.01611    0.00091    0.00983
  852   -0.02293    0.00125    0.01491
  853   -0.02825    0.00021    0.01736
  854   -0.03464    0.00107    0.02330
  855   -0.02818    0.00056    0.01517
  856   -0.01250    0.00223    0.01268
  857   -0.00951    0.00257    0.01181
  858   -0.00776    0.00218    0.00976
  859   -0.00615    0.00191    0.00814
  860   -0.00840    0.00181    0.00985
  861   -0.00713    0.00146    0.00818
  862   -0.00451    0.00214    0.00881
  863   -0.00395    0.00299    0.01073
  864   -0.00841    0.00134    0.00834
  865   -0.00702    0.00124    0.00732
  866   -0.00292    0.00187    0.00713
  867   -0.00041    0.00235    0.00750
  868    0.00015    0.00255    0.00822
  869    0.00171    0.00331    0.00956
  870    0.00090    0.00196    0.00546
  871    0.00321    0.00243    0.00583
  872    0.00049    0.00179    0.00490
  873   -0.00112    0.00211    0.00734
  874   -0.00090    0.00244    0.00784
  875   -0.00187    0.00313    0.01000
  876   -0.00106    0.00373    0.01107
  877   -0.00192    0.00186    0.00620
  878   -0.00165    0.00210    0.00640
  879    0.00030    0.00213    0.00612
  880   -0.00284    0.00154    0.00487
  881   -0.00362    0.00302    0.01065
  882   -0.00483    0.00362    0.01283
  883   -0.00338    0.00493    0.01462
  884   -0.00338    0.00597    0.01573
  885   -0.00678    0.00307    0.01307
  886   -0.00828    0.00319    0.01493
  887   -0.01000    0.00335    0.01686
  888   -0.01193    0.00179    0.01593
  889   -0.01425    0.00176    0.01835
  890   -0.00200    0.00511    0.01463
  891   -0.00031    0.00644    0.01621
  892    0.00162    0.00697    0.01637
  893    0.00250    0.00841    0.01814
  894    0.00083    0.00702    0.01660
  895    0.00245    0.00857    0.01926
  896    0.00092    0.01008    0.02138
  897   -0.00142    0.01037    0.02169
  898    0.00295    0.01149    0.02358
  899    0.00227    0.00573    0.01437
  900    0.00359    0.00592    0.01407
  901    0.00260    0.00622    0.01479
  902    0.00353    0.00698    0.01581
  903    0.00418    0.00476    0.01191
  904    0.00575    0.00473    0.01162
  905    0.00791    0.00501    0.01192
  906    0.00501    0.00435    0.01096
  907    0.00919    0.00501    0.01164
  908    0.00603    0.00429    0.01052
  909    0.00836    0.00459    0.01091
  910    0.00059    0.00559    0.01402
  911   -0.00064    0.00582    0.01419
  912   -0.00115    0.00719    0.01644
  913   -0.00212    0.00785    0.01708
  914   -0.00266    0.00479    0.01294
  915   -0.00218    0.00353    0.01060
  916   -0.00364    0.00290    0.00921
  917   -0.00081    0.00354    0.00972
  918   -0.00075    0.00809    0.01790
  919   -0.00116    0.00967    0.02030
  920    0.00096    0.01098    0.02150
  921    0.00063    0.01268    0.02343
  922   -0.00224    0.01011    0.02084
  923   -0.00285    0.01255    0.02372
  924    0.00306    0.01045    0.02076
  925    0.00536    0.01160    0.02199
  926    0.00613    0.01153    0.02175
  927    0.00744    0.01274    0.02312
  928    0.00703    0.01053    0.02088
  929    0.00710    0.01103    0.02192
  930    0.00786    0.00967    0.02022
  931    0.00807    0.00840    0.01820
  932    0.00885    0.01032    0.02139
  933    0.00539    0.01026    0.02012
  934    0.00609    0.01002    0.01954
  935    0.00411    0.01036    0.01951
  936    0.00418    0.00974    0.01851
  937    0.00673    0.00834    0.01718
  938    0.00489    0.00743    0.01588
  939    0.00861    0.00809    0.01700
  940    0.00244    0.01097    0.02062
  941   -0.00003    0.01148    0.02065
  942    0.00017    0.01198    0.02195
  943   -0.00043    0.01044    0.02047
  944   -0.00220    0.01268    0.02216
  945   -0.00380    0.01251    0.02121
  946   -0.00522    0.01256    0.02233
  947   -0.00689    0.01501    0.02543
  948   -0.00579    0.01163    0.02087
  949    0.00134    0.01409    0.02396
  950    0.00143    0.01585    0.02515
  951    0.00439    0.01446    0.02434
  952    0.00532    0.01526    0.02565
  953    0.00094    0.01937    0.02875
  954    0.00381    0.02068    0.03076
  955    0.00345    0.02646    0.03650
  956    0.00759    0.02820    0.04071
  957    0.01098    0.02821    0.04210
  958    0.00593    0.01245    0.02217
  959    0.00802    0.01290    0.02180
  960    0.00814    0.01045    0.01971
  961    0.00618    0.00892    0.01811
  962    0.00948    0.01179    0.02084
  963    0.01072    0.01282    0.02251
  964    0.01222    0.01134    0.02122
  965    0.01282    0.01296    0.02330
  966    0.00951    0.01146    0.02042
  967    0.00908    0.01014    0.01849
  968    0.00920    0.00860    0.01584
  969    0.01030    0.00846    0.01605
  970    0.01084    0.01130    0.01986
  971    0.01329    0.01130    0.02008
  972    0.00847    0.00662    0.01344
  973    0.00838    0.00498    0.01159
  974    0.01063    0.00487    0.01210
  975    0.01113    0.00389    0.01118
  976    0.00626    0.00308    0.00907
  977    0.00444    0.00406    0.00854
  978    0.00616    0.00613    0.01155
  979    0.01261    0.00549    0.01346
  980    0.01514    0.00499    0.01399
  981    0.01655    0.00599    0.01518
  982    0.01770    0.00552    0.01457
  983    0.01756    0.00561    0.01541
  984    0.01711    0.00375    0.01406
  985    0.01318    0.00377    0.01282
  986    0.01039   -0.00012    0.01007
  987    0.01209    0.00580    0.01403
  988    0.01587    0.00762    0.01688
  989    0.01634    0.00841    0.01802
  990    0.01504    0.00782    0.01683
  991    0.01577    0.00807    0.01721
  992    0.01604    0.01009    0.02035
  993    0.01829    0.01129    0.02238
  994    0.02056    0.01022    0.02221
  995    0.01859    0.01324    0.02491
  996    0.01305    0.00712    0.01559
  997    0.01157    0.00647    0.01442
  998    0.01257    0.00528    0.01272
  999    0.01245    0.00534    0.01224
 1000    0.00926    0.00603    0.01337
 1001    0.00783    0.00698    0.01474
 1002    0.00542    0.00674    0.01372
 1003    0.00407    0.00716    0.01520
 1004    0.00249    0.00584    0.01383
 1005    0.00150    0.00472    0.01145
 1006    0.00159    0.00666    0.01556
 1007    0.01349    0.00460    0.01182
 1008    0.01452    0.00372    0.01051
 1009    0.01676    0.00408    0.01099
 1010    0.01700    0.00391    0.00989
 1011    0.01543    0.00256    0.00969
 1012    0.01799    0.00519    0.01305
 1013    0.02001    0.00566    0.01405
 1014    0.01921    0.00608    0.01443
 1015    0.02043    0.00562    0.01381
 1016    0.02201    0.00649    0.01669
 1017    0.02391    0.00571    0.01671
 1018    0.02565    0.00672    0.01977
 1019    0.02840    0.00552    0.02038
 1020    0.02612    0.00543    0.01838
 1021    0.01721    0.00668    0.01516
 1022    0.01586    0.00713    0.01533
 1023    0.01510    0.00590    0.01298
 1024    0.01526    0.00585    0.01260
 1025    0.01395    0.00766    0.01621
 1026    0.01440    0.00956    0.01900
 1027    0.01438    0.00504    0.01131
 1028    0.01356    0.00411    0.00892
 1029    0.01562    0.00373    0.00773
 1030    0.01538    0.00327    0.00629
 1031    0.01235    0.00340    0.00771
 1032    0.01156    0.00253    0.00568
 1033    0.01003    0.00268    0.00519
 1034    0.01223    0.00189    0.00405
 1035    0.00921    0.00218    0.00304
 1036    0.01145    0.00140    0.00206
 1037    0.01000    0.00159    0.00160
 1038    0.01762    0.00375    0.00817
 1039    0.01980    0.00349    0.00733
 1040    0.02064    0.00379    0.00781
 1041    0.02168    0.00353    0.00654
 1042    0.02219    0.00341    0.00829
 1043    0.02180    0.00313    0.00738
 1044    0.02475    0.00320    0.00777
 1045    0.02468    0.00301    0.00816
 1046    0.02682    0.00301    0.00819
 1047    0.01972    0.00469    0.00983
 1048    0.02034    0.00541    0.01104
 1049    0.01796    0.00513    0.01020
 1050    0.01809    0.00563    0.01114
 1051    0.02075    0.00672    0.01413
 1052    0.02388    0.00709    0.01568
 1053    0.02430    0.00889    0.01992
 1054    0.02814    0.00941    0.02274
 1055    0.03185    0.01343    0.03295
 1056    0.01617    0.00442    0.00859
 1057    0.01394    0.00413    0.00766
 1058    0.01402    0.00319    0.00505
 1059    0.01329    0.00246    0.00315
 1060    0.01195    0.00402    0.00785
 1061    0.00977    0.00389    0.00776
 1062    0.00918    0.00332    0.00626
 1063    0.00854    0.00434    0.00924
 1064    0.01513    0.00317    0.00515
 1065    0.01555    0.00232    0.00292
 1066    0.01278    0.00188    0.00139
 1067    0.01252    0.00122   -0.00124
 1068    0.01708    0.00262    0.00400
 1069    0.02043    0.00334    0.00644
 1070    0.02383    0.00235    0.00507
 1071    0.02187    0.00208    0.00149
 1072    0.02914    0.00203    0.00778
 1073    0.01076    0.00235    0.00275
 1074    0.00841    0.00185    0.00159
 1075    0.00777    0.00138    0.00001
 1076    0.00709    0.00061   -0.00204
 1077    0.00662    0.00225    0.00352
 1078    0.00756    0.00154    0.00146
 1079    0.00691    0.00117    0.00038
 1080    0.00837    0.00073   -0.00183
 1081    0.00775    0.00008   -0.00357
 1082    0.00689    0.00178    0.00218
 1083    0.00560    0.00212    0.00416
 1084    0.00633    0.00132    0.00108
 1085    0.00553    0.00280    0.00595
 1086    0.01041    0.00085   -0.00166
 1087    0.01198    0.00041   -0.00388
 1088    0.01181   -0.00009   -0.00660
 1089    0.01208   -0.00040   -0.00857
 1090    0.01400    0.00055   -0.00357
 1091    0.01432    0.00123   -0.00166
 1092    0.01656    0.00148   -0.00036
 1093    0.01813    0.00128   -0.00153
 1094    0.01655    0.00201    0.00201
 1095    0.01152   -0.00012   -0.00625
 1096    0.01123   -0.00065   -0.00848
 1097    0.00916   -0.00117   -0.00907
 1098    0.00934   -0.00204   -0.01117
 1099    0.01113   -0.00066   -0.00770
 1100    0.00751   -0.00081   -0.00745
 1101    0.00551   -0.00149   -0.00810
 1102    0.00588   -0.00196   -0.00928
 1103    0.00501   -0.00258   -0.01070
 1104    0.00385   -0.00091   -0.00603
 1105    0.00705   -0.00147   -0.00869
 1106    0.00745   -0.00201   -0.00950
 1107    0.00879   -0.00237   -0.01194
 1108    0.00808   -0.00290   -0.01309
 1109    0.00848   -0.00135   -0.00847
 1110    0.00856   -0.00142   -0.00910
 1111    0.00716   -0.00132   -0.00801
 1112    0.00979   -0.00164   -0.01112
 1113    0.00735   -0.00129   -0.00909
 1114    0.00879   -0.00162   -0.01072
 1115    0.01065   -0.00179   -0.01266
 1116    0.01225   -0.00220   -0.01490
 1117    0.01125   -0.00373   -0.01629
 1118    0.01196   -0.00479   -0.01833
 1119    0.01449   -0.00153   -0.01512
 1120    0.01563   -0.00094   -0.01451
 1121    0.01776   -0.00034   -0.01546
 1122    0.01424   -0.00057   -0.01358
 1123    0.00956   -0.00389   -0.01515
 1124    0.00842   -0.00488   -0.01642
 1125    0.00688   -0.00557   -0.01754
 1126    0.00679   -0.00683   -0.01972
 1127    0.00681   -0.00453   -0.01491
 1128    0.00580   -0.00516   -0.01626
 1129    0.00426   -0.00595   -0.01679
 1130    0.00552   -0.00623   -0.01790
 1131    0.00498   -0.00754   -0.01971
 1132    0.00250   -0.00511   -0.01480
 1133    0.00081   -0.00575   -0.01531
 1134    0.00126   -0.00455   -0.01373
 1135    0.00709   -0.00527   -0.01722
 1136    0.00845   -0.00522   -0.01800
 1137    0.01020   -0.00661   -0.02054
 1138    0.01048   -0.00724   -0.02168
 1139    0.00986   -0.00385   -0.01682
 1140    0.01095   -0.00713   -0.02161
 1141    0.01309   -0.00886   -0.02363
 1142    0.01072   -0.01011   -0.02617
 1143    0.01181   -0.01131   -0.02894
 1144    0.01504   -0.00914   -0.02343
 1145    0.01700   -0.01060   -0.02631
 1146    0.01574   -0.00970   -0.02799
 1147    0.01474   -0.01081   -0.03074
 1148    0.01715   -0.00844   -0.02640
 1149    0.00805   -0.01010   -0.02575
 1150    0.00527   -0.01184   -0.02796
 1151    0.00448   -0.01211   -0.02802
 1152    0.00272   -0.01282   -0.02902
 1153    0.00379   -0.01039   -0.02559
 1154    0.00251   -0.01270   -0.02749
 1155    0.00091   -0.01292   -0.02883
 1156   -0.00022   -0.01243   -0.02773
 1157    0.00044   -0.01602   -0.03179
 1158    0.00627   -0.01152   -0.02621
 1159    0.00563   -0.01152   -0.02590
 1160    0.00700   -0.01488   -0.03089
 1161    0.00526   -0.01862   -0.03418
 1162    0.00950   -0.01421   -0.03162
 1163    0.01288   -0.01841   -0.03792
 1164    0.01878   -0.01483   -0.04201
 1165    0.01699   -0.01102   -0.03632
 1166    0.01093   -0.01896   -0.03564
 1167    0.00975   -0.01247   -0.03164
 1168    0.00771   -0.00921   -0.02654
 1169    0.00569   -0.01036   -0.02425
 1170    0.00896   -0.00693   -0.02505
 1171    0.02392   -0.02008   -0.05009
 1172    0.03782   -0.01939   -0.06287
 1173    0.03773   -0.02411   -0.05990
 1174    0.04248   -0.02962   -0.06452
 1175    0.04742   -0.02727   -0.07685
 1176    0.02940   -0.01923   -0.05753
 1177    0.02496   -0.01911   -0.04746
 1178    0.01549   -0.01893   -0.03824
 1179    0.01173   -0.00905   -0.04137
 1180    0.01316   -0.00248   -0.05087
 1181    0.00672   -0.01720   -0.02800
 1182    0.00689   -0.02486   -0.02564
 1183    0.00231   -0.02125   -0.02098
 1184    0.00219   -0.02572   -0.02325
 1185    0.00314   -0.02150   -0.02336
 1186    0.00189   -0.01649   -0.01784
 1187    0.00393   -0.02121   -0.02549
 1188    0.00201   -0.00357   -0.03154
 1189   -0.01083    0.01236   -0.03308
 1190   -0.01888    0.02189   -0.02569
 1191   -0.02689    0.03915   -0.01935
 1192   -0.02101    0.02516   -0.02957
 1193   -0.01964    0.02895   -0.01068
 1194   -0.04536    0.05104   -0.03900
 1195   -0.01177    0.01306   -0.02244
 1196   -0.01401    0.01759   -0.01604
 1197   -0.01937    0.02596   -0.02087
 1198   -0.01793    0.03206   -0.01168
 1199   -0.00950    0.00901   -0.01400
 1200   -0.00519    0.00050   -0.02246
 1201   -0.00281   -0.00128   -0.02753
 1202    0.00302   -0.00671   -0.02419
 1203   -0.01761    0.02162   -0.03060
 1204   -0.02128    0.02585   -0.03507
 1205   -0.01572    0.02373   -0.02583
 1206   -0.00943    0.01459   -0.02427
 1207   -0.03628    0.04752   -0.03627
 1208   -0.05123    0.05963   -0.05282
 1209   -0.13297    0.11028   -0.10633
 1210   -0.04292    0.05351   -0.04600
 1211   -0.01887    0.03546   -0.02142
 1212   -0.01767    0.03770   -0.01806
 1213   -0.01429    0.03001   -0.00989
 1214   -0.01269    0.02421   -0.00704
 1215   -0.01982    0.05341   -0.01687
 1216   -0.01667    0.05989   -0.00580
 1217   -0.01722    0.05090   -0.00080
 1218   -0.02460    0.04609    0.00817
 1219   -0.03583    0.04173    0.01363
 1220   -0.01406    0.02849   -0.00610
 1221   -0.01333    0.02237    0.00232
 1222   -0.01060    0.01276    0.00208
 1223   -0.00942    0.00870    0.00096
 1224   -0.01189    0.02092    0.00687
 1225   -0.01397    0.02627    0.01141
 1226   -0.01149    0.01988    0.00017
 1227   -0.00941    0.01080    0.00188
 1228   -0.00894    0.00717    0.00133
 1229   -0.00952    0.00676    0.00552
 1230   -0.01014    0.00798    0.00865
 1231   -0.01087    0.00819   -0.00049
 1232   -0.01229    0.00742   -0.00489
 1233   -0.01514    0.00946   -0.00616
 1234   -0.01003    0.00235   -0.00942
 1235   -0.00800    0.00435    0.00376
 1236   -0.00732    0.00425    0.00541
 1237   -0.00522    0.00211    0.00318
 1238   -0.00487    0.00223    0.00126
 1239   -0.00621    0.00393    0.00477
 1240   -0.00710    0.00493    0.00771
 1241   -0.00722    0.00603    0.01064
 1242   -0.00760    0.00520    0.00629
 1243   -0.00774    0.00758    0.01370
 1244   -0.00738    0.00637    0.00978
 1245   -0.00766    0.00763    0.01417
 1246   -0.00500    0.00172    0.00387
 1247   -0.00487    0.00054    0.00292
 1248   -0.00299    0.00047    0.00235
 1249   -0.00273    0.00096    0.00344
 1250   -0.00610    0.00099    0.00353
 1251   -0.00505   -0.00014    0.00228
 1252   -0.00419   -0.00034    0.00140
 1253   -0.00518   -0.00073    0.00191
 1254   -0.00320   -0.00100    0.00117
 1255   -0.00416   -0.00138    0.00143
 1256   -0.00144   -0.00011    0.00124
 1257   -0.00044   -0.00025    0.00103
 1258   -0.00089   -0.00044    0.00117
 1259   -0.00129   -0.00064    0.00110
 1260    0.00056   -0.00053   -0.00015
 1261    0.00143   -0.00070   -0.00055
 1262    0.00196   -0.00107   -0.00191
 1263    0.00110   -0.00074   -0.00014
 1264    0.00206   -0.00179   -0.00291
 1265    0.00113   -0.00132   -0.00116
 1266    0.00160   -0.00170   -0.00221
 1267   -0.00061   -0.00028    0.00138
 1268   -0.00057   -0.00030    0.00091
 1269    0.00004   -0.00025    0.00091
 1270    0.00038   -0.00009    0.00132
 1271   -0.00120   -0.00046    0.00094
 1272   -0.00117    0.00035    0.00184
 1273   -0.00246   -0.00065    0.00107
 1274   -0.00132    0.00032    0.00171
 1275    0.00002   -0.00025    0.00051
 1276    0.00046    0.00003    0.00043
 1277    0.00058    0.00004   -0.00013
 1278    0.00033   -0.00021   -0.00059
 1279    0.00035    0.00015    0.00058
 1280    0.00044    0.00042    0.00056
 1281    0.00007    0.00037    0.00072
 1282    0.00024    0.00066    0.00080
 1283    0.00116    0.00024   -0.00011
 1284    0.00165    0.00015   -0.00079
 1285    0.00183    0.00036   -0.00093
 1286    0.00172    0.00046   -0.00020
 1287    0.00228    0.00015   -0.00039
 1288    0.00194    0.00015    0.00004
 1289    0.00167    0.00052    0.00097
 1290    0.00181   -0.00017   -0.00076
 1291    0.00135    0.00069    0.00147
 1292    0.00121   -0.00026   -0.00036
 1293    0.00103    0.00025    0.00077
 1294    0.00180    0.00026   -0.00169
 1295    0.00200    0.00069   -0.00180
 1296    0.00233    0.00026   -0.00285
 1297    0.00232    0.00023   -0.00444
 1298    0.00105    0.00116   -0.00108
 1299    0.00057    0.00186   -0.00024
 1300    0.00117    0.00174   -0.00104
 1301    0.00019    0.00162    0.00044
 1302    0.00309    0.00041   -0.00298
 1303    0.00359    0.00036   -0.00415
 1304    0.00355    0.00065   -0.00409
 1305    0.00314    0.00118   -0.00307
 1306    0.00485   -0.00010   -0.00445
 1307    0.00553   -0.00021   -0.00602
 1308    0.00560    0.00002   -0.00663
 1309    0.00626   -0.00047   -0.00673
 1310    0.00291    0.00096   -0.00517
 1311    0.00272    0.00134   -0.00486
 1312    0.00293    0.00204   -0.00829
 1313    0.00262    0.00160   -0.01015
 1314    0.00162    0.00187   -0.00471
 1315    0.00186    0.00232   -0.00444
 1316    0.00144    0.00168   -0.00247
 1317    0.00316    0.00226   -0.00776
 1318    0.00403    0.00390   -0.01096
 1319    0.00441    0.00296   -0.01211
 1320    0.00464    0.00240   -0.01494
 1321    0.00384    0.00491   -0.01297
 1322    0.00456    0.00626   -0.01473
 1323    0.00519    0.00625   -0.01581
 1324    0.00435    0.00581   -0.01464
 1325    0.00457    0.00130   -0.01088
 1326    0.00494    0.00101   -0.01121
 1327    0.00423    0.00049   -0.01155
 1328    0.00415    0.00044   -0.01237
 1329    0.00351    0.00004   -0.01083
 1330    0.00265   -0.00045   -0.01101
 1331    0.00251   -0.00037   -0.00909
 1332    0.00261    0.00021   -0.00847
 1333    0.00204   -0.00052   -0.01214
 1334    0.00172   -0.00108   -0.01421
 1335    0.00150   -0.00155   -0.01481
 1336    0.00207   -0.00042   -0.01541
 1337    0.00151   -0.00167   -0.01683
 1338    0.00204   -0.00100   -0.01754
 1339    0.00289   -0.00073   -0.00857
 1340    0.00292   -0.00048   -0.00731
 1341    0.00179   -0.00085   -0.00734
 1342    0.00126   -0.00146   -0.00814
 1343    0.00357   -0.00052   -0.00626
 1344    0.00372   -0.00062   -0.00460
 1345    0.00431   -0.00029   -0.00313
 1346    0.00409   -0.00052   -0.00370
 1347    0.00157   -0.00074   -0.00630
 1348    0.00069   -0.00093   -0.00605
 1349    0.00052   -0.00093   -0.00445
 1350    0.00097   -0.00053   -0.00351
 1351   -0.00004   -0.00015   -0.00592
 1352   -0.00018   -0.00057   -0.00755
 1353   -0.00096   -0.00126   -0.00840
 1354    0.00047   -0.00024   -0.00862
 1355   -0.00112   -0.00151   -0.01017
 1356    0.00035   -0.00021   -0.01030
 1357   -0.00050   -0.00085   -0.01120
 1358   -0.00060   -0.00065   -0.01335
 1359   -0.00031   -0.00135   -0.00463
 1360   -0.00084   -0.00133   -0.00353
 1361   -0.00145   -0.00158   -0.00285
 1362   -0.00229   -0.00220   -0.00360
 1363   -0.00132   -0.00195   -0.00403
 1364   -0.00151   -0.00167   -0.00268
 1365   -0.00207   -0.00196   -0.00324
 1366   -0.00306   -0.00205   -0.00251
 1367   -0.00176   -0.00219   -0.00387
 1368   -0.00108   -0.00120   -0.00156
 1369   -0.00112   -0.00127   -0.00070
 1370   -0.00130   -0.00165   -0.00017
 1371   -0.00097   -0.00114    0.00025
 1372   -0.00053   -0.00043   -0.00002
 1373   -0.00053    0.00001   -0.00051
 1374   -0.00021    0.00068    0.00073
 1375   -0.00079   -0.00032   -0.00108
 1376   -0.00173   -0.00248    0.00011
 1377   -0.00186   -0.00275    0.00031
 1378   -0.00152   -0.00345    0.00146
 1379   -0.00220   -0.00420    0.00143
 1380   -0.00320   -0.00323   -0.00020
 1381   -0.00375   -0.00289    0.00019
 1382   -0.00538   -0.00328    0.00057
 1383   -0.00302   -0.00305    0.00060
 1384   -0.00004   -0.00253    0.00169
 1385    0.00143   -0.00273    0.00247
 1386    0.00080   -0.00380    0.00281
 1387    0.00232   -0.00400    0.00394
 1388   -0.00166   -0.00409    0.00177
 1389   -0.00402   -0.00535    0.00220
 1390   -0.00565   -0.00700    0.00196
 1391   -0.00818   -0.00825    0.00183
 1392   -0.00380   -0.00479    0.00165
 1393   -0.00169   -0.00183    0.00055
 1394   -0.00360   -0.00140    0.00120
 1395   -0.00578   -0.00096    0.00207
 1396   -0.01044   -0.00188    0.00404
 1397   -0.01145   -0.00174    0.00365
 1398   -0.01532   -0.00195    0.00570
 1399   -0.00540   -0.00741    0.00136
 1400   -0.00658   -0.00908    0.00092
 1401   -0.00483   -0.00924    0.00100
 1402   -0.00238   -0.00835    0.00203
 1403   -0.00624   -0.00812    0.00019
 1404   -0.00781   -0.00811   -0.00044
 1405   -0.01132   -0.01074   -0.00163
 1406   -0.00946   -0.01057   -0.00418
 1407   -0.00610   -0.01234   -0.00015
 1408   -0.00350   -0.01342   -0.00064
 1409   -0.00361   -0.00939   -0.00160
 1410   -0.00279   -0.00742   -0.00103
 1411   -0.00635   -0.01776   -0.00271
 1412   -0.01094   -0.02044   -0.00247
 1413   -0.00924   -0.01635   -0.00153
 1414   -0.00438   -0.00929   -0.00211
 1415   -0.00463   -0.00691   -0.00320
 1416   -0.00437   -0.00560   -0.00361
 1417   -0.00489   -0.00613   -0.00342
 1418   -0.00656   -0.00922   -0.00539
 1419   -0.00856   -0.01421   -0.00601
 1420   -0.00908   -0.01312   -0.00735
 1421   -0.00821   -0.01875   -0.00713
 1422   -0.01070   -0.01634   -0.00864
 1423   -0.01011   -0.02444   -0.00856
 1424   -0.01147   -0.02230   -0.00983
 1425   -0.00355   -0.00441   -0.00400
 1426   -0.00323   -0.00366   -0.00476
 1427   -0.00406   -0.00468   -0.00706
 1428   -0.00445   -0.00555   -0.00841
 1429   -0.00243   -0.00226   -0.00438
 1430   -0.00243   -0.00194   -0.00314
 1431   -0.00317   -0.00349   -0.00406
 1432   -0.00387   -0.00407   -0.00712
 1433   -0.00397   -0.00403   -0.00932
 1434   -0.00284   -0.00344   -0.00981
 1435   -0.00191   -0.00253   -0.00862
 1436   -0.00366   -0.00421   -0.00884
 1437   -0.00276   -0.00467   -0.01072
 1438   -0.00473   -0.00579   -0.00785
 1439   -0.00290   -0.00382   -0.01222
 1440   -0.00182   -0.00291   -0.01329
 1441   -0.00095   -0.00316   -0.01368
 1442   -0.00124   -0.00505   -0.01550
 1443   -0.00248   -0.00333   -0.01544
 1444   -0.00129   -0.00266   -0.01593
 1445   -0.00022   -0.00244   -0.01330
 1446   -0.00201   -0.00400   -0.01819
 1447    0.00029   -0.00252   -0.01144
 1448    0.00106   -0.00280   -0.01094
 1449    0.00132   -0.00253   -0.01057
 1450    0.00241   -0.00198   -0.00957
 1451    0.00151   -0.00240   -0.00780
 1452    0.00091   -0.00258   -0.00782
 1453    0.00039   -0.00317   -0.00795
 1454    0.00041   -0.00244   -0.00729
 1455   -0.00023   -0.00312   -0.00751
 1456   -0.00031   -0.00292   -0.00649
 1457    0.00113   -0.00308   -0.01228
 1458    0.00110   -0.00280   -0.01298
 1459    0.00159   -0.00184   -0.01217
 1460    0.00205   -0.00148   -0.01099
 1461    0.00178   -0.00155   -0.01238
 1462    0.00316   -0.00126   -0.01240
 1463    0.00442   -0.00077   -0.01003
 1464    0.00492   -0.00141   -0.00873
 1465    0.00371   -0.00117   -0.01303
 1466    0.00511   -0.00019   -0.00942
 1467    0.00623   -0.00026   -0.00720
 1468    0.00715   -0.00008   -0.00714
 1469    0.00662    0.00012   -0.00852
 1470    0.00568   -0.00007   -0.00658
 1471    0.00682    0.00023   -0.00494
 1472    0.00907   -0.00039   -0.00567
 1473    0.00974   -0.00054   -0.00581
 1474    0.00947   -0.00002   -0.00456
 1475    0.00914   -0.00023   -0.00368
 1476    0.01161   -0.00155   -0.00498
 1477    0.01167   -0.00185   -0.00588
 1478    0.00924   -0.00076   -0.00472
 1479    0.00811   -0.00118   -0.00353
 1480    0.00821   -0.00117   -0.00204
 1481    0.00742   -0.00060   -0.00110
 1482    0.00661   -0.00208   -0.00333
 1483    0.00643   -0.00162   -0.00459
 1484    0.00431   -0.00079   -0.00310
 1485    0.00441   -0.00027   -0.00331
 1486    0.00214   -0.00030   -0.00157
 1487    0.00994   -0.00160   -0.00219
 1488    0.01060   -0.00149   -0.00120
 1489    0.01053   -0.00009   -0.00074
 1490    0.01032    0.00060   -0.00010
 1491    0.01234   -0.00134   -0.00115
 1492    0.01142   -0.00291   -0.00138
 1493    0.00976   -0.00346   -0.00179
 1494    0.01471   -0.00251   -0.00165
 1495    0.01085    0.00003   -0.00142
 1496    0.01056    0.00068   -0.00118
 1497    0.00927    0.00068   -0.00093
 1498    0.00883    0.00082   -0.00046
 1499    0.01103    0.00034   -0.00158
 1500    0.01041   -0.00005   -0.00270
 1501    0.01278    0.00027   -0.00119
 1502    0.00856    0.00039   -0.00126
 1503    0.00725    0.00034   -0.00113
 1504    0.00689    0.00073   -0.00042
 1505    0.00633    0.00069   -0.00014
 1506    0.00656    0.00020   -0.00144
 1507    0.00527    0.00010   -0.00135
 1508    0.00483   -0.00007   -0.00182
 1509    0.00434   -0.00015   -0.00146
 1510    0.00694    0.00127    0.00027
 1511    0.00702    0.00153    0.00149
 1512    0.00816    0.00155    0.00194
 1513    0.00795    0.00196    0.00263
 1514    0.00716    0.00194    0.00212
 1515    0.00513    0.00134    0.00123
 1516    0.00532    0.00121    0.00147
 1517    0.00400    0.00145    0.00113
 1518    0.00915    0.00152    0.00186
 1519    0.00971    0.00207    0.00224
 1520    0.00913    0.00192    0.00177
 1521    0.00920    0.00280    0.00225
 1522    0.01076    0.00214    0.00193
 1523    0.01201    0.00285    0.00229
 1524    0.01311    0.00278    0.00102
 1525    0.01452    0.00311    0.00061
 1526    0.01561    0.00365    0.00203
 1527    0.00813    0.00098    0.00065
 1528    0.00740    0.00065   -0.00031
 1529    0.00665    0.00081   -0.00005
 1530    0.00640    0.00059   -0.00002
 1531    0.00689    0.00041   -0.00178
 1532    0.00774    0.00056   -0.00209
 1533    0.00764   -0.00004   -0.00338
 1534    0.00869    0.00082   -0.00101
 1535    0.00641    0.00099    0.00032
 1536    0.00587    0.00111    0.00077
 1537    0.00618    0.00167    0.00185
 1538    0.00534    0.00167    0.00223
 1539    0.00490    0.00089    0.00076
 1540    0.00653    0.00222    0.00299
 1541    0.00680    0.00316    0.00422
 1542    0.00714    0.00379    0.00440
 1543    0.00738    0.00430    0.00580
 1544    0.00750    0.00369    0.00475
 1545    0.00754    0.00315    0.00323
 1546    0.00781    0.00307    0.00301
 1547    0.00690    0.00266    0.00303
 1548    0.00716    0.00306    0.00392
 1549    0.00861    0.00259    0.00190
 1550    0.00950    0.00269    0.00206
 1551    0.00838    0.00209    0.00147
 1552    0.00714    0.00138   -0.00017
 1553    0.00744    0.00078   -0.00101
 1554    0.00576    0.00189    0.00226
 1555    0.00407    0.00146    0.00200
 1556    0.00403    0.00200    0.00352
 1557    0.00341    0.00213    0.00374
 1558    0.00308    0.00059    0.00029
 1559    0.00144   -0.00023   -0.00095
 1560    0.00378    0.00017   -0.00075
 1561    0.00453    0.00262    0.00416
 1562    0.00454    0.00287    0.00605
 1563    0.00462    0.00405    0.00737
 1564    0.00360    0.00421    0.00864
 1565    0.00476    0.00322    0.00617
 1566    0.00364    0.00234    0.00472
 1567    0.00567    0.00464    0.00765
 1568    0.00603    0.00570    0.00929
 1569    0.00490    0.00559    0.00898
 1570    0.00457    0.00687    0.01089
 1571    0.00764    0.00674    0.00926
 1572    0.00843    0.00788    0.00932
 1573    0.01001    0.00845    0.00971
 1574    0.01022    0.00715    0.00840
 1575    0.01023    0.00623    0.00733
 1576    0.01012    0.00619    0.00735
 1577    0.01058    0.00536    0.00637
 1578    0.00440    0.00432    0.00704
 1579    0.00322    0.00350    0.00612
 1580    0.00075    0.00387    0.00696
 1581   -0.00109    0.00439    0.00805
 1582    0.00253    0.00209    0.00387
 1583    0.00458    0.00184    0.00328
 1584    0.00378    0.00057    0.00120
 1585    0.00247   -0.00070   -0.00040
 1586    0.00471    0.00032    0.00061
 1587    0.00056    0.00387    0.00674
 1588   -0.00135    0.00445    0.00776
 1589   -0.00163    0.00579    0.01118
 1590   -0.00429    0.00687    0.01305
 1591   -0.00096    0.00406    0.00733
 1592   -0.00165    0.00296    0.00503
 1593   -0.00027    0.00200    0.00346
 1594   -0.00329    0.00279    0.00490
 1595   -0.00084    0.00112    0.00168
 1596   -0.00384    0.00165    0.00327
 1597   -0.00248    0.00059    0.00163
 1598    0.00085    0.00594    0.01269
 1599    0.00138    0.00709    0.01678
 1600    0.00021    0.00810    0.01889
 1601   -0.00077    0.00747    0.02368
 1602    0.00441    0.00752    0.01830
 1603    0.00483    0.00617    0.01568
 1604    0.00418    0.00876    0.02309
 1605    0.00121    0.00790    0.01642
 1606    0.00289    0.00815    0.01937
 1607   -0.00380    0.00838    0.01734
 1608   -0.00659    0.00981    0.01953
 1609    0.00538    0.00830    0.01535
 1610    0.00987    0.01032    0.01735
 1611    0.00648    0.00809    0.01089
 1612    0.00519    0.00610    0.00877
 1613    0.00683    0.00802    0.01092
 1614   -0.00595    0.00748    0.01391
 1615   -0.01088    0.00798    0.01315
 1616   -0.01665    0.01246    0.01517
 1617   -0.02211    0.01441    0.01702
 1618   -0.00972    0.00577    0.01053
 1619   -0.00747    0.00353    0.00794
 1620   -0.00763    0.00119    0.00579
 1621   -0.00721    0.00180    0.00447
 1622   -0.00519    0.00124    0.00263
 1623   -0.00340    0.00007    0.00149
 1624   -0.00508    0.00158    0.00225
 1625   -0.01399    0.01222    0.01635
 1626   -0.01604    0.01484    0.01900
 1627   -0.01383    0.01548    0.02400
 1628   -0.00931    0.01292    0.02643
 1629   -0.01406    0.01271    0.01859
 1630   -0.01377    0.01052    0.01687
 1631   -0.01709    0.01144    0.01771
 1632   -0.01746    0.01038    0.01567
 1633   -0.01907    0.01311    0.02018
 1634   -0.01528    0.01732    0.02665
 1635   -0.01191    0.01589    0.03449
 1636   -0.00916    0.01579    0.04288
 1637   -0.00364    0.01307    0.04767
 1638   -0.01765    0.02236    0.04129
 1639   -0.01094    0.02874    0.06737
 1640   -0.02947    0.06865    0.12369
 1641   -0.06820    0.15679    0.25515
 1642   -0.04957    0.11427    0.20655
 1643   -0.01317    0.02074    0.04496
 1644   -0.01180    0.02053    0.05194
 1645   -0.01020    0.01806    0.04555
 1646   -0.00930    0.01714    0.05021
 1647   -0.01070    0.01645    0.03649
 1648   -0.00979    0.01493    0.03308
 1649   -0.00522    0.01280    0.03346
 1650   -0.00216    0.01185    0.03261
 1651   -0.01208    0.01481    0.02753
 1652   -0.01113    0.01289    0.02580
 1653   -0.01388    0.01516    0.02838
 1654   -0.01278    0.01507    0.02996
 1655   -0.01685    0.01698    0.02846
 1656   -0.00504    0.01262    0.03441
 1657   -0.00082    0.01143    0.03572
 1658   -0.00088    0.00986    0.03033
 1659    0.00208    0.00902    0.02949
 1660   -0.00026    0.01249    0.04185
 1661   -0.00223    0.01293    0.04242
 1662    0.00518    0.01086    0.04395
 1663   -0.00338    0.00998    0.02744
 1664   -0.00325    0.00901    0.02359
 1665   -0.00206    0.00732    0.01921
 1666   -0.00365    0.00697    0.01637
 1667   -0.00546    0.00964    0.02236
 1668   -0.00612    0.01096    0.02568
 1669   -0.00862    0.01186    0.02738
 1670   -0.00831    0.01177    0.03295
 1671   -0.00999    0.01264    0.04404
 1672   -0.01273    0.01488    0.04695
 1673   -0.00836    0.00960    0.05828
 1674    0.00018    0.00642    0.01943
 1675    0.00088    0.00555    0.01573
 1676    0.00205    0.00334    0.01486
 1677    0.00256    0.00252    0.01707
 1678    0.00196    0.00584    0.01598
 1679    0.00026    0.00651    0.01660
 1680   -0.00090    0.00799    0.02033
 1681   -0.00072    0.00600    0.01384
 1682   -0.00353    0.00896    0.02046
 1683   -0.00305    0.00676    0.01438
 1684   -0.00462    0.00828    0.01727
 1685    0.00226    0.00226    0.01073
 1686    0.00214    0.00109    0.00878
 1687    0.00269    0.00090    0.00722
 1688    0.00237    0.00083    0.00646
 1689    0.00142   -0.00086    0.00724
 1690    0.00031   -0.00014    0.00847
 1691    0.00240    0.00121    0.00567
 1692    0.00173    0.00163    0.00420
 1693    0.00061    0.00085    0.00296
 1694    0.00022    0.00094    0.00301
 1695    0.00255    0.00272    0.00487
 1696    0.00039   -0.00020    0.00202
 1697   -0.00081   -0.00113    0.00099
 1698   -0.00062   -0.00109    0.00089
 1699    0.00011   -0.00034    0.00108
 1700   -0.00163   -0.00197   -0.00041
 1701   -0.00212   -0.00200   -0.00105
 1702   -0.00103   -0.00137   -0.00041
 1703   -0.00106   -0.00095    0.00032
 1704   -0.00080   -0.00072    0.00028
 1705   -0.00170   -0.00150   -0.00029
 1706   -0.00228   -0.00187   -0.00070
 1707   -0.00008   -0.00009    0.00029
 1708   -0.00154   -0.00116   -0.00011
 1709   -0.00262   -0.00135   -0.00032
 1710   -0.00264   -0.00121   -0.00033
 1711   -0.00220   -0.00113   -0.00008
 1712   -0.00245   -0.00090    0.00007
 1713   -0.00348   -0.00085    0.00025
 1714   -0.00450   -0.00180   -0.00033
 1715   -0.00290   -0.00029    0.00065
 1716   -0.00332   -0.00160   -0.00075
 1717   -0.00358   -0.00148   -0.00091
 1718   -0.00447   -0.00145   -0.00108
 1719   -0.00518   -0.00142   -0.00143
 1720   -0.00264   -0.00139   -0.00111
 1721   -0.00251   -0.00100   -0.00141
 1722   -0.00462   -0.00160   -0.00056
 1723   -0.00579   -0.00149   -0.00028
 1724   -0.00591   -0.00116   -0.00094
 1725   -0.00512   -0.00101   -0.00118
 1726   -0.00603   -0.00180    0.00046
 1727   -0.00734   -0.00208    0.00123
 1728   -0.00704   -0.00253    0.00210
 1729   -0.00892   -0.00265    0.00288
 1730   -0.00908   -0.00250    0.00352
 1731   -0.00722   -0.00087   -0.00118
 1732   -0.00797   -0.00064   -0.00191
 1733   -0.00908   -0.00072   -0.00171
 1734   -0.00950   -0.00041   -0.00207
 1735   -0.00873   -0.00077   -0.00230
 1736   -0.01008   -0.00096   -0.00112
 1737   -0.01229   -0.00070   -0.00080
 1738   -0.01358   -0.00071   -0.00197
 1739   -0.01584   -0.00047   -0.00298
 1740   -0.01178   -0.00101   -0.00030
 1741   -0.01372   -0.00040   -0.00282
