    1   -0.00349    0.04827   -0.05589
    2   -0.00601    0.04296   -0.05025
    3   -0.00570    0.02748   -0.02978
    4   -0.00571    0.02007   -0.02673
    5   -0.00147    0.04586   -0.07681
    6   -0.00717    0.02937   -0.02613
    7   -0.00572    0.02316   -0.01791
    8   -0.00287    0.01599   -0.01671
    9   -0.00268    0.01680   -0.02077
   10   -0.00800    0.02764   -0.01388
   11   -0.00730    0.03232   -0.01569
   12   -0.00398    0.03815   -0.01329
   13   -0.00282    0.04719   -0.01361
   14   -0.00549    0.03128   -0.00734
   15   -0.00162    0.01155   -0.01330
   16    0.00048    0.00685   -0.01244
   17    0.00063    0.00670   -0.00954
   18    0.00020    0.00922   -0.00748
   19    0.00127    0.00373   -0.00954
   20    0.00004    0.00273   -0.01122
   21    0.00002    0.00168   -0.00759
   22    0.00095    0.00151   -0.01444
   23    0.00274    0.00294   -0.00826
   24    0.00321    0.00168   -0.00442
   25    0.00259    0.00046   -0.00042
   26    0.00276   -0.00009   -0.00044
   27    0.00613   -0.00192   -0.00406
   28    0.00665   -0.00103   -0.00702
   29    0.00991   -0.00595   -0.00583
   30    0.01139   -0.00552   -0.00938
   31    0.01165   -0.00323   -0.01131
   32    0.00202    0.00102    0.00237
   33    0.00088    0.00151    0.00452
   34    0.00281   -0.00339    0.00603
   35    0.00625   -0.00619    0.00624
   36    0.00546    0.00481    0.00532
   37    0.00350    0.00742    0.00637
   38    0.00146    0.00383    0.00209
   39    0.00220   -0.00274    0.00628
   40    0.00452   -0.00649    0.00822
   41    0.00455   -0.00608    0.00928
   42    0.00166   -0.00313    0.00742
   43    0.00353   -0.00545    0.00659
   44    0.00438   -0.00737    0.00719
   45    0.00717   -0.01027    0.00667
   46    0.00716   -0.00923    0.00395
   47    0.00875   -0.01044    0.01284
   48    0.00857   -0.01209    0.01463
   49    0.00613   -0.01050    0.01227
   50    0.00666   -0.01067    0.01099
   51    0.01100   -0.01673    0.01658
   52    0.00918   -0.01800    0.01813
   53    0.01065   -0.02341    0.01968
   54    0.01225   -0.02348    0.01835
   55    0.01002   -0.02565    0.02057
   56    0.00369   -0.00800    0.01042
   57    0.00200   -0.00739    0.00957
   58    0.00458   -0.00976    0.01077
   59    0.00458   -0.01062    0.01139
   60   -0.00187   -0.00676    0.00732
   61   -0.00336   -0.00612    0.00651
   62   -0.00186   -0.00758    0.00527
   63   -0.00643   -0.00444    0.00519
   64    0.00477   -0.01034    0.01021
   65    0.00625   -0.01306    0.01178
   66    0.00659   -0.01267    0.01177
   67    0.00668   -0.01248    0.01069
   68    0.00860   -0.01684    0.01414
   69    0.00985   -0.01874    0.01428
   70    0.00978   -0.01907    0.01601
   71    0.01120   -0.02043    0.01338
   72    0.00643   -0.01238    0.01203
   73    0.00670   -0.01136    0.01012
   74    0.00821   -0.01199    0.01039
   75    0.00758   -0.01121    0.00974
   76    0.00696   -0.01214    0.01003
   77    0.00760   -0.01381    0.01227
   78    0.00625   -0.01301    0.01167
   79    0.01011   -0.01350    0.01163
   80    0.01160   -0.01543    0.01093
   81    0.01070   -0.01585    0.01008
   82    0.01062   -0.01478    0.00873
   83    0.01284   -0.01882    0.01228
   84    0.01448   -0.02171    0.01043
   85    0.01907   -0.02747    0.01199
   86    0.01934   -0.02878    0.01323
   87    0.02264   -0.03000    0.01288
   88    0.01066   -0.01627    0.01008
   89    0.01022   -0.01653    0.00880
   90    0.00946   -0.01389    0.00809
   91    0.00967   -0.01440    0.00704
   92    0.01042   -0.01644    0.00927
   93    0.01279   -0.01904    0.01024
   94    0.01310   -0.01930    0.01199
   95    0.01178   -0.01645    0.00957
   96    0.00839   -0.01225    0.00832
   97    0.00707   -0.01097    0.00802
   98    0.00779   -0.01093    0.00901
   99    0.00690   -0.01107    0.00861
  100    0.00543   -0.00915    0.00804
  101    0.00353   -0.00823    0.00808
  102    0.00402   -0.00881    0.00841
  103    0.00157   -0.00721    0.00681
  104    0.00873   -0.01065    0.00859
  105    0.00831   -0.01081    0.00867
  106    0.00771   -0.01089    0.00892
  107    0.00574   -0.01065    0.00915
  108    0.00878   -0.01005    0.00835
  109    0.00890   -0.00802    0.00664
  110    0.00746   -0.00653    0.00565
  111    0.00877   -0.00834    0.00661
  112    0.00975   -0.01304    0.00825
  113    0.00921   -0.01541    0.00727
  114    0.00761   -0.01522    0.00543
  115    0.00764   -0.01568    0.00463
  116    0.01139   -0.01753    0.00405
  117    0.01291   -0.01864    0.00282
  118    0.01267   -0.02113    0.00227
  119    0.01478   -0.02243    0.00040
  120    0.01066   -0.02365   -0.00081
  121    0.00786   -0.01436    0.00530
  122    0.00773   -0.01303    0.00479
  123    0.00648   -0.01271    0.00581
  124    0.00459   -0.01236    0.00619
  125    0.00748   -0.01236    0.00559
  126    0.00575   -0.01147    0.00499
  127    0.00819   -0.01258    0.00560
  128    0.00540   -0.01165    0.00790
  129    0.00317   -0.01043    0.01056
  130    0.00288   -0.01154    0.01242
  131    0.00143   -0.01056    0.01436
  132    0.00347   -0.00854    0.00995
  133    0.00350   -0.00874    0.00830
  134    0.00320   -0.00744    0.00802
  135    0.00171   -0.00911    0.00792
  136    0.00407   -0.01219    0.01193
  137    0.00417   -0.01113    0.01230
  138    0.00346   -0.01172    0.01318
  139    0.00328   -0.00961    0.01650
  140    0.00419   -0.01200    0.01075
  141    0.00522   -0.01409    0.00920
  142    0.00494   -0.01357    0.01129
  143    0.00535   -0.01392    0.00895
  144    0.00411   -0.01424    0.00951
  145    0.00463   -0.01427    0.00998
  146    0.00804   -0.01354    0.00330
  147    0.00915   -0.01535    0.00076
  148    0.01307   -0.01551   -0.00178
  149    0.01597   -0.01822   -0.00272
  150    0.02084   -0.01943   -0.00542
  151    0.02150   -0.01717   -0.00721
  152    0.02435   -0.02465   -0.00651
  153    0.00296   -0.01401    0.01060
  154    0.00020   -0.01541    0.01192
  155   -0.00040   -0.01357    0.01553
  156   -0.00227   -0.01397    0.01627
  157   -0.00086   -0.01405    0.00919
  158    0.00021   -0.01296    0.00630
  159   -0.00088   -0.01154    0.00604
  160   -0.00106   -0.01442    0.00502
  161    0.00038   -0.01054    0.01847
  162    0.00033   -0.00747    0.01887
  163   -0.00043   -0.00589    0.01551
  164   -0.00069   -0.00395    0.01404
  165   -0.00101   -0.00667    0.01516
  166   -0.00207   -0.00467    0.01257
  167   -0.00171   -0.00205    0.01210
  168   -0.00035   -0.00248    0.01255
  169   -0.00154   -0.00570    0.01123
  170   -0.00165   -0.00397    0.00975
  171   -0.00205   -0.00682    0.01045
  172   -0.00220    0.00056    0.01141
  173   -0.00168    0.00404    0.01177
  174   -0.00253    0.00462    0.01103
  175   -0.00263    0.00364    0.01070
  176   -0.00055    0.00591    0.01208
  177   -0.00117    0.00939    0.01254
  178   -0.00238    0.00980    0.01190
  179   -0.00246    0.01253    0.01265
  180   -0.00179    0.01183    0.01149
  181   -0.00407    0.01230    0.01066
  182   -0.00532    0.01314    0.00796
  183   -0.00126    0.00861    0.00348
  184   -0.00132    0.01008    0.00048
  185   -0.01260    0.01641    0.00586
  186   -0.02694    0.02123    0.00752
  187   -0.05087    0.02214    0.00545
  188   -0.04576    0.02163    0.00573
  189   -0.10004    0.01734   -0.00084
  190   -0.00062    0.00667    0.00610
  191    0.00173    0.00454    0.00362
  192    0.00255    0.00253    0.00401
  193    0.00215    0.00087    0.00583
  194    0.00136    0.00367    0.00431
  195    0.00126    0.00491    0.00442
  196    0.00003    0.00557    0.00714
  197    0.00219    0.00482    0.00173
  198    0.00037    0.00574    0.00576
  199    0.00178    0.00520    0.00242
  200    0.00365    0.00402   -0.00068
  201    0.00343    0.00471    0.00038
  202    0.00532    0.00424   -0.00297
  203    0.00525    0.00449   -0.00280
  204    0.00419    0.00191    0.00167
  205    0.00487   -0.00025    0.00312
  206    0.00530   -0.00154    0.00222
  207    0.00546    0.00029    0.00107
  208    0.00564    0.00022    0.00322
  209    0.00376    0.00220    0.00396
  210    0.00457    0.00060    0.00631
  211    0.00301    0.00201    0.00723
  212    0.00171    0.00268    0.00705
  213    0.00034    0.00288    0.00588
  214    0.00093    0.00459    0.00928
  215    0.00578   -0.00484    0.00328
  216    0.00459   -0.00589    0.00443
  217    0.00491   -0.00644    0.00573
  218    0.00606   -0.00681    0.00596
  219    0.00423   -0.00691    0.00524
  220    0.00255   -0.00604    0.00490
  221    0.00269   -0.00649    0.00547
  222    0.00086   -0.00487    0.00380
  223    0.00116   -0.00599    0.00481
  224   -0.00042   -0.00393    0.00290
  225   -0.00037   -0.00440    0.00366
  226    0.00467   -0.00500    0.00643
  227    0.00560   -0.00519    0.00890
  228    0.00405   -0.00658    0.00904
  229    0.00291   -0.00636    0.00740
  230    0.00737   -0.00146    0.00743
  231    0.01084   -0.00100    0.01084
  232    0.00685    0.00191    0.00440
  233    0.00481   -0.00860    0.01091
  234    0.00345   -0.00913    0.01090
  235    0.00434   -0.00541    0.01403
  236    0.00780   -0.00254    0.01558
  237    0.00477   -0.01108    0.01245
  238    0.00499   -0.01142    0.01203
  239    0.00700   -0.01212    0.01409
  240    0.00354   -0.01085    0.01195
  241    0.00150   -0.00532    0.01383
  242    0.00175   -0.00361    0.01591
  243    0.00080   -0.00439    0.01894
  244   -0.00279   -0.00531    0.01733
  245   -0.00135   -0.00404    0.01103
  246   -0.00088   -0.00342    0.01307
  247   -0.00006   -0.00361    0.00773
  248    0.00439   -0.00295    0.02685
  249    0.00358   -0.00505    0.03419
  250   -0.00056   -0.00663    0.03419
  251   -0.00364   -0.00893    0.03809
  252    0.00797   -0.00379    0.04406
  253    0.01436   -0.00201    0.04390
  254    0.02112   -0.00196    0.04815
  255    0.01397   -0.00001    0.05460
  256   -0.00174   -0.00570    0.02822
  257   -0.00627   -0.00627    0.02713
  258   -0.00597   -0.00568    0.01809
  259   -0.00454   -0.00391    0.01505
  260   -0.00836   -0.00709    0.01368
  261   -0.00999   -0.00657    0.00899
  262   -0.00987   -0.00706    0.00818
  263   -0.01174   -0.00765    0.00540
  264   -0.01205   -0.00687    0.00742
  265   -0.01263   -0.00404    0.00647
  266   -0.01335   -0.00240    0.00382
  267   -0.01098   -0.00318    0.00487
  268   -0.00759   -0.00594    0.01035
  269   -0.00763   -0.00490    0.00827
  270   -0.00299   -0.00130    0.00699
  271    0.00000   -0.00046    0.00931
  272   -0.01060   -0.00750    0.01142
  273   -0.01108   -0.00928    0.01840
  274   -0.00603   -0.00770    0.02315
  275   -0.00325   -0.00532    0.02340
  276   -0.00580   -0.00797    0.02762
  277   -0.00274    0.00053    0.00306
  278    0.00200    0.00455    0.00032
  279    0.00762    0.00581    0.00467
  280    0.01238    0.00819    0.00413
  281    0.00050    0.00619   -0.00422
  282   -0.00089    0.00738   -0.00948
  283   -0.00527    0.00397   -0.00798
  284   -0.00914    0.00332   -0.00923
  285   -0.00485    0.00183   -0.00491
  286    0.00796    0.00486    0.00899
  287    0.01404    0.00713    0.01453
  288    0.01410    0.00587    0.01852
  289    0.01971    0.00870    0.02249
  290    0.01442    0.00685    0.02071
  291    0.00953    0.00294    0.01822
  292    0.00975    0.00257    0.02036
  293    0.01049    0.00402    0.01521
  294    0.01227    0.00440    0.01706
  295    0.00553   -0.00111    0.02392
  296    0.00513   -0.00287    0.03035
  297    0.00914    0.00403    0.01025
  298    0.00935    0.00486    0.00539
  299    0.01491    0.00911    0.00409
  300    0.01584    0.00944    0.00179
  301    0.00569    0.00380    0.00209
  302    0.00082    0.00075    0.00320
  303   -0.00189    0.00057    0.00051
  304    0.00014   -0.00062    0.00334
  305    0.01825    0.01198    0.00470
  306    0.02885    0.01635    0.00119
  307    0.03300    0.02137    0.00698
  308    0.04506    0.02615    0.00206
  309    0.02689    0.01846    0.01193
  310    0.02915    0.02130    0.01747
  311    0.02476    0.01539    0.01325
  312    0.02555    0.01223    0.01404
  313    0.02764    0.01934    0.02295
  314    0.02237    0.01086    0.02183
  315    0.02011    0.01063    0.00661
  316    0.01556    0.00706    0.00256
  317    0.01667    0.01013   -0.00203
  318    0.01964    0.01154   -0.00278
  319    0.01215    0.00446    0.00113
  320    0.00853    0.00269   -0.00092
  321    0.01141    0.00309    0.00600
  322    0.01615    0.01197   -0.00477
  323    0.01825    0.01604   -0.00575
  324    0.01929    0.01527   -0.00865
  325    0.01460    0.01066   -0.00876
  326    0.01336    0.01749   -0.01135
  327    0.01247    0.01360   -0.00530
  328    0.01295    0.01094   -0.00334
  329    0.02227    0.01803   -0.00852
  330    0.02175    0.01411   -0.00934
  331    0.01816    0.01450   -0.00993
  332    0.02029    0.02036   -0.01315
  333    0.02455    0.01379   -0.00992
  334    0.01683    0.01160   -0.00989
  335    0.01506    0.01003   -0.00965
  336    0.01190    0.00771   -0.00858
  337    0.01068    0.00714   -0.00721
  338    0.01455    0.00921   -0.01040
  339    0.01468    0.01009   -0.01095
  340    0.01388    0.00874   -0.00672
  341    0.01084    0.00665   -0.00874
  342    0.00881    0.00457   -0.00769
  343    0.00638    0.00449   -0.00736
  344    0.00512    0.00492   -0.00826
  345    0.00810    0.00363   -0.00717
  346    0.00449    0.00331   -0.00567
  347    0.00351    0.00364   -0.00544
  348    0.00165    0.00204   -0.00499
  349    0.00070    0.00197   -0.00475
  350    0.00346    0.00313   -0.00412
  351    0.00205    0.00217   -0.00196
  352    0.00083    0.00113   -0.00362
  353   -0.00080    0.00005   -0.00281
  354   -0.00163   -0.00052   -0.00204
  355   -0.00090   -0.00084   -0.00130
  356   -0.00113   -0.00069   -0.00155
  357   -0.00286   -0.00080   -0.00189
  358   -0.00367   -0.00136   -0.00038
  359   -0.00475   -0.00166    0.00063
  360   -0.00500   -0.00121    0.00011
  361   -0.00440   -0.00085   -0.00094
  362   -0.00540   -0.00159    0.00028
  363   -0.00415   -0.00222    0.00146
  364   -0.00620   -0.00146   -0.00044
  365   -0.00459   -0.00249    0.00158
  366   -0.00513   -0.00245    0.00223
  367   -0.00590   -0.00254    0.00294
  368   -0.00571   -0.00294    0.00372
  369   -0.00429   -0.00263    0.00223
  370   -0.00447   -0.00215    0.00254
  371   -0.00446   -0.00185    0.00223
  372   -0.00339   -0.00289    0.00353
  373   -0.00659   -0.00080    0.00222
  374   -0.00735    0.00024    0.00240
  375   -0.00708    0.00119    0.00244
  376   -0.00628    0.00162    0.00175
  377   -0.00744    0.00054    0.00221
  378   -0.00762    0.00088    0.00202
  379   -0.00843    0.00028    0.00240
  380   -0.00758    0.00178    0.00108
  381   -0.00732    0.00135    0.00205
  382   -0.00663    0.00274    0.00174
  383   -0.00541    0.00399    0.00146
  384   -0.00572    0.00349    0.00097
  385   -0.00675    0.00017    0.00171
  386   -0.00543    0.00082    0.00099
  387   -0.00549    0.00018    0.00184
  388   -0.00483    0.00188   -0.00007
  389   -0.00387    0.00614    0.00069
  390   -0.00293    0.00682   -0.00033
  391   -0.00125    0.00927   -0.00226
  392   -0.00058    0.01015   -0.00230
  393   -0.00327    0.00712   -0.00062
  394   -0.00236    0.00736   -0.00053
  395   -0.00098    0.00897   -0.00103
  396   -0.00335    0.00588    0.00070
  397   -0.00060    0.00921   -0.00123
  398   -0.00254    0.00654    0.00004
  399   -0.00147    0.00765   -0.00071
  400   -0.00027    0.00986   -0.00332
  401    0.00184    0.01087   -0.00477
  402    0.00234    0.01228   -0.00458
  403    0.00180    0.01181   -0.00443
  404    0.00200    0.01009   -0.00609
  405    0.00077    0.00960   -0.00559
  406   -0.00101    0.00888   -0.00370
  407    0.00319    0.01390   -0.00448
  408    0.00351    0.01572   -0.00429
  409    0.00370    0.01634   -0.00454
  410    0.00396    0.01641   -0.00603
  411    0.00430    0.01640   -0.00397
  412    0.00274    0.01573   -0.00413
  413    0.00156    0.01366   -0.00332
  414    0.00356    0.01508   -0.00409
  415    0.00320    0.01536   -0.00466
  416    0.00304    0.01695   -0.00568
  417    0.00204    0.01813   -0.00601
  418    0.00145    0.01694   -0.00577
  419    0.00346    0.01627   -0.00638
  420    0.00297    0.01513   -0.00570
  421    0.00367    0.01387   -0.00730
  422    0.00144    0.02041   -0.00681
  423    0.00135    0.02076   -0.00697
  424    0.00207    0.02040   -0.00595
  425    0.00156    0.02061   -0.00587
  426    0.00088    0.02404   -0.00782
  427    0.00337    0.01976   -0.00600
  428    0.00429    0.02003   -0.00519
  429    0.00384    0.01751   -0.00446
  430    0.00445    0.01761   -0.00393
  431    0.00500    0.02040   -0.00589
  432    0.00577    0.02015   -0.00557
  433    0.00775    0.02181   -0.00355
  434    0.00766    0.02214   -0.00245
  435    0.01033    0.02361   -0.00281
  436    0.00291    0.01631   -0.00468
  437    0.00253    0.01469   -0.00391
  438    0.00193    0.01418   -0.00424
  439    0.00187    0.01293   -0.00373
  440    0.00168    0.01326   -0.00424
  441    0.00112    0.01171   -0.00346
  442    0.00063    0.01138   -0.00356
  443    0.00066    0.01051   -0.00261
  444    0.00047    0.00948   -0.00306
  445    0.00049    0.00925   -0.00236
  446    0.00124    0.01513   -0.00539
  447    0.00030    0.01409   -0.00530
  448    0.00055    0.01386   -0.00565
  449   -0.00004    0.01211   -0.00559
  450   -0.00066    0.01501   -0.00620
  451   -0.00123    0.01355   -0.00578
  452   -0.00007    0.01338   -0.00413
  453    0.00008    0.01379   -0.00363
  454    0.00012    0.01298   -0.00425
  455    0.00162    0.01590   -0.00498
  456    0.00263    0.01587   -0.00438
  457    0.00395    0.01415   -0.00364
  458    0.00471    0.01237   -0.00355
  459    0.00384    0.01962   -0.00367
  460    0.00294    0.02252   -0.00427
  461    0.00269    0.02729   -0.00465
  462    0.00176    0.02377   -0.00572
  463    0.00393    0.01444   -0.00339
  464    0.00517    0.01278   -0.00241
  465    0.00427    0.01009   -0.00233
  466    0.00465    0.00798   -0.00294
  467    0.00485    0.01326   -0.00176
  468    0.00469    0.01147   -0.00116
  469    0.00534    0.01024   -0.00012
  470    0.00307    0.01043   -0.00171
  471    0.00359    0.00877   -0.00086
  472    0.00093    0.00874   -0.00275
  473    0.00113    0.00869   -0.00242
  474    0.00283    0.01011   -0.00285
  475    0.00227    0.00666   -0.00273
  476    0.00271    0.00406   -0.00306
  477    0.00302    0.00150   -0.00325
  478    0.00114    0.00700   -0.00274
  479    0.00128    0.00756   -0.00266
  480    0.00065    0.00579   -0.00247
  481   -0.00003    0.00555   -0.00261
  482   -0.00138    0.00408   -0.00261
  483   -0.00145    0.00306   -0.00324
  484   -0.00248    0.00378   -0.00214
  485    0.00249    0.00542   -0.00333
  486    0.00262    0.00314   -0.00334
  487    0.00457    0.00123   -0.00397
  488    0.00465   -0.00129   -0.00425
  489    0.00155    0.00564   -0.00504
  490   -0.00064    0.00684   -0.00552
  491   -0.00126    0.00346   -0.00417
  492   -0.00264    0.00486   -0.00364
  493   -0.00725    0.00920   -0.00961
  494    0.00553    0.00292   -0.00504
  495    0.00654    0.00101   -0.00757
  496    0.00556    0.00074   -0.00837
  497    0.00553   -0.00078   -0.01007
  498    0.00803    0.00327   -0.00819
  499    0.00466    0.00207   -0.00667
  500    0.00341    0.00189   -0.00597
  501    0.00342    0.00024   -0.00631
  502    0.00269    0.00078   -0.00685
  503    0.00301    0.00289   -0.00462
  504    0.00131    0.00307   -0.00515
  505    0.00015    0.00404   -0.00467
  506    0.00058    0.00318   -0.00437
  507   -0.00156    0.00399   -0.00500
  508    0.00364   -0.00084   -0.00499
  509    0.00352   -0.00128   -0.00372
  510    0.00466   -0.00133   -0.00469
  511    0.00407   -0.00020   -0.00385
  512    0.00347   -0.00156   -0.00174
  513    0.00210   -0.00080   -0.00205
  514    0.00381   -0.00126   -0.00032
  515    0.00087   -0.00080   -0.00091
  516    0.00580   -0.00285   -0.00484
  517    0.00701   -0.00428   -0.00552
  518    0.00598   -0.00329   -0.00842
  519    0.00602   -0.00451   -0.00967
  520    0.00913   -0.00744   -0.00568
  521    0.01033   -0.01001   -0.00195
  522    0.00712   -0.00717   -0.00222
  523    0.00637   -0.00602   -0.00004
  524    0.00742   -0.00716   -0.00285
  525    0.00405   -0.00117   -0.00976
  526    0.00081    0.00059   -0.01221
  527   -0.00491    0.00304   -0.00998
  528   -0.00900    0.00501   -0.01186
  529    0.00183    0.00152   -0.01347
  530    0.00081    0.00212   -0.01773
  531   -0.00387    0.00291   -0.01475
  532   -0.00453    0.00291   -0.01072
  533   -0.00689    0.00351   -0.02260
  534   -0.00375    0.00289   -0.00723
  535   -0.00623    0.00358   -0.00570
  536   -0.00511    0.00517   -0.00481
  537   -0.00966    0.00913   -0.00290
  538   -0.00398    0.00134   -0.00557
  539   -0.00579    0.00029   -0.00663
  540   -0.00309    0.00243   -0.00689
  541   -0.00220   -0.00024   -0.00612
  542   -0.00074    0.00447   -0.00412
  543    0.00054    0.00780   -0.00110
  544    0.00021    0.01571    0.00163
  545    0.00231    0.01826    0.00219
  546   -0.00189    0.00768   -0.00405
  547   -0.00449    0.02142    0.00331
  548   -0.01305    0.06012    0.01009
  549   -0.01876    0.04695    0.00573
  550   -0.11567    0.22044    0.05161
  551   -0.00761    0.01409   -0.00227
  552   -0.01311    0.01047   -0.00045
  553   -0.00864    0.00867   -0.00295
  554   -0.00619    0.01237   -0.00689
  555   -0.01016    0.00317   -0.00378
  556   -0.00482    0.00165   -0.00628
  557   -0.00507   -0.00008   -0.00655
  558   -0.00705   -0.00147   -0.00651
  559   -0.00262    0.00095   -0.00642
  560   -0.00628    0.00082   -0.00297
  561   -0.00434   -0.00297   -0.00543
  562   -0.00438   -0.00347   -0.00685
  563   -0.00499   -0.00491   -0.00770
  564   -0.00348   -0.00282   -0.00098
  565   -0.00282   -0.00555   -0.00701
  566   -0.00278   -0.00842   -0.01118
  567   -0.00287   -0.00942   -0.01167
  568   -0.00351   -0.00982   -0.01373
  569   -0.00398   -0.00252   -0.00896
  570   -0.00364   -0.00283   -0.00884
  571   -0.00484   -0.00541   -0.01086
  572   -0.00598   -0.00566   -0.01277
  573   -0.00337    0.00014   -0.00814
  574   -0.00520   -0.00319   -0.00378
  575   -0.00371    0.00058   -0.00785
  576   -0.00529   -0.00708   -0.01022
  577   -0.00599   -0.00754   -0.01133
  578   -0.00664   -0.00760   -0.00960
  579   -0.00611   -0.00687   -0.00701
  580   -0.00577   -0.00570   -0.01153
  581   -0.00539   -0.00464   -0.01219
  582   -0.00734   -0.01038   -0.01074
  583   -0.00847   -0.01092   -0.00816
  584   -0.00720   -0.00724   -0.00580
  585   -0.00361   -0.01125    0.00828
  586   -0.01171   -0.01643   -0.01401
  587   -0.00787   -0.01557   -0.01658
  588   -0.00708   -0.01437   -0.01551
  589   -0.00569   -0.00479   -0.00701
  590   -0.00497   -0.00384   -0.00414
  591   -0.00454   -0.00362   -0.00155
  592   -0.00364   -0.00256    0.00056
  593   -0.00455    0.00087   -0.00745
  594   -0.00376    0.00157   -0.00577
  595    0.00004    0.00752   -0.01139
  596   -0.00214    0.00907   -0.01132
  597    0.00657    0.01944   -0.02296
  598   -0.00515   -0.00397   -0.00230
  599   -0.00484   -0.00446   -0.00008
  600   -0.00386   -0.00563    0.00539
  601   -0.00496   -0.00656    0.00862
  602   -0.00520   -0.00416   -0.00111
  603   -0.00479   -0.00460    0.00028
  604   -0.00500   -0.00358   -0.00462
  605   -0.00390   -0.00550    0.00716
  606   -0.00329   -0.00834    0.01165
  607   -0.00395   -0.00663    0.00944
  608   -0.00435   -0.00532    0.00690
  609   -0.00337   -0.00867    0.01049
  610   -0.00528   -0.00995    0.01263
  611   -0.00520   -0.00950    0.01112
  612   -0.00698   -0.01309    0.01588
  613   -0.00642   -0.00950    0.01143
  614   -0.00835   -0.01376    0.01621
  615   -0.00811   -0.01246    0.01339
  616   -0.00919   -0.01240    0.01238
  617   -0.00369   -0.00738    0.01109
  618   -0.00283   -0.00436    0.00902
  619   -0.00169   -0.00422    0.01158
  620   -0.00092   -0.00542    0.01504
  621   -0.00257   -0.00438    0.00789
  622   -0.00060   -0.00317    0.00748
  623   -0.00054   -0.00223    0.00548
  624    0.00068   -0.00206    0.00861
  625    0.00018   -0.00142    0.00428
  626    0.00176   -0.00076    0.00690
  627    0.00179   -0.00046    0.00496
  628   -0.00145   -0.00334    0.00991
  629   -0.00032   -0.00255    0.01015
  630    0.00073   -0.00021    0.00807
  631    0.00039    0.00010    0.00708
  632   -0.00200   -0.00362    0.00940
  633   -0.00266   -0.00289    0.00710
  634   -0.00416   -0.00463    0.00614
  635   -0.00431   -0.00402    0.00526
  636    0.00250    0.00134    0.00820
  637    0.00390    0.00281    0.00685
  638    0.00261    0.00456    0.00555
  639    0.00129    0.00390    0.00511
  640    0.00652    0.00375    0.00821
  641    0.00762    0.00215    0.00965
  642    0.01129    0.00240    0.01137
  643    0.01138    0.00117    0.01317
  644    0.01537    0.00126    0.01581
  645    0.00226    0.00601    0.00468
  646    0.00093    0.00737    0.00358
  647    0.00140    0.00988    0.00226
  648    0.00194    0.01088    0.00180
  649    0.00003    0.00736    0.00329
  650   -0.00057    0.00894    0.00246
  651   -0.00082    0.00895    0.00241
  652   -0.00116    0.00770    0.00297
  653   -0.00048    0.01125    0.00233
  654    0.00069    0.01087    0.00048
  655    0.00061    0.01359   -0.00230
  656   -0.00058    0.01812   -0.00485
  657   -0.00176    0.02472   -0.00856
  658    0.00122    0.01516   -0.00341
  659   -0.00005    0.01186   -0.00370
  660    0.00419    0.01449    0.00024
  661   -0.00144    0.01541   -0.00518
  662   -0.00240    0.01797   -0.00756
  663   -0.00230    0.01776   -0.00504
  664   -0.00188    0.01351   -0.00176
  665   -0.00297    0.01312   -0.00921
  666   -0.00347    0.01204   -0.01132
  667   -0.00348    0.01297   -0.01223
  668   -0.00512    0.00803   -0.01153
  669   -0.00362    0.02150   -0.00622
  670   -0.00408    0.02223   -0.00306
  671   -0.00213    0.01604   -0.00169
  672   -0.00233    0.01443   -0.00506
  673   -0.00113    0.01293    0.00191
  674   -0.00131    0.00900    0.00231
  675   -0.00086    0.00670    0.00137
  676   -0.00037    0.00404    0.00153
  677   -0.00110    0.00878    0.00104
  678   -0.00236    0.01099    0.00268
  679   -0.00089    0.01088    0.00553
  680   -0.00216    0.01301   -0.00016
  681   -0.00104    0.00769    0.00010
  682   -0.00048    0.00517   -0.00018
  683   -0.00117    0.00462    0.00121
  684   -0.00156    0.00247    0.00156
  685   -0.00139    0.00614   -0.00205
  686   -0.00157    0.00752   -0.00069
  687   -0.00137    0.00579    0.00241
  688   -0.00196    0.00460    0.00302
  689   -0.00275    0.00274    0.00337
  690   -0.00311    0.00165    0.00309
  691   -0.00240    0.00542    0.00256
  692   -0.00217    0.00528    0.00349
  693   -0.00217    0.00231    0.00343
  694   -0.00202    0.00033    0.00298
  695   -0.00203   -0.00177    0.00316
  696   -0.00262   -0.00280    0.00403
  697   -0.00148   -0.00227    0.00305
  698   -0.00146   -0.00406    0.00312
  699   -0.00279   -0.00339    0.00354
  700   -0.00318   -0.00472    0.00455
  701   -0.00037   -0.00386    0.00138
  702    0.00161   -0.00460    0.00072
  703   -0.00128   -0.00576    0.00192
  704   -0.00285   -0.00117    0.00305
  705   -0.00327   -0.00070    0.00333
  706   -0.00386   -0.00118    0.00381
  707   -0.00407   -0.00209    0.00460
  708   -0.00269    0.00130    0.00342
  709   -0.00195    0.00239    0.00270
  710   -0.00280    0.00057    0.00370
  711   -0.00242    0.00047    0.00272
  712   -0.00382   -0.00065    0.00344
  713   -0.00417   -0.00118    0.00354
  714   -0.00404   -0.00228    0.00377
  715   -0.00417   -0.00260    0.00355
  716   -0.00374   -0.00302    0.00407
  717   -0.00353   -0.00529    0.00478
  718   -0.00375   -0.00573    0.00513
  719   -0.00379   -0.00575    0.00558
  720   -0.00164   -0.00635    0.00494
  721   -0.00098   -0.00717    0.00525
  722   -0.00107   -0.00642    0.00529
  723    0.00133   -0.00864    0.00587
  724   -0.00468   -0.00614    0.00574
  725   -0.00532   -0.00690    0.00599
  726   -0.00517   -0.00580    0.00604
  727   -0.00565   -0.00640    0.00631
  728   -0.00583   -0.00726    0.00629
  729   -0.00644   -0.00780    0.00548
  730   -0.00636   -0.00809    0.00743
  731   -0.00614   -0.00741    0.00441
  732   -0.00491   -0.00410    0.00517
  733   -0.00495   -0.00390    0.00476
  734   -0.00475   -0.00383    0.00383
  735   -0.00459   -0.00337    0.00320
  736   -0.00468   -0.00294    0.00400
  737   -0.00442   -0.00287    0.00457
  738   -0.00332   -0.00161    0.00479
  739   -0.00402   -0.00332    0.00557
  740   -0.00281   -0.00141    0.00497
  741   -0.00304   -0.00276    0.00588
  742   -0.00436   -0.00338    0.00344
  743   -0.00356   -0.00270    0.00241
  744   -0.00361   -0.00337    0.00325
  745   -0.00276   -0.00255    0.00231
  746   -0.00299   -0.00275    0.00274
  747   -0.00434   -0.00433    0.00467
  748   -0.00483   -0.00442    0.00511
  749   -0.00588   -0.00568    0.00533
  750   -0.00631   -0.00499    0.00501
  751   -0.00548   -0.00615    0.00626
  752   -0.00572   -0.00642    0.00664
  753   -0.00420   -0.00684    0.00650
  754   -0.00624   -0.00704    0.00587
  755   -0.00651   -0.00815    0.00593
  756   -0.00520   -0.00676    0.00415
  757   -0.00529   -0.00678    0.00451
  758   -0.00715   -0.00968    0.00811
  759   -0.00456   -0.00442    0.00312
  760   -0.00365   -0.00377    0.00157
  761   -0.00322   -0.00223    0.00044
  762   -0.00205   -0.00108   -0.00132
  763   -0.00381   -0.00292    0.00088
  764   -0.00455   -0.00280    0.00273
  765   -0.00434   -0.00244    0.00317
  766   -0.00480   -0.00345    0.00319
  767   -0.00352   -0.00259    0.00127
  768   -0.00172   -0.00115   -0.00036
  769   -0.00234   -0.00255    0.00110
  770   -0.00181   -0.00083    0.00118
  771   -0.00087    0.00000   -0.00017
  772    0.00030    0.00070   -0.00186
  773    0.00117    0.00107   -0.00354
  774    0.00015    0.00020   -0.00178
  775   -0.00370   -0.00407    0.00173
  776   -0.00417   -0.00322    0.00222
  777   -0.00314   -0.00236    0.00142
  778   -0.00338   -0.00106    0.00187
  779   -0.00574   -0.00633    0.00350
  780   -0.00803   -0.00839    0.00524
  781   -0.00961   -0.01209    0.00665
  782   -0.01021   -0.01337    0.00666
  783   -0.01047   -0.01478    0.00869
  784   -0.00201   -0.00277    0.00010
  785   -0.00092   -0.00137   -0.00171
  786   -0.00005    0.00072   -0.00127
  787   -0.00136    0.00366   -0.00131
  788   -0.00006   -0.00106   -0.00503
  789    0.00055   -0.00061   -0.00549
  790    0.00118    0.00097   -0.00682
  791   -0.00057   -0.00082   -0.00388
  792   -0.00123    0.00169    0.00035
  793   -0.00064    0.00321    0.00065
  794   -0.00126    0.00328    0.00236
  795   -0.00216    0.00512    0.00370
  796    0.00155    0.00315   -0.00012
  797    0.00263    0.00325   -0.00248
  798    0.00361    0.00387   -0.00367
  799    0.00398    0.00419   -0.00710
  800    0.00236    0.00265   -0.00668
  801   -0.00194    0.00183    0.00346
  802   -0.00274    0.00240    0.00512
  803   -0.00350    0.00237    0.00556
  804   -0.00398    0.00135    0.00453
  805   -0.00296    0.00058    0.00535
  806   -0.00131   -0.00012    0.00539
  807   -0.00058    0.00063    0.00412
  808   -0.00221   -0.00192    0.00607
  809   -0.00376    0.00340    0.00692
  810   -0.00373    0.00337    0.00675
  811   -0.00445    0.00241    0.00712
  812   -0.00384    0.00051    0.00824
  813   -0.00345    0.00479    0.00680
  814   -0.00364    0.00378    0.00610
  815    0.00200    0.00716    0.00843
  816    0.00511    0.01237    0.00682
  817   -0.00506    0.00258    0.00347
  818   -0.00649   -0.00239    0.00500
  819   -0.00660   -0.00536    0.00683
  820   -0.00613   -0.00222    0.00457
  821   -0.00707   -0.00672    0.00626
  822   -0.00727   -0.00394    0.00411
  823   -0.00779   -0.00609    0.00480
  824    0.00358    0.00416    0.01262
  825    0.01142    0.00743    0.01789
  826    0.01123    0.00950    0.01677
  827    0.00461    0.00588    0.01050
  828    0.01283    0.00453    0.02017
  829    0.01110    0.00211    0.02264
  830    0.01458    0.00265    0.02761
  831    0.02079    0.00682    0.02872
  832    0.00903    0.00079    0.02728
  833    0.02258    0.01685    0.02053
  834    0.02312    0.01963    0.01849
  835    0.01959    0.01374    0.02359
  836    0.02494    0.01816    0.03373
  837    0.05288    0.04076    0.01709
  838    0.09124    0.04910   -0.01525
  839    0.07701    0.03803   -0.00493
  840    0.19907    0.10937   -0.11063
  841    0.00726    0.00481    0.01969
  842    0.00174    0.00068    0.02511
  843   -0.00039   -0.00280    0.02591
  844   -0.00114   -0.00428    0.03012
  845   -0.00170   -0.00431    0.01931
  846   -0.00317   -0.00696    0.01833
  847   -0.00656   -0.01202    0.01739
  848   -0.01007   -0.01438    0.01421
  849   -0.00288   -0.00588    0.01399
  850   -0.00389   -0.00923    0.01384
  851   -0.00749   -0.01571    0.01556
  852   -0.01005   -0.01842    0.01345
  853   -0.01176   -0.01867    0.01081
  854   -0.01545   -0.01948    0.00920
  855   -0.00875   -0.02052    0.00914
  856   -0.00985   -0.02118    0.00556
  857   -0.00874   -0.01658    0.01125
  858   -0.00915   -0.01675    0.01020
  859   -0.01141   -0.01536    0.00882
  860   -0.01292   -0.01508    0.00802
  861   -0.01386   -0.01636    0.00766
  862   -0.00790   -0.01334    0.00803
  863   -0.00881   -0.01268    0.00728
  864   -0.01002   -0.01304    0.00764
  865   -0.00679   -0.00990    0.00760
  866   -0.01128   -0.01437    0.00868
  867   -0.01136   -0.01420    0.00688
  868   -0.01313   -0.01910    0.00699
  869   -0.01490   -0.02232    0.00746
  870   -0.00934   -0.01046    0.00672
  871   -0.00777   -0.00661    0.00202
  872   -0.00378   -0.00021   -0.00218
  873   -0.00038    0.00834   -0.00353
  874    0.00895    0.01826   -0.00869
  875   -0.01452   -0.02049    0.00803
  876   -0.01844   -0.02536    0.00708
  877   -0.01834   -0.02618    0.00645
  878   -0.01818   -0.02905    0.00595
  879   -0.02033   -0.02439    0.00807
  880   -0.02221   -0.02730    0.00833
  881   -0.02478   -0.03205    0.00608
  882   -0.02329   -0.03605    0.00338
  883   -0.02818   -0.03210    0.00764
  884   -0.01735   -0.02263    0.00685
  885   -0.01668   -0.02146    0.00620
  886   -0.01597   -0.02176    0.00799
  887   -0.01550   -0.02288    0.00961
  888   -0.01512   -0.01803    0.00537
  889   -0.01288   -0.01653    0.00464
  890   -0.01205   -0.01512    0.00222
  891   -0.01166   -0.01469    0.00641
  892   -0.01035   -0.01291    0.00245
  893   -0.01021   -0.01193    0.00633
  894   -0.00991   -0.01124    0.00447
  895   -0.01600   -0.02079    0.00890
  896   -0.01445   -0.02152    0.01055
  897   -0.01500   -0.02525    0.01325
  898   -0.01432   -0.02606    0.01682
  899   -0.01417   -0.01941    0.01023
  900   -0.01278   -0.01552    0.00908
  901   -0.01102   -0.01226    0.00711
  902   -0.01144   -0.01338    0.00923
  903   -0.01542   -0.02741    0.01058
  904   -0.01494   -0.03329    0.01244
  905   -0.01626   -0.03402    0.01372
  906   -0.01633   -0.03608    0.01715
  907   -0.01470   -0.03597    0.00985
  908   -0.01441   -0.04252    0.00898
  909   -0.01789   -0.03192    0.01115
  910   -0.01920   -0.03128    0.01105
  911   -0.01629   -0.02782    0.01485
  912   -0.01541   -0.02773    0.01729
  913   -0.02044   -0.02913    0.00886
  914   -0.02396   -0.03255    0.00691
  915   -0.02524   -0.03017    0.00551
  916   -0.02286   -0.02682    0.00382
  917   -0.03087   -0.03320    0.00552
  918   -0.01496   -0.02510    0.01530
  919   -0.01261   -0.02154    0.01782
  920   -0.01165   -0.02129    0.02162
  921   -0.00995   -0.01741    0.02356
  922   -0.01213   -0.01741    0.01486
  923   -0.01254   -0.01775    0.01334
  924   -0.01213   -0.01691    0.01146
  925   -0.01192   -0.02516    0.02270
  926   -0.01244   -0.02345    0.02618
  927   -0.01161   -0.02244    0.03178
  928   -0.01123   -0.01823    0.03380
  929   -0.01270   -0.03105    0.02879
  930   -0.01459   -0.02436    0.02873
  931   -0.01504   -0.03676    0.03532
  932   -0.01390   -0.04467    0.03600
  933   -0.01986   -0.02670    0.03260
  934   -0.01002   -0.02579    0.03335
  935   -0.00682   -0.02841    0.03852
  936   -0.00431   -0.02499    0.03749
  937   -0.00104   -0.02662    0.04254
  938   -0.00848   -0.03624    0.04086
  939   -0.00575   -0.02078    0.03233
  940   -0.00325   -0.01700    0.03111
  941    0.00012   -0.01515    0.03185
  942   -0.00042   -0.01585    0.03262
  943   -0.00483   -0.01547    0.02572
  944   -0.00672   -0.01815    0.02478
  945   -0.00842   -0.01702    0.01836
  946   -0.01113   -0.01996    0.01799
  947    0.00274   -0.01106    0.03210
  948    0.00511   -0.00831    0.03166
  949    0.00434   -0.00578    0.02585
  950    0.00277   -0.00581    0.02310
  951    0.00885   -0.00567    0.03561
  952    0.00924   -0.00432    0.03316
  953    0.00603   -0.00419    0.02386
  954    0.00521   -0.00171    0.01919
  955    0.00570    0.00003    0.01782
  956    0.00410    0.00001    0.01431
  957    0.00556   -0.00067    0.01722
  958    0.00458   -0.00248    0.01868
  959    0.00601   -0.00367    0.02458
  960    0.00919    0.00193    0.02035
  961    0.00966    0.00431    0.01810
  962    0.00721    0.00255    0.01645
  963    0.00522    0.00443    0.01218
  964    0.01557    0.00726    0.02098
  965    0.02011    0.01104    0.02207
  966    0.01983    0.00863    0.02586
  967    0.02746    0.01545    0.03110
  968    0.01562    0.00527    0.02590
  969    0.00607   -0.00021    0.01954
  970    0.00289   -0.00274    0.01763
  971   -0.00061   -0.00454    0.01414
  972   -0.00265   -0.00536    0.01066
  973    0.00232   -0.00616    0.02206
  974    0.00503   -0.00560    0.02569
  975    0.00931   -0.00173    0.02557
  976    0.00359   -0.00934    0.02815
  977   -0.00076   -0.00476    0.01523
  978   -0.00325   -0.00608    0.01289
  979   -0.00307   -0.00391    0.00859
  980   -0.00508   -0.00516    0.00603
  981   -0.00326   -0.00669    0.01453
  982   -0.00489   -0.00967    0.01755
  983   -0.00434   -0.00993    0.01920
  984   -0.00516   -0.01281    0.02291
  985   -0.00378   -0.01359    0.02390
  986   -0.00331   -0.01255    0.02298
  987   -0.00521   -0.01521    0.02769
  988   -0.00078   -0.00055    0.00824
  989   -0.00083    0.00237    0.00496
  990   -0.00182    0.00317    0.00145
  991   -0.00297    0.00395   -0.00199
  992    0.00193    0.00508    0.00543
  993   -0.00140    0.00303    0.00215
  994   -0.00281    0.00411   -0.00208
  995   -0.00543    0.00022   -0.00456
  996   -0.00705    0.00126   -0.00996
  997   -0.00177    0.00463   -0.00038
  998   -0.00045    0.01113   -0.00196
  999    0.00113    0.01110   -0.00012
 1000   -0.00071    0.02062   -0.00782
 1001    0.00233    0.02961   -0.00746
 1002   -0.00574   -0.00409   -0.00127
 1003   -0.00782   -0.00797   -0.00332
 1004   -0.00785   -0.00690   -0.00581
 1005   -0.00827   -0.00818   -0.01030
 1006   -0.00908   -0.01152    0.00124
 1007   -0.00931   -0.01367    0.00517
 1008   -0.00662   -0.00477   -0.00377
 1009   -0.00616   -0.00384   -0.00545
 1010   -0.00659   -0.00081   -0.00921
 1011   -0.00677   -0.00172   -0.01143
 1012   -0.00529   -0.00234   -0.00218
 1013   -0.00498   -0.00176   -0.00283
 1014   -0.00492   -0.00413   -0.00261
 1015   -0.00373    0.00136   -0.00355
 1016   -0.00352   -0.00333   -0.00186
 1017   -0.00324    0.00148   -0.00380
 1018   -0.00310   -0.00094   -0.00283
 1019   -0.00666    0.00288   -0.00960
 1020   -0.00747    0.00613   -0.01437
 1021   -0.01084    0.00430   -0.01892
 1022   -0.01161    0.00542   -0.02270
 1023   -0.00684    0.01035   -0.01476
 1024   -0.00448    0.01176   -0.01110
 1025   -0.00288    0.01640   -0.01134
 1026   -0.00110    0.01552   -0.00770
 1027   -0.00322    0.02145   -0.01571
 1028   -0.01026    0.00055   -0.01940
 1029   -0.01331   -0.00251   -0.02562
 1030   -0.01244   -0.00688   -0.02466
 1031   -0.01386   -0.01107   -0.02983
 1032   -0.01368   -0.00366   -0.02627
 1033   -0.01650    0.00123   -0.02920
 1034   -0.01794   -0.00154   -0.03229
 1035   -0.02041    0.00522   -0.03337
 1036   -0.01788    0.00380   -0.03191
 1037   -0.00964   -0.00621   -0.01981
 1038   -0.00715   -0.01026   -0.01837
 1039   -0.00608   -0.00909   -0.01854
 1040   -0.00522   -0.00737   -0.01554
 1041   -0.00720   -0.01149   -0.01108
 1042   -0.00750   -0.01440   -0.01070
 1043   -0.00437   -0.01440   -0.01055
 1044   -0.01081   -0.01548   -0.00657
 1045   -0.00793   -0.00960   -0.02407
 1046   -0.00747   -0.00805   -0.02468
 1047   -0.00145   -0.01046   -0.01899
 1048    0.00054   -0.00931   -0.01685
 1049   -0.01166   -0.00714   -0.03357
 1050   -0.02506   -0.00758   -0.04920
 1051   -0.02423    0.00018   -0.04360
 1052   -0.01628    0.00075   -0.03230
 1053   -0.05324    0.01135   -0.06973
 1054   -0.00037   -0.01326   -0.02024
 1055    0.00253   -0.01350   -0.01708
 1056    0.00332   -0.01249   -0.01017
 1057    0.00504   -0.01227   -0.00981
 1058    0.00018   -0.01333   -0.01426
 1059    0.00093   -0.01342   -0.00785
 1060    0.00103   -0.01322   -0.00389
 1061    0.00197   -0.00897   -0.00564
 1062    0.00376   -0.00776   -0.00478
 1063   -0.00053   -0.01245   -0.00292
 1064   -0.00432   -0.01538   -0.00046
 1065   -0.00122   -0.00940   -0.00098
 1066   -0.00642   -0.01524    0.00110
 1067    0.00059   -0.00645   -0.00941
 1068   -0.00030   -0.00277   -0.01137
 1069    0.00129   -0.00456   -0.01204
 1070    0.00231   -0.00406   -0.01273
 1071   -0.00318   -0.00086   -0.01477
 1072   -0.00399    0.00056   -0.01369
 1073   -0.00680    0.00275   -0.01809
 1074   -0.00793    0.00575   -0.02037
 1075   -0.00832    0.00235   -0.01710
 1076    0.00080   -0.00780   -0.01463
 1077    0.00306   -0.00965   -0.01566
 1078    0.00724   -0.00910   -0.00984
 1079    0.00943   -0.00958   -0.00914
 1080    0.00207   -0.01179   -0.01892
 1081    0.00719   -0.00943   -0.00771
 1082    0.00847   -0.01041   -0.00530
 1083    0.00854   -0.00938   -0.00324
 1084    0.01045   -0.01051   -0.00152
 1085    0.00685   -0.01043   -0.00280
 1086    0.00718   -0.00763   -0.00366
 1087    0.00692   -0.00698   -0.00284
 1088    0.00815   -0.00744   -0.00431
 1089    0.00898   -0.00852   -0.00229
 1090    0.00474   -0.00500   -0.00390
 1091    0.00449   -0.00423   -0.00258
 1092    0.00332   -0.00414    0.00012
 1093    0.00407   -0.00305   -0.00341
 1094    0.00286   -0.00315    0.00104
 1095    0.00326   -0.00256   -0.00091
 1096    0.00806   -0.00667   -0.00723
 1097    0.00941   -0.00702   -0.00915
 1098    0.01150   -0.01044   -0.00849
 1099    0.01273   -0.01158   -0.00799
 1100    0.00800   -0.00504   -0.01274
 1101    0.00718   -0.00144   -0.01290
 1102    0.00670    0.00072   -0.01787
 1103    0.00596   -0.00137   -0.00997
 1104    0.01275   -0.01221   -0.00795
 1105    0.01606   -0.01503   -0.00673
 1106    0.01662   -0.01636   -0.00412
 1107    0.01824   -0.01947   -0.00446
 1108    0.01641   -0.01543   -0.00650
 1109    0.01515   -0.01504   -0.00232
 1110    0.01532   -0.01606    0.00007
 1111    0.01438   -0.01581    0.00120
 1112    0.01480   -0.01764    0.00368
 1113    0.01388   -0.01473    0.00185
 1114    0.01355   -0.01614    0.00382
 1115    0.01406   -0.01522    0.00070
 1116    0.01271   -0.01335   -0.00007
 1117    0.01156   -0.01254    0.00119
 1118    0.01330   -0.01432    0.00262
 1119    0.01216   -0.01605    0.00558
 1120    0.00953   -0.00932   -0.00068
 1121    0.01468   -0.01553   -0.00016
 1122    0.01477   -0.01690   -0.00003
 1123    0.01626   -0.02137    0.00254
 1124    0.01681   -0.02364    0.00479
 1125    0.01424   -0.01618   -0.00366
 1126    0.01701   -0.01795   -0.00636
 1127    0.02023   -0.01927   -0.00684
 1128    0.02222   -0.02245   -0.00674
 1129    0.01771   -0.01611   -0.00942
 1130    0.01724   -0.02262    0.00168
 1131    0.01956   -0.02595    0.00357
 1132    0.01900   -0.02502    0.00806
 1133    0.02158   -0.02763    0.01022
 1134    0.01998   -0.02577    0.00277
 1135    0.02292   -0.02721    0.00331
 1136    0.02310   -0.02820    0.00634
 1137    0.01917   -0.02547    0.00668
 1138    0.02750   -0.03342    0.00869
 1139    0.01698   -0.02292    0.00936
 1140    0.01618   -0.02279    0.01252
 1141    0.01597   -0.02438    0.01300
 1142    0.01699   -0.02695    0.01236
 1143    0.01471   -0.02282    0.01343
 1144    0.01474   -0.02247    0.01193
 1145    0.01713   -0.01882    0.00682
 1146    0.01428   -0.01968    0.00964
 1147    0.01535   -0.02214    0.01199
 1148    0.01332   -0.02085    0.01656
 1149    0.01282   -0.01698    0.01626
 1150    0.01543   -0.01527    0.01220
 1151    0.01311   -0.01646    0.01761
 1152    0.02648   -0.01659   -0.00520
 1153    0.04520   -0.01662   -0.02460
 1154    0.05765   -0.02135   -0.02891
 1155    0.04461   -0.01925   -0.02720
 1156   -0.11514    0.02495    0.13346
 1157    0.05318   -0.01433   -0.01488
 1158    0.04969   -0.01263   -0.00556
 1159    0.03254    0.00562    0.00255
 1160    0.02021    0.01532    0.00137
 1161    0.04910   -0.01248    0.00152
 1162    0.03630   -0.01182    0.00580
 1163    0.03730   -0.01080    0.01106
 1164    0.02437   -0.01640    0.01838
 1165    0.01699   -0.01585    0.02186
 1166    0.02046   -0.00970    0.01925
 1167    0.00629   -0.02630    0.02620
 1168    0.03254    0.00980    0.01068
 1169    0.02189    0.05170    0.03010
 1170    0.02748    0.03847    0.02621
 1171    0.01401    0.06589    0.03108
 1172    0.03298    0.12536    0.07419
 1173    0.04023    0.01860    0.01924
 1174    0.03981    0.01542    0.01353
 1175    0.02376    0.01976    0.00620
 1176    0.01998    0.01945    0.00352
 1177    0.03928    0.00701    0.01162
 1178    0.03114    0.00779    0.00476
 1179    0.02647    0.00876   -0.00048
 1180    0.02239    0.01214    0.00356
 1181    0.02002    0.01492    0.00584
 1182    0.00317    0.01949   -0.00723
 1183    0.01269    0.01051   -0.00093
 1184    0.01376    0.00641   -0.00184
 1185   -0.04098    0.05718   -0.01813
 1186    0.01521    0.00966    0.00064
 1187    0.02528   -0.00265    0.00370
 1188    0.02204    0.00219   -0.00394
 1189    0.02041    0.00429   -0.00232
 1190    0.03253   -0.01286    0.00057
 1191    0.05850   -0.04208    0.00577
 1192    0.05096   -0.03094   -0.00453
 1193    0.05658   -0.03611   -0.02262
 1194    0.04782   -0.01928   -0.01983
 1195    0.02260    0.00303   -0.01181
 1196    0.01940    0.00584   -0.01833
 1197    0.01642    0.00983   -0.01436
 1198    0.01617    0.01034   -0.01120
 1199    0.01761    0.00820   -0.02785
 1200    0.01415    0.00750   -0.02339
 1201    0.02534    0.00446   -0.03279
 1202    0.01678    0.00872   -0.01024
 1203    0.01592    0.01082   -0.00762
 1204    0.00965    0.01255   -0.00793
 1205    0.00663    0.01311   -0.00855
 1206    0.01753    0.01268   -0.00424
 1207    0.01879    0.01374   -0.00066
 1208    0.01534    0.01496    0.00369
 1209    0.02054    0.01235   -0.00254
 1210    0.00680    0.01073   -0.00361
 1211    0.00283    0.01127   -0.00287
 1212    0.00096    0.00965    0.00012
 1213    0.00152    0.00909    0.00124
 1214    0.00063    0.00878   -0.00105
 1215    0.00103    0.00966   -0.00437
 1216    0.00008    0.01012   -0.00535
 1217    0.00433    0.01046   -0.00565
 1218    0.00005    0.00993   -0.00877
 1219    0.00324    0.01181   -0.01155
 1220    0.00165    0.01018   -0.01124
 1221   -0.00010    0.00955   -0.00061
 1222   -0.00069    0.00841   -0.00024
 1223   -0.00273    0.00584    0.00088
 1224   -0.00352    0.00569    0.00113
 1225   -0.00010    0.00944   -0.00021
 1226   -0.00112    0.00756    0.00028
 1227   -0.00133    0.00720    0.00073
 1228   -0.00160    0.00632    0.00030
 1229   -0.00186    0.00596    0.00072
 1230   -0.00201    0.00511    0.00043
 1231   -0.00367    0.00368    0.00119
 1232   -0.00451    0.00187    0.00156
 1233   -0.00431    0.00208    0.00146
 1234   -0.00390    0.00237    0.00108
 1235   -0.00448    0.00152    0.00235
 1236   -0.00471    0.00033    0.00258
 1237   -0.00397    0.00106    0.00309
 1238   -0.00471   -0.00060    0.00213
 1239   -0.00391   -0.00039    0.00300
 1240   -0.00426   -0.00201    0.00331
 1241   -0.00380   -0.00201    0.00338
 1242   -0.00487    0.00143    0.00152
 1243   -0.00504    0.00088    0.00083
 1244   -0.00513   -0.00015    0.00124
 1245   -0.00565   -0.00022    0.00149
 1246   -0.00487    0.00149    0.00064
 1247   -0.00554    0.00192    0.00047
 1248   -0.00390    0.00262    0.00034
 1249   -0.00536    0.00202   -0.00023
 1250   -0.00491   -0.00081    0.00098
 1251   -0.00485   -0.00194    0.00091
 1252   -0.00525   -0.00172   -0.00037
 1253   -0.00538   -0.00189   -0.00075
 1254   -0.00464   -0.00225    0.00117
 1255   -0.00409   -0.00202    0.00053
 1256   -0.00356   -0.00228    0.00079
 1257   -0.00399   -0.00259    0.00072
 1258   -0.00545   -0.00122   -0.00105
 1259   -0.00550   -0.00122   -0.00250
 1260   -0.00460   -0.00079   -0.00309
 1261   -0.00360   -0.00072   -0.00296
 1262   -0.00618   -0.00059   -0.00309
 1263   -0.00696   -0.00117   -0.00271
 1264   -0.00703   -0.00093   -0.00129
 1265   -0.00738   -0.00116   -0.00320
 1266   -0.00732   -0.00037   -0.00055
 1267   -0.00775   -0.00098   -0.00260
 1268   -0.00765   -0.00017   -0.00160
 1269   -0.00423   -0.00114   -0.00392
 1270   -0.00334   -0.00060   -0.00430
 1271   -0.00319   -0.00042   -0.00639
 1272   -0.00429   -0.00057   -0.00670
 1273   -0.00307   -0.00144   -0.00285
 1274   -0.00244   -0.00084   -0.00298
 1275   -0.00211   -0.00092   -0.00178
 1276   -0.00206   -0.00032   -0.00415
 1277   -0.00253    0.00100   -0.00740
 1278   -0.00266    0.00186   -0.00976
 1279   -0.00252    0.00181   -0.00906
 1280   -0.00156    0.00217   -0.00760
 1281   -0.00193    0.00319   -0.01132
 1282   -0.00249    0.00445   -0.01465
 1283   -0.00273    0.00501   -0.01516
 1284   -0.00250    0.00503   -0.01632
 1285   -0.00338    0.00149   -0.01000
 1286   -0.00366    0.00195   -0.00925
 1287   -0.00410    0.00243   -0.01252
 1288   -0.00466    0.00127   -0.01305
 1289   -0.00407   -0.00025   -0.00712
 1290   -0.00428    0.00064   -0.00595
 1291   -0.00388   -0.00055   -0.00449
 1292   -0.00347    0.00380   -0.01290
 1293   -0.00275    0.00582   -0.01688
 1294   -0.00281    0.00622   -0.01904
 1295   -0.00399    0.00570   -0.02033
 1296   -0.00355    0.00263   -0.01519
 1297   -0.00309    0.00451   -0.01870
 1298   -0.00085    0.00929   -0.02481
 1299   -0.00355    0.00266   -0.01777
 1300   -0.00239    0.00740   -0.01933
 1301   -0.00296    0.00725   -0.02161
 1302   -0.00412    0.00484   -0.02024
 1303   -0.00477    0.00450   -0.02213
 1304   -0.00449    0.00313   -0.01767
 1305   -0.00553    0.00109   -0.01629
 1306   -0.00521    0.00048   -0.01461
 1307   -0.00479    0.00063   -0.01284
 1308   -0.00640   -0.00015   -0.01555
 1309   -0.00678   -0.00002   -0.01731
 1310   -0.00733   -0.00075   -0.01906
 1311   -0.00644    0.00128   -0.01814
 1312   -0.00769   -0.00002   -0.02087
 1313   -0.00729    0.00148   -0.02014
 1314   -0.00591   -0.00035   -0.01404
 1315   -0.00595   -0.00058   -0.01155
 1316   -0.00652   -0.00158   -0.00998
 1317   -0.00711   -0.00256   -0.01057
 1318   -0.00660   -0.00076   -0.01208
 1319   -0.00730   -0.00093   -0.01027
 1320   -0.00618   -0.00031   -0.00916
 1321   -0.00820   -0.00083   -0.01093
 1322   -0.00613   -0.00176   -0.00809
 1323   -0.00621   -0.00231   -0.00671
 1324   -0.00638   -0.00246   -0.00511
 1325   -0.00583   -0.00194   -0.00442
 1326   -0.00538   -0.00277   -0.00587
 1327   -0.00543   -0.00307   -0.00731
 1328   -0.00560   -0.00356   -0.00685
 1329   -0.00532   -0.00226   -0.00866
 1330   -0.00550   -0.00396   -0.00796
 1331   -0.00551   -0.00270   -0.00966
 1332   -0.00555   -0.00426   -0.00969
 1333   -0.00543   -0.00462   -0.01044
 1334   -0.00641   -0.00214   -0.00475
 1335   -0.00629   -0.00215   -0.00332
 1336   -0.00528   -0.00241   -0.00219
 1337   -0.00491   -0.00244   -0.00231
 1338   -0.00681   -0.00194   -0.00344
 1339   -0.00618   -0.00115   -0.00263
 1340   -0.00592   -0.00024   -0.00258
 1341   -0.00467    0.00090   -0.00197
 1342   -0.00675   -0.00041   -0.00264
 1343   -0.00490   -0.00221   -0.00062
 1344   -0.00409   -0.00213    0.00064
 1345   -0.00330   -0.00152    0.00108
 1346   -0.00374   -0.00063    0.00124
 1347   -0.00424   -0.00237    0.00127
 1348   -0.00447   -0.00303    0.00065
 1349   -0.00441   -0.00318    0.00159
 1350   -0.00411   -0.00344    0.00083
 1351   -0.00239   -0.00084    0.00128
 1352   -0.00205    0.00067    0.00107
 1353   -0.00106    0.00100    0.00201
 1354    0.00013    0.00080    0.00226
 1355   -0.00198    0.00132   -0.00013
 1356   -0.00152    0.00342   -0.00032
 1357   -0.00125    0.00483   -0.00113
 1358   -0.00114    0.00340    0.00033
 1359   -0.00120    0.00187    0.00236
 1360   -0.00014    0.00272    0.00330
 1361    0.00103    0.00420    0.00370
 1362    0.00269    0.00448    0.00450
 1363    0.00055    0.00399    0.00237
 1364    0.00089    0.00518    0.00153
 1365    0.00162    0.00348    0.00154
 1366    0.00204    0.00322    0.00124
 1367    0.00035    0.00567    0.00089
 1368   -0.00033    0.00816    0.00044
 1369   -0.00083    0.00921   -0.00082
 1370   -0.00060    0.01003   -0.00163
 1371    0.00010    0.01014   -0.00171
 1372    0.00026    0.00985   -0.00166
 1373    0.00127    0.01232   -0.00186
 1374    0.00151    0.00222    0.00051
 1375    0.00176    0.00096   -0.00022
 1376    0.00346   -0.00049    0.00170
 1377    0.00438   -0.00091    0.00366
 1378    0.00096    0.00039   -0.00092
 1379    0.00003    0.00104   -0.00222
 1380    0.00057    0.00144   -0.00281
 1381    0.00027   -0.00040   -0.00359
 1382    0.00357   -0.00133    0.00157
 1383    0.00565   -0.00291    0.00453
 1384    0.00405   -0.00246    0.00496
 1385    0.00377   -0.00179    0.00711
 1386    0.00617   -0.00262    0.00407
 1387    0.00280   -0.00145    0.00070
 1388    0.00215   -0.00084    0.00039
 1389    0.00274   -0.00209    0.00273
 1390    0.00145   -0.00200    0.00243
 1391   -0.00046   -0.00222    0.00037
 1392   -0.00091   -0.00140   -0.00100
 1393    0.00014   -0.00038    0.00015
 1394    0.00257    0.00173   -0.00147
 1395    0.00128    0.00027   -0.00367
 1396    0.00349    0.00263    0.00072
 1397    0.00206    0.00054   -0.00399
 1398    0.00436    0.00295    0.00017
 1399    0.00355    0.00194   -0.00187
 1400   -0.00217   -0.00286    0.00053
 1401   -0.00360   -0.00365   -0.00094
 1402   -0.00432   -0.00213   -0.00356
 1403   -0.00439   -0.00156   -0.00452
 1404   -0.00473   -0.00341   -0.00080
 1405   -0.00446   -0.00360    0.00103
 1406   -0.00310   -0.00315    0.00150
 1407   -0.00482   -0.00238   -0.00410
 1408   -0.00512   -0.00319   -0.00584
 1409   -0.00645   -0.00411   -0.00679
 1410   -0.00691   -0.00368   -0.00679
 1411   -0.00509   -0.00284   -0.00566
 1412   -0.00543   -0.00321   -0.00674
 1413   -0.00331   -0.00230   -0.00460
 1414   -0.00643   -0.00455   -0.00789
 1415   -0.00709   -0.00432   -0.00932
 1416   -0.00832   -0.00428   -0.01153
 1417   -0.00894   -0.00400   -0.01135
 1418   -0.00767   -0.00482   -0.00777
 1419   -0.00672   -0.00394   -0.01198
 1420   -0.00692   -0.00323   -0.01285
 1421   -0.00757   -0.00407   -0.00959
 1422   -0.00837   -0.00350   -0.01224
 1423   -0.00935   -0.00327   -0.01327
 1424   -0.00922   -0.00272   -0.01701
 1425   -0.00989   -0.00156   -0.01730
 1426   -0.00980   -0.00288   -0.01135
 1427   -0.00974   -0.00313   -0.00886
 1428   -0.00963   -0.00217   -0.00734
 1429   -0.00855   -0.00300   -0.00684
 1430   -0.00847   -0.00154   -0.00575
 1431   -0.00780   -0.00238   -0.00500
 1432   -0.00947   -0.00300   -0.01841
 1433   -0.00839   -0.00225   -0.02186
 1434   -0.00796   -0.00083   -0.02167
 1435   -0.00732   -0.00082   -0.01900
 1436   -0.00827    0.00017   -0.02481
 1437   -0.00754    0.00236   -0.02480
 1438   -0.00717    0.00289   -0.02391
 1439   -0.00867    0.00208   -0.02455
 1440   -0.00917    0.00385   -0.03053
 1441   -0.00601    0.00349   -0.02322
 1442   -0.00518    0.00379   -0.02212
 1443   -0.00361    0.00604   -0.02255
 1444   -0.00299    0.00680   -0.02195
 1445   -0.00525    0.00295   -0.01879
 1446   -0.00475    0.00344   -0.01779
 1447   -0.00279    0.00759   -0.02326
 1448   -0.00089    0.00990   -0.02358
 1449    0.00037    0.01020   -0.02085
 1450   -0.00025    0.00810   -0.01858
 1451   -0.00022    0.01158   -0.02662
 1452    0.00237    0.01425   -0.02733
 1453    0.00157    0.01039   -0.02010
 1454    0.00261    0.00964   -0.01840
 1455    0.00428    0.00990   -0.01774
 1456    0.00494    0.00910   -0.01530
 1457    0.00443    0.01061   -0.01915
 1458    0.00302    0.00925   -0.01753
 1459    0.00285    0.00762   -0.01417
 1460    0.00283    0.00733   -0.01260
 1461    0.00342    0.00613   -0.01377
 1462    0.00502    0.01155   -0.01935
 1463    0.00592    0.01154   -0.01779
 1464    0.00382    0.01028   -0.01701
 1465    0.00499    0.01036   -0.01468
 1466    0.00786    0.01472   -0.02080
 1467    0.00986    0.01717   -0.02249
 1468    0.00999    0.01658   -0.02155
 1469    0.01980    0.02501   -0.02929
 1470    0.00186    0.00962   -0.01837
 1471    0.00040    0.00911   -0.01787
 1472   -0.00108    0.00680   -0.01556
 1473   -0.00242    0.00545   -0.01546
 1474   -0.00090    0.00872   -0.02123
 1475   -0.00204    0.00804   -0.02186
 1476    0.00074    0.01123   -0.02473
 1477   -0.00024    0.00622   -0.01406
 1478   -0.00123    0.00457   -0.01244
 1479   -0.00165    0.00348   -0.01034
 1480   -0.00312    0.00216   -0.00946
 1481   -0.00001    0.00491   -0.01118
 1482   -0.00089    0.00404   -0.00959
 1483   -0.00248    0.00275   -0.01013
 1484    0.00009    0.00448   -0.00904
 1485    0.00019    0.00396   -0.00958
 1486   -0.00023    0.00277   -0.00734
 1487   -0.00286    0.00262   -0.00681
 1488   -0.00481    0.00113   -0.00551
 1489    0.00262    0.00350   -0.00774
 1490    0.00505    0.00202   -0.00812
 1491    0.00834    0.00391   -0.00796
 1492    0.00277    0.00084   -0.00506
 1493   -0.00239    0.00361   -0.00886
 1494   -0.00460    0.00256   -0.00826
 1495   -0.00720    0.00149   -0.00891
 1496   -0.00918    0.00056   -0.00790
 1497   -0.00361    0.00421   -0.01047
 1498   -0.00637    0.00231   -0.00946
 1499   -0.00533    0.00389   -0.01295
 1500   -0.00267    0.00586   -0.01302
 1501   -0.00199    0.01498   -0.03720
 1502   -0.00632    0.00256   -0.01125
 1503   -0.00756    0.00218   -0.01250
 1504   -0.00829    0.00077   -0.00962
 1505   -0.00960    0.00034   -0.00894
 1506   -0.00636    0.00239   -0.01464
 1507   -0.00624    0.00289   -0.01809
 1508   -0.00687    0.00292   -0.02009
 1509   -0.00599    0.00361   -0.01873
 1510   -0.00710    0.00002   -0.00842
 1511   -0.00764   -0.00074   -0.00626
 1512   -0.00919   -0.00120   -0.00404
 1513   -0.00965   -0.00150   -0.00304
 1514   -0.00604   -0.00056   -0.00541
 1515   -0.00928   -0.00119   -0.00327
 1516   -0.01047   -0.00200   -0.00149
 1517   -0.01245   -0.00239   -0.00100
 1518   -0.01334   -0.00303    0.00049
 1519   -0.00916   -0.00248   -0.00106
 1520   -0.01313   -0.00205   -0.00232
 1521   -0.01416   -0.00165   -0.00258
 1522   -0.01347   -0.00087   -0.00162
 1523   -0.01297    0.00022   -0.00005
 1524   -0.01343   -0.00002   -0.00527
 1525   -0.01622    0.00082   -0.00521
 1526   -0.01689    0.00181   -0.00835
 1527   -0.02837    0.00393   -0.00754
 1528   -0.03382    0.00259   -0.00920
 1529   -0.01197   -0.00052   -0.00264
 1530   -0.01126    0.00003   -0.00221
 1531   -0.01121   -0.00053   -0.00107
 1532   -0.00995    0.00058   -0.00071
 1533   -0.00976   -0.00035   -0.00317
 1534   -0.00900   -0.00032   -0.00264
 1535   -0.00979   -0.00023   -0.00579
 1536   -0.01099   -0.00101   -0.00115
 1537   -0.01085   -0.00020   -0.00084
 1538   -0.01120    0.00029   -0.00045
 1539   -0.01027    0.00170   -0.00121
 1540   -0.01107   -0.00128    0.00013
 1541   -0.00941   -0.00107    0.00012
 1542   -0.01237   -0.00072    0.00055
 1543   -0.01247   -0.00029    0.00112
 1544   -0.01068    0.00251    0.00094
 1545   -0.00978    0.00368   -0.00016
 1546   -0.01561   -0.00387    0.00335
 1547   -0.01597   -0.00699    0.00381
 1548   -0.01849   -0.00809    0.00452
 1549   -0.01851   -0.00555    0.00308
 1550   -0.01775   -0.00520    0.00065
 1551   -0.01645   -0.00592    0.00038
 1552   -0.01914   -0.00357   -0.00186
 1553   -0.01060    0.00258    0.00090
 1554   -0.00749    0.00536   -0.00002
 1555   -0.00549    0.00684   -0.00153
 1556   -0.00394    0.00849   -0.00150
 1557   -0.00735    0.00489    0.00040
 1558   -0.00857    0.00431    0.00109
 1559   -0.00857    0.00427    0.00128
 1560   -0.00813    0.00354   -0.00006
 1561   -0.01005    0.00470    0.00163
 1562   -0.00594    0.00535   -0.00182
 1563   -0.00465    0.00637   -0.00318
 1564   -0.00488    0.00726   -0.00367
 1565   -0.00333    0.00808   -0.00462
 1566   -0.00535    0.00535   -0.00280
 1567   -0.00498    0.00491   -0.00263
 1568   -0.00661    0.00344   -0.00233
 1569   -0.00348    0.00603   -0.00189
 1570   -0.00609    0.00327   -0.00172
 1571   -0.00335    0.00526   -0.00181
 1572   -0.00475    0.00339   -0.00179
 1573   -0.00723    0.00629   -0.00378
 1574   -0.00642    0.00684   -0.00560
 1575   -0.00543    0.00830   -0.00656
 1576   -0.00404    0.00921   -0.00874
 1577   -0.00873    0.00534   -0.00485
 1578   -0.01023    0.00458   -0.00399
 1579   -0.00920    0.00611   -0.00775
 1580   -0.00551    0.00814   -0.00410
 1581   -0.00373    0.00954   -0.00346
 1582   -0.00102    0.01207   -0.00371
 1583    0.00110    0.01356   -0.00400
 1584   -0.00504    0.00935   -0.00041
 1585   -0.00781    0.00680    0.00042
 1586   -0.00941    0.00671    0.00281
 1587   -0.00939    0.00815    0.00589
 1588   -0.01297    0.00425    0.00404
 1589   -0.00034    0.01194   -0.00355
 1590    0.00219    0.01377   -0.00349
 1591    0.00297    0.01377   -0.00590
 1592    0.00535    0.01667   -0.00709
 1593    0.00181    0.01312   -0.00275
 1594    0.00185    0.01285   -0.00058
 1595    0.00288    0.01254   -0.00018
 1596    0.00126    0.01069   -0.00099
 1597   -0.00039    0.00880   -0.00071
 1598   -0.00159    0.00878   -0.00049
 1599   -0.00146    0.00826   -0.00172
 1600    0.00132    0.01205   -0.00698
 1601    0.00209    0.01163   -0.00882
 1602    0.00133    0.01088   -0.01161
 1603    0.00029    0.00982   -0.01363
 1604    0.00163    0.01076   -0.00788
 1605    0.00212    0.01131   -0.00614
 1606    0.00384    0.01299   -0.00683
 1607    0.00345    0.01393   -0.00521
 1608    0.00523    0.01340   -0.00860
 1609    0.00229    0.01165   -0.01233
 1610    0.00122    0.01052   -0.01712
 1611    0.00049    0.00805   -0.02304
 1612   -0.00212    0.00943   -0.03021
 1613    0.00295    0.01189   -0.01587
 1614    0.00381    0.00689   -0.02663
 1615    0.00543   -0.00067   -0.04075
 1616    0.00289    0.00330   -0.03191
 1617    0.00047   -0.00245   -0.04259
 1618    0.00248    0.00683   -0.02156
 1619    0.00084    0.00798   -0.01891
 1620   -0.00187    0.00870   -0.01990
 1621   -0.00303    0.00888   -0.01994
 1622    0.00188    0.00841   -0.01409
 1623    0.00077    0.00890   -0.01091
 1624    0.00142    0.00842   -0.01106
 1625    0.00023    0.00917   -0.01105
 1626    0.00275    0.00758   -0.01157
 1627   -0.00226    0.00990   -0.01838
 1628   -0.00435    0.01008   -0.02016
 1629   -0.00391    0.01142   -0.01398
 1630   -0.00454    0.01068   -0.01376
 1631   -0.00190    0.02056   -0.01757
 1632    0.03839    0.13075    0.02238
 1633   -0.00703    0.00709   -0.03589
 1634   -0.00353    0.01168   -0.01113
 1635   -0.00348    0.01234   -0.00882
 1636   -0.00464    0.00903   -0.00672
 1637   -0.00402    0.00823   -0.00499
 1638   -0.00248    0.01000   -0.01006
 1639   -0.00538    0.00735   -0.00648
 1640   -0.00603    0.00482   -0.00298
 1641   -0.00714    0.00442   -0.00224
 1642   -0.00643    0.00552   -0.00178
 1643   -0.00581    0.00418   -0.00367
 1644   -0.00513    0.00576   -0.00512
 1645   -0.00426    0.00679   -0.00761
 1646   -0.00465    0.00540   -0.00327
 1647   -0.00288    0.00782   -0.00801
 1648   -0.00464    0.00690   -0.00386
 1649   -0.00287    0.00777   -0.00615
 1650   -0.00808   -0.00050    0.00125
 1651   -0.00788   -0.00035    0.00401
 1652   -0.00904   -0.00158    0.00435
 1653   -0.00816   -0.00126    0.00341
 1654   -0.00577   -0.00250    0.00232
 1655   -0.00466   -0.00119    0.00117
 1656   -0.00832   -0.00363    0.00620
 1657   -0.00739   -0.00425    0.00608
 1658   -0.00575   -0.00608    0.00682
 1659   -0.00463   -0.00697    0.00784
 1660   -0.00784   -0.00399    0.00616
 1661   -0.00433   -0.00615    0.00547
 1662   -0.00199   -0.00661    0.00523
 1663   -0.00150   -0.00553    0.00380
 1664   -0.00238   -0.00460    0.00272
 1665   -0.00071   -0.00693    0.00575
 1666   -0.00004   -0.00866    0.00743
 1667   -0.00161   -0.00620    0.00519
 1668    0.00039   -0.00487    0.00362
 1669    0.00126   -0.00300    0.00161
 1670    0.00266   -0.00279    0.00148
 1671    0.00356   -0.00224    0.00222
 1672    0.00213   -0.00161    0.00071
 1673    0.00210   -0.00220    0.00048
 1674    0.00291   -0.00121    0.00014
 1675    0.00418    0.00065   -0.00132
 1676    0.00426    0.00079   -0.00280
 1677    0.00172   -0.00101    0.00092
 1678    0.00161   -0.00041    0.00171
 1679    0.00227   -0.00109    0.00303
 1680    0.00039   -0.00090    0.00203
 1681    0.00535    0.00234   -0.00176
 1682    0.00674    0.00455   -0.00423
 1683    0.00666    0.00683   -0.00461
 1684    0.00557    0.00654   -0.00340
 1685    0.00837    0.00562   -0.00567
 1686    0.00743    0.00475   -0.00270
 1687    0.00724    0.00841   -0.00569
 1688    0.00514    0.01052   -0.00531
 1689    0.00474    0.01485   -0.00937
 1690    0.00854    0.01753   -0.01268
 1691    0.00367    0.00961   -0.00234
 1692   -0.00296    0.00970    0.00184
 1693   -0.00553    0.00635    0.00493
 1694   -0.01460    0.00646    0.00963
 1695   -0.01171    0.00314    0.00935
 1696   -0.00229    0.01525   -0.01062
 1697   -0.00985    0.01939   -0.01790
 1698   -0.01730    0.02347   -0.01703
 1699   -0.01385    0.03256   -0.01619
 1700   -0.01397    0.01673   -0.02127
 1701   -0.03010    0.02079   -0.01552
 1702   -0.08635    0.00726   -0.02487
 1703   -0.18734   -0.05581   -0.09246
 1704   -0.02862    0.23239   -0.04957
 1705   -0.08560    0.01089   -0.01181
