    1   -0.00640    0.02382   -0.02939
    2   -0.00479    0.02299   -0.02627
    3   -0.00393    0.01675   -0.01794
    4   -0.00447    0.01194   -0.01575
    5   -0.00518    0.02294   -0.03565
    6   -0.00678    0.02254   -0.03434
    7   -0.01552    0.02375   -0.04930
    8   -0.01410    0.02396   -0.04100
    9   -0.00250    0.01890   -0.01611
   10   -0.00151    0.01529   -0.01144
   11    0.00076    0.01092   -0.01031
   12    0.00095    0.01113   -0.01249
   13   -0.00342    0.01853   -0.00934
   14   -0.00300    0.02129   -0.01066
   15   -0.00104    0.02426   -0.00923
   16   -0.00060    0.02908   -0.00921
   17   -0.00089    0.02144   -0.00612
   18    0.00170    0.00819   -0.00819
   19    0.00325    0.00521   -0.00745
   20    0.00318    0.00519   -0.00588
   21    0.00259    0.00651   -0.00458
   22    0.00365    0.00407   -0.00591
   23    0.00246    0.00380   -0.00708
   24    0.00248    0.00439   -0.00462
   25    0.00327    0.00286   -0.00890
   26    0.00511    0.00289   -0.00533
   27    0.00539    0.00181   -0.00385
   28    0.00467    0.00164   -0.00161
   29    0.00471    0.00209   -0.00108
   30    0.00767   -0.00050   -0.00448
   31    0.00957   -0.00127   -0.00593
   32    0.01314   -0.00470   -0.00617
   33    0.01668   -0.00623   -0.00653
   34    0.02025   -0.00753   -0.00669
   35    0.00470    0.00098   -0.00021
   36    0.00440    0.00013    0.00219
   37    0.00476    0.00013    0.00029
   38    0.00567   -0.00080   -0.00142
   39    0.00298   -0.00255    0.00395
   40    0.00347   -0.00339    0.00405
   41    0.00460   -0.00257    0.00065
   42    0.00420    0.00016    0.00170
   43    0.00339   -0.00015    0.00019
   44    0.00272   -0.00115    0.00069
   45    0.00268   -0.00139    0.00255
   46    0.00304    0.00038    0.00082
   47    0.00238    0.00014    0.00052
   48    0.00251   -0.00064   -0.00120
   49    0.00339    0.00026   -0.00117
   50    0.00211   -0.00208   -0.00126
   51    0.00091   -0.00336   -0.00138
   52   -0.00046   -0.00283   -0.00117
   53   -0.00043   -0.00253   -0.00104
   54    0.00118   -0.00532   -0.00253
   55    0.00047   -0.00701   -0.00325
   56    0.00146   -0.00995   -0.00445
   57    0.00265   -0.01015   -0.00566
   58    0.00112   -0.01170   -0.00464
   59   -0.00027   -0.00180   -0.00016
   60   -0.00024   -0.00103   -0.00005
   61   -0.00160   -0.00106   -0.00097
   62   -0.00190   -0.00160   -0.00125
   63    0.00095   -0.00063    0.00224
   64    0.00061    0.00004    0.00198
   65    0.00106   -0.00167    0.00275
   66    0.00217    0.00030    0.00312
   67   -0.00229   -0.00092   -0.00107
   68   -0.00282   -0.00091   -0.00203
   69   -0.00292    0.00066   -0.00196
   70   -0.00259    0.00050   -0.00157
   71   -0.00252   -0.00370   -0.00351
   72   -0.00255   -0.00392   -0.00472
   73   -0.00285   -0.00320   -0.00513
   74   -0.00215   -0.00515   -0.00566
   75   -0.00387    0.00089   -0.00249
   76   -0.00459    0.00160   -0.00255
   77   -0.00417    0.00130   -0.00267
   78   -0.00412    0.00187   -0.00231
   79   -0.00521    0.00154   -0.00361
   80   -0.00493    0.00064   -0.00431
   81   -0.00382    0.00022   -0.00326
   82   -0.00400    0.00059   -0.00333
   83   -0.00362   -0.00040   -0.00412
   84   -0.00233   -0.00060   -0.00329
   85   -0.00231    0.00023   -0.00348
   86   -0.00355   -0.00206   -0.00499
   87   -0.00372   -0.00399   -0.00718
   88   -0.00311   -0.00627   -0.00930
   89   -0.00178   -0.00752   -0.00981
   90   -0.00471   -0.00692   -0.01088
   91   -0.00193   -0.00172   -0.00363
   92   -0.00118   -0.00200   -0.00321
   93   -0.00086    0.00028   -0.00230
   94   -0.00043    0.00074   -0.00267
   95   -0.00078   -0.00315   -0.00312
   96    0.00021   -0.00453   -0.00463
   97    0.00146   -0.00574   -0.00451
   98    0.00230   -0.00448   -0.00322
   99   -0.00135    0.00091   -0.00114
  100   -0.00153    0.00200   -0.00048
  101   -0.00219    0.00296   -0.00082
  102   -0.00193    0.00353   -0.00080
  103   -0.00183    0.00268    0.00065
  104   -0.00078    0.00266    0.00062
  105   -0.00079    0.00166   -0.00000
  106   -0.00102    0.00276    0.00141
  107   -0.00308    0.00270   -0.00145
  108   -0.00373    0.00298   -0.00153
  109   -0.00286    0.00305   -0.00186
  110   -0.00301    0.00358   -0.00143
  111   -0.00475    0.00274   -0.00219
  112   -0.00537    0.00346   -0.00226
  113   -0.00559    0.00432   -0.00157
  114   -0.00603    0.00306   -0.00312
  115   -0.00185    0.00218   -0.00242
  116   -0.00095    0.00169   -0.00299
  117   -0.00037    0.00252   -0.00281
  118    0.00005    0.00293   -0.00280
  119   -0.00020    0.00047   -0.00396
  120    0.00094    0.00025   -0.00442
  121    0.00048    0.00043   -0.00429
  122    0.00195    0.00060   -0.00432
  123    0.00138    0.00148   -0.00372
  124   -0.00034    0.00266   -0.00263
  125    0.00019    0.00313   -0.00198
  126   -0.00033    0.00391   -0.00187
  127    0.00021    0.00431   -0.00225
  128    0.00060    0.00302   -0.00167
  129    0.00173    0.00297   -0.00141
  130    0.00126    0.00207   -0.00187
  131   -0.00150    0.00440   -0.00098
  132   -0.00200    0.00524   -0.00061
  133   -0.00224    0.00542   -0.00111
  134   -0.00226    0.00598   -0.00137
  135   -0.00311    0.00541    0.00034
  136   -0.00297    0.00558    0.00073
  137   -0.00401    0.00572    0.00075
  138   -0.00217    0.00609    0.00117
  139   -0.00236    0.00504   -0.00147
  140   -0.00250    0.00525   -0.00156
  141   -0.00150    0.00549   -0.00172
  142   -0.00178    0.00605   -0.00156
  143   -0.00277    0.00456   -0.00199
  144   -0.00151    0.00358   -0.00240
  145   -0.00050    0.00489   -0.00213
  146    0.00050    0.00508   -0.00268
  147    0.00055    0.00566   -0.00326
  148    0.00092    0.00562   -0.00272
  149    0.00210    0.00451   -0.00329
  150    0.00245    0.00359   -0.00282
  151    0.00458    0.00255   -0.00363
  152    0.00507    0.00146   -0.00383
  153    0.00724    0.00087   -0.00393
  154    0.00878    0.00164   -0.00368
  155    0.00764   -0.00041   -0.00431
  156    0.00003    0.00583   -0.00291
  157   -0.00038    0.00559   -0.00253
  158   -0.00119    0.00608   -0.00207
  159   -0.00144    0.00613   -0.00145
  160   -0.00025    0.00448   -0.00182
  161    0.00053    0.00379   -0.00159
  162    0.00081    0.00378   -0.00090
  163    0.00118    0.00303   -0.00248
  164   -0.00162    0.00688   -0.00172
  165   -0.00252    0.00735   -0.00120
  166   -0.00331    0.00749   -0.00147
  167   -0.00365    0.00801   -0.00135
  168   -0.00376    0.00756   -0.00115
  169   -0.00519    0.00780   -0.00037
  170   -0.00699    0.00818    0.00002
  171   -0.00678    0.00796   -0.00023
  172   -0.00471    0.00715    0.00061
  173   -0.00625    0.00744    0.00169
  174   -0.00304    0.00641    0.00050
  175   -0.00845    0.00818    0.00125
  176   -0.01038    0.00875    0.00118
  177   -0.01170    0.00858    0.00236
  178   -0.01167    0.00808    0.00392
  179   -0.01138    0.00948    0.00067
  180   -0.01333    0.00962    0.00254
  181   -0.01574    0.00909    0.00384
  182   -0.01553    0.01154    0.00444
  183   -0.01456    0.01121    0.00260
  184   -0.01852    0.01172    0.00577
  185   -0.01964    0.01271    0.00453
  186   -0.01633    0.01067    0.00300
  187   -0.01750    0.01137    0.00143
  188   -0.02636    0.01354    0.00329
  189   -0.03772    0.01521    0.00353
  190   -0.04711    0.01455    0.00222
  191   -0.03986    0.01455    0.00275
  192   -0.06891    0.01317   -0.00146
  193   -0.01325    0.00931    0.00330
  194   -0.01119    0.00840    0.00254
  195   -0.00994    0.00778    0.00110
  196   -0.00949    0.00736    0.00159
  197   -0.00967    0.00806    0.00332
  198   -0.01107    0.00841    0.00487
  199   -0.01227    0.00865    0.00677
  200   -0.01060    0.00848    0.00493
  201   -0.01274    0.00824    0.00689
  202   -0.01136    0.00810    0.00570
  203   -0.00912    0.00837    0.00338
  204   -0.01113    0.00749    0.00557
  205   -0.00867    0.00811    0.00321
  206   -0.00961    0.00781    0.00438
  207   -0.00977    0.00765   -0.00051
  208   -0.00882    0.00686   -0.00107
  209   -0.00774    0.00629   -0.00153
  210   -0.00789    0.00712   -0.00208
  211   -0.01019    0.00699   -0.00212
  212   -0.01089    0.00697   -0.00191
  213   -0.00879    0.00638   -0.00143
  214   -0.00943    0.00694   -0.00094
  215   -0.01067    0.00669   -0.00195
  216   -0.01236    0.00611   -0.00332
  217   -0.01062    0.00740   -0.00101
  218   -0.00661    0.00493   -0.00142
  219   -0.00624    0.00441   -0.00133
  220   -0.00678    0.00416   -0.00257
  221   -0.00700    0.00384   -0.00351
  222   -0.00493    0.00372   -0.00062
  223   -0.00325    0.00412    0.00054
  224   -0.00306    0.00437    0.00081
  225   -0.00204    0.00445    0.00088
  226   -0.00179    0.00471    0.00177
  227   -0.00069    0.00454    0.00231
  228   -0.00053    0.00467    0.00251
  229   -0.00643    0.00455   -0.00257
  230   -0.00689    0.00475   -0.00458
  231   -0.00637    0.00424   -0.00455
  232   -0.00525    0.00435   -0.00384
  233   -0.00832    0.00596   -0.00552
  234   -0.00927    0.00618   -0.00715
  235   -0.00935    0.00673   -0.00512
  236   -0.00644    0.00403   -0.00598
  237   -0.00573    0.00423   -0.00500
  238   -0.00557    0.00549   -0.00739
  239   -0.00662    0.00582   -0.00997
  240   -0.00502    0.00490   -0.00657
  241   -0.00419    0.00353   -0.00494
  242   -0.00482    0.00370   -0.00683
  243   -0.00321    0.00231   -0.00410
  244   -0.00317    0.00561   -0.00673
  245   -0.00198    0.00672   -0.00934
  246   -0.00019    0.00793   -0.01068
  247    0.00149    0.00781   -0.00876
  248   -0.00007    0.00720   -0.00636
  249    0.00067    0.00791   -0.00872
  250   -0.00145    0.00664   -0.00476
  251   -0.00144    0.00747   -0.01659
  252   -0.00069    0.00849   -0.02045
  253    0.00210    0.00975   -0.02082
  254    0.00330    0.01181   -0.02287
  255   -0.00279    0.00687   -0.02656
  256   -0.00664    0.00596   -0.02574
  257   -0.01011    0.00595   -0.02737
  258   -0.00697    0.00619   -0.02919
  259    0.00257    0.01008   -0.01831
  260    0.00491    0.01071   -0.01764
  261    0.00364    0.01105   -0.01202
  262    0.00271    0.01019   -0.01136
  263    0.00444    0.01298   -0.00872
  264    0.00550    0.01355   -0.00589
  265    0.00488    0.01392   -0.00608
  266    0.00633    0.01449   -0.00462
  267    0.00732    0.01271   -0.00402
  268    0.00752    0.00870   -0.00256
  269    0.00769    0.00669   -0.00017
  270    0.00687    0.00826   -0.00128
  271    0.00237    0.01487   -0.00705
  272   -0.00058    0.01828   -0.00242
  273   -0.00242    0.01471   -0.00385
  274   -0.00156    0.01099   -0.00729
  275   -0.00009    0.02044    0.00124
  276    0.00156    0.02139   -0.00207
  277    0.00028    0.01550   -0.00911
  278   -0.00174    0.01252   -0.00909
  279    0.00187    0.01355   -0.01498
  280   -0.00544    0.01485   -0.00093
  281   -0.00677    0.01188   -0.00141
  282   -0.00481    0.00677   -0.00431
  283   -0.00260    0.00384   -0.00610
  284   -0.01305    0.01252    0.00056
  285   -0.01359    0.01379    0.00197
  286   -0.00091    0.00929    0.00126
  287    0.00003    0.00916    0.00123
  288    0.00095    0.01012   -0.00003
  289   -0.00660    0.00517   -0.00489
  290   -0.00703   -0.00515   -0.00753
  291   -0.00612   -0.00674   -0.01181
  292   -0.00939   -0.01699   -0.01222
  293   -0.01581   -0.01323   -0.00877
  294   -0.00963   -0.01350    0.00677
  295   -0.00445   -0.01153    0.03500
  296    0.00497    0.00199    0.06778
  297   -0.17462   -0.34741    0.39131
  298   -0.00304   -0.00043   -0.01420
  299   -0.00216   -0.00141   -0.01686
  300   -0.00360    0.00474   -0.01300
  301   -0.00428    0.00475   -0.01391
  302   -0.00250    0.00719   -0.01677
  303   -0.00197    0.00175   -0.02213
  304   -0.00304    0.00596   -0.01037
  305   -0.00363    0.00747   -0.00877
  306   -0.00651    0.00657   -0.00812
  307   -0.00621    0.00763   -0.00791
  308   -0.00175    0.00911   -0.00609
  309    0.00022    0.01016   -0.00601
  310    0.00167    0.01145   -0.00357
  311    0.00049    0.00978   -0.00597
  312   -0.00639    0.00486   -0.00745
  313   -0.01178    0.00434   -0.00595
  314   -0.01475    0.00356   -0.00814
  315   -0.01840    0.00273   -0.00633
  316   -0.01336    0.00250   -0.01055
  317   -0.01494    0.00044   -0.01250
  318   -0.01289    0.00384   -0.01116
  319   -0.01336    0.00421   -0.01145
  320   -0.01461   -0.00073   -0.01505
  321   -0.01131    0.00171   -0.01487
  322   -0.01086    0.00545   -0.00961
  323   -0.00945    0.00684   -0.00907
  324   -0.01027    0.00922   -0.00848
  325   -0.01044    0.00947   -0.00799
  326   -0.00693    0.00728   -0.00903
  327   -0.00683    0.00799   -0.00729
  328   -0.00610    0.00688   -0.00944
  329   -0.01119    0.01023   -0.00937
  330   -0.01207    0.01192   -0.00894
  331   -0.01104    0.01207   -0.00773
  332   -0.00966    0.01081   -0.00723
  333   -0.01324    0.01324   -0.01098
  334   -0.01354    0.01107   -0.01086
  335   -0.01153    0.00934   -0.00967
  336   -0.01178    0.01299   -0.00743
  337   -0.01147    0.01243   -0.00577
  338   -0.01315    0.01273   -0.00483
  339   -0.01274    0.01749   -0.00856
  340   -0.01181    0.01290   -0.00641
  341   -0.01224    0.01091   -0.00193
  342   -0.00919    0.00994   -0.00087
  343   -0.00785    0.00931   -0.00085
  344   -0.00914    0.00947   -0.00115
  345   -0.00903    0.00864    0.00170
  346   -0.01180    0.00919    0.00193
  347   -0.01371    0.01075   -0.00034
  348   -0.00584    0.00883   -0.00110
  349   -0.00452    0.00857   -0.00060
  350   -0.00248    0.00770    0.00107
  351   -0.00072    0.00733    0.00159
  352   -0.00419    0.00875   -0.00198
  353   -0.00239    0.00688    0.00226
  354   -0.00147    0.00603    0.00385
  355    0.00034    0.00548    0.00417
  356    0.00165    0.00468    0.00505
  357   -0.00274    0.00507    0.00435
  358   -0.00362    0.00536    0.00384
  359    0.00039    0.00578    0.00350
  360    0.00177    0.00549    0.00421
  361    0.00131    0.00601    0.00344
  362    0.00000    0.00625    0.00241
  363    0.00186    0.00443    0.00448
  364    0.00250    0.00618    0.00369
  365    0.00253    0.00672    0.00358
  366    0.00309    0.00604    0.00426
  367    0.00399    0.00567    0.00485
  368    0.00315    0.00709    0.00322
  369    0.00331    0.00721    0.00240
  370    0.00214    0.00726    0.00115
  371    0.00439    0.00731    0.00268
  372    0.00274    0.00564    0.00403
  373    0.00320    0.00504    0.00451
  374    0.00324    0.00473    0.00442
  375    0.00276    0.00479    0.00335
  376    0.00284    0.00449    0.00459
  377    0.00331    0.00395    0.00546
  378    0.00399    0.00427    0.00613
  379    0.00232    0.00343    0.00465
  380    0.00366    0.00421    0.00529
  381    0.00361    0.00377    0.00584
  382    0.00345    0.00308    0.00694
  383    0.00359    0.00273    0.00758
  384    0.00373    0.00396    0.00614
  385    0.00344    0.00334    0.00612
  386    0.00401    0.00348    0.00462
  387    0.00352    0.00254    0.00630
  388    0.00303    0.00212    0.00715
  389    0.00280    0.00071    0.00779
  390    0.00206    0.00005    0.00788
  391    0.00183   -0.00005    0.00754
  392    0.00287    0.00059    0.00757
  393    0.00283   -0.00018    0.00840
  394    0.00330   -0.00033    0.00747
  395    0.00172   -0.00162    0.00799
  396    0.00168   -0.00116    0.00890
  397    0.00115   -0.00214    0.00916
  398    0.00103   -0.00417    0.01057
  399    0.00126   -0.00425    0.01138
  400    0.00117   -0.00209    0.00908
  401    0.00111   -0.00199    0.00939
  402    0.00052   -0.00359    0.00975
  403    0.00180   -0.00031    0.00913
  404    0.00036   -0.00375    0.01013
  405    0.00178   -0.00055    0.00993
  406    0.00121   -0.00187    0.01011
  407    0.00064   -0.00551    0.01043
  408    0.00039   -0.00721    0.01121
  409    0.00026   -0.00759    0.01228
  410    0.00001   -0.00735    0.01183
  411    0.00066   -0.00760    0.01035
  412    0.00046   -0.00630    0.01048
  413    0.00050   -0.00509    0.00983
  414    0.00025   -0.00799    0.01369
  415    0.00100   -0.00857    0.01420
  416   -0.00055   -0.01154    0.01350
  417    0.00059   -0.01297    0.01374
  418    0.00230   -0.00893    0.01522
  419    0.00156   -0.00956    0.01510
  420    0.00086   -0.00787    0.01407
  421    0.00210   -0.00788    0.01538
  422   -0.00159   -0.01224    0.01247
  423   -0.00321   -0.01602    0.01295
  424   -0.00396   -0.01960    0.01322
  425   -0.00318   -0.01860    0.01256
  426   -0.00353   -0.01615    0.01235
  427   -0.00286   -0.01442    0.01079
  428   -0.00274   -0.01353    0.01187
  429   -0.00416   -0.02307    0.01436
  430   -0.00470   -0.02533    0.01408
  431   -0.00444   -0.02498    0.01109
  432   -0.00401   -0.02686    0.01058
  433   -0.00513   -0.02965    0.01588
  434   -0.00487   -0.02301    0.01022
  435   -0.00477   -0.02313    0.00782
  436   -0.00412   -0.02012    0.00681
  437   -0.00461   -0.02171    0.00555
  438   -0.00471   -0.02203    0.00765
  439   -0.00441   -0.02117    0.00603
  440   -0.00545   -0.02423    0.00325
  441   -0.00588   -0.02648    0.00233
  442   -0.00627   -0.02521    0.00179
  443   -0.00349   -0.01757    0.00806
  444   -0.00298   -0.01522    0.00783
  445   -0.00325   -0.01662    0.00884
  446   -0.00302   -0.01620    0.00811
  447   -0.00234   -0.01247    0.00929
  448   -0.00184   -0.01005    0.00929
  449   -0.00160   -0.01006    0.01077
  450   -0.00129   -0.00809    0.00814
  451   -0.00121   -0.00745    0.01071
  452   -0.00121   -0.00629    0.00912
  453   -0.00308   -0.01868    0.01071
  454   -0.00299   -0.01953    0.01109
  455   -0.00330   -0.02314    0.01055
  456   -0.00302   -0.02407    0.01140
  457   -0.00346   -0.02163    0.01269
  458   -0.00350   -0.02085    0.01388
  459   -0.00315   -0.01835    0.01459
  460   -0.00341   -0.01877    0.01589
  461   -0.00264   -0.01584    0.01422
  462   -0.00388   -0.02537    0.00862
  463   -0.00428   -0.02813    0.00665
  464   -0.00470   -0.02635    0.00501
  465   -0.00493   -0.02733    0.00346
  466   -0.00458   -0.03135    0.00497
  467   -0.00387   -0.03403    0.00665
  468   -0.00438   -0.03765    0.00783
  469   -0.00313   -0.03505    0.00853
  470   -0.00479   -0.02367    0.00549
  471   -0.00535   -0.02153    0.00402
  472   -0.00485   -0.02024    0.00448
  473   -0.00527   -0.01958    0.00309
  474   -0.00475   -0.01772    0.00222
  475   -0.00438   -0.01488    0.00124
  476   -0.00506   -0.01442   -0.00134
  477   -0.00343   -0.01231    0.00291
  478   -0.00445   -0.01229   -0.00149
  479   -0.00188   -0.00934    0.00292
  480   -0.00251   -0.01018    0.00103
  481   -0.00398   -0.01835    0.00592
  482   -0.00394   -0.01500    0.00644
  483   -0.00412   -0.01634    0.00595
  484   -0.00411   -0.01414    0.00538
  485   -0.00321   -0.01253    0.00852
  486   -0.00282   -0.00946    0.00897
  487   -0.00186   -0.00634    0.00819
  488   -0.00083   -0.00395    0.00912
  489    0.00043   -0.00141    0.00858
  490    0.00062   -0.00141    0.00735
  491    0.00164   -0.00008    0.00903
  492   -0.00375   -0.02116    0.00683
  493   -0.00417   -0.02300    0.00684
  494   -0.00529   -0.02313    0.00379
  495   -0.00548   -0.02160    0.00357
  496   -0.00373   -0.02605    0.00815
  497   -0.00175   -0.02923    0.01385
  498   -0.00125   -0.02804    0.01587
  499   -0.00089   -0.02493    0.01474
  500    0.00062   -0.03006    0.01965
  501   -0.00584   -0.02481    0.00211
  502   -0.00715   -0.02469   -0.00023
  503   -0.00727   -0.02096   -0.00021
  504   -0.00874   -0.02004   -0.00177
  505   -0.00854   -0.02650   -0.00169
  506   -0.00855   -0.03275   -0.00428
  507   -0.00866   -0.03628   -0.00874
  508   -0.01851   -0.03239   -0.00389
  509   -0.04693    0.07975    0.11446
  510   -0.00613   -0.01905    0.00152
  511   -0.00679   -0.01401   -0.00066
  512   -0.00622   -0.01154    0.00088
  513   -0.00677   -0.00920   -0.00003
  514   -0.00535   -0.01202    0.00135
  515   -0.00418   -0.00904    0.00185
  516   -0.00211   -0.00639    0.00360
  517   -0.00203   -0.00591    0.00524
  518   -0.00035   -0.00495    0.00353
  519   -0.00521   -0.01157    0.00243
  520   -0.00450   -0.00904    0.00321
  521   -0.00589   -0.01022    0.00246
  522   -0.00605   -0.00700    0.00174
  523   -0.00284   -0.00975    0.00426
  524   -0.00166   -0.00881    0.00673
  525   -0.00149   -0.00781    0.00488
  526   -0.00046   -0.01063    0.00784
  527   -0.00700   -0.01449    0.00085
  528   -0.00856   -0.01571   -0.00086
  529   -0.01090   -0.01494   -0.00382
  530   -0.01271   -0.01618   -0.00612
  531   -0.00937   -0.02067   -0.00061
  532   -0.00937   -0.02084    0.00113
  533   -0.00809   -0.01952    0.00299
  534   -0.00394   -0.01863    0.00597
  535   -0.00887   -0.02217    0.00231
  536   -0.01065   -0.01314   -0.00356
  537   -0.01298   -0.01195   -0.00630
  538   -0.01307   -0.00755   -0.00590
  539   -0.01572   -0.00582   -0.00793
  540   -0.01321   -0.01259   -0.00818
  541   -0.01632   -0.01212   -0.01423
  542   -0.01696   -0.00907   -0.01218
  543   -0.01438   -0.00647   -0.00847
  544   -0.02301   -0.00777   -0.02049
  545   -0.01096   -0.00553   -0.00275
  546   -0.01050   -0.00127   -0.00124
  547   -0.01092    0.00148   -0.00125
  548   -0.01292    0.00505   -0.00043
  549   -0.00691   -0.00004    0.00130
  550   -0.00488    0.00039    0.00192
  551   -0.00696   -0.00295    0.00044
  552   -0.00243    0.00106    0.00377
  553   -0.00998   -0.00048   -0.00087
  554   -0.01011    0.00187   -0.00038
  555   -0.00928    0.00821    0.00088
  556   -0.00635    0.00894    0.00183
  557   -0.01332    0.00038   -0.00319
  558   -0.01302   -0.00645   -0.00512
  559   -0.01652   -0.00903   -0.01016
  560   -0.01626   -0.01744   -0.01249
  561   -0.02490   -0.02879   -0.02975
  562   -0.01255    0.01392    0.00070
  563   -0.01324    0.02467    0.00182
  564   -0.01466    0.02099    0.00290
  565   -0.02670    0.03994    0.00801
  566   -0.01001    0.01194    0.00156
  567   -0.00759    0.00840    0.00204
  568   -0.00360    0.00700    0.00097
  569   -0.00233    0.00801   -0.00049
  570   -0.00539    0.00627    0.00175
  571   -0.00256    0.00628    0.00222
  572   -0.00027    0.00437    0.00279
  573   -0.00042    0.00386    0.00292
  574    0.00065    0.00444    0.00354
  575    0.00092    0.00135    0.00212
  576    0.00341   -0.00051    0.00100
  577    0.00518    0.00022    0.00187
  578    0.00616   -0.00018    0.00398
  579    0.00658   -0.00142    0.00303
  580    0.00792   -0.00288    0.00294
  581    0.00669   -0.00359   -0.00040
  582    0.00547   -0.00427   -0.00306
  583    0.00658   -0.00352    0.00034
  584    0.00488    0.00090    0.00107
  585    0.00608    0.00067    0.00285
  586    0.00615   -0.00054    0.00202
  587    0.00514   -0.00006    0.00081
  588    0.00516    0.00259    0.00244
  589    0.00548    0.00126    0.00391
  590    0.00415    0.00372    0.00280
  591    0.00691   -0.00156    0.00345
  592    0.00756   -0.00254    0.00346
  593    0.00719   -0.00214    0.00283
  594    0.00709   -0.00181    0.00320
  595    0.00852   -0.00338    0.00422
  596    0.00862   -0.00453    0.00341
  597    0.00682   -0.00264    0.00231
  598    0.00648   -0.00434    0.00060
  599    0.00703   -0.00475    0.00031
  600    0.00953   -0.00961   -0.00119
  601    0.00599   -0.00467   -0.00072
  602    0.00702   -0.00446    0.00022
  603    0.00681   -0.00354    0.00168
  604    0.00804   -0.00517    0.00096
  605    0.00871   -0.00643    0.00074
  606    0.00828   -0.00533    0.00233
  607    0.00838   -0.00592    0.00308
  608    0.00877   -0.00562    0.00182
  609    0.00941   -0.00883    0.00173
  610    0.01089   -0.00997    0.00170
  611    0.00752   -0.01103    0.00534
  612    0.01068   -0.01166    0.00428
  613    0.00774   -0.00387    0.00306
  614    0.00733   -0.00284    0.00405
  615    0.00828   -0.00396    0.00370
  616    0.00840   -0.00442    0.00197
  617    0.00684   -0.00128    0.00492
  618    0.00684   -0.00041    0.00559
  619    0.00724   -0.00144    0.00536
  620    0.00858   -0.00387    0.00378
  621    0.00917   -0.00423    0.00249
  622    0.00798   -0.00243    0.00350
  623    0.00728   -0.00082    0.00424
  624    0.00848   -0.00412    0.00273
  625    0.00879   -0.00366    0.00064
  626    0.00702   -0.00170    0.00126
  627    0.00869   -0.00483   -0.00214
  628    0.00572   -0.00092   -0.00009
  629    0.00675   -0.00404   -0.00376
  630    0.00527   -0.00231   -0.00260
  631    0.00272   -0.00287   -0.00469
  632    0.00763   -0.00230    0.00254
  633    0.00644   -0.00013    0.00318
  634    0.00533    0.00030    0.00161
  635    0.00505   -0.00045   -0.00007
  636    0.00630    0.00048    0.00369
  637    0.00565    0.00213    0.00465
  638    0.00549    0.00280    0.00583
  639    0.00481    0.00275    0.00440
  640    0.00475    0.00358    0.00655
  641    0.00385    0.00385    0.00529
  642    0.00388    0.00407    0.00639
  643    0.00458    0.00169    0.00218
  644    0.00271    0.00232    0.00090
  645    0.00237    0.00352    0.00255
  646    0.00297    0.00392    0.00407
  647    0.00221    0.00178   -0.00024
  648    0.00272    0.00259    0.00135
  649    0.00213    0.00207   -0.00011
  650    0.00033    0.00181   -0.00312
  651    0.00093    0.00440    0.00163
  652    0.00000    0.00558    0.00270
  653   -0.00057    0.00626    0.00214
  654   -0.00112    0.00605    0.00061
  655   -0.00134    0.00648    0.00093
  656   -0.00055    0.00617    0.00125
  657   -0.00195    0.00687   -0.00065
  658   -0.00081    0.00651    0.00040
  659   -0.00225    0.00723   -0.00119
  660   -0.00030    0.00704    0.00318
  661   -0.00066    0.00756    0.00262
  662   -0.00221    0.00909    0.00056
  663   -0.00174    0.00993    0.00052
  664    0.00063    0.00703    0.00541
  665    0.00025    0.00718    0.00488
  666    0.00135    0.00673    0.00688
  667    0.00205    0.00624    0.00810
  668    0.00091    0.00760    0.00696
  669   -0.00410    0.00989   -0.00271
  670   -0.00596    0.01272   -0.00590
  671   -0.00545    0.01479   -0.00669
  672   -0.00707    0.01984   -0.00964
  673   -0.00945    0.01335   -0.00834
  674   -0.00842    0.01030   -0.00814
  675   -0.00979    0.01348   -0.00825
  676   -0.00442    0.01291   -0.00570
  677   -0.00381    0.01364   -0.00627
  678   -0.00337    0.01303   -0.00326
  679   -0.00234    0.01081   -0.00036
  680   -0.00322    0.01031   -0.00693
  681   -0.00449    0.00928   -0.00937
  682   -0.00277    0.00959   -0.00829
  683   -0.00500    0.00668   -0.00903
  684   -0.00418    0.01513   -0.00407
  685   -0.00317    0.01545   -0.00159
  686   -0.00082    0.01118   -0.00048
  687   -0.00043    0.01048   -0.00299
  688    0.00090    0.00840    0.00268
  689    0.00204    0.00685    0.00272
  690    0.00184    0.00610    0.00160
  691    0.00259    0.00462    0.00156
  692    0.00267    0.00582    0.00162
  693    0.00222    0.00569    0.00193
  694    0.00257    0.00352    0.00463
  695    0.00153    0.00749    0.00005
  696    0.00137    0.00653    0.00156
  697    0.00170    0.00601    0.00069
  698    0.00234    0.00419    0.00355
  699    0.00280    0.00413    0.00298
  700    0.00048    0.00711   -0.00082
  701   -0.00040    0.00736    0.00070
  702    0.00243    0.00439    0.00547
  703    0.00285    0.00428    0.00666
  704    0.00325    0.00353    0.00667
  705    0.00352    0.00359    0.00695
  706    0.00317    0.00423    0.00877
  707    0.00311    0.00333    0.00917
  708    0.00324    0.00270    0.00605
  709    0.00328    0.00217    0.00601
  710    0.00354    0.00292    0.00479
  711    0.00374    0.00315    0.00433
  712    0.00349    0.00309    0.00345
  713    0.00359    0.00332    0.00247
  714    0.00360    0.00351    0.00336
  715    0.00373    0.00365    0.00279
  716    0.00376    0.00310    0.00094
  717    0.00366    0.00284    0.00004
  718    0.00311    0.00296   -0.00017
  719    0.00360    0.00367    0.00416
  720    0.00367    0.00368    0.00459
  721    0.00427    0.00343    0.00531
  722    0.00440    0.00334    0.00477
  723    0.00332    0.00387    0.00483
  724    0.00202    0.00442    0.00331
  725    0.00359    0.00408    0.00535
  726    0.00110    0.00458    0.00113
  727    0.00422    0.00348    0.00624
  728    0.00416    0.00382    0.00634
  729    0.00402    0.00388    0.00553
  730    0.00416    0.00397    0.00544
  731    0.00375    0.00374    0.00474
  732    0.00317    0.00444    0.00407
  733    0.00333    0.00409    0.00381
  734    0.00276    0.00427    0.00367
  735    0.00243    0.00417    0.00321
  736    0.00183    0.00441    0.00279
  737    0.00205    0.00399    0.00299
  738    0.00082    0.00412    0.00147
  739    0.00408    0.00371    0.00320
  740    0.00423    0.00307    0.00251
  741    0.00474    0.00299    0.00325
  742    0.00511    0.00260    0.00319
  743    0.00378    0.00307    0.00161
  744    0.00318    0.00316    0.00059
  745    0.00388    0.00222    0.00074
  746    0.00257    0.00261   -0.00071
  747    0.00510    0.00285    0.00426
  748    0.00576    0.00279    0.00469
  749    0.00528    0.00309    0.00489
  750    0.00577    0.00259    0.00507
  751    0.00582    0.00296    0.00543
  752    0.00582    0.00297    0.00554
  753    0.00521    0.00342    0.00588
  754    0.00615    0.00219    0.00512
  755    0.00512    0.00337    0.00585
  756    0.00559    0.00264    0.00505
  757    0.00416    0.00360    0.00494
  758    0.00315    0.00376    0.00514
  759    0.00270    0.00379    0.00446
  760    0.00163    0.00366    0.00474
  761    0.00227    0.00431    0.00452
  762    0.00272    0.00385    0.00394
  763    0.00210    0.00371    0.00348
  764    0.00374    0.00297    0.00369
  765    0.00332    0.00300    0.00397
  766    0.00182    0.00419    0.00234
  767    0.00082    0.00435    0.00240
  768    0.00044    0.00511    0.00229
  769    0.00498    0.00234    0.00332
  770    0.00557    0.00121    0.00376
  771    0.00556    0.00071    0.00537
  772    0.00682   -0.00101    0.00518
  773    0.00712    0.00012    0.00247
  774    0.00509    0.00130    0.00544
  775    0.00500    0.00090    0.00621
  776    0.00377    0.00165    0.00630
  777    0.00381    0.00119    0.00648
  778    0.00583    0.00088    0.00598
  779    0.00694   -0.00021    0.00521
  780    0.00690   -0.00142    0.00498
  781    0.00697    0.00039    0.00520
  782    0.00256    0.00197    0.00583
  783   -0.00111    0.00254    0.00721
  784   -0.00296    0.00349    0.00749
  785   -0.00427    0.00364    0.00650
  786   -0.00139    0.00278    0.00600
  787   -0.00077    0.00299    0.00593
  788   -0.00114    0.00303    0.00656
  789    0.00009    0.00342    0.00556
  790   -0.00154    0.00273    0.00771
  791   -0.00287    0.00338    0.00759
  792   -0.00577    0.00348    0.00931
  793   -0.00706    0.00353    0.00931
  794   -0.00023    0.00233    0.00602
  795    0.00352    0.00239    0.00444
  796    0.00518    0.00071    0.00204
  797    0.00393    0.00036   -0.00091
  798    0.00790   -0.00083    0.00060
  799   -0.00578    0.00253    0.01040
  800   -0.00746    0.00160    0.01171
  801   -0.00916    0.00268    0.01041
  802   -0.01238    0.00370    0.01232
  803   -0.00562    0.00074    0.01240
  804   -0.00421    0.00122    0.01103
  805   -0.00445    0.00191    0.01070
  806   -0.00271    0.00143    0.00949
  807   -0.00862    0.00287    0.00814
  808   -0.01027    0.00483    0.00804
  809   -0.01110    0.00534    0.00670
  810   -0.01361    0.00601    0.00722
  811   -0.00897    0.00480    0.00739
  812   -0.00794    0.00395    0.00848
  813   -0.00629    0.00418    0.00736
  814   -0.00475    0.00348    0.00822
  815   -0.00275    0.00247    0.00802
  816   -0.00917    0.00559    0.00538
  817   -0.00989    0.00635    0.00506
  818   -0.01032    0.00626    0.00511
  819   -0.00894    0.00550    0.00546
  820   -0.00722    0.00634    0.00396
  821   -0.00715    0.00688    0.00408
  822   -0.00665    0.00652    0.00464
  823   -0.00468    0.00681    0.00326
  824   -0.01219    0.00699    0.00448
  825   -0.01148    0.00658    0.00343
  826   -0.00978    0.00696    0.00227
  827   -0.00824    0.00701    0.00158
  828   -0.00918    0.00864    0.00087
  829   -0.00713    0.00896   -0.00103
  830   -0.00688    0.01053   -0.00108
  831   -0.00740    0.01158    0.00009
  832   -0.00588    0.00836   -0.00067
  833   -0.00445    0.00649   -0.00029
  834   -0.00254    0.00595   -0.00093
  835   -0.00467    0.00552    0.00103
  836   -0.00056    0.00438    0.00010
  837   -0.00237    0.00466    0.00158
  838    0.00012    0.00409    0.00110
  839   -0.00597    0.01003   -0.00107
  840   -0.00642    0.01060    0.00023
  841   -0.00520    0.01106    0.00072
  842   -0.00440    0.01048   -0.00003
  843   -0.00546    0.00993    0.00002
  844   -0.00403    0.00899   -0.00022
  845   -0.00362    0.00857   -0.00011
  846   -0.00452    0.00924    0.00011
  847   -0.00255    0.00817    0.00003
  848   -0.00544    0.01242    0.00221
  849   -0.00424    0.01470    0.00462
  850   -0.00302    0.01298    0.00439
  851   -0.00270    0.01311    0.00454
  852   -0.00484    0.01938    0.00705
  853   -0.00966    0.02258    0.00782
  854   -0.01128    0.01976    0.00541
  855   -0.01311    0.03354    0.01423
  856   -0.00229    0.01233    0.00419
  857   -0.00220    0.01108    0.00531
  858   -0.00215    0.00925    0.00385
  859   -0.00230    0.00835    0.00410
  860   -0.00236    0.00865    0.00211
  861   -0.00207    0.00752    0.00097
  862   -0.00233    0.00604    0.00066
  863   -0.00261    0.00515    0.00037
  864   -0.00231    0.00780   -0.00022
  865   -0.00197    0.00700   -0.00094
  866   -0.00217    0.00514   -0.00039
  867   -0.00231    0.00397   -0.00072
  868   -0.00216    0.00349   -0.00142
  869   -0.00326    0.00221   -0.00194
  870   -0.00161    0.00326   -0.00250
  871   -0.00095    0.00225   -0.00330
  872   -0.00164    0.00435   -0.00130
  873   -0.00129    0.00399   -0.00192
  874   -0.00070    0.00324   -0.00196
  875   -0.00041    0.00280   -0.00222
  876    0.00033    0.00163   -0.00273
  877    0.00004    0.00366   -0.00178
  878    0.00126    0.00317   -0.00127
  879    0.00190    0.00257   -0.00146
  880    0.00164    0.00369    0.00000
  881   -0.00082    0.00416   -0.00177
  882   -0.00049    0.00333   -0.00241
  883   -0.00110    0.00181   -0.00348
  884   -0.00037    0.00015   -0.00524
  885   -0.00193    0.00542   -0.00190
  886   -0.00170    0.00474   -0.00291
  887   -0.00274    0.00622   -0.00224
  888   -0.00345    0.00877   -0.00217
  889   -0.00355    0.01072   -0.00087
  890   -0.00229    0.00175   -0.00245
  891   -0.00368   -0.00042   -0.00297
  892   -0.00385   -0.00240   -0.00425
  893   -0.00406   -0.00584   -0.00629
  894   -0.00522   -0.00047   -0.00156
  895   -0.00677   -0.00293   -0.00119
  896   -0.00783   -0.00398   -0.00148
  897   -0.00706   -0.00536   -0.00342
  898   -0.00887   -0.00355   -0.00005
  899   -0.00314   -0.00156   -0.00458
  900   -0.00312   -0.00305   -0.00585
  901   -0.00169   -0.00386   -0.00651
  902   -0.00232   -0.00636   -0.00810
  903   -0.00240   -0.00118   -0.00584
  904   -0.00176   -0.00196   -0.00690
  905   -0.00264   -0.00191   -0.00834
  906   -0.00034   -0.00113   -0.00619
  907   -0.00303   -0.00182   -0.00841
  908   -0.00013   -0.00138   -0.00582
  909   -0.00209   -0.00152   -0.00724
  910    0.00062   -0.00192   -0.00466
  911    0.00263   -0.00276   -0.00465
  912    0.00280   -0.00570   -0.00771
  913    0.00400   -0.00813   -0.00935
  914    0.00531   -0.00088   -0.00376
  915    0.00481    0.00091   -0.00244
  916    0.00538    0.00182   -0.00053
  917    0.00479    0.00092   -0.00120
  918    0.00081   -0.00551   -0.00702
  919    0.00108   -0.00921   -0.01052
  920   -0.00066   -0.01359   -0.01242
  921    0.00023   -0.01834   -0.01527
  922   -0.00061   -0.00787   -0.00935
  923   -0.00007   -0.01246   -0.01154
  924   -0.00370   -0.01271   -0.01117
  925   -0.00667   -0.01636   -0.01294
  926   -0.00613   -0.01749   -0.01393
  927   -0.00647   -0.02124   -0.01674
  928   -0.00976   -0.01396   -0.01077
  929   -0.01037   -0.01335   -0.00994
  930   -0.01158   -0.01122   -0.00833
  931   -0.01032   -0.00832   -0.00759
  932   -0.01512   -0.01325   -0.00768
  933   -0.00390   -0.01372   -0.01230
  934   -0.00235   -0.01358   -0.01293
  935    0.00166   -0.01442   -0.01313
  936    0.00293   -0.01307   -0.01226
  937   -0.00207   -0.00887   -0.01040
  938    0.00027   -0.00677   -0.00817
  939   -0.00439   -0.00803   -0.01089
  940    0.00399   -0.01573   -0.01348
  941    0.00826   -0.01709   -0.01498
  942    0.01366   -0.02452   -0.01988
  943    0.01478   -0.01918   -0.01818
  944    0.01066   -0.01979   -0.01724
  945    0.01296   -0.01854   -0.01814
  946    0.01704   -0.02391   -0.02006
  947    0.01968   -0.02752   -0.02285
  948    0.01632   -0.02156   -0.02315
  949    0.01144   -0.03135   -0.02220
  950    0.01424   -0.04241   -0.02442
  951    0.00832   -0.03236   -0.01983
  952    0.01033   -0.03542   -0.02025
  953    0.01135   -0.05761   -0.03298
  954   -0.00058   -0.04718   -0.02985
  955   -0.00544   -0.05858   -0.03989
  956   -0.01191   -0.09303   -0.03974
  957   -0.03957   -0.14818   -0.28785
  958    0.00251   -0.02350   -0.01754
  959   -0.00234   -0.01849   -0.01663
  960   -0.00065   -0.01270   -0.01261
  961    0.00354   -0.01234   -0.00987
  962   -0.00611   -0.01542   -0.01628
  963   -0.01105   -0.02024   -0.01920
  964   -0.01309   -0.01665   -0.01792
  965   -0.01880   -0.02375   -0.02275
  966   -0.00317   -0.01021   -0.01372
  967    0.00043   -0.00766   -0.00970
  968   -0.00033   -0.00393   -0.00800
  969   -0.00214   -0.00388   -0.00955
  970   -0.00106   -0.00743   -0.01166
  971   -0.00377   -0.00575   -0.01356
  972    0.00079   -0.00144   -0.00482
  973    0.00065    0.00066   -0.00335
  974   -0.00177    0.00219   -0.00499
  975   -0.00227    0.00297   -0.00478
  976    0.00200    0.00206   -0.00072
  977    0.00346    0.00046   -0.00021
  978    0.00247   -0.00150   -0.00291
  979   -0.00361    0.00316   -0.00702
  980   -0.00614    0.00502   -0.00917
  981   -0.00809    0.00317   -0.01204
  982   -0.00897    0.00427   -0.01281
  983   -0.00850    0.00671   -0.01042
  984   -0.00637    0.00841   -0.00779
  985   -0.00360    0.00580   -0.00583
  986   -0.00202    0.00675   -0.00515
  987   -0.00212    0.00436   -0.00489
  988   -0.00761   -0.00004   -0.01367
  989   -0.00869   -0.00240   -0.01657
  990   -0.00709   -0.00274   -0.01460
  991   -0.00797   -0.00287   -0.01649
  992   -0.00983   -0.00607   -0.01962
  993   -0.01256   -0.00653   -0.02380
  994   -0.01381   -0.00243   -0.02373
  995   -0.01971   -0.01230   -0.03504
  996   -0.00520   -0.00245   -0.01180
  997   -0.00383   -0.00228   -0.01013
  998   -0.00433   -0.00012   -0.00934
  999   -0.00426   -0.00050   -0.00933
 1000   -0.00118   -0.00225   -0.00739
 1001    0.00008   -0.00480   -0.00803
 1002    0.00356   -0.00484   -0.00611
 1003    0.00535   -0.00746   -0.00763
 1004    0.00725   -0.00724   -0.00543
 1005    0.00824   -0.00577   -0.00301
 1006    0.00917   -0.00965   -0.00742
 1007   -0.00485    0.00187   -0.00851
 1008   -0.00520    0.00388   -0.00772
 1009   -0.00724    0.00401   -0.01062
 1010   -0.00666    0.00451   -0.01061
 1011   -0.00561    0.00620   -0.00656
 1012   -0.00901    0.00304   -0.01401
 1013   -0.01159    0.00330   -0.01830
 1014   -0.01061    0.00152   -0.01897
 1015   -0.01146    0.00232   -0.02121
 1016   -0.01530    0.00382   -0.02332
 1017   -0.01907    0.00784   -0.02443
 1018   -0.02230    0.00791   -0.03008
 1019   -0.03045    0.01400   -0.03780
 1020   -0.03417    0.02154   -0.03563
 1021   -0.00832   -0.00068   -0.01754
 1022   -0.00671   -0.00258   -0.01755
 1023   -0.00519   -0.00078   -0.01533
 1024   -0.00438   -0.00053   -0.01661
 1025   -0.00583   -0.00429   -0.01533
 1026   -0.00721   -0.00719   -0.01725
 1027   -0.00478    0.00064   -0.01285
 1028   -0.00306    0.00173   -0.01090
 1029   -0.00466    0.00305   -0.01195
 1030   -0.00368    0.00293   -0.01164
 1031   -0.00243    0.00228   -0.00784
 1032   -0.00168    0.00303   -0.00615
 1033    0.00013    0.00259   -0.00552
 1034   -0.00164    0.00464   -0.00540
 1035    0.00134    0.00334   -0.00373
 1036   -0.00079    0.00481   -0.00412
 1037    0.00070    0.00401   -0.00315
 1038   -0.00689    0.00418   -0.01244
 1039   -0.00866    0.00536   -0.01394
 1040   -0.01000    0.00463   -0.01603
 1041   -0.00960    0.00466   -0.01605
 1042   -0.01163    0.00701   -0.01490
 1043   -0.01122    0.00810   -0.01272
 1044   -0.01357    0.01025   -0.01484
 1045   -0.01300    0.00996   -0.01445
 1046   -0.01499    0.01258   -0.01710
 1047   -0.00864    0.00304   -0.01862
 1048   -0.00905    0.00193   -0.02188
 1049   -0.00577    0.00126   -0.02004
 1050   -0.00516    0.00015   -0.02326
 1051   -0.00968    0.00176   -0.02610
 1052   -0.01570    0.00324   -0.03013
 1053   -0.02084    0.00031   -0.04218
 1054   -0.02718    0.00434   -0.04320
 1055   -0.03042    0.00196   -0.05361
 1056   -0.00390    0.00167   -0.01636
 1057   -0.00089    0.00069   -0.01464
 1058   -0.00009    0.00133   -0.01238
 1059   -0.00029    0.00190   -0.01069
 1060   -0.00067    0.00049   -0.01191
 1061   -0.00015    0.00038   -0.01126
 1062    0.00164    0.00129   -0.00990
 1063   -0.00123    0.00023   -0.01026
 1064   -0.00017    0.00159   -0.01351
 1065    0.00027    0.00214   -0.01180
 1066    0.00364    0.00208   -0.00945
 1067    0.00436    0.00214   -0.00797
 1068   -0.00042    0.00258   -0.01369
 1069   -0.00484    0.00244   -0.01942
 1070   -0.00775    0.00383   -0.01857
 1071   -0.00688    0.00372   -0.01609
 1072   -0.01603    0.00610   -0.02449
 1073    0.00469    0.00235   -0.01091
 1074    0.00614    0.00301   -0.00962
 1075    0.00563    0.00255   -0.00711
 1076    0.00594    0.00263   -0.00623
 1077    0.00531    0.00380   -0.00931
 1078    0.00430    0.00176   -0.00691
 1079    0.00393    0.00152   -0.00529
 1080    0.00398    0.00258   -0.00512
 1081    0.00448    0.00280   -0.00444
 1082    0.00356    0.00124   -0.00586
 1083    0.00204    0.00105   -0.00556
 1084    0.00296    0.00189   -0.00424
 1085    0.00167    0.00056   -0.00538
 1086    0.00342    0.00297   -0.00637
 1087    0.00277    0.00355   -0.00650
 1088    0.00396    0.00306   -0.00595
 1089    0.00451    0.00314   -0.00614
 1090    0.00069    0.00372   -0.00825
 1091   -0.00034    0.00412   -0.00861
 1092   -0.00287    0.00440   -0.01102
 1093   -0.00439    0.00435   -0.01203
 1094   -0.00453    0.00412   -0.01150
 1095    0.00423    0.00226   -0.00630
 1096    0.00556    0.00185   -0.00589
 1097    0.00683    0.00230   -0.00450
 1098    0.00789    0.00185   -0.00405
 1099    0.00584    0.00162   -0.00607
 1100    0.00625    0.00273   -0.00440
 1101    0.00601    0.00265   -0.00398
 1102    0.00575    0.00245   -0.00356
 1103    0.00576    0.00215   -0.00333
 1104    0.00488    0.00322   -0.00369
 1105    0.00552    0.00226   -0.00354
 1106    0.00528    0.00177   -0.00289
 1107    0.00649    0.00134   -0.00369
 1108    0.00640    0.00082   -0.00329
 1109    0.00486    0.00252   -0.00278
 1110    0.00462    0.00229   -0.00227
 1111    0.00398    0.00231   -0.00074
 1112    0.00503    0.00228   -0.00262
 1113    0.00386    0.00251   -0.00022
 1114    0.00428    0.00234   -0.00151
 1115    0.00738    0.00183   -0.00435
 1116    0.00877    0.00080   -0.00535
 1117    0.00935   -0.00048   -0.00490
 1118    0.01021   -0.00216   -0.00520
 1119    0.00888    0.00119   -0.00638
 1120    0.00879    0.00107   -0.00811
 1121    0.00887    0.00218   -0.01045
 1122    0.00765    0.00150   -0.00617
 1123    0.00931   -0.00010   -0.00419
 1124    0.01014   -0.00090   -0.00392
 1125    0.00886   -0.00148   -0.00425
 1126    0.00926   -0.00295   -0.00493
 1127    0.01008    0.00013   -0.00330
 1128    0.00743   -0.00099   -0.00399
 1129    0.00607   -0.00170   -0.00410
 1130    0.00617   -0.00304   -0.00415
 1131    0.00554   -0.00408   -0.00476
 1132    0.00436   -0.00051   -0.00354
 1133    0.00274   -0.00123   -0.00385
 1134    0.00402    0.00059   -0.00375
 1135    0.00706   -0.00232   -0.00391
 1136    0.00735   -0.00292   -0.00378
 1137    0.00904   -0.00486   -0.00457
 1138    0.00932   -0.00467   -0.00434
 1139    0.00764   -0.00164   -0.00365
 1140    0.01078   -0.00606   -0.00537
 1141    0.01427   -0.00861   -0.00540
 1142    0.01153   -0.00903   -0.00812
 1143    0.01179   -0.01038   -0.01268
 1144    0.01909   -0.01121   -0.00513
 1145    0.01937   -0.01176   -0.00436
 1146    0.01486   -0.00748   -0.00648
 1147    0.01343   -0.00711   -0.00679
 1148    0.01398   -0.00562   -0.00645
 1149    0.00989   -0.00795   -0.00770
 1150    0.00746   -0.00916   -0.01012
 1151    0.00544   -0.00970   -0.01226
 1152    0.00307   -0.01202   -0.01583
 1153    0.00709   -0.00669   -0.00775
 1154    0.00654   -0.00635   -0.00831
 1155    0.00476   -0.00687   -0.00900
 1156    0.00358   -0.00621   -0.00805
 1157    0.00436   -0.00813   -0.01018
 1158    0.00580   -0.00962   -0.00986
 1159    0.00460   -0.01054   -0.01020
 1160    0.00594   -0.01494   -0.01514
 1161    0.00479   -0.01967   -0.01791
 1162    0.00800   -0.01444   -0.01572
 1163    0.01112   -0.02003   -0.02192
 1164    0.01640   -0.01344   -0.02551
 1165    0.01310   -0.00802   -0.01682
 1166    0.00714   -0.02158   -0.01474
 1167    0.00467   -0.01341   -0.00745
 1168    0.00495   -0.00725   -0.00744
 1169    0.00499   -0.00342   -0.00670
 1170    0.00449   -0.00489   -0.00564
 1171    0.02725   -0.02053   -0.03843
 1172    0.02795   -0.00942   -0.03510
 1173   -0.00482   -0.00344   -0.00610
 1174    0.01447   -0.02387   -0.02322
 1175    0.18639   -0.04923   -0.20804
 1176    0.04490   -0.01260   -0.06507
 1177   -0.02044    0.00782    0.00272
 1178   -0.02017    0.00891    0.00569
 1179   -0.02102    0.01701    0.00513
 1180   -0.03193    0.01877    0.00128
 1181   -0.01360    0.00850    0.00412
 1182   -0.00356   -0.00336    0.00122
 1183   -0.00252   -0.00948    0.00426
 1184   -0.00193   -0.01631    0.00484
 1185   -0.00024   -0.01196    0.00404
 1186   -0.00045   -0.00574    0.00338
 1187   -0.00060   -0.01317    0.00291
 1188   -0.01114    0.01573    0.00419
 1189   -0.00958    0.02312    0.00115
 1190   -0.00593    0.01843   -0.00248
 1191   -0.00061    0.00674   -0.00502
 1192   -0.00398    0.02452    0.00270
 1193    0.00255    0.02596    0.00340
 1194   -0.00553    0.06618   -0.00479
 1195   -0.00461    0.01264   -0.00082
 1196    0.00006    0.00295   -0.00148
 1197   -0.00072   -0.00035   -0.00063
 1198    0.00700   -0.00897   -0.00262
 1199   -0.00267    0.00386    0.00109
 1200   -0.00016   -0.00186    0.00313
 1201    0.00378   -0.00498    0.00011
 1202   -0.00028   -0.00186    0.00544
 1203   -0.00953    0.00812   -0.00214
 1204   -0.00330   -0.00481    0.00917
 1205    0.00483   -0.01317    0.01648
 1206    0.00337   -0.01357    0.02261
 1207   -0.00632   -0.00338    0.00647
 1208    0.01204   -0.02264    0.03021
 1209   -0.01776   -0.01209    0.02099
 1210    0.03921   -0.04427    0.04082
 1211    0.01250   -0.01889    0.01333
 1212    0.02087   -0.02759    0.01766
 1213    0.01266   -0.01842    0.01198
 1214    0.00950   -0.01470    0.01585
 1215    0.03411   -0.04275    0.01076
 1216    0.04975   -0.05893    0.01699
 1217    0.03836   -0.04852    0.01029
 1218    0.04212   -0.05365   -0.00634
 1219    0.03097   -0.03622    0.00054
 1220    0.01614   -0.01930    0.00338
 1221    0.01259   -0.01624    0.00090
 1222    0.00656   -0.01055    0.00753
 1223    0.00435   -0.00785    0.00779
 1224    0.01070   -0.01183   -0.00874
 1225    0.00914   -0.01234   -0.00330
 1226    0.01806   -0.01342   -0.01750
 1227    0.00701   -0.01087    0.01182
 1228    0.00441   -0.00647    0.01378
 1229    0.00344   -0.00720    0.01421
 1230    0.00358   -0.00933    0.01363
 1231    0.00656   -0.00423    0.01304
 1232    0.00722   -0.00348    0.01329
 1233    0.00547   -0.00168    0.01234
 1234    0.00917   -0.00600    0.01168
 1235    0.00177   -0.00393    0.01298
 1236    0.00214   -0.00429    0.01267
 1237    0.00152   -0.00099    0.01204
 1238    0.00224    0.00000    0.01137
 1239    0.00168   -0.00374    0.00986
 1240    0.00099   -0.00544    0.00989
 1241    0.00073   -0.00649    0.01035
 1242   -0.00014   -0.00562    0.00866
 1243    0.00056   -0.00755    0.00874
 1244    0.00055   -0.00673    0.00532
 1245    0.00081   -0.00735    0.00744
 1246    0.00179   -0.00171    0.01203
 1247    0.00213    0.00024    0.01217
 1248    0.00280    0.00067    0.01026
 1249    0.00272    0.00035    0.00972
 1250    0.00225   -0.00111    0.01204
 1251    0.00276    0.00042    0.01161
 1252    0.00315    0.00308    0.01127
 1253    0.00260    0.00087    0.01092
 1254    0.00314    0.00355    0.01099
 1255    0.00280    0.00256    0.01063
 1256    0.00347    0.00265    0.01010
 1257    0.00351    0.00309    0.00952
 1258    0.00362    0.00332    0.00929
 1259    0.00357    0.00337    0.00951
 1260    0.00367    0.00311    0.00878
 1261    0.00360    0.00255    0.00851
 1262    0.00342    0.00189    0.00788
 1263    0.00321    0.00209    0.00742
 1264    0.00359    0.00109    0.00691
 1265    0.00262    0.00179    0.00626
 1266    0.00288    0.00093    0.00614
 1267    0.00380    0.00334    0.00884
 1268    0.00411    0.00348    0.00864
 1269    0.00446    0.00387    0.00753
 1270    0.00430    0.00410    0.00723
 1271    0.00380    0.00344    0.00851
 1272    0.00385    0.00278    0.00792
 1273    0.00336    0.00291    0.00912
 1274    0.00375    0.00236    0.00763
 1275    0.00473    0.00409    0.00745
 1276    0.00472    0.00447    0.00698
 1277    0.00513    0.00435    0.00683
 1278    0.00539    0.00404    0.00718
 1279    0.00470    0.00423    0.00660
 1280    0.00451    0.00427    0.00625
 1281    0.00371    0.00433    0.00576
 1282    0.00458    0.00378    0.00622
 1283    0.00518    0.00474    0.00642
 1284    0.00555    0.00471    0.00634
 1285    0.00535    0.00470    0.00608
 1286    0.00467    0.00512    0.00562
 1287    0.00566    0.00531    0.00581
 1288    0.00592    0.00506    0.00574
 1289    0.00574    0.00525    0.00583
 1290    0.00628    0.00450    0.00604
 1291    0.00544    0.00445    0.00576
 1292    0.00620    0.00403    0.00579
 1293    0.00589    0.00397    0.00577
 1294    0.00599    0.00393    0.00654
 1295    0.00568    0.00353    0.00659
 1296    0.00634    0.00270    0.00688
 1297    0.00696    0.00218    0.00719
 1298    0.00570    0.00287    0.00657
 1299    0.00537    0.00229    0.00624
 1300    0.00408    0.00290    0.00602
 1301    0.00548    0.00165    0.00653
 1302    0.00600    0.00258    0.00693
 1303    0.00668    0.00169    0.00740
 1304    0.00704    0.00043    0.00768
 1305    0.00636    0.00027    0.00740
 1306    0.00630    0.00211    0.00721
 1307    0.00776    0.00126    0.00803
 1308    0.00819   -0.00014    0.00847
 1309    0.00791    0.00177    0.00738
 1310    0.00832   -0.00081    0.00783
 1311    0.00823   -0.00231    0.00742
 1312    0.00905   -0.00345    0.00759
 1313    0.00957   -0.00318    0.00739
 1314    0.00800   -0.00218    0.00660
 1315    0.00802   -0.00323    0.00540
 1316    0.00763   -0.00109    0.00654
 1317    0.00904   -0.00479    0.00779
 1318    0.00953   -0.00662    0.00798
 1319    0.00986   -0.00661    0.00954
 1320    0.01125   -0.00681    0.00929
 1321    0.01008   -0.00644    0.00604
 1322    0.01065   -0.00821    0.00577
 1323    0.01104   -0.00998    0.00766
 1324    0.01014   -0.00785    0.00451
 1325    0.00976   -0.00520    0.00984
 1326    0.01072   -0.00454    0.01027
 1327    0.01140   -0.00311    0.00973
 1328    0.01253   -0.00278    0.00994
 1329    0.01076   -0.00237    0.00915
 1330    0.01111   -0.00130    0.00860
 1331    0.01025   -0.00010    0.00824
 1332    0.00941   -0.00005    0.00803
 1333    0.01099   -0.00184    0.00831
 1334    0.01205   -0.00276    0.00867
 1335    0.01278   -0.00225    0.00931
 1336    0.01256   -0.00424    0.00855
 1337    0.01393   -0.00329    0.00981
 1338    0.01381   -0.00478    0.00920
 1339    0.01000    0.00092    0.00794
 1340    0.00927    0.00204    0.00741
 1341    0.00873    0.00201    0.00739
 1342    0.00896    0.00184    0.00767
 1343    0.00939    0.00294    0.00700
 1344    0.00860    0.00402    0.00655
 1345    0.00770    0.00463    0.00605
 1346    0.00905    0.00448    0.00577
 1347    0.00791    0.00215    0.00726
 1348    0.00743    0.00226    0.00724
 1349    0.00692    0.00294    0.00734
 1350    0.00669    0.00314    0.00717
 1351    0.00768    0.00119    0.00691
 1352    0.00783    0.00039    0.00689
 1353    0.00744    0.00062    0.00667
 1354    0.00852   -0.00039    0.00688
 1355    0.00756    0.00020    0.00622
 1356    0.00883   -0.00116    0.00660
 1357    0.00835   -0.00098    0.00617
 1358    0.00861   -0.00159    0.00567
 1359    0.00643    0.00320    0.00728
 1360    0.00598    0.00355    0.00732
 1361    0.00573    0.00328    0.00759
 1362    0.00543    0.00324    0.00757
 1363    0.00580    0.00336    0.00700
 1364    0.00518    0.00316    0.00722
 1365    0.00443    0.00232    0.00677
 1366    0.00352    0.00136    0.00686
 1367    0.00489    0.00195    0.00551
 1368    0.00578    0.00356    0.00770
 1369    0.00559    0.00346    0.00775
 1370    0.00503    0.00370    0.00816
 1371    0.00485    0.00388    0.00821
 1372    0.00602    0.00324    0.00725
 1373    0.00645    0.00251    0.00684
 1374    0.00658    0.00232    0.00642
 1375    0.00646    0.00207    0.00671
 1376    0.00455    0.00390    0.00827
 1377    0.00381    0.00413    0.00866
 1378    0.00354    0.00441    0.00843
 1379    0.00346    0.00449    0.00798
 1380    0.00327    0.00327    0.00910
 1381    0.00277    0.00275    0.00977
 1382    0.00233    0.00078    0.01048
 1383    0.00272    0.00358    0.00975
 1384    0.00349    0.00449    0.00815
 1385    0.00274    0.00532    0.00762
 1386    0.00178    0.00619    0.00738
 1387    0.00083    0.00680    0.00630
 1388    0.00201    0.00541    0.00814
 1389    0.00161    0.00507    0.00849
 1390    0.00169    0.00317    0.00876
 1391    0.00166    0.00192    0.00903
 1392    0.00156    0.00372    0.00915
 1393    0.00209    0.00503    0.00948
 1394    0.00265    0.00253    0.01085
 1395    0.00191    0.00100    0.01044
 1396    0.00047   -0.00729    0.01328
 1397    0.00039   -0.00782    0.01308
 1398   -0.00222   -0.01236    0.01454
 1399    0.00193    0.00327    0.00867
 1400    0.00208    0.00260    0.00904
 1401    0.00188    0.00387    0.00777
 1402    0.00121    0.00506    0.00681
 1403    0.00243    0.00248    0.00914
 1404    0.00220    0.00069    0.00982
 1405    0.00079   -0.00173    0.00943
 1406    0.00062   -0.00038    0.00836
 1407    0.00187    0.00329    0.00790
 1408    0.00121    0.00489    0.00616
 1409    0.00204    0.00529    0.00602
 1410    0.00275    0.00528    0.00527
 1411    0.00197    0.00300    0.00661
 1412    0.00311    0.00049    0.00828
 1413    0.00285   -0.00056    0.00883
 1414    0.00261    0.00426    0.00680
 1415    0.00353    0.00399    0.00613
 1416    0.00390    0.00356    0.00645
 1417    0.00357    0.00338    0.00715
 1418    0.00309    0.00404    0.00533
 1419    0.00277    0.00409    0.00556
 1420    0.00166    0.00327    0.00562
 1421    0.00279    0.00436    0.00597
 1422    0.00012    0.00195    0.00557
 1423    0.00235    0.00247    0.00615
 1424    0.00055    0.00105    0.00542
 1425    0.00456    0.00308    0.00618
 1426    0.00506    0.00275    0.00664
 1427    0.00435    0.00287    0.00633
 1428    0.00390    0.00318    0.00539
 1429    0.00561    0.00220    0.00621
 1430    0.00537    0.00189    0.00548
 1431    0.00477    0.00256    0.00539
 1432    0.00465    0.00304    0.00673
 1433    0.00407    0.00291    0.00645
 1434    0.00537    0.00265    0.00663
 1435    0.00643    0.00274    0.00704
 1436    0.00392    0.00293    0.00621
 1437    0.00308    0.00229    0.00590
 1438    0.00235    0.00250    0.00637
 1439    0.00526    0.00242    0.00631
 1440    0.00680    0.00171    0.00722
 1441    0.00742    0.00215    0.00793
 1442    0.00639    0.00243    0.00737
 1443    0.00660    0.00104    0.00666
 1444    0.00845   -0.00003    0.00757
 1445    0.00932   -0.00013    0.00816
 1446    0.00866   -0.00062    0.00795
 1447    0.00859    0.00215    0.00807
 1448    0.00980    0.00262    0.00800
 1449    0.01186    0.00199    0.00861
 1450    0.01236    0.00234    0.00820
 1451    0.00963    0.00324    0.00691
 1452    0.00868    0.00309    0.00623
 1453    0.00810    0.00239    0.00485
 1454    0.00751    0.00321    0.00618
 1455    0.00661    0.00184    0.00469
 1456    0.00621    0.00259    0.00503
 1457    0.01193    0.00162    0.00953
 1458    0.01372    0.00067    0.00957
 1459    0.01420    0.00009    0.00951
 1460    0.01271    0.00008    0.00883
 1461    0.01640   -0.00046    0.01011
 1462    0.01605   -0.00107    0.01018
 1463    0.01476    0.00020    0.00925
 1464    0.01496    0.00159    0.00858
 1465    0.01858   -0.00233    0.01165
 1466    0.01319   -0.00007    0.00892
 1467    0.01213    0.00115    0.00779
 1468    0.01109    0.00063    0.00796
 1469    0.01054   -0.00047    0.00872
 1470    0.01053    0.00198    0.00723
 1471    0.00942    0.00340    0.00618
 1472    0.01000    0.00167    0.00688
 1473    0.00916    0.00165    0.00724
 1474    0.00694    0.00275    0.00647
 1475    0.00630    0.00379    0.00558
 1476    0.00953    0.00233    0.00668
 1477    0.00818    0.00247    0.00679
 1478    0.00595    0.00263    0.00690
 1479    0.00371    0.00351    0.00655
 1480    0.00273    0.00486    0.00519
 1481    0.00203    0.00573    0.00437
 1482    0.00176    0.00288    0.00763
 1483    0.00242    0.00174    0.00791
 1484    0.00104    0.00205    0.00769
 1485    0.00144    0.00279    0.00686
 1486   -0.00033    0.00194    0.00842
 1487    0.00324    0.00518    0.00501
 1488    0.00340    0.00686    0.00359
 1489    0.00487    0.00764    0.00261
 1490    0.00402    0.00877    0.00177
 1491    0.00378    0.00699    0.00348
 1492    0.00263    0.00599    0.00482
 1493    0.00033    0.00525    0.00562
 1494    0.00388    0.00616    0.00483
 1495    0.00605    0.00676    0.00308
 1496    0.00752    0.00734    0.00264
 1497    0.00702    0.00729    0.00297
 1498    0.00770    0.00750    0.00279
 1499    0.00871    0.00659    0.00289
 1500    0.00898    0.00510    0.00393
 1501    0.00920    0.00689    0.00223
 1502    0.00607    0.00699    0.00316
 1503    0.00591    0.00651    0.00347
 1504    0.00563    0.00767    0.00295
 1505    0.00649    0.00754    0.00299
 1506    0.00449    0.00618    0.00379
 1507    0.00438    0.00603    0.00437
 1508    0.00576    0.00512    0.00517
 1509    0.00325    0.00523    0.00488
 1510    0.00449    0.00855    0.00227
 1511    0.00376    0.00955    0.00188
 1512    0.00388    0.01069    0.00204
 1513    0.00500    0.01006    0.00183
 1514    0.00115    0.01075    0.00003
 1515   -0.00023    0.00968   -0.00148
 1516   -0.00225    0.01014   -0.00253
 1517   -0.00017    0.00890   -0.00262
 1518    0.00403    0.01080    0.00216
 1519    0.00491    0.01002    0.00154
 1520    0.00638    0.00931    0.00211
 1521    0.00697    0.00883    0.00173
 1522    0.00426    0.00888    0.00171
 1523    0.00474    0.00857    0.00103
 1524    0.00394    0.00747    0.00168
 1525    0.00267    0.00714    0.00052
 1526    0.00199    0.00441    0.00668
 1527    0.00787    0.00863    0.00243
 1528    0.00919    0.00709    0.00283
 1529    0.00876    0.00696    0.00271
 1530    0.00924    0.00621    0.00238
 1531    0.00960    0.00584    0.00371
 1532    0.01045    0.00525    0.00395
 1533    0.01103    0.00405    0.00489
 1534    0.01022    0.00613    0.00304
 1535    0.00803    0.00712    0.00315
 1536    0.00748    0.00688    0.00325
 1537    0.00751    0.00728    0.00244
 1538    0.00740    0.00644    0.00260
 1539    0.00655    0.00679    0.00381
 1540    0.00750    0.00842    0.00141
 1541    0.00719    0.00940    0.00086
 1542    0.00831    0.00842    0.00018
 1543    0.00870    0.00782   -0.00027
 1544    0.00634    0.01114    0.00018
 1545    0.00927    0.00784   -0.00028
 1546    0.00990    0.00646   -0.00086
 1547    0.00924    0.00466   -0.00089
 1548    0.00865    0.00321   -0.00214
 1549    0.00994    0.00573   -0.00063
 1550    0.01117    0.00452   -0.00187
 1551    0.01290    0.00379   -0.00185
 1552    0.01738    0.00217   -0.00354
 1553    0.01907    0.00357   -0.00303
 1554    0.00860    0.00468    0.00057
 1555    0.00798    0.00338    0.00116
 1556    0.00744    0.00359    0.00153
 1557    0.00641    0.00196    0.00146
 1558    0.00755    0.00337    0.00246
 1559    0.00690    0.00244    0.00293
 1560    0.00817    0.00355    0.00289
 1561    0.00739    0.00480    0.00213
 1562    0.00682    0.00413    0.00303
 1563    0.00697    0.00340    0.00218
 1564    0.00617    0.00186    0.00327
 1565    0.00719    0.00527    0.00281
 1566    0.00602    0.00537    0.00371
 1567    0.00788    0.00403    0.00050
 1568    0.00784    0.00343   -0.00054
 1569    0.00645    0.00044   -0.00054
 1570    0.00577   -0.00084    0.00012
 1571    0.00960    0.00610   -0.00251
 1572    0.00988    0.00957   -0.00266
 1573    0.01091    0.01003   -0.00419
 1574    0.01112    0.00825   -0.00423
 1575    0.01073    0.00904   -0.00314
 1576    0.00953    0.01035   -0.00259
 1577    0.01110    0.00784   -0.00263
 1578    0.00639    0.00002   -0.00050
 1579    0.00450   -0.00287   -0.00008
 1580    0.00324   -0.00423    0.00201
 1581    0.00229   -0.00609    0.00196
 1582    0.00453   -0.00307   -0.00073
 1583    0.00549   -0.00234   -0.00234
 1584    0.00560   -0.00246   -0.00275
 1585    0.00544   -0.00201   -0.00109
 1586    0.00679   -0.00324   -0.00403
 1587    0.00339   -0.00239    0.00318
 1588    0.00252   -0.00321    0.00519
 1589    0.00242   -0.00388    0.00563
 1590    0.00152   -0.00518    0.00657
 1591    0.00286   -0.00187    0.00604
 1592    0.00279   -0.00155    0.00624
 1593    0.00394   -0.00046    0.00527
 1594    0.00188   -0.00231    0.00688
 1595    0.00397   -0.00019    0.00520
 1596    0.00190   -0.00182    0.00695
 1597    0.00312   -0.00059    0.00627
 1598    0.00377   -0.00270    0.00506
 1599    0.00291   -0.00404    0.00604
 1600    0.00277   -0.00533    0.00576
 1601    0.00193   -0.00650    0.00736
 1602    0.00452   -0.00256    0.00483
 1603    0.00511   -0.00132    0.00479
 1604    0.00426   -0.00433    0.00609
 1605    0.00295   -0.00546    0.00356
 1606    0.00191   -0.00695    0.00242
 1607    0.00063   -0.00925    0.00242
 1608   -0.00051   -0.01071    0.00207
 1609    0.00280   -0.00660   -0.00048
 1610    0.00462   -0.00433   -0.00155
 1611    0.00575   -0.00388   -0.00418
 1612    0.00543   -0.00546   -0.00673
 1613    0.00771   -0.00161   -0.00492
 1614    0.00029   -0.00940    0.00295
 1615   -0.00131   -0.01136    0.00320
 1616   -0.00127   -0.01121    0.00524
 1617   -0.00248   -0.01358    0.00589
 1618   -0.00125   -0.01118    0.00315
 1619   -0.00114   -0.01163    0.00102
 1620   -0.00226   -0.01210    0.00027
 1621   -0.00131   -0.00967    0.00185
 1622   -0.00017   -0.00732    0.00194
 1623    0.00081   -0.00721    0.00083
 1624    0.00058   -0.00616    0.00385
 1625   -0.00008   -0.00920    0.00626
 1626   -0.00038   -0.00903    0.00794
 1627   -0.00010   -0.00839    0.00907
 1628    0.00037   -0.00735    0.01039
 1629   -0.00023   -0.00829    0.00890
 1630   -0.00058   -0.00892    0.00850
 1631   -0.00166   -0.01113    0.00859
 1632   -0.00196   -0.01234    0.00731
 1633   -0.00217   -0.01192    0.00965
 1634   -0.00043   -0.00903    0.00823
 1635   -0.00035   -0.00840    0.01032
 1636   -0.00024   -0.00756    0.01300
 1637    0.00095   -0.00746    0.01483
 1638   -0.00093   -0.00982    0.00822
 1639   -0.00059   -0.00914    0.00924
 1640   -0.00272   -0.00977    0.00991
 1641   -0.00510   -0.01085    0.00986
 1642   -0.00402   -0.00995    0.01291
 1643   -0.00132   -0.00765    0.01400
 1644   -0.00166   -0.00646    0.01673
 1645   -0.00087   -0.00573    0.01569
 1646   -0.00032   -0.00516    0.01760
 1647   -0.00056   -0.00643    0.01287
 1648    0.00045   -0.00547    0.01254
 1649    0.00098   -0.00629    0.01283
 1650    0.00101   -0.00666    0.01250
 1651    0.00036   -0.00582    0.01104
 1652    0.00162   -0.00525    0.00996
 1653    0.00253   -0.00577    0.00747
 1654    0.00281   -0.00697    0.00635
 1655    0.00346   -0.00427    0.00592
 1656    0.00101   -0.00696    0.01162
 1657   -0.00002   -0.01020    0.00996
 1658   -0.00141   -0.01131    0.00763
 1659   -0.00296   -0.01289    0.00701
 1660   -0.00207   -0.01621    0.00778
 1661   -0.00728   -0.02844    0.00460
 1662   -0.00130   -0.01342    0.01127
 1663   -0.00060   -0.01038    0.00742
 1664   -0.00168   -0.01147    0.00698
 1665   -0.00120   -0.00837    0.00771
 1666   -0.00071   -0.00714    0.00825
 1667   -0.00011   -0.01045    0.00603
 1668    0.00079   -0.01140    0.00268
 1669    0.00357   -0.00829   -0.00083
 1670    0.00242   -0.00605   -0.01303
 1671    0.00347   -0.00193   -0.03724
 1672    0.00462   -0.00660   -0.02104
 1673   -0.01170    0.01815   -0.14702
 1674   -0.00021   -0.00582    0.00775
 1675    0.00045   -0.00286    0.00721
 1676    0.00116   -0.00263    0.00654
 1677    0.00082   -0.00403    0.00557
 1678    0.00096   -0.00152    0.00736
 1679    0.00103   -0.00236    0.00865
 1680    0.00090   -0.00366    0.00940
 1681    0.00116   -0.00177    0.00831
 1682    0.00075   -0.00441    0.00985
 1683    0.00134   -0.00308    0.00886
 1684    0.00095   -0.00421    0.00942
 1685    0.00169   -0.00004    0.00539
 1686    0.00202   -0.00073    0.00311
 1687    0.00311    0.00106    0.00314
 1688    0.00305    0.00224    0.00439
 1689    0.00158   -0.00149    0.00413
 1690    0.00110   -0.00264    0.00414
 1691    0.00317    0.00274    0.00120
 1692    0.00269    0.00405    0.00081
 1693    0.00142    0.00387    0.00017
 1694    0.00048    0.00418   -0.00046
 1695    0.00336    0.00540   -0.00002
 1696    0.00060    0.00370    0.00082
 1697   -0.00118    0.00379    0.00024
 1698   -0.00150    0.00441    0.00050
 1699    0.00010    0.00515    0.00135
 1700   -0.00197    0.00316   -0.00014
 1701   -0.00236    0.00262   -0.00068
 1702   -0.00085    0.00323    0.00145
 1703   -0.00269    0.00535   -0.00094
 1704   -0.00263    0.00621   -0.00109
 1705   -0.00395    0.00599   -0.00048
 1706   -0.00531    0.00603   -0.00135
 1707   -0.00296    0.00691   -0.00257
 1708   -0.00330    0.00608    0.00057
 1709   -0.00406    0.00621    0.00068
 1710   -0.00541    0.00696    0.00017
 1711   -0.00477    0.00712    0.00049
 1712   -0.00291    0.00563    0.00206
 1713   -0.00377    0.00590    0.00227
 1714   -0.00488    0.00616    0.00160
 1715   -0.00242    0.00572    0.00322
 1716   -0.00733    0.00795   -0.00105
 1717   -0.00869    0.00889   -0.00190
 1718   -0.01083    0.00980   -0.00204
 1719   -0.01131    0.00945   -0.00192
 1720   -0.00864    0.00929   -0.00413
 1721   -0.00806    0.00862   -0.00489
 1722   -0.01197    0.01040   -0.00216
 1723   -0.01459    0.01114   -0.00202
 1724   -0.01684    0.01275   -0.00531
 1725   -0.01553    0.01389   -0.00794
 1726   -0.01494    0.01090   -0.00040
 1727   -0.01816    0.01080    0.00164
 1728   -0.01866    0.00992    0.00334
 1729   -0.02242    0.00872    0.00562
 1730   -0.02346    0.00721    0.00817
 1731   -0.02075    0.01262   -0.00575
 1732   -0.02400    0.01449   -0.00962
 1733   -0.02873    0.01704   -0.00990
 1734   -0.02817    0.02416   -0.01071
 1735   -0.02365    0.01384   -0.00923
 1736   -0.03376    0.01753   -0.00760
 1737   -0.04247    0.02479   -0.00835
 1738   -0.02964    0.06762   -0.00287
 1739   -0.02139    0.11731   -0.01479
 1740   -0.03375    0.02851   -0.00686
 1741   -0.03173    0.08081    0.00359
