    1    0.01112    0.00551   -0.00818
    2    0.00929    0.00479   -0.00947
    3    0.00811    0.00356   -0.00749
    4    0.00977    0.00296   -0.00499
    5    0.00994    0.00456   -0.01054
    6    0.00940    0.00398   -0.01141
    7    0.00814    0.00371   -0.01229
    8    0.00694    0.00276   -0.01200
    9    0.00712    0.00284   -0.00768
   10    0.00581    0.00224   -0.00687
   11    0.00471    0.00164   -0.00741
   12    0.00505    0.00147   -0.00843
   13    0.00611    0.00257   -0.00697
   14    0.00672    0.00323   -0.00821
   15    0.00737    0.00465   -0.00803
   16    0.00917    0.00628   -0.00870
   17    0.00674    0.00426   -0.00814
   18    0.00364    0.00123   -0.00686
   19    0.00296    0.00058   -0.00733
   20    0.00288    0.00011   -0.00762
   21    0.00322    0.00024   -0.00797
   22    0.00207    0.00024   -0.00672
   23    0.00256    0.00020   -0.00593
   24    0.00163    0.00015   -0.00554
   25    0.00335    0.00020   -0.00621
   26    0.00206   -0.00047   -0.00785
   27    0.00178   -0.00107   -0.00750
   28    0.00056   -0.00142   -0.00718
   29   -0.00010   -0.00136   -0.00693
   30    0.00152   -0.00176   -0.00701
   31    0.00232   -0.00147   -0.00744
   32    0.00150   -0.00185   -0.00676
   33    0.00288   -0.00187   -0.00780
   34    0.00288   -0.00133   -0.00824
   35   -0.00068   -0.00200   -0.00649
   36   -0.00163   -0.00157   -0.00666
   37   -0.00253   -0.00330   -0.00512
   38   -0.00290   -0.00481   -0.00415
   39   -0.00217   -0.00112   -0.00475
   40   -0.00121   -0.00072   -0.00488
   41   -0.00019   -0.00136   -0.00628
   42   -0.00265   -0.00204   -0.00630
   43   -0.00278   -0.00285   -0.00526
   44   -0.00444   -0.00288   -0.00549
   45   -0.00521   -0.00200   -0.00645
   46   -0.00290   -0.00172   -0.00609
   47   -0.00302   -0.00186   -0.00589
   48   -0.00187   -0.00219   -0.00512
   49   -0.00162   -0.00138   -0.00570
   50   -0.00489   -0.00489   -0.00370
   51   -0.00581   -0.00496   -0.00374
   52   -0.00484   -0.00370   -0.00441
   53   -0.00383   -0.00297   -0.00493
   54   -0.00326   -0.00748   -0.00201
   55   -0.00309   -0.00735   -0.00187
   56   -0.00080   -0.01048    0.00144
   57   -0.00059   -0.01157    0.00451
   58   -0.00065   -0.00975    0.00238
   59   -0.00613   -0.00302   -0.00514
   60   -0.00580   -0.00260   -0.00552
   61   -0.00408   -0.00323   -0.00476
   62   -0.00417   -0.00340   -0.00477
   63   -0.00699   -0.00218   -0.00655
   64   -0.00615   -0.00204   -0.00564
   65   -0.00779   -0.00227   -0.00716
   66   -0.00753   -0.00145   -0.00633
   67   -0.00223   -0.00265   -0.00414
   68   -0.00102   -0.00317   -0.00356
   69   -0.00104   -0.00328   -0.00377
   70   -0.00111   -0.00266   -0.00391
   71   -0.00069   -0.00468   -0.00262
   72   -0.00010   -0.00475   -0.00175
   73   -0.00031   -0.00386   -0.00244
   74    0.00074   -0.00634    0.00003
   75   -0.00014   -0.00351   -0.00326
   76    0.00032   -0.00318   -0.00260
   77   -0.00034   -0.00214   -0.00242
   78   -0.00044   -0.00143   -0.00197
   79    0.00129   -0.00374   -0.00136
   80    0.00095   -0.00477   -0.00120
   81   -0.00042   -0.00397   -0.00293
   82    0.00052   -0.00233   -0.00197
   83    0.00011   -0.00188   -0.00172
   84   -0.00112   -0.00142   -0.00287
   85   -0.00118   -0.00029   -0.00230
   86   -0.00059   -0.00316   -0.00246
   87   -0.00073   -0.00266   -0.00238
   88    0.00021   -0.00388   -0.00192
   89   -0.00018   -0.00490   -0.00278
   90    0.00157   -0.00365   -0.00033
   91   -0.00078   -0.00222   -0.00302
   92   -0.00056   -0.00237   -0.00360
   93   -0.00120   -0.00154   -0.00409
   94   -0.00147   -0.00123   -0.00429
   95   -0.00014   -0.00300   -0.00347
   96    0.00114   -0.00443   -0.00229
   97    0.00182   -0.00607   -0.00129
   98    0.00144   -0.00562   -0.00213
   99   -0.00164   -0.00136   -0.00418
  100   -0.00209   -0.00064   -0.00399
  101   -0.00177    0.00020   -0.00239
  102   -0.00226    0.00045   -0.00243
  103   -0.00231   -0.00118   -0.00431
  104   -0.00307   -0.00175   -0.00470
  105   -0.00299   -0.00155   -0.00469
  106   -0.00320   -0.00179   -0.00465
  107   -0.00131    0.00035   -0.00173
  108   -0.00191    0.00096   -0.00115
  109   -0.00275    0.00100   -0.00109
  110   -0.00376    0.00131   -0.00089
  111   -0.00123    0.00095   -0.00119
  112    0.00036    0.00045   -0.00042
  113    0.00033    0.00010   -0.00028
  114    0.00109    0.00002   -0.00051
  115   -0.00192    0.00049   -0.00140
  116   -0.00235   -0.00002   -0.00227
  117   -0.00371   -0.00061   -0.00314
  118   -0.00438   -0.00060   -0.00290
  119   -0.00130   -0.00110   -0.00350
  120   -0.00070   -0.00147   -0.00278
  121   -0.00045   -0.00166   -0.00188
  122    0.00122   -0.00204   -0.00109
  123    0.00117   -0.00217   -0.00089
  124   -0.00301   -0.00080   -0.00368
  125   -0.00314   -0.00025   -0.00396
  126   -0.00401   -0.00010   -0.00324
  127   -0.00460    0.00002   -0.00282
  128   -0.00298   -0.00041   -0.00414
  129   -0.00315   -0.00027   -0.00408
  130   -0.00224   -0.00075   -0.00445
  131   -0.00396    0.00007   -0.00265
  132   -0.00437    0.00055   -0.00159
  133   -0.00573    0.00116   -0.00138
  134   -0.00663    0.00096   -0.00106
  135   -0.00367    0.00086   -0.00119
  136   -0.00305    0.00061   -0.00197
  137   -0.00174    0.00057   -0.00081
  138   -0.00344   -0.00005   -0.00252
  139   -0.00569    0.00124   -0.00129
  140   -0.00737    0.00170   -0.00119
  141   -0.00872    0.00056   -0.00154
  142   -0.01045    0.00041   -0.00093
  143   -0.00737    0.00166   -0.00107
  144   -0.00628    0.00362   -0.00051
  145   -0.00462    0.00276   -0.00044
  146   -0.00659    0.00459   -0.00064
  147   -0.00257    0.00463   -0.00000
  148   -0.00461    0.00723   -0.00044
  149   -0.00260    0.00616   -0.00004
  150   -0.00016    0.00712   -0.00003
  151   -0.00745    0.00015   -0.00193
  152   -0.00761   -0.00001   -0.00222
  153   -0.00790   -0.00017   -0.00196
  154   -0.00818   -0.00068   -0.00159
  155   -0.00516    0.00008   -0.00327
  156   -0.00456   -0.00046   -0.00391
  157   -0.00151   -0.00078   -0.00465
  158    0.00016   -0.00191   -0.00483
  159    0.00177   -0.00254   -0.00540
  160    0.00255   -0.00248   -0.00615
  161    0.00450   -0.00457   -0.00552
  162   -0.00746   -0.00007   -0.00203
  163   -0.00730   -0.00063   -0.00101
  164   -0.00905   -0.00048   -0.00023
  165   -0.00921   -0.00161    0.00121
  166   -0.00632   -0.00022   -0.00128
  167   -0.00515   -0.00015   -0.00199
  168   -0.00488   -0.00027   -0.00214
  169   -0.00486   -0.00036   -0.00160
  170   -0.01017    0.00014   -0.00042
  171   -0.01153   -0.00040    0.00086
  172   -0.01048   -0.00005    0.00117
  173   -0.01116   -0.00098    0.00203
  174   -0.00829    0.00080    0.00015
  175   -0.00709    0.00053    0.00015
  176   -0.00652    0.00173   -0.00062
  177   -0.00692    0.00301   -0.00093
  178   -0.00522    0.00031   -0.00072
  179   -0.00351    0.00051   -0.00139
  180   -0.00552   -0.00009   -0.00054
  181   -0.00541    0.00109   -0.00050
  182   -0.00446    0.00219   -0.00047
  183   -0.00086    0.00233   -0.00186
  184    0.00109    0.00153   -0.00335
  185   -0.00668    0.00144    0.00050
  186    0.00126    0.00390   -0.00103
  187    0.00618    0.00493   -0.00239
  188    0.00915    0.00586    0.00039
  189    0.00699    0.00783    0.00306
  190    0.01155    0.00787    0.00177
  191    0.01361    0.01175    0.00625
  192    0.01088    0.00994    0.00644
  193    0.01433    0.01077    0.00982
  194    0.02442    0.01327    0.00203
  195    0.03241    0.01648   -0.00034
  196    0.05708    0.01570   -0.00903
  197    0.07052    0.01993   -0.00908
  198    0.08354    0.03067   -0.01606
  199    0.00835    0.00581    0.00185
  200    0.00802    0.00367   -0.00099
  201    0.00552    0.00351    0.00155
  202    0.00359    0.00308    0.00150
  203    0.00670    0.00171   -0.00426
  204    0.00982    0.00123   -0.00819
  205    0.01140    0.00110   -0.01058
  206    0.01069    0.00062   -0.01057
  207    0.01373    0.00152   -0.01378
  208    0.01333    0.00127   -0.01459
  209    0.00939   -0.00004   -0.00920
  210    0.01474    0.00304   -0.01638
  211    0.00995    0.00038   -0.01083
  212    0.01236    0.00191   -0.01378
  213    0.00698    0.00252    0.00263
  214    0.00516    0.00213    0.00319
  215    0.00496   -0.00058    0.00139
  216    0.00613   -0.00101    0.00233
  217    0.00797    0.00308    0.00329
  218    0.00700    0.00834    0.00557
  219    0.00358    0.00479    0.00208
  220    0.00282    0.00612    0.00208
  221    0.00411    0.00770    0.00248
  222    0.00532    0.00908    0.00289
  223    0.00305    0.00779    0.00274
  224    0.00313   -0.00060    0.00119
  225    0.00310   -0.00240   -0.00027
  226    0.00358   -0.00300    0.00197
  227    0.00347   -0.00257    0.00114
  228    0.00074   -0.00212   -0.00145
  229   -0.00048   -0.00157   -0.00211
  230   -0.00089   -0.00107   -0.00172
  231   -0.00132   -0.00194   -0.00264
  232   -0.00158   -0.00117   -0.00254
  233   -0.00216   -0.00151   -0.00345
  234   -0.00255   -0.00126   -0.00366
  235    0.00338   -0.00389    0.00095
  236    0.00426   -0.00530    0.00283
  237    0.00328   -0.00578    0.00175
  238    0.00203   -0.00504    0.00114
  239    0.00732   -0.00614    0.00501
  240    0.00804   -0.01079    0.00705
  241    0.00953   -0.00593    0.00620
  242    0.00317   -0.00711    0.00238
  243    0.00192   -0.00821    0.00159
  244    0.00183   -0.00967    0.00439
  245    0.00356   -0.01137    0.00785
  246    0.00197   -0.00874    0.00305
  247    0.00072   -0.00751    0.00077
  248    0.00098   -0.00817    0.00166
  249   -0.00004   -0.00603   -0.00081
  250   -0.00054   -0.00891    0.00353
  251   -0.00174   -0.00995    0.00607
  252   -0.00347   -0.00983    0.00737
  253   -0.00489   -0.00835    0.00453
  254   -0.00394   -0.00878    0.00348
  255   -0.00478   -0.00842    0.00669
  256   -0.00218   -0.00809    0.00240
  257   -0.00277   -0.01084    0.01218
  258   -0.00307   -0.01036    0.01623
  259   -0.00545   -0.00895    0.01924
  260   -0.00616   -0.00847    0.02160
  261   -0.00113   -0.01231    0.02155
  262    0.00127   -0.01506    0.02030
  263    0.00418   -0.01842    0.02481
  264    0.00057   -0.01355    0.01807
  265   -0.00584   -0.00900    0.01926
  266   -0.00863   -0.00655    0.02261
  267   -0.00830   -0.00683    0.01770
  268   -0.00720   -0.00819    0.01497
  269   -0.00985   -0.00594    0.01711
  270   -0.01140   -0.00627    0.01398
  271   -0.01055   -0.00810    0.01730
  272   -0.01203   -0.00985    0.01510
  273   -0.01359   -0.00522    0.01158
  274   -0.01462   -0.00331    0.00703
  275   -0.01422   -0.00222    0.00422
  276   -0.01319   -0.00419    0.00436
  277   -0.00966   -0.00759    0.02381
  278   -0.00876   -0.00964    0.02784
  279   -0.00513   -0.01245    0.02628
  280   -0.00305   -0.01305    0.02356
  281   -0.00830   -0.00639    0.03987
  282   -0.00903   -0.00118    0.04549
  283   -0.00488   -0.00402    0.04318
  284   -0.00229   -0.00557    0.04733
  285   -0.00589   -0.00589    0.03568
  286   -0.00344   -0.01433    0.02702
  287    0.00328   -0.01753    0.02520
  288    0.00981   -0.02059    0.02812
  289    0.01326   -0.02256    0.02424
  290    0.00710   -0.01838    0.02896
  291    0.00010   -0.01515    0.02310
  292   -0.00834   -0.01258    0.02707
  293   -0.00919   -0.01337    0.03436
  294   -0.01157   -0.01162    0.02300
  295    0.01220   -0.01985    0.03487
  296    0.01635   -0.02344    0.03806
  297    0.00954   -0.02261    0.03266
  298    0.01034   -0.02691    0.03323
  299    0.01631   -0.02112    0.04943
  300    0.03890   -0.02013    0.06485
  301    0.05677   -0.02293    0.11567
  302    0.04563   -0.01275    0.12947
  303    0.15467   -0.04683    0.22639
  304    0.00508   -0.01856    0.02996
  305    0.00334   -0.01808    0.02605
  306    0.00430   -0.01946    0.02064
  307    0.00416   -0.01955    0.01958
  308   -0.00019   -0.01356    0.02688
  309   -0.00017   -0.01028    0.03274
  310    0.00376   -0.01869    0.01871
  311    0.00367   -0.01803    0.01427
  312    0.00648   -0.02013    0.01450
  313    0.00668   -0.01899    0.01117
  314    0.00163   -0.01615    0.01246
  315   -0.00230   -0.01362    0.01221
  316   -0.00471   -0.01249    0.00966
  317   -0.00403   -0.01081    0.01012
  318    0.01016   -0.02304    0.01850
  319    0.01719   -0.02703    0.02055
  320    0.00944   -0.02391    0.02177
  321    0.00789   -0.02564    0.02273
  322    0.00839   -0.02451    0.02108
  323    0.00953   -0.02721    0.02071
  324    0.01019   -0.02296    0.01761
  325    0.01274   -0.02387    0.01720
  326    0.00984   -0.02739    0.02236
  327    0.00769   -0.02314    0.02150
  328    0.00861   -0.02059    0.01506
  329    0.00825   -0.01708    0.01219
  330    0.01114   -0.01496    0.01071
  331    0.01130   -0.01332    0.01126
  332    0.00596   -0.01461    0.00903
  333    0.00679   -0.01103    0.00508
  334    0.00443   -0.01443    0.00937
  335    0.01505   -0.01362    0.01123
  336    0.01900   -0.00942    0.00908
  337    0.01732   -0.00577    0.00393
  338    0.01382   -0.00634    0.00267
  339    0.02206   -0.00783    0.01067
  340    0.02239   -0.01142    0.01593
  341    0.01610   -0.01457    0.01254
  342    0.01914   -0.00132   -0.00010
  343    0.01779    0.00109   -0.00487
  344    0.02090    0.00593   -0.00962
  345    0.03108    0.01687   -0.01575
  346    0.01533    0.00005   -0.00369
  347    0.01877    0.00599   -0.01290
  348    0.01302    0.00208   -0.00920
  349    0.01120    0.00032   -0.00802
  350    0.01327    0.00113   -0.00848
  351    0.01315    0.00342   -0.01214
  352    0.01851    0.00558   -0.01558
  353    0.02362    0.00866   -0.01606
  354    0.00758   -0.00060   -0.00757
  355    0.00567   -0.00146   -0.00726
  356    0.00379   -0.00060   -0.00871
  357    0.00261   -0.00004   -0.00897
  358    0.00438   -0.00378   -0.00462
  359    0.00294   -0.00052   -0.00924
  360    0.00247   -0.00005   -0.00966
  361   -0.00034   -0.00026   -0.00877
  362   -0.00118    0.00037   -0.00910
  363    0.00399    0.00059   -0.01056
  364    0.00306   -0.00005   -0.00880
  365   -0.00102   -0.00128   -0.00749
  366   -0.00282   -0.00160   -0.00730
  367   -0.00336   -0.00263   -0.00621
  368   -0.00229   -0.00324   -0.00532
  369   -0.00309   -0.00097   -0.00706
  370   -0.00447   -0.00284   -0.00602
  371   -0.00500   -0.00364   -0.00526
  372   -0.00576   -0.00317   -0.00561
  373   -0.00626   -0.00265   -0.00597
  374   -0.00553   -0.00419   -0.00462
  375   -0.00640   -0.00462   -0.00322
  376   -0.00524   -0.00548   -0.00243
  377   -0.00747   -0.00467   -0.00223
  378   -0.00587   -0.00314   -0.00537
  379   -0.00667   -0.00262   -0.00599
  380   -0.00721   -0.00261   -0.00582
  381   -0.00719   -0.00287   -0.00544
  382   -0.00630   -0.00227   -0.00598
  383   -0.00649   -0.00178   -0.00650
  384   -0.00620   -0.00162   -0.00656
  385   -0.00574   -0.00163   -0.00622
  386   -0.00767   -0.00210   -0.00613
  387   -0.00804   -0.00155   -0.00624
  388   -0.00774   -0.00091   -0.00727
  389   -0.00711   -0.00072   -0.00748
  390   -0.00786   -0.00175   -0.00579
  391   -0.00763   -0.00134   -0.00589
  392   -0.00874   -0.00176   -0.00461
  393   -0.00707   -0.00074   -0.00547
  394   -0.00804   -0.00032   -0.00771
  395   -0.00779    0.00065   -0.00848
  396   -0.00698    0.00117   -0.00891
  397   -0.00728    0.00114   -0.00911
  398   -0.00806    0.00053   -0.00887
  399   -0.00747    0.00115   -0.00877
  400   -0.00800    0.00087   -0.00828
  401   -0.00787    0.00294   -0.00922
  402   -0.00588    0.00217   -0.00948
  403   -0.00482    0.00289   -0.01017
  404   -0.00393    0.00378   -0.01134
  405   -0.00444    0.00356   -0.01102
  406   -0.00420    0.00250   -0.00946
  407   -0.00383    0.00212   -0.00890
  408   -0.00256    0.00311   -0.00906
  409   -0.00473    0.00106   -0.00835
  410   -0.00226    0.00264   -0.00875
  411   -0.00427    0.00083   -0.00833
  412   -0.00298    0.00142   -0.00833
  413   -0.00270    0.00507   -0.01240
  414   -0.00231    0.00447   -0.01368
  415   -0.00163    0.00389   -0.01276
  416   -0.00081    0.00488   -0.01206
  417   -0.00045    0.00558   -0.01549
  418   -0.00036    0.00729   -0.01559
  419   -0.00154    0.00602   -0.01292
  420   -0.00318    0.00291   -0.01307
  421   -0.00307    0.00369   -0.01265
  422   -0.00178    0.00432   -0.01234
  423   -0.00465    0.00456   -0.01174
  424   -0.00480    0.00342   -0.01234
  425   -0.00376    0.00335   -0.01116
  426   -0.00265    0.00249   -0.01074
  427   -0.00475    0.00306   -0.01062
  428    0.00117    0.00493   -0.01210
  429    0.00301    0.00807   -0.01250
  430    0.00483    0.01225   -0.01153
  431    0.00437    0.01172   -0.01067
  432    0.00482    0.01180   -0.01270
  433    0.00544    0.01157   -0.01085
  434    0.00265    0.00700   -0.01420
  435    0.00579    0.01546   -0.01237
  436    0.00653    0.01709   -0.01162
  437    0.00695    0.01612   -0.00911
  438    0.00658    0.01651   -0.00832
  439    0.00755    0.02088   -0.01361
  440    0.00761    0.01552   -0.00861
  441    0.00823    0.01540   -0.00707
  442    0.00705    0.01270   -0.00583
  443    0.00780    0.01268   -0.00431
  444    0.00905    0.01594   -0.00747
  445    0.01031    0.01639   -0.00594
  446    0.01210    0.01868   -0.00444
  447    0.01189    0.01982   -0.00365
  448    0.01581    0.02116   -0.00324
  449    0.00582    0.01119   -0.00693
  450    0.00471    0.00920   -0.00652
  451    0.00480    0.00919   -0.00655
  452    0.00486    0.00833   -0.00563
  453    0.00305    0.00810   -0.00783
  454    0.00198    0.00616   -0.00734
  455    0.00143    0.00545   -0.00810
  456    0.00157    0.00498   -0.00642
  457    0.00057    0.00387   -0.00760
  458    0.00082    0.00352   -0.00673
  459    0.00488    0.01033   -0.00772
  460    0.00441    0.01050   -0.00789
  461    0.00535    0.01196   -0.00702
  462    0.00540    0.01162   -0.00719
  463    0.00438    0.01206   -0.00912
  464    0.00383    0.01127   -0.00956
  465    0.00264    0.00900   -0.00986
  466    0.00175    0.00783   -0.00961
  467    0.00150    0.00823   -0.00963
  468    0.00652    0.01369   -0.00593
  469    0.00756    0.01593   -0.00480
  470    0.00801    0.01414   -0.00341
  471    0.00835    0.01415   -0.00245
  472    0.00853    0.01916   -0.00396
  473    0.00800    0.02208   -0.00550
  474    0.00871    0.02870   -0.00434
  475    0.00724    0.02245   -0.00774
  476    0.00802    0.01241   -0.00289
  477    0.00841    0.01039   -0.00147
  478    0.00809    0.00879   -0.00168
  479    0.00931    0.00787   -0.00062
  480    0.00812    0.00974   -0.00192
  481    0.00779    0.00810   -0.00082
  482    0.00970    0.00805    0.00177
  483    0.00572    0.00677   -0.00208
  484    0.00811    0.00668    0.00112
  485    0.00437    0.00551   -0.00203
  486    0.00562    0.00582   -0.00039
  487    0.00658    0.00846   -0.00375
  488    0.00604    0.00598   -0.00427
  489    0.00657    0.00597   -0.00432
  490    0.00677    0.00397   -0.00399
  491    0.00445    0.00501   -0.00557
  492    0.00361    0.00411   -0.00575
  493    0.00308    0.00251   -0.00515
  494    0.00128    0.00118   -0.00600
  495    0.00027    0.00029   -0.00575
  496    0.00060    0.00066   -0.00514
  497   -0.00138   -0.00053   -0.00615
  498    0.00634    0.00885   -0.00453
  499    0.00605    0.01126   -0.00574
  500    0.00782    0.01008   -0.00347
  501    0.00784    0.00796   -0.00400
  502    0.00502    0.01609   -0.00726
  503    0.00390    0.01542   -0.00927
  504    0.00273    0.01380   -0.01047
  505    0.00015    0.01614   -0.01468
  506    0.00034    0.02537   -0.01868
  507    0.00933    0.01093   -0.00169
  508    0.01152    0.00962    0.00011
  509    0.01238    0.00583    0.00040
  510    0.01408    0.00426    0.00128
  511    0.01320    0.01166    0.00277
  512    0.01330    0.01555    0.00343
  513    0.01500    0.01520    0.00459
  514    0.00960    0.03176    0.01621
  515    0.00124    0.05816    0.04749
  516    0.01137    0.00490   -0.00026
  517    0.01165    0.00245   -0.00029
  518    0.01051    0.00032   -0.00236
  519    0.01145   -0.00163   -0.00229
  520    0.00925    0.00312   -0.00210
  521    0.00798    0.00197   -0.00332
  522    0.00516    0.00164   -0.00406
  523    0.00435    0.00135   -0.00437
  524    0.00264    0.00187   -0.00421
  525    0.00878    0.00003   -0.00310
  526    0.00748   -0.00243   -0.00375
  527    0.00973   -0.00324   -0.00356
  528    0.00997   -0.00615   -0.00374
  529    0.00562   -0.00195   -0.00433
  530    0.00430   -0.00165   -0.00512
  531    0.00431   -0.00433   -0.00471
  532    0.00327    0.00022   -0.00538
  533    0.01045   -0.00053   -0.00318
  534    0.01326    0.00168   -0.00303
  535    0.01697    0.00016   -0.00103
  536    0.01946    0.00121    0.00058
  537    0.01224    0.00738   -0.00307
  538    0.00710    0.00384   -0.00537
  539    0.00630    0.00082   -0.00533
  540    0.00499   -0.00337   -0.00530
  541    0.00615    0.00423   -0.00538
  542    0.01681   -0.00199   -0.00112
  543    0.01978   -0.00272    0.00089
  544    0.01922   -0.00612    0.00045
  545    0.02142   -0.00818    0.00261
  546    0.01967   -0.00089    0.00490
  547    0.02214   -0.00083    0.00959
  548    0.02253   -0.00085    0.00082
  549    0.01926   -0.00045   -0.00004
  550    0.02031   -0.00350    0.00574
  551    0.01645   -0.00668   -0.00125
  552    0.01581   -0.00958   -0.00240
  553    0.01545   -0.01321   -0.00251
  554    0.01299   -0.01454   -0.00299
  555    0.01236   -0.00764   -0.00393
  556    0.01039   -0.00564   -0.00435
  557    0.01255   -0.00369   -0.00391
  558    0.00607   -0.00513   -0.00419
  559    0.01797   -0.01381   -0.00248
  560    0.01743   -0.01627   -0.00356
  561    0.01676   -0.02286   -0.00430
  562    0.01335   -0.02425   -0.00503
  563    0.02125   -0.01784   -0.00247
  564    0.02178   -0.01106   -0.00098
  565    0.02746   -0.01329    0.00271
  566    0.02094    0.00712    0.01217
  567    0.00123    0.11794    0.13309
  568    0.02174   -0.02957   -0.00487
  569    0.02602   -0.04793   -0.00750
  570    0.02831   -0.04125   -0.00765
  571    0.04481   -0.06174   -0.01826
  572    0.01623   -0.01928   -0.00444
  573    0.01273   -0.01396   -0.00543
  574    0.00869   -0.01285   -0.00280
  575    0.00782   -0.01611    0.00002
  576    0.01000   -0.01007   -0.00453
  577    0.00753   -0.01074   -0.00272
  578    0.00405   -0.00718   -0.00268
  579    0.00386   -0.00568   -0.00426
  580    0.00328   -0.00765   -0.00234
  581    0.00454   -0.00748   -0.00434
  582    0.00213   -0.00562   -0.00230
  583   -0.00054   -0.00387   -0.00166
  584   -0.00170   -0.00243   -0.00428
  585   -0.00037   -0.00388   -0.00427
  586   -0.00203   -0.00173   -0.00334
  587   -0.00146   -0.00135    0.00147
  588    0.00073   -0.00250    0.00474
  589   -0.00271   -0.00044    0.00109
  590   -0.00067   -0.00497    0.00012
  591   -0.00216   -0.00400   -0.00055
  592   -0.00259   -0.00285    0.00082
  593   -0.00151   -0.00429    0.00264
  594   -0.00137   -0.00575    0.00099
  595   -0.00208   -0.00289    0.00003
  596   -0.00046   -0.00619   -0.00027
  597   -0.00371   -0.00098   -0.00125
  598   -0.00450    0.00061   -0.00035
  599   -0.00399    0.00024    0.00178
  600   -0.00385    0.00048    0.00136
  601   -0.00600    0.00240   -0.00186
  602   -0.00660    0.00399   -0.00039
  603   -0.00398    0.00025    0.00327
  604   -0.00352    0.00152    0.00658
  605   -0.00480    0.00302    0.00704
  606   -0.00530    0.00402    0.01088
  607   -0.00314    0.00153    0.00897
  608   -0.00415    0.00196    0.00696
  609   -0.00373    0.00059    0.00372
  610   -0.00616    0.00384    0.00511
  611   -0.00708    0.00535    0.00510
  612   -0.00659    0.00434    0.00324
  613   -0.00631    0.00475    0.00278
  614   -0.00796    0.00692    0.00325
  615   -0.00942    0.00967    0.00417
  616   -0.01215    0.01130    0.00469
  617   -0.00878    0.01470   -0.00104
  618   -0.01259    0.01492    0.00024
  619   -0.00547    0.00296    0.00186
  620   -0.00486    0.00221    0.00034
  621   -0.00455    0.00210    0.00210
  622   -0.00457    0.00230    0.00461
  623   -0.00452    0.00116   -0.00126
  624   -0.00432    0.00052   -0.00210
  625   -0.00514    0.00172   -0.00275
  626   -0.00491    0.00238    0.00144
  627   -0.00484    0.00192    0.00304
  628   -0.00399    0.00117    0.00125
  629   -0.00450    0.00074   -0.00051
  630   -0.00463    0.00158    0.00259
  631   -0.00494    0.00095    0.00430
  632   -0.00414    0.00018    0.00333
  633   -0.00549    0.00096    0.00781
  634   -0.00368   -0.00031    0.00436
  635   -0.00466    0.00038    0.00911
  636   -0.00362   -0.00009    0.00724
  637   -0.00254    0.00046    0.00863
  638   -0.00326    0.00105    0.00271
  639   -0.00258    0.00028    0.00167
  640   -0.00126    0.00002    0.00365
  641   -0.00035    0.00032    0.00593
  642   -0.00244   -0.00044    0.00138
  643   -0.00194   -0.00159    0.00065
  644   -0.00197   -0.00166   -0.00111
  645   -0.00079   -0.00188    0.00138
  646   -0.00152   -0.00216   -0.00185
  647    0.00019   -0.00293    0.00046
  648   -0.00002   -0.00280   -0.00114
  649   -0.00070   -0.00036    0.00239
  650    0.00111   -0.00034    0.00337
  651    0.00182   -0.00081    0.00163
  652    0.00089   -0.00125   -0.00008
  653    0.00090    0.00009    0.00355
  654   -0.00038   -0.00035    0.00144
  655   -0.00057   -0.00041    0.00206
  656    0.00150    0.00018    0.00314
  657    0.00365   -0.00082    0.00227
  658    0.00483   -0.00129    0.00134
  659    0.00504   -0.00089    0.00058
  660    0.00528   -0.00068    0.00131
  661    0.00666   -0.00174    0.00289
  662    0.00606   -0.00243    0.00310
  663    0.00812   -0.00310    0.00446
  664    0.00701   -0.00404    0.00423
  665    0.00902   -0.00514    0.00549
  666    0.00451   -0.00127   -0.00081
  667    0.00433   -0.00088   -0.00165
  668    0.00683   -0.00108   -0.00066
  669    0.00684   -0.00100   -0.00090
  670    0.00294   -0.00078   -0.00367
  671    0.00300   -0.00022   -0.00428
  672    0.00162   -0.00017   -0.00565
  673   -0.00002   -0.00029   -0.00642
  674    0.00257    0.00032   -0.00639
  675    0.00774   -0.00070    0.00022
  676    0.01007   -0.00091    0.00097
  677    0.01025   -0.00077    0.00009
  678    0.01165   -0.00116    0.00007
  679    0.01250   -0.00096    0.00252
  680    0.01079   -0.00022    0.00273
  681    0.01326   -0.00126    0.00431
  682    0.00852   -0.00043   -0.00074
  683    0.00770    0.00027   -0.00188
  684    0.00746    0.00020   -0.00329
  685    0.00616   -0.00012   -0.00380
  686    0.00668    0.00031   -0.00222
  687    0.00772    0.00070   -0.00067
  688    0.00619    0.00079   -0.00353
  689    0.00684    0.00065   -0.00117
  690    0.00778    0.00095   -0.00422
  691    0.00654    0.00108   -0.00479
  692    0.00470    0.00079   -0.00546
  693    0.00424    0.00096   -0.00566
  694    0.00268    0.00084   -0.00664
  695    0.00152    0.00044   -0.00720
  696    0.00117    0.00003   -0.00652
  697    0.00040   -0.00043   -0.00664
  698    0.00183    0.00014   -0.00722
  699    0.00117    0.00108   -0.00712
  700   -0.00097    0.00113   -0.00660
  701    0.00252    0.00107   -0.00734
  702    0.00148    0.00022   -0.00605
  703    0.00072    0.00015   -0.00580
  704   -0.00064    0.00049   -0.00596
  705   -0.00139    0.00035   -0.00557
  706    0.00217    0.00006   -0.00473
  707    0.00314   -0.00016   -0.00409
  708   -0.00108    0.00027   -0.00666
  709   -0.00247   -0.00006   -0.00692
  710   -0.00358   -0.00010   -0.00674
  711   -0.00400   -0.00039   -0.00673
  712   -0.00340   -0.00015   -0.00761
  713   -0.00391   -0.00004   -0.00834
  714   -0.00402    0.00001   -0.00702
  715   -0.00439   -0.00014   -0.00717
  716   -0.00426   -0.00033   -0.00639
  717   -0.00485   -0.00052   -0.00610
  718   -0.00341   -0.00018   -0.00606
  719   -0.00351   -0.00018   -0.00527
  720   -0.00370   -0.00020   -0.00486
  721   -0.00403   -0.00041   -0.00430
  722   -0.00248   -0.00009   -0.00507
  723   -0.00223   -0.00015   -0.00544
  724   -0.00228   -0.00011   -0.00406
  725   -0.00328    0.00002   -0.00498
  726   -0.00309   -0.00034   -0.00427
  727   -0.00424   -0.00043   -0.00464
  728   -0.00434   -0.00060   -0.00387
  729   -0.00229   -0.00023   -0.00414
  730   -0.00030   -0.00014   -0.00343
  731   -0.00206   -0.00062   -0.00381
  732    0.00040   -0.00036   -0.00176
  733   -0.00463   -0.00042   -0.00564
  734   -0.00520   -0.00074   -0.00573
  735   -0.00534   -0.00086   -0.00542
  736   -0.00536   -0.00094   -0.00542
  737   -0.00514   -0.00072   -0.00526
  738   -0.00512   -0.00085   -0.00492
  739   -0.00519   -0.00088   -0.00410
  740   -0.00511   -0.00079   -0.00391
  741   -0.00469   -0.00076   -0.00471
  742   -0.00472   -0.00082   -0.00489
  743   -0.00467   -0.00106   -0.00527
  744   -0.00395   -0.00059   -0.00456
  745   -0.00529   -0.00084   -0.00353
  746   -0.00523   -0.00102   -0.00218
  747   -0.00538   -0.00115   -0.00237
  748   -0.00581   -0.00132   -0.00202
  749   -0.00448   -0.00117   -0.00125
  750   -0.00429   -0.00107   -0.00101
  751   -0.00437   -0.00116    0.00067
  752   -0.00312   -0.00068   -0.00014
  753   -0.00527   -0.00081   -0.00319
  754   -0.00552   -0.00079   -0.00350
  755   -0.00563   -0.00080   -0.00448
  756   -0.00564   -0.00030   -0.00448
  757   -0.00530   -0.00066   -0.00407
  758   -0.00450   -0.00073   -0.00348
  759   -0.00401   -0.00091   -0.00383
  760   -0.00402   -0.00059   -0.00226
  761   -0.00296   -0.00094   -0.00280
  762   -0.00292   -0.00080   -0.00178
  763   -0.00533   -0.00087   -0.00483
  764   -0.00455   -0.00063   -0.00552
  765   -0.00409   -0.00063   -0.00501
  766   -0.00316   -0.00032   -0.00595
  767   -0.00406   -0.00096   -0.00544
  768   -0.00472   -0.00094   -0.00379
  769   -0.00478   -0.00108   -0.00333
  770   -0.00601   -0.00144   -0.00317
  771   -0.00552   -0.00183   -0.00372
  772   -0.00525   -0.00108   -0.00218
  773   -0.00550   -0.00132   -0.00138
  774   -0.00435   -0.00073   -0.00261
  775   -0.00651   -0.00152   -0.00231
  776   -0.00697   -0.00170   -0.00152
  777   -0.00636   -0.00077   -0.00367
  778   -0.00630   -0.00045   -0.00342
  779   -0.00718   -0.00097    0.00010
  780   -0.00573   -0.00010   -0.00447
  781   -0.00513    0.00045   -0.00631
  782   -0.00437    0.00060   -0.00715
  783   -0.00427    0.00144   -0.00780
  784   -0.00550    0.00091   -0.00562
  785   -0.00610    0.00148   -0.00361
  786   -0.00582    0.00239   -0.00289
  787   -0.00575    0.00072   -0.00335
  788   -0.00349    0.00033   -0.00680
  789    0.00109    0.00062   -0.00937
  790    0.00238   -0.00084   -0.00919
  791    0.00301   -0.00053   -0.00796
  792    0.00113    0.00110   -0.00846
  793    0.00070    0.00118   -0.00882
  794    0.00119    0.00135   -0.00972
  795   -0.00059    0.00075   -0.00863
  796    0.00042   -0.00191   -0.00840
  797   -0.00052   -0.00281   -0.00687
  798    0.00339   -0.00261   -0.00927
  799    0.00339   -0.00317   -0.00865
  800   -0.00341   -0.00389   -0.00429
  801   -0.00640   -0.00387   -0.00291
  802   -0.00725   -0.00334    0.00071
  803   -0.00804   -0.00464    0.00438
  804   -0.00918   -0.00220    0.00279
  805    0.00569   -0.00186   -0.01195
  806    0.00797    0.00068   -0.01383
  807    0.01022    0.00121   -0.01405
  808    0.01591    0.00074   -0.01786
  809    0.00701    0.00162   -0.01627
  810    0.00636    0.00129   -0.01488
  811    0.00782    0.00157   -0.01637
  812    0.00472    0.00131   -0.01288
  813    0.01052    0.00112   -0.01292
  814    0.01206   -0.00001   -0.01330
  815    0.01051   -0.00060   -0.01058
  816    0.01324   -0.00059   -0.01336
  817    0.01088    0.00163   -0.01357
  818    0.01152    0.00301   -0.01634
  819    0.00967    0.00267   -0.01541
  820    0.00827    0.00274   -0.01409
  821    0.00476    0.00251   -0.01209
  822    0.00714   -0.00130   -0.00761
  823    0.00552   -0.00115   -0.00672
  824    0.00376   -0.00133   -0.00479
  825    0.00268   -0.00234   -0.00465
  826    0.00227   -0.00035   -0.00385
  827    0.00343   -0.00073   -0.00553
  828    0.00373   -0.00080   -0.00707
  829    0.00070   -0.00050   -0.00354
  830    0.00328   -0.00040   -0.00317
  831    0.00005   -0.00150   -0.00179
  832   -0.00308   -0.00218    0.00012
  833   -0.00320   -0.00154    0.00017
  834   -0.00605   -0.00478    0.00306
  835   -0.00947   -0.00552    0.00489
  836   -0.01326   -0.00631    0.00545
  837   -0.01455   -0.00849    0.00628
  838   -0.00918   -0.00669    0.00566
  839   -0.00752   -0.00508    0.00515
  840   -0.00744   -0.00370    0.00409
  841   -0.00614   -0.00542    0.00460
  842   -0.00686   -0.00276    0.00295
  843   -0.00651   -0.00407    0.00319
  844   -0.00691   -0.00305    0.00263
  845   -0.01523   -0.00443    0.00450
  846   -0.02078   -0.00509    0.00454
  847   -0.02222   -0.00834    0.00584
  848   -0.01916   -0.00911    0.00701
  849   -0.02314   -0.00226    0.00336
  850   -0.02096   -0.00233    0.00240
  851   -0.02256   -0.00109    0.00084
  852   -0.02583    0.00074    0.00125
  853   -0.02003   -0.00138    0.00032
  854   -0.02900   -0.01145    0.00660
  855   -0.03211   -0.01468    0.00912
  856   -0.03095   -0.01264    0.00645
  857   -0.03558   -0.01157    0.00365
  858   -0.04511   -0.02086    0.01135
  859   -0.04988   -0.02487    0.02057
  860   -0.03945   -0.02635    0.01923
  861   -0.08717   -0.04613    0.03305
  862   -0.02585   -0.01161    0.00777
  863   -0.02421   -0.00993    0.00606
  864   -0.01895   -0.00721    0.00477
  865   -0.01804   -0.00617    0.00320
  866   -0.01703   -0.00673    0.00562
  867   -0.01397   -0.00516    0.00448
  868   -0.01215   -0.00476    0.00486
  869   -0.01173   -0.00534    0.00657
  870   -0.01240   -0.00510    0.00517
  871   -0.01033   -0.00409    0.00429
  872   -0.01099   -0.00372    0.00352
  873   -0.00928   -0.00327    0.00366
  874   -0.00800   -0.00307    0.00446
  875   -0.00694   -0.00308    0.00541
  876   -0.00856   -0.00242    0.00194
  877   -0.00633   -0.00202    0.00231
  878   -0.00997   -0.00267    0.00099
  879   -0.00777   -0.00277    0.00376
  880   -0.00724   -0.00231    0.00397
  881   -0.00778   -0.00306    0.00590
  882   -0.00733   -0.00280    0.00693
  883   -0.00673   -0.00173    0.00254
  884   -0.00658   -0.00162    0.00209
  885   -0.00600   -0.00157    0.00216
  886   -0.00634   -0.00096    0.00030
  887   -0.00858   -0.00423    0.00652
  888   -0.00913   -0.00540    0.00895
  889   -0.00925   -0.00503    0.01030
  890   -0.00933   -0.00456    0.01194
  891   -0.01003   -0.00759    0.00954
  892   -0.01095   -0.00951    0.01197
  893   -0.01409   -0.01309    0.01378
  894   -0.01466   -0.01631    0.01432
  895   -0.02050   -0.02077    0.01690
  896   -0.00925   -0.00498    0.00960
  897   -0.00880   -0.00437    0.01020
  898   -0.00662   -0.00305    0.01069
  899   -0.00604   -0.00138    0.01258
  900   -0.00902   -0.00408    0.00969
  901   -0.00785   -0.00319    0.01049
  902   -0.00897   -0.00363    0.01239
  903   -0.00934   -0.00359    0.01432
  904   -0.00950   -0.00365    0.01319
  905   -0.00604   -0.00263    0.00905
  906   -0.00451   -0.00128    0.00931
  907   -0.00476   -0.00144    0.01026
  908   -0.00358   -0.00052    0.01174
  909   -0.00384   -0.00125    0.00724
  910   -0.00261   -0.00039    0.00738
  911   -0.00097    0.00009    0.00772
  912   -0.00274   -0.00080    0.00659
  913    0.00044    0.00063    0.00774
  914   -0.00186    0.00017    0.00639
  915   -0.00003    0.00062    0.00694
  916   -0.00625   -0.00218    0.00930
  917   -0.00669   -0.00246    0.00980
  918   -0.00690   -0.00197    0.01282
  919   -0.00704   -0.00115    0.01448
  920   -0.00858   -0.00314    0.00867
  921   -0.00822   -0.00265    0.00594
  922   -0.00909   -0.00276    0.00337
  923   -0.00692   -0.00213    0.00464
  924   -0.00739   -0.00205    0.01333
  925   -0.00800   -0.00183    0.01677
  926   -0.00660    0.00021    0.01821
  927   -0.00693    0.00169    0.02102
  928   -0.00908   -0.00250    0.01681
  929   -0.01064   -0.00126    0.01990
  930   -0.00491    0.00042    0.01672
  931   -0.00275    0.00226    0.01803
  932   -0.00155    0.00321    0.01855
  933    0.00040    0.00487    0.02009
  934   -0.00152    0.00168    0.01625
  935   -0.00275    0.00087    0.01649
  936   -0.00220    0.00028    0.01431
  937   -0.00106    0.00030    0.01288
  938   -0.00282    0.00006    0.01472
  939   -0.00210    0.00222    0.01705
  940   -0.00125    0.00301    0.01713
  941   -0.00290    0.00328    0.01804
  942   -0.00255    0.00350    0.01739
  943   -0.00058    0.00198    0.01413
  944   -0.00256    0.00090    0.01220
  945    0.00074    0.00191    0.01342
  946   -0.00470    0.00273    0.01910
  947   -0.00745    0.00369    0.02024
  948   -0.00740    0.00578    0.02342
  949   -0.00775    0.00529    0.02266
  950   -0.00988    0.00359    0.02257
  951   -0.01035    0.00385    0.02094
  952   -0.01157    0.00092    0.02307
  953   -0.01268    0.00039    0.02774
  954   -0.01142   -0.00045    0.02016
  955   -0.00599    0.00773    0.02579
  956   -0.00576    0.01103    0.02826
  957   -0.00175    0.00838    0.02626
  958   -0.00099    0.01010    0.02836
  959   -0.00586    0.01574    0.03369
  960   -0.00161    0.01319    0.03224
  961    0.00047    0.01855    0.04274
  962    0.00681    0.02993    0.04950
  963    0.00311    0.04338    0.06291
  964    0.00025    0.00622    0.02313
  965    0.00318    0.00632    0.02242
  966    0.00379    0.00452    0.02032
  967    0.00166    0.00379    0.01873
  968    0.00417    0.00545    0.02038
  969    0.00517    0.00657    0.02189
  970    0.00638    0.00526    0.01940
  971    0.00724    0.00727    0.02175
  972    0.00601    0.00499    0.02110
  973    0.00595    0.00436    0.01914
  974    0.00556    0.00332    0.01532
  975    0.00605    0.00324    0.01529
  976    0.00769    0.00568    0.02105
  977    0.00983    0.00509    0.02056
  978    0.00539    0.00203    0.01260
  979    0.00510    0.00113    0.00971
  980    0.00677    0.00116    0.01018
  981    0.00663    0.00070    0.00871
  982    0.00390    0.00020    0.00725
  983    0.00291    0.00069    0.00777
  984    0.00421    0.00205    0.01148
  985    0.00945    0.00145    0.01216
  986    0.01127    0.00092    0.01251
  987    0.01173    0.00160    0.01370
  988    0.01208    0.00147    0.01250
  989    0.01501    0.00104    0.01441
  990    0.01511    0.00066    0.01309
  991    0.01246    0.00103    0.01271
  992    0.01215   -0.00058    0.01150
  993    0.01057    0.00183    0.01339
  994    0.01089    0.00279    0.01588
  995    0.01038    0.00342    0.01706
  996    0.00829    0.00297    0.01508
  997    0.00807    0.00307    0.01521
  998    0.01030    0.00430    0.02017
  999    0.01288    0.00486    0.02273
 1000    0.01596    0.00425    0.02414
 1001    0.01359    0.00571    0.02713
 1002    0.00673    0.00251    0.01345
 1003    0.00504    0.00202    0.01164
 1004    0.00559    0.00154    0.00946
 1005    0.00479    0.00154    0.00835
 1006    0.00312    0.00174    0.01059
 1007    0.00191    0.00217    0.01241
 1008   -0.00003    0.00210    0.01153
 1009   -0.00128    0.00207    0.01335
 1010   -0.00203    0.00201    0.01275
 1011   -0.00195    0.00167    0.01050
 1012   -0.00319    0.00251    0.01499
 1013    0.00707    0.00117    0.00860
 1014    0.00787    0.00092    0.00677
 1015    0.00919    0.00118    0.00742
 1016    0.00883    0.00116    0.00598
 1017    0.00964    0.00006    0.00622
 1018    0.01028    0.00172    0.00994
 1019    0.01156    0.00211    0.01125
 1020    0.00991    0.00220    0.01113
 1021    0.01038    0.00204    0.01048
 1022    0.01423    0.00206    0.01501
 1023    0.01687    0.00162    0.01529
 1024    0.01926    0.00182    0.01964
 1025    0.02494    0.00038    0.02202
 1026    0.02673   -0.00072    0.02170
 1027    0.00780    0.00229    0.01168
 1028    0.00578    0.00246    0.01142
 1029    0.00481    0.00185    0.00871
 1030    0.00414    0.00166    0.00805
 1031    0.00426    0.00239    0.01221
 1032    0.00509    0.00329    0.01541
 1033    0.00480    0.00146    0.00699
 1034    0.00389    0.00108    0.00453
 1035    0.00518    0.00111    0.00343
 1036    0.00456    0.00092    0.00206
 1037    0.00343    0.00090    0.00339
 1038    0.00271    0.00059    0.00131
 1039    0.00092    0.00043    0.00072
 1040    0.00343    0.00032   -0.00003
 1041    0.00010    0.00033   -0.00121
 1042    0.00282    0.00027   -0.00167
 1043    0.00114    0.00031   -0.00223
 1044    0.00721    0.00137    0.00409
 1045    0.00879    0.00144    0.00349
 1046    0.00893    0.00139    0.00383
 1047    0.00924    0.00152    0.00248
 1048    0.01167    0.00159    0.00448
 1049    0.01225    0.00136    0.00381
 1050    0.01464    0.00157    0.00540
 1051    0.01462    0.00114    0.00604
 1052    0.01664    0.00172    0.00610
 1053    0.00783    0.00159    0.00566
 1054    0.00755    0.00177    0.00662
 1055    0.00500    0.00133    0.00565
 1056    0.00441    0.00122    0.00618
 1057    0.00798    0.00216    0.01010
 1058    0.01147    0.00255    0.01227
 1059    0.01218    0.00334    0.01653
 1060    0.01748    0.00376    0.02132
 1061    0.01931    0.00544    0.02949
 1062    0.00385    0.00099    0.00437
 1063    0.00191    0.00063    0.00342
 1064    0.00177    0.00036    0.00103
 1065    0.00169    0.00019   -0.00022
 1066    0.00068    0.00043    0.00386
 1067   -0.00095   -0.00014    0.00387
 1068   -0.00160   -0.00050    0.00226
 1069   -0.00179   -0.00033    0.00558
 1070    0.00196    0.00028    0.00062
 1071    0.00188    0.00011   -0.00155
 1072    0.00044   -0.00035   -0.00235
 1073    0.00071   -0.00045   -0.00405
 1074    0.00252    0.00015   -0.00167
 1075    0.00467    0.00058   -0.00016
 1076    0.00660    0.00094   -0.00151
 1077    0.00680    0.00101   -0.00198
 1078    0.00933    0.00078   -0.00135
 1079   -0.00083   -0.00078   -0.00127
 1080   -0.00216   -0.00102   -0.00167
 1081   -0.00174   -0.00060   -0.00228
 1082   -0.00165   -0.00051   -0.00345
 1083   -0.00385   -0.00151   -0.00044
 1084   -0.00198   -0.00057   -0.00126
 1085   -0.00182   -0.00031   -0.00182
 1086   -0.00069    0.00008   -0.00333
 1087   -0.00062    0.00012   -0.00415
 1088   -0.00185   -0.00002   -0.00063
 1089   -0.00313   -0.00037    0.00070
 1090   -0.00166    0.00018   -0.00154
 1091   -0.00322   -0.00021    0.00220
 1092    0.00043   -0.00002   -0.00351
 1093    0.00137    0.00001   -0.00478
 1094    0.00115   -0.00026   -0.00602
 1095    0.00136   -0.00028   -0.00661
 1096    0.00251    0.00024   -0.00440
 1097    0.00309    0.00045   -0.00334
 1098    0.00464    0.00066   -0.00283
 1099    0.00529    0.00087   -0.00378
 1100    0.00547    0.00077   -0.00118
 1101    0.00071   -0.00038   -0.00602
 1102    0.00075   -0.00084   -0.00677
 1103    0.00050   -0.00065   -0.00621
 1104    0.00152   -0.00107   -0.00662
 1105    0.00023   -0.00128   -0.00661
 1106   -0.00029   -0.00023   -0.00550
 1107   -0.00076   -0.00019   -0.00528
 1108   -0.00013   -0.00009   -0.00566
 1109    0.00025   -0.00040   -0.00572
 1110   -0.00205    0.00033   -0.00435
 1111   -0.00015   -0.00015   -0.00569
 1112   -0.00010   -0.00041   -0.00599
 1113    0.00057   -0.00074   -0.00650
 1114    0.00055   -0.00111   -0.00641
 1115   -0.00014   -0.00036   -0.00610
 1116   -0.00037   -0.00052   -0.00644
 1117   -0.00126   -0.00048   -0.00624
 1118    0.00005   -0.00074   -0.00677
 1119   -0.00137   -0.00070   -0.00645
 1120   -0.00056   -0.00080   -0.00663
 1121    0.00123   -0.00084   -0.00708
 1122    0.00185   -0.00122   -0.00746
 1123    0.00263   -0.00223   -0.00753
 1124    0.00288   -0.00289   -0.00749
 1125    0.00236   -0.00090   -0.00813
 1126    0.00236   -0.00048   -0.00799
 1127    0.00308   -0.00004   -0.00840
 1128    0.00173   -0.00058   -0.00754
 1129    0.00275   -0.00220   -0.00732
 1130    0.00421   -0.00313   -0.00664
 1131    0.00425   -0.00330   -0.00596
 1132    0.00477   -0.00450   -0.00558
 1133    0.00358   -0.00288   -0.00627
 1134    0.00307   -0.00237   -0.00595
 1135    0.00265   -0.00236   -0.00535
 1136    0.00240   -0.00319   -0.00510
 1137    0.00332   -0.00459   -0.00383
 1138    0.00134   -0.00135   -0.00540
 1139    0.00081   -0.00188   -0.00475
 1140    0.00043   -0.00097   -0.00527
 1141    0.00163   -0.00292   -0.00562
 1142    0.00089   -0.00388   -0.00533
 1143    0.00135   -0.00544   -0.00427
 1144    0.00060   -0.00670   -0.00296
 1145    0.00012   -0.00312   -0.00591
 1146    0.00313   -0.00564   -0.00428
 1147    0.00432   -0.00713   -0.00266
 1148    0.00624   -0.01007    0.00151
 1149    0.00636   -0.01256    0.00527
 1150    0.00508   -0.00715   -0.00380
 1151    0.00754   -0.00902   -0.00254
 1152    0.00763   -0.00844   -0.00448
 1153    0.00825   -0.00962   -0.00335
 1154    0.00618   -0.00692   -0.00673
 1155    0.00625   -0.00942    0.00017
 1156    0.00807   -0.01109    0.00351
 1157    0.00741   -0.01081    0.00528
 1158    0.00887   -0.01258    0.00815
 1159    0.00738   -0.00891    0.00150
 1160    0.00929   -0.00929    0.00178
 1161    0.00880   -0.00979    0.00266
 1162    0.00791   -0.00895    0.00239
 1163    0.01184   -0.01301    0.00487
 1164    0.00581   -0.01001    0.00475
 1165    0.00504   -0.01062    0.00709
 1166    0.00415   -0.01288    0.01271
 1167    0.00553   -0.01448    0.01611
 1168    0.00261   -0.01376    0.01270
 1169   -0.00051   -0.01674    0.01781
 1170   -0.00292   -0.01874    0.01920
 1171    0.00137   -0.01572    0.00980
 1172   -0.00218   -0.01870    0.02030
 1173   -0.00313   -0.01701    0.01619
 1174   -0.00123   -0.01614    0.01086
 1175   -0.00230   -0.01760    0.01296
 1176   -0.00118   -0.01354    0.00689
 1177   -0.00714   -0.02097    0.02655
 1178   -0.01127   -0.02337    0.02660
 1179    0.00279   -0.02577    0.01846
 1180   -0.00058   -0.02782    0.02439
 1181   -0.03430   -0.02297    0.05217
 1182   -0.00731   -0.02464    0.02888
 1183    0.00301   -0.02480    0.01720
 1184    0.00068   -0.02712    0.02027
 1185    0.00023   -0.02628    0.02274
 1186    0.00829   -0.02369    0.02140
 1187   -0.01225   -0.02408    0.02341
 1188   -0.01409   -0.02572    0.02510
 1189   -0.02470   -0.02620    0.02922
 1190   -0.01983   -0.02737    0.03024
 1191   -0.01320   -0.02087    0.02334
 1192   -0.00912   -0.01543    0.01523
 1193   -0.01104   -0.02179    0.02412
 1194   -0.00690   -0.02831    0.02548
 1195   -0.00674   -0.02851    0.02635
 1196   -0.01107   -0.01124    0.03071
 1197   -0.01593   -0.00109    0.03438
 1198   -0.00971   -0.04540    0.02733
 1199   -0.02081   -0.04892    0.03053
 1200    0.00520   -0.08316    0.02696
 1201   -0.01287   -0.00667    0.02841
 1202   -0.01718    0.00421    0.02782
 1203   -0.02001    0.00674    0.02929
 1204   -0.01843    0.00254    0.02932
 1205   -0.01458    0.00748    0.02657
 1206   -0.01606    0.01013    0.02271
 1207   -0.01795    0.00732    0.02112
 1208   -0.01445    0.00782    0.01787
 1209   -0.01693    0.00541    0.02956
 1210   -0.01680   -0.00036    0.02973
 1211   -0.02034   -0.00193    0.02715
 1212   -0.01831   -0.00186    0.02571
 1213   -0.02039   -0.00161    0.03032
 1214   -0.01531   -0.01260    0.03237
 1215   -0.01794   -0.01568    0.03288
 1216   -0.01106   -0.01499    0.03471
 1217   -0.02292   -0.00484    0.02698
 1218   -0.02232   -0.01065    0.02204
 1219   -0.01949   -0.00754    0.01604
 1220   -0.01823   -0.00641    0.01411
 1221   -0.02623   -0.01369    0.01991
 1222   -0.02316   -0.01963    0.01152
 1223   -0.01143   -0.01557    0.00222
 1224   -0.02178   -0.02102    0.00417
 1225    0.00726   -0.01693   -0.02197
 1226   -0.01623   -0.00542    0.01296
 1227   -0.01100   -0.00265    0.00351
 1228   -0.01109    0.00008    0.00096
 1229   -0.01043    0.00240    0.00284
 1230   -0.00924    0.00072   -0.00096
 1231   -0.00490    0.00189   -0.01093
 1232   -0.01334   -0.00303    0.00624
 1233   -0.01279    0.00076   -0.00182
 1234   -0.01255    0.00147   -0.00408
 1235   -0.00920    0.00343   -0.00966
 1236   -0.00760    0.00353   -0.01219
 1237   -0.01162    0.00087   -0.00515
 1238   -0.01664   -0.00329    0.00207
 1239   -0.01651   -0.00217    0.00364
 1240   -0.01964   -0.00404    0.00158
 1241   -0.00730    0.00322   -0.00870
 1242   -0.00615    0.00335   -0.00998
 1243   -0.00498    0.00141   -0.01001
 1244   -0.00557    0.00092   -0.00915
 1245   -0.00606    0.00389   -0.00876
 1246   -0.00665    0.00654   -0.00985
 1247   -0.00631    0.00728   -0.01203
 1248   -0.00732    0.00704   -0.00564
 1249   -0.00691    0.00897   -0.01464
 1250   -0.01079    0.01013   -0.00683
 1251   -0.00873    0.01054   -0.01314
 1252   -0.00499    0.00208   -0.01021
 1253   -0.00529    0.00097   -0.00999
 1254   -0.00576    0.00050   -0.00916
 1255   -0.00627    0.00091   -0.00905
 1256   -0.00447    0.00097   -0.00976
 1257   -0.00421    0.00052   -0.00905
 1258   -0.00420   -0.00012   -0.00886
 1259   -0.00364    0.00035   -0.00861
 1260   -0.00328   -0.00053   -0.00809
 1261   -0.00322   -0.00046   -0.00796
 1262   -0.00560   -0.00044   -0.00903
 1263   -0.00603   -0.00089   -0.00825
 1264   -0.00558   -0.00088   -0.00805
 1265   -0.00529   -0.00081   -0.00772
 1266   -0.00613   -0.00095   -0.00821
 1267   -0.00629   -0.00111   -0.00830
 1268   -0.00575   -0.00085   -0.00833
 1269   -0.00665   -0.00109   -0.00802
 1270   -0.00587   -0.00096   -0.00822
 1271   -0.00654   -0.00128   -0.00778
 1272   -0.00663   -0.00112   -0.00828
 1273   -0.00597   -0.00098   -0.00767
 1274   -0.00579   -0.00114   -0.00722
 1275   -0.00619   -0.00145   -0.00690
 1276   -0.00661   -0.00150   -0.00690
 1277   -0.00532   -0.00130   -0.00703
 1278   -0.00584   -0.00090   -0.00681
 1279   -0.00460   -0.00086   -0.00724
 1280   -0.00534   -0.00063   -0.00628
 1281   -0.00610   -0.00154   -0.00674
 1282   -0.00628   -0.00169   -0.00668
 1283   -0.00637   -0.00157   -0.00667
 1284   -0.00627   -0.00139   -0.00673
 1285   -0.00598   -0.00134   -0.00645
 1286   -0.00567   -0.00129   -0.00657
 1287   -0.00532   -0.00142   -0.00651
 1288   -0.00542   -0.00099   -0.00643
 1289   -0.00649   -0.00169   -0.00673
 1290   -0.00663   -0.00153   -0.00690
 1291   -0.00610   -0.00117   -0.00738
 1292   -0.00549   -0.00143   -0.00740
 1293   -0.00693   -0.00199   -0.00626
 1294   -0.00730   -0.00190   -0.00571
 1295   -0.00727   -0.00222   -0.00538
 1296   -0.00742   -0.00134   -0.00582
 1297   -0.00741   -0.00192   -0.00496
 1298   -0.00723   -0.00131   -0.00495
 1299   -0.00710   -0.00148   -0.00452
 1300   -0.00607   -0.00046   -0.00783
 1301   -0.00555    0.00015   -0.00817
 1302   -0.00582    0.00104   -0.00891
 1303   -0.00653    0.00119   -0.00864
 1304   -0.00533    0.00018   -0.00762
 1305   -0.00461    0.00061   -0.00782
 1306   -0.00420    0.00015   -0.00749
 1307   -0.00455    0.00143   -0.00847
 1308   -0.00542    0.00182   -0.00945
 1309   -0.00588    0.00294   -0.01037
 1310   -0.00657    0.00402   -0.01011
 1311   -0.00557    0.00384   -0.00953
 1312   -0.00553    0.00307   -0.01077
 1313   -0.00681    0.00430   -0.01221
 1314   -0.00693    0.00557   -0.01265
 1315   -0.00713    0.00383   -0.01226
 1316   -0.00745    0.00471   -0.00989
 1317   -0.00736    0.00592   -0.00921
 1318   -0.00803    0.00697   -0.00908
 1319   -0.00828    0.00626   -0.00918
 1320   -0.00710    0.00490   -0.00643
 1321   -0.00725    0.00575   -0.00433
 1322   -0.00674    0.00365   -0.00617
 1323   -0.00808    0.00913   -0.00932
 1324   -0.00874    0.01110   -0.00917
 1325   -0.00834    0.01115   -0.01250
 1326   -0.00959    0.01103   -0.01224
 1327   -0.00880    0.00932   -0.00618
 1328   -0.00978    0.01063   -0.00483
 1329   -0.01077    0.01335   -0.00658
 1330   -0.00925    0.00917   -0.00272
 1331   -0.00822    0.01039   -0.01358
 1332   -0.00909    0.01008   -0.01518
 1333   -0.00962    0.00765   -0.01482
 1334   -0.01059    0.00732   -0.01592
 1335   -0.00906    0.00633   -0.01319
 1336   -0.00911    0.00469   -0.01273
 1337   -0.00870    0.00346   -0.01189
 1338   -0.00801    0.00357   -0.01097
 1339   -0.00883    0.00409   -0.01184
 1340   -0.00956    0.00468   -0.01281
 1341   -0.00957    0.00356   -0.01402
 1342   -0.01010    0.00618   -0.01286
 1343   -0.01046    0.00406   -0.01521
 1344   -0.01078    0.00614   -0.01418
 1345   -0.00895    0.00235   -0.01159
 1346   -0.00849    0.00151   -0.01048
 1347   -0.00785    0.00076   -0.00966
 1348   -0.00793    0.00021   -0.01020
 1349   -0.00893    0.00076   -0.01027
 1350   -0.00882   -0.00008   -0.00914
 1351   -0.00786   -0.00023   -0.00850
 1352   -0.00962   -0.00076   -0.00834
 1353   -0.00715    0.00051   -0.00872
 1354   -0.00653   -0.00013   -0.00805
 1355   -0.00653   -0.00054   -0.00778
 1356   -0.00658   -0.00045   -0.00762
 1357   -0.00611    0.00023   -0.00696
 1358   -0.00592    0.00056   -0.00692
 1359   -0.00510   -0.00014   -0.00641
 1360   -0.00647    0.00181   -0.00725
 1361   -0.00485   -0.00019   -0.00583
 1362   -0.00651    0.00217   -0.00699
 1363   -0.00568    0.00093   -0.00628
 1364   -0.00550    0.00093   -0.00564
 1365   -0.00574   -0.00112   -0.00733
 1366   -0.00554   -0.00133   -0.00672
 1367   -0.00494   -0.00151   -0.00627
 1368   -0.00431   -0.00183   -0.00580
 1369   -0.00575   -0.00124   -0.00650
 1370   -0.00522   -0.00143   -0.00628
 1371   -0.00460   -0.00106   -0.00543
 1372   -0.00346   -0.00084   -0.00513
 1373   -0.00528   -0.00059   -0.00482
 1374   -0.00503   -0.00150   -0.00606
 1375   -0.00466   -0.00152   -0.00543
 1376   -0.00424   -0.00175   -0.00559
 1377   -0.00483   -0.00155   -0.00598
 1378   -0.00489   -0.00114   -0.00502
 1379   -0.00525   -0.00073   -0.00495
 1380   -0.00540   -0.00031   -0.00443
 1381   -0.00476   -0.00087   -0.00445
 1382   -0.00331   -0.00194   -0.00518
 1383   -0.00279   -0.00197   -0.00559
 1384   -0.00182   -0.00205   -0.00463
 1385   -0.00120   -0.00245   -0.00396
 1386   -0.00251   -0.00181   -0.00597
 1387   -0.00210   -0.00131   -0.00648
 1388   -0.00212   -0.00040   -0.00686
 1389   -0.00169   -0.00153   -0.00633
 1390   -0.00157   -0.00174   -0.00450
 1391   -0.00006   -0.00199   -0.00354
 1392    0.00103   -0.00214   -0.00332
 1393    0.00285   -0.00234   -0.00212
 1394    0.00003   -0.00217   -0.00455
 1395    0.00034   -0.00193   -0.00466
 1396    0.00078   -0.00205   -0.00439
 1397    0.00128   -0.00165   -0.00400
 1398    0.00012   -0.00117   -0.00558
 1399   -0.00014   -0.00060   -0.00627
 1400   -0.00147    0.00056   -0.00768
 1401   -0.00100    0.00170   -0.00739
 1402   -0.00087    0.00352   -0.00761
 1403   -0.00065    0.00357   -0.00778
 1404   -0.00023    0.00560   -0.00824
 1405    0.00033   -0.00268   -0.00451
 1406    0.00065   -0.00303   -0.00435
 1407    0.00154   -0.00404   -0.00314
 1408    0.00234   -0.00453   -0.00190
 1409    0.00019   -0.00306   -0.00477
 1410    0.00028   -0.00209   -0.00550
 1411    0.00173   -0.00127   -0.00571
 1412    0.00230   -0.00260   -0.00515
 1413    0.00198   -0.00494   -0.00287
 1414    0.00291   -0.00602   -0.00144
 1415    0.00192   -0.00552   -0.00103
 1416    0.00195   -0.00486    0.00021
 1417    0.00284   -0.00642   -0.00222
 1418    0.00152   -0.00563   -0.00428
 1419    0.00123   -0.00419   -0.00437
 1420    0.00097   -0.00531   -0.00193
 1421    0.00020   -0.00450   -0.00159
 1422   -0.00101   -0.00382   -0.00259
 1423   -0.00082   -0.00379   -0.00350
 1424    0.00034   -0.00610   -0.00079
 1425    0.00164   -0.00737   -0.00159
 1426    0.00167   -0.00704   -0.00275
 1427    0.00174   -0.00986   -0.00210
 1428    0.00350   -0.00755   -0.00350
 1429    0.00254   -0.01070   -0.00356
 1430    0.00371   -0.00880   -0.00362
 1431   -0.00174   -0.00321   -0.00233
 1432   -0.00252   -0.00285   -0.00336
 1433   -0.00211   -0.00316   -0.00410
 1434   -0.00133   -0.00396   -0.00345
 1435   -0.00337   -0.00209   -0.00284
 1436   -0.00279   -0.00190   -0.00124
 1437   -0.00190   -0.00293   -0.00098
 1438   -0.00247   -0.00278   -0.00528
 1439   -0.00169   -0.00289   -0.00602
 1440   -0.00298   -0.00234   -0.00724
 1441   -0.00459   -0.00196   -0.00737
 1442   -0.00187   -0.00291   -0.00619
 1443   -0.00073   -0.00292   -0.00668
 1444   -0.00023   -0.00315   -0.00560
 1445   -0.00217   -0.00272   -0.00757
 1446   -0.00379   -0.00196   -0.00910
 1447   -0.00411   -0.00255   -0.01099
 1448   -0.00226   -0.00390   -0.01034
 1449   -0.00285   -0.00175   -0.00894
 1450   -0.00486   -0.00063   -0.00998
 1451   -0.00610    0.00013   -0.01190
 1452   -0.00488    0.00013   -0.01003
 1453   -0.00655   -0.00171   -0.01164
 1454   -0.00827   -0.00226   -0.01151
 1455   -0.01051   -0.00115   -0.01323
 1456   -0.01195   -0.00119   -0.01280
 1457   -0.00999   -0.00146   -0.00953
 1458   -0.00849   -0.00168   -0.00791
 1459   -0.00831   -0.00125   -0.00578
 1460   -0.00710   -0.00162   -0.00772
 1461   -0.00671   -0.00078   -0.00491
 1462   -0.00599   -0.00149   -0.00571
 1463   -0.00938   -0.00083   -0.01435
 1464   -0.01037    0.00021   -0.01555
 1465   -0.01151    0.00189   -0.01540
 1466   -0.01086    0.00215   -0.01414
 1467   -0.01359    0.00259   -0.01715
 1468   -0.01424    0.00440   -0.01787
 1469   -0.01366    0.00358   -0.01682
 1470   -0.01458    0.00193   -0.01652
 1471   -0.01661    0.00526   -0.02063
 1472   -0.01225    0.00442   -0.01637
 1473   -0.01123    0.00387   -0.01522
 1474   -0.00990    0.00546   -0.01538
 1475   -0.00927    0.00671   -0.01560
 1476   -0.01031    0.00282   -0.01342
 1477   -0.00922    0.00221   -0.01220
 1478   -0.00880    0.00531   -0.01497
 1479   -0.00694    0.00624   -0.01511
 1480   -0.00475    0.00526   -0.01330
 1481   -0.00494    0.00341   -0.01178
 1482   -0.00637    0.00640   -0.01566
 1483   -0.00409    0.00762   -0.01618
 1484   -0.00372    0.00597   -0.01335
 1485   -0.00137    0.00490   -0.01254
 1486    0.00076    0.00418   -0.01228
 1487    0.00175    0.00305   -0.01125
 1488    0.00033    0.00581   -0.01324
 1489   -0.00037    0.00583   -0.01313
 1490    0.00080    0.00500   -0.01236
 1491   -0.00126    0.00433   -0.01206
 1492    0.00466    0.00429   -0.01359
 1493    0.00079    0.00481   -0.01236
 1494    0.00136    0.00436   -0.01049
 1495   -0.00079    0.00205   -0.00888
 1496   -0.00013    0.00095   -0.00676
 1497    0.00227    0.00614   -0.01176
 1498    0.00570    0.00832   -0.01320
 1499    0.00883    0.00779   -0.01352
 1500    0.00765    0.01086   -0.01461
 1501   -0.00331    0.00151   -0.00916
 1502   -0.00544    0.00011   -0.00784
 1503   -0.00573   -0.00036   -0.00739
 1504   -0.00751   -0.00118   -0.00665
 1505   -0.00742    0.00094   -0.00961
 1506   -0.00794    0.00224   -0.01161
 1507   -0.00676    0.00193   -0.01041
 1508   -0.00411   -0.00025   -0.00765
 1509   -0.00471   -0.00055   -0.00741
 1510   -0.00509   -0.00230   -0.00524
 1511   -0.00650   -0.00261   -0.00479
 1512   -0.00319   -0.00017   -0.00768
 1513   -0.00368   -0.00061   -0.00769
 1514   -0.00497    0.00018   -0.00846
 1515   -0.00236   -0.00091   -0.00751
 1516   -0.00385   -0.00320   -0.00385
 1517   -0.00365   -0.00531   -0.00186
 1518   -0.00549   -0.00659   -0.00065
 1519   -0.00729   -0.00666    0.00051
 1520   -0.00113   -0.00714   -0.00019
 1521   -0.00012   -0.00626   -0.00083
 1522    0.00237   -0.00851    0.00124
 1523   -0.00109   -0.00670   -0.00086
 1524   -0.00553   -0.00667   -0.00060
 1525   -0.00819   -0.00660    0.00129
 1526   -0.01073   -0.00518    0.00042
 1527   -0.01288   -0.00531    0.00210
 1528   -0.00813   -0.00586    0.00050
 1529   -0.01042   -0.00562    0.00214
 1530   -0.01148   -0.00385   -0.00062
 1531   -0.00823   -0.00258   -0.00250
 1532   -0.00808   -0.00453    0.00159
 1533   -0.01046   -0.00358   -0.00265
 1534   -0.01129   -0.00266   -0.00430
 1535   -0.01082   -0.00303   -0.00332
 1536   -0.01123   -0.00265   -0.00272
 1537   -0.01048   -0.00103   -0.00733
 1538   -0.01109   -0.00048   -0.00865
 1539   -0.01083    0.00055   -0.01074
 1540   -0.01230   -0.00101   -0.00682
 1541   -0.00941   -0.00321   -0.00365
 1542   -0.00902   -0.00329   -0.00326
 1543   -0.01037   -0.00424   -0.00074
 1544   -0.01050   -0.00369   -0.00075
 1545   -0.00777   -0.00317   -0.00430
 1546   -0.01152   -0.00528    0.00132
 1547   -0.01251   -0.00589    0.00331
 1548   -0.01451   -0.00570    0.00464
 1549   -0.01470   -0.00571    0.00544
 1550   -0.01156   -0.00730    0.00496
 1551   -0.01566   -0.00511    0.00464
 1552   -0.01577   -0.00437    0.00498
 1553   -0.01279   -0.00300    0.00488
 1554   -0.01249   -0.00220    0.00634
 1555   -0.01587   -0.00301    0.00365
 1556   -0.01753   -0.00151    0.00536
 1557   -0.01869   -0.00047    0.00396
 1558   -0.02389    0.00151    0.00674
 1559   -0.03220    0.00092    0.01127
 1560   -0.01238   -0.00221    0.00238
 1561   -0.01106   -0.00095    0.00217
 1562   -0.00984   -0.00150    0.00196
 1563   -0.00800   -0.00022    0.00187
 1564   -0.00937   -0.00058   -0.00043
 1565   -0.00792   -0.00033   -0.00127
 1566   -0.00964   -0.00086   -0.00188
 1567   -0.01034   -0.00249    0.00098
 1568   -0.00990   -0.00204    0.00016
 1569   -0.01012   -0.00185    0.00104
 1570   -0.00859   -0.00015   -0.00067
 1571   -0.01133   -0.00287    0.00020
 1572   -0.00965   -0.00319   -0.00177
 1573   -0.01189   -0.00306    0.00397
 1574   -0.01078   -0.00242    0.00406
 1575   -0.00826    0.00012    0.00422
 1576   -0.00593    0.00186    0.00288
 1577   -0.01556   -0.00582    0.00908
 1578   -0.01588   -0.00871    0.01000
 1579   -0.01813   -0.01086    0.01422
 1580   -0.01917   -0.00959    0.01485
 1581   -0.01932   -0.00912    0.01426
 1582   -0.01738   -0.00986    0.01349
 1583   -0.02097   -0.00846    0.01412
 1584   -0.00805    0.00047    0.00428
 1585   -0.00433    0.00303    0.00343
 1586   -0.00155    0.00429    0.00078
 1587    0.00121    0.00607    0.00029
 1588   -0.00439    0.00318    0.00420
 1589   -0.00598    0.00286    0.00704
 1590   -0.00625    0.00340    0.00699
 1591   -0.00617    0.00279    0.00370
 1592   -0.00907    0.00418    0.00836
 1593   -0.00307    0.00285   -0.00068
 1594   -0.00183    0.00359   -0.00400
 1595   -0.00132    0.00456   -0.00501
 1596    0.00090    0.00622   -0.00671
 1597   -0.00359    0.00246   -0.00463
 1598   -0.00330    0.00216   -0.00474
 1599   -0.00423    0.00150   -0.00310
 1600   -0.00250    0.00250   -0.00597
 1601   -0.00416    0.00140   -0.00371
 1602   -0.00255    0.00209   -0.00556
 1603   -0.00340    0.00140   -0.00500
 1604   -0.00321    0.00387   -0.00412
 1605   -0.00226    0.00511   -0.00642
 1606    0.00055    0.00690   -0.00600
 1607    0.00246    0.00878   -0.00882
 1608   -0.00508    0.00339   -0.00555
 1609   -0.00720    0.00225   -0.00532
 1610   -0.00468    0.00436   -0.00746
 1611    0.00097    0.00696   -0.00291
 1612    0.00496    0.00935   -0.00122
 1613    0.00745    0.01227   -0.00308
 1614    0.01026    0.01474   -0.00313
 1615    0.00431    0.00881    0.00353
 1616    0.00020    0.00594    0.00481
 1617   -0.00286    0.00554    0.00888
 1618    0.00302    0.00812    0.01338
 1619   -0.01084    0.00187    0.00985
 1620    0.00614    0.01146   -0.00368
 1621    0.00724    0.01348   -0.00441
 1622    0.00737    0.01557   -0.00793
 1623    0.00888    0.01859   -0.00896
 1624    0.00693    0.01076   -0.00322
 1625    0.00741    0.01040   -0.00021
 1626    0.00733    0.00911   -0.00008
 1627    0.00495    0.00728   -0.00140
 1628    0.00310    0.00577   -0.00080
 1629    0.00262    0.00528    0.00066
 1630    0.00109    0.00485   -0.00230
 1631    0.00594    0.01358   -0.00991
 1632    0.00607    0.01507   -0.01343
 1633    0.00652    0.01590   -0.01546
 1634    0.00506    0.01340   -0.01736
 1635    0.00463    0.01270   -0.01381
 1636    0.00488    0.01101   -0.01174
 1637    0.00670    0.01224   -0.01165
 1638    0.00645    0.01151   -0.00968
 1639    0.00813    0.01432   -0.01337
 1640    0.00849    0.01861   -0.01384
 1641    0.00943    0.01768   -0.01516
 1642    0.00768    0.01650   -0.01890
 1643    0.00492    0.01341   -0.01659
 1644    0.01352    0.02306   -0.01352
 1645    0.01435    0.02392   -0.00382
 1646    0.01328    0.04907    0.02842
 1647    0.00192    0.08695    0.06649
 1648    0.00752    0.04962    0.04426
 1649    0.00923    0.01952   -0.02380
 1650    0.00826    0.01781   -0.02913
 1651    0.00555    0.01611   -0.02891
 1652    0.00446    0.01797   -0.03057
 1653    0.00524    0.01615   -0.02499
 1654    0.00366    0.01559   -0.02615
 1655    0.00016    0.01251   -0.02543
 1656   -0.00109    0.01048   -0.02204
 1657    0.00513    0.01438   -0.02247
 1658    0.00381    0.01320   -0.02238
 1659    0.00504    0.01341   -0.02791
 1660    0.00316    0.01444   -0.03062
 1661    0.00779    0.01453   -0.02950
 1662   -0.00118    0.01244   -0.02836
 1663   -0.00506    0.00930   -0.02907
 1664   -0.00637    0.00824   -0.02687
 1665   -0.00931    0.00521   -0.02584
 1666   -0.00717    0.00972   -0.03739
 1667   -0.01206    0.00427   -0.03882
 1668   -0.00612    0.01109   -0.03869
 1669   -0.00502    0.00986   -0.02637
 1670   -0.00645    0.00997   -0.02330
 1671   -0.00733    0.00754   -0.01851
 1672   -0.00618    0.00753   -0.01618
 1673   -0.00588    0.01165   -0.02338
 1674   -0.00736    0.01455   -0.03050
 1675   -0.00464    0.01633   -0.03464
 1676   -0.00688    0.02158   -0.04861
 1677   -0.00117    0.02456   -0.06448
 1678    0.00538    0.02214   -0.06010
 1679   -0.00321    0.04339   -0.11198
 1680   -0.00817    0.00598   -0.01775
 1681   -0.00838    0.00390   -0.01331
 1682   -0.00962    0.00362   -0.01234
 1683   -0.00913    0.00700   -0.01264
 1684   -0.00802    0.00222   -0.01241
 1685   -0.00602    0.00360   -0.01299
 1686   -0.00449    0.00536   -0.01535
 1687   -0.00539    0.00316   -0.01085
 1688   -0.00184    0.00684   -0.01516
 1689   -0.00333    0.00441   -0.01071
 1690   -0.00156    0.00615   -0.01279
 1691   -0.00985    0.00159   -0.00922
 1692   -0.00952    0.00203   -0.00764
 1693   -0.00927   -0.00036   -0.00633
 1694   -0.00860   -0.00107   -0.00694
 1695   -0.00783    0.00131   -0.00816
 1696   -0.00758    0.00292   -0.00919
 1697   -0.00906   -0.00203   -0.00429
 1698   -0.00776   -0.00355   -0.00348
 1699   -0.00598   -0.00435   -0.00298
 1700   -0.00464   -0.00507   -0.00241
 1701   -0.00896   -0.00432   -0.00213
 1702   -0.00515   -0.00409   -0.00367
 1703   -0.00272   -0.00443   -0.00292
 1704   -0.00239   -0.00470   -0.00296
 1705   -0.00352   -0.00415   -0.00345
 1706   -0.00213   -0.00378   -0.00351
 1707   -0.00170   -0.00380   -0.00288
 1708   -0.00362   -0.00304   -0.00438
 1709   -0.00054   -0.00455   -0.00147
 1710   -0.00009   -0.00443   -0.00155
 1711    0.00166   -0.00366   -0.00230
 1712    0.00302   -0.00357   -0.00118
 1713    0.00092   -0.00612   -0.00037
 1714    0.00119   -0.00343   -0.00354
 1715    0.00231   -0.00267   -0.00333
 1716    0.00432   -0.00255   -0.00332
 1717    0.00423   -0.00264   -0.00532
 1718    0.00038   -0.00167   -0.00434
 1719    0.00116   -0.00088   -0.00421
 1720    0.00130   -0.00097   -0.00225
 1721   -0.00020   -0.00090   -0.00481
 1722    0.00703   -0.00244   -0.00153
 1723    0.00970   -0.00191   -0.00207
 1724    0.01284   -0.00029   -0.00058
 1725    0.01235    0.00061    0.00413
 1726    0.01025   -0.00331   -0.00009
 1727    0.00942   -0.00428    0.00346
 1728    0.01632    0.00127   -0.00352
 1729    0.02212    0.00431   -0.00355
 1730    0.02812    0.00626    0.00114
 1731    0.03128    0.00898   -0.00308
 1732    0.02714    0.00713   -0.01171
 1733    0.03489    0.00992   -0.01286
 1734    0.04258    0.01368   -0.02092
 1735    0.05026    0.01420   -0.02241
 1736    0.05089    0.01577   -0.02835
 1737    0.02994    0.00746    0.01080
 1738    0.03978    0.01119    0.02159
 1739    0.05137    0.01843    0.01770
 1740    0.06875    0.03361    0.02238
 1741    0.04344    0.01494    0.03046
 1742    0.05528    0.02282    0.01244
 1743    0.08820    0.05117    0.00803
 1744    0.14995    0.12567    0.04463
 1745    0.25659    0.29821    0.06640
 1746    0.10565    0.06549   -0.00725
 1747    0.16496    0.16151    0.08956
