    1   -0.01190   -0.01624    0.01633
    2   -0.01068   -0.01563    0.01739
    3   -0.01036   -0.01364    0.01490
    4   -0.00992   -0.01298    0.01376
    5   -0.00823   -0.01466    0.01975
    6   -0.00753   -0.01491    0.02113
    7   -0.00212   -0.01477    0.02420
    8   -0.00032   -0.01569    0.02496
    9   -0.00906   -0.01390    0.01535
   10   -0.00810   -0.01287    0.01356
   11   -0.00635   -0.01162    0.01454
   12   -0.00593   -0.01196    0.01633
   13   -0.00942   -0.01480    0.01304
   14   -0.01060   -0.01647    0.01530
   15   -0.01445   -0.01767    0.01531
   16   -0.01598   -0.02104    0.01553
   17   -0.01360   -0.01668    0.01463
   18   -0.00536   -0.01030    0.01305
   19   -0.00373   -0.00955    0.01405
   20   -0.00383   -0.01056    0.01464
   21   -0.00597   -0.01149    0.01458
   22   -0.00302   -0.00811    0.01265
   23   -0.00254   -0.00748    0.01199
   24   -0.00248   -0.00644    0.01019
   25   -0.00086   -0.00653    0.01393
   26   -0.00207   -0.01031    0.01531
   27   -0.00244   -0.01147    0.01533
   28   -0.00273   -0.01187    0.01316
   29   -0.00252   -0.01029    0.01185
   30    0.00247   -0.01291    0.01666
   31    0.00281   -0.01241    0.01921
   32    0.00891   -0.01527    0.01965
   33    0.00818   -0.01394    0.02237
   34    0.01107   -0.01833    0.02551
   35   -0.00376   -0.01151    0.00990
   36   -0.00417   -0.00904    0.00643
   37   -0.00091   -0.01096    0.00869
   38    0.00184   -0.01343    0.01090
   39   -0.00679   -0.00655    0.00226
   40   -0.01014   -0.00531    0.00044
   41   -0.00417   -0.01033    0.00897
   42   -0.00196   -0.00898    0.00767
   43   -0.00075   -0.00949    0.00831
   44   -0.00155   -0.00886    0.00557
   45   -0.00377   -0.00769    0.00291
   46   -0.00118   -0.00727    0.00707
   47   -0.00072   -0.00638    0.00649
   48    0.00110   -0.00614    0.00853
   49    0.00181   -0.00458    0.00958
   50   -0.00067   -0.01081    0.00700
   51   -0.00298   -0.01121    0.00456
   52   -0.00381   -0.01001    0.00329
   53   -0.00303   -0.00839    0.00322
   54   -0.00173   -0.01446    0.00647
   55   -0.00348   -0.01608    0.00323
   56   -0.00222   -0.01936    0.00205
   57   -0.00015   -0.01931    0.00279
   58   -0.00189   -0.02189   -0.00080
   59   -0.00488   -0.00869    0.00062
   60   -0.00393   -0.00762   -0.00045
   61   -0.00337   -0.00807   -0.00057
   62   -0.00357   -0.00816   -0.00182
   63   -0.00415   -0.00747   -0.00196
   64   -0.00331   -0.00669   -0.00225
   65   -0.00469   -0.00869   -0.00333
   66   -0.00307   -0.00639   -0.00288
   67   -0.00255   -0.00753    0.00062
   68   -0.00176   -0.00743    0.00103
   69   -0.00083   -0.00576    0.00140
   70   -0.00015   -0.00515    0.00230
   71   -0.00198   -0.00957    0.00157
   72   -0.00058   -0.00886    0.00147
   73   -0.00081   -0.00763    0.00034
   74    0.00072   -0.00853    0.00244
   75   -0.00114   -0.00509   -0.00000
   76   -0.00065   -0.00336   -0.00002
   77    0.00021   -0.00236    0.00146
   78    0.00074   -0.00144    0.00213
   79   -0.00120   -0.00288   -0.00080
   80   -0.00152   -0.00427   -0.00142
   81   -0.00149   -0.00564   -0.00152
   82    0.00024   -0.00284    0.00169
   83    0.00115   -0.00190    0.00329
   84    0.00223   -0.00159    0.00509
   85    0.00371   -0.00037    0.00714
   86    0.00157   -0.00281    0.00362
   87    0.00352   -0.00096    0.00698
   88    0.00423   -0.00130    0.00856
   89    0.00262   -0.00272    0.00575
   90    0.00564   -0.00129    0.01065
   91    0.00191   -0.00327    0.00533
   92    0.00275   -0.00331    0.00717
   93    0.00265   -0.00250    0.00673
   94    0.00391   -0.00136    0.00887
   95    0.00187   -0.00537    0.00691
   96    0.00176   -0.00670    0.00770
   97    0.00095   -0.01013    0.00775
   98    0.00235   -0.00941    0.01010
   99    0.00168   -0.00275    0.00488
  100    0.00137   -0.00193    0.00448
  101    0.00205   -0.00069    0.00506
  102    0.00298    0.00009    0.00610
  103   -0.00005   -0.00289    0.00236
  104   -0.00092   -0.00392    0.00226
  105   -0.00097   -0.00484    0.00326
  106   -0.00169   -0.00426    0.00061
  107    0.00202   -0.00012    0.00461
  108    0.00285    0.00180    0.00496
  109    0.00498    0.00260    0.00732
  110    0.00583    0.00418    0.00759
  111    0.00202    0.00214    0.00432
  112    0.00048    0.00159    0.00255
  113    0.00060    0.00153    0.00237
  114    0.00013    0.00127    0.00175
  115    0.00520    0.00230    0.00899
  116    0.00696    0.00344    0.01153
  117    0.00729    0.00330    0.01226
  118    0.00849    0.00424    0.01364
  119    0.00726    0.00237    0.01307
  120    0.00772    0.00315    0.01347
  121    0.00821    0.00191    0.01494
  122    0.00842    0.00277    0.01519
  123    0.00726    0.00219    0.01312
  124    0.00625    0.00181    0.01123
  125    0.00636    0.00174    0.01106
  126    0.00616    0.00287    0.01025
  127    0.00685    0.00322    0.01071
  128    0.00494    0.00003    0.00989
  129    0.00458   -0.00023    0.01012
  130    0.00459   -0.00132    0.01020
  131    0.00557    0.00314    0.00877
  132    0.00585    0.00426    0.00780
  133    0.00749    0.00597    0.00907
  134    0.00811    0.00650    0.00880
  135    0.00463    0.00401    0.00580
  136    0.00340    0.00267    0.00437
  137    0.00241    0.00294    0.00325
  138    0.00299    0.00270    0.00358
  139    0.00818    0.00675    0.00998
  140    0.01010    0.00819    0.01079
  141    0.01096    0.00848    0.01281
  142    0.01253    0.00924    0.01319
  143    0.01043    0.00858    0.01152
  144    0.01011    0.00845    0.01290
  145    0.01035    0.00676    0.01397
  146    0.01101    0.00640    0.01558
  147    0.01076    0.00605    0.01455
  148    0.01178    0.00668    0.01541
  149    0.01027    0.00451    0.01610
  150    0.01111    0.00465    0.01763
  151    0.01017    0.00277    0.01779
  152    0.01091    0.00254    0.01934
  153    0.01209    0.00243    0.02101
  154    0.01222    0.00252    0.02143
  155    0.01287    0.00245    0.02250
  156    0.00963    0.00551    0.01287
  157    0.00923    0.00526    0.01174
  158    0.01033    0.00667    0.01093
  159    0.01036    0.00715    0.00992
  160    0.00754    0.00433    0.00967
  161    0.00647    0.00283    0.01003
  162    0.00478    0.00191    0.00806
  163    0.00646    0.00271    0.01083
  164    0.01115    0.00783    0.01113
  165    0.01258    0.00980    0.00993
  166    0.01157    0.00995    0.00756
  167    0.01190    0.01160    0.00600
  168    0.01016    0.00880    0.00707
  169    0.00933    0.00921    0.00521
  170    0.01001    0.01005    0.00564
  171    0.00977    0.00954    0.00641
  172    0.00703    0.00757    0.00445
  173    0.00560    0.00772    0.00308
  174    0.00649    0.00642    0.00409
  175    0.01009    0.01166    0.00467
  176    0.01088    0.01269    0.00506
  177    0.00906    0.01268    0.00373
  178    0.00673    0.01173    0.00259
  179    0.01290    0.01533    0.00517
  180    0.00901    0.01281    0.00406
  181    0.00572    0.01184    0.00253
  182    0.00459    0.01017    0.00199
  183    0.00597    0.00963    0.00344
  184    0.00239    0.00992    0.00113
  185    0.00153    0.00863    0.00071
  186    0.00037    0.00713    0.00012
  187   -0.00084    0.00633   -0.00055
  188   -0.00002    0.00947    0.00056
  189   -0.00079    0.01092   -0.00023
  190   -0.00186    0.01199   -0.00077
  191   -0.00153    0.01231   -0.00042
  192   -0.00306    0.01254   -0.00137
  193    0.00049    0.00684    0.00033
  194   -0.00059    0.00530   -0.00033
  195    0.00015    0.00445    0.00035
  196    0.00135    0.00506    0.00133
  197   -0.00065    0.00537   -0.00045
  198   -0.00119    0.00647   -0.00092
  199   -0.00040    0.00832   -0.00094
  200   -0.00213    0.00600   -0.00185
  201   -0.00109    0.00866   -0.00201
  202   -0.00197    0.00736   -0.00236
  203   -0.00293    0.00468   -0.00236
  204   -0.00302    0.00709   -0.00308
  205   -0.00373    0.00451   -0.00297
  206   -0.00388    0.00558   -0.00325
  207   -0.00073    0.00335   -0.00006
  208   -0.00041    0.00262    0.00035
  209   -0.00146    0.00144   -0.00042
  210   -0.00222    0.00123   -0.00127
  211   -0.00021    0.00286    0.00061
  212   -0.00102    0.00217   -0.00029
  213   -0.00137    0.00277   -0.00087
  214   -0.00207    0.00216   -0.00153
  215   -0.00326    0.00200   -0.00259
  216   -0.00382    0.00139   -0.00318
  217   -0.00379    0.00225   -0.00298
  218   -0.00133    0.00102   -0.00022
  219   -0.00177   -0.00024   -0.00077
  220   -0.00203   -0.00069   -0.00138
  221   -0.00184   -0.00035   -0.00092
  222   -0.00158   -0.00117   -0.00065
  223   -0.00139   -0.00100   -0.00043
  224   -0.00050   -0.00040    0.00065
  225   -0.00168   -0.00161   -0.00094
  226   -0.00005   -0.00035    0.00097
  227   -0.00148   -0.00155   -0.00075
  228   -0.00064   -0.00086    0.00013
  229   -0.00267   -0.00146   -0.00229
  230   -0.00301   -0.00202   -0.00305
  231   -0.00317   -0.00317   -0.00357
  232   -0.00319   -0.00339   -0.00361
  233   -0.00373   -0.00148   -0.00361
  234   -0.00422   -0.00209   -0.00429
  235   -0.00337   -0.00044   -0.00298
  236   -0.00324   -0.00391   -0.00399
  237   -0.00347   -0.00486   -0.00471
  238   -0.00422   -0.00482   -0.00561
  239   -0.00490   -0.00437   -0.00630
  240   -0.00336   -0.00526   -0.00518
  241   -0.00255   -0.00560   -0.00413
  242   -0.00254   -0.00545   -0.00383
  243   -0.00213   -0.00591   -0.00344
  244   -0.00372   -0.00527   -0.00578
  245   -0.00399   -0.00517   -0.00681
  246   -0.00358   -0.00558   -0.00758
  247   -0.00286   -0.00609   -0.00695
  248   -0.00342   -0.00464   -0.00596
  249   -0.00344   -0.00467   -0.00718
  250   -0.00370   -0.00402   -0.00532
  251   -0.00456   -0.00610   -0.01019
  252   -0.00444   -0.00658   -0.01144
  253   -0.00361   -0.00657   -0.01229
  254   -0.00324   -0.00669   -0.01285
  255   -0.00558   -0.00725   -0.01387
  256   -0.00647   -0.00692   -0.01319
  257   -0.00816   -0.00684   -0.01458
  258   -0.00569   -0.00733   -0.01289
  259   -0.00366   -0.00661   -0.01232
  260   -0.00244   -0.00691   -0.01291
  261   -0.00281   -0.00599   -0.01054
  262   -0.00324   -0.00535   -0.00967
  263   -0.00175   -0.00560   -0.00975
  264   -0.00100   -0.00438   -0.00757
  265   -0.00201   -0.00401   -0.00763
  266   -0.00115   -0.00285   -0.00593
  267    0.00090   -0.00298   -0.00654
  268    0.00231   -0.00254   -0.00536
  269    0.00312   -0.00111   -0.00490
  270    0.00129   -0.00289   -0.00482
  271   -0.00360   -0.00535   -0.00982
  272   -0.00456   -0.00508   -0.00989
  273   -0.00650   -0.00479   -0.00922
  274   -0.00674   -0.00483   -0.00951
  275   -0.00618   -0.00614   -0.01248
  276   -0.00745   -0.00726   -0.01451
  277   -0.00602   -0.00791   -0.01549
  278   -0.00578   -0.00953   -0.01821
  279   -0.00531   -0.00731   -0.01399
  280   -0.00761   -0.00430   -0.00842
  281   -0.01008   -0.00392   -0.00874
  282   -0.01222   -0.00415   -0.01022
  283   -0.01310   -0.00374   -0.00978
  284   -0.01192   -0.00370   -0.00845
  285   -0.01104   -0.00351   -0.00603
  286   -0.00770   -0.00385   -0.00346
  287   -0.00703   -0.00391   -0.00458
  288   -0.00525   -0.00434   -0.00169
  289   -0.01326   -0.00535   -0.01208
  290   -0.01448   -0.00601   -0.01378
  291   -0.01269   -0.00604   -0.01355
  292   -0.01354   -0.00627   -0.01440
  293   -0.01527   -0.00740   -0.01642
  294   -0.01927   -0.00726   -0.01863
  295   -0.02149   -0.00855   -0.02350
  296   -0.01845   -0.01016   -0.02517
  297   -0.03071   -0.00631   -0.03388
  298   -0.01071   -0.00591   -0.01277
  299   -0.00967   -0.00589   -0.01238
  300   -0.00931   -0.00496   -0.01045
  301   -0.00888   -0.00482   -0.01035
  302   -0.00786   -0.00659   -0.01307
  303   -0.00792   -0.00753   -0.01500
  304   -0.00898   -0.00437   -0.00957
  305   -0.00864   -0.00348   -0.00814
  306   -0.01018   -0.00292   -0.00808
  307   -0.00996   -0.00223   -0.00743
  308   -0.00729   -0.00303   -0.00706
  309   -0.00544   -0.00352   -0.00671
  310   -0.00423   -0.00305   -0.00524
  311   -0.00449   -0.00359   -0.00653
  312   -0.01260   -0.00325   -0.00853
  313   -0.01525   -0.00310   -0.00808
  314   -0.01484   -0.00357   -0.00919
  315   -0.01623   -0.00307   -0.00844
  316   -0.01330   -0.00418   -0.00989
  317   -0.01276   -0.00447   -0.01046
  318   -0.01076   -0.00338   -0.00910
  319   -0.00997   -0.00316   -0.00880
  320   -0.01255   -0.00545   -0.01168
  321   -0.01142   -0.00516   -0.01159
  322   -0.00995   -0.00239   -0.00817
  323   -0.00845   -0.00160   -0.00721
  324   -0.00841   -0.00027   -0.00677
  325   -0.00938    0.00001   -0.00728
  326   -0.00750   -0.00175   -0.00687
  327   -0.00661   -0.00097   -0.00589
  328   -0.00688   -0.00275   -0.00706
  329   -0.00768    0.00040   -0.00642
  330   -0.00775    0.00171   -0.00642
  331   -0.00803    0.00231   -0.00628
  332   -0.00729    0.00184   -0.00608
  333   -0.00666    0.00213   -0.00551
  334   -0.00642    0.00096   -0.00526
  335   -0.00674   -0.00011   -0.00572
  336   -0.00861    0.00336   -0.00687
  337   -0.00907    0.00386   -0.00656
  338   -0.00855    0.00518   -0.00633
  339   -0.00819    0.00622   -0.00652
  340   -0.01029    0.00408   -0.00747
  341   -0.00822    0.00479   -0.00525
  342   -0.00755    0.00371   -0.00471
  343   -0.00660    0.00302   -0.00434
  344   -0.00604    0.00371   -0.00424
  345   -0.00749    0.00421   -0.00398
  346   -0.00729    0.00559   -0.00403
  347   -0.00793    0.00637   -0.00495
  348   -0.00629    0.00190   -0.00451
  349   -0.00536    0.00138   -0.00417
  350   -0.00469    0.00082   -0.00386
  351   -0.00408    0.00025   -0.00355
  352   -0.00535    0.00048   -0.00438
  353   -0.00406    0.00092   -0.00337
  354   -0.00369    0.00034   -0.00309
  355   -0.00312   -0.00059   -0.00285
  356   -0.00282   -0.00122   -0.00263
  357   -0.00349    0.00106   -0.00301
  358   -0.00251    0.00121   -0.00232
  359   -0.00296   -0.00086   -0.00279
  360   -0.00262   -0.00167   -0.00247
  361   -0.00271   -0.00188   -0.00270
  362   -0.00291   -0.00154   -0.00283
  363   -0.00230   -0.00180   -0.00223
  364   -0.00248   -0.00239   -0.00259
  365   -0.00231   -0.00256   -0.00268
  366   -0.00209   -0.00297   -0.00248
  367   -0.00184   -0.00319   -0.00230
  368   -0.00216   -0.00250   -0.00278
  369   -0.00191   -0.00278   -0.00303
  370   -0.00248   -0.00302   -0.00351
  371   -0.00133   -0.00273   -0.00274
  372   -0.00211   -0.00345   -0.00260
  373   -0.00197   -0.00385   -0.00235
  374   -0.00176   -0.00419   -0.00253
  375   -0.00169   -0.00451   -0.00269
  376   -0.00238   -0.00396   -0.00214
  377   -0.00260   -0.00392   -0.00160
  378   -0.00226   -0.00362   -0.00150
  379   -0.00281   -0.00404   -0.00115
  380   -0.00155   -0.00390   -0.00240
  381   -0.00119   -0.00346   -0.00249
  382   -0.00134   -0.00319   -0.00241
  383   -0.00155   -0.00336   -0.00233
  384   -0.00046   -0.00267   -0.00213
  385    0.00025   -0.00163   -0.00212
  386    0.00049   -0.00134   -0.00261
  387    0.00089   -0.00110   -0.00175
  388   -0.00153   -0.00312   -0.00245
  389   -0.00173   -0.00257   -0.00257
  390   -0.00072   -0.00121   -0.00248
  391   -0.00009   -0.00011   -0.00264
  392   -0.00264   -0.00376   -0.00265
  393   -0.00262   -0.00298   -0.00290
  394   -0.00374   -0.00423   -0.00259
  395   -0.00223   -0.00092   -0.00310
  396   -0.00033   -0.00011   -0.00287
  397    0.00051    0.00147   -0.00280
  398    0.00021    0.00258   -0.00350
  399   -0.00025    0.00215   -0.00373
  400    0.00134    0.00141   -0.00223
  401    0.00113    0.00056   -0.00203
  402    0.00170    0.00141   -0.00215
  403    0.00057   -0.00079   -0.00198
  404    0.00168    0.00120   -0.00214
  405    0.00012   -0.00114   -0.00186
  406    0.00078   -0.00017   -0.00193
  407    0.00098    0.00471   -0.00354
  408    0.00160    0.00681   -0.00302
  409    0.00188    0.00571   -0.00327
  410    0.00277    0.00514   -0.00317
  411    0.00269    0.00875   -0.00217
  412    0.00243    0.00689   -0.00316
  413    0.00164    0.00517   -0.00323
  414    0.00210    0.00585   -0.00329
  415    0.00085    0.00428   -0.00440
  416    0.00316    0.00733   -0.00360
  417    0.00216    0.00772   -0.00396
  418   -0.00100    0.00373   -0.00501
  419   -0.00155    0.00300   -0.00494
  420   -0.00084    0.00181   -0.00425
  421   -0.00335    0.00125   -0.00476
  422    0.00437    0.00766   -0.00326
  423    0.00658    0.01080   -0.00334
  424    0.00606    0.01051   -0.00418
  425    0.00594    0.00973   -0.00368
  426    0.00646    0.01064   -0.00348
  427    0.00584    0.00875   -0.00290
  428    0.00554    0.01101   -0.00309
  429    0.00710    0.01158   -0.00448
  430    0.00821    0.01238   -0.00439
  431    0.00795    0.01190   -0.00306
  432    0.00830    0.01293   -0.00267
  433    0.00891    0.01427   -0.00554
  434    0.00764    0.01100   -0.00275
  435    0.00727    0.01091   -0.00158
  436    0.00679    0.00963   -0.00081
  437    0.00653    0.01011    0.00045
  438    0.00704    0.01046   -0.00160
  439    0.00691    0.01023   -0.00083
  440    0.00752    0.01161    0.00039
  441    0.00799    0.01304    0.00048
  442    0.00692    0.01122    0.00167
  443    0.00626    0.00828   -0.00140
  444    0.00579    0.00686   -0.00108
  445    0.00623    0.00753   -0.00123
  446    0.00594    0.00741   -0.00015
  447    0.00489    0.00582   -0.00201
  448    0.00418    0.00420   -0.00160
  449    0.00333    0.00404   -0.00239
  450    0.00381    0.00317   -0.00058
  451    0.00258    0.00263   -0.00183
  452    0.00292    0.00209   -0.00082
  453    0.00694    0.00897   -0.00247
  454    0.00770    0.01069   -0.00285
  455    0.00813    0.01323   -0.00123
  456    0.00881    0.01604   -0.00173
  457    0.00848    0.01214   -0.00393
  458    0.00853    0.01242   -0.00544
  459    0.00642    0.01007   -0.00612
  460    0.00483    0.00761   -0.00530
  461    0.00605    0.01069   -0.00694
  462    0.00804    0.01437   -0.00069
  463    0.00771    0.01712    0.00140
  464    0.00635    0.01600    0.00358
  465    0.00561    0.01922    0.00533
  466    0.00731    0.01705    0.00199
  467    0.00800    0.02094    0.00104
  468    0.00931    0.02431   -0.00047
  469    0.00821    0.01886    0.00066
  470    0.00586    0.01227    0.00370
  471    0.00485    0.01092    0.00631
  472    0.00506    0.01091    0.00625
  473    0.00433    0.01232    0.00910
  474    0.00501    0.00849    0.00497
  475    0.00485    0.00672    0.00563
  476    0.00406    0.00689    0.00782
  477    0.00456    0.00448    0.00454
  478    0.00395    0.00537    0.00832
  479    0.00390    0.00259    0.00492
  480    0.00396    0.00299    0.00675
  481    0.00598    0.00978    0.00293
  482    0.00608    0.00976    0.00177
  483    0.00623    0.01417    0.00228
  484    0.00544    0.01462    0.00374
  485    0.00603    0.00815   -0.00097
  486    0.00474    0.00477   -0.00103
  487    0.00362    0.00259    0.00002
  488    0.00241    0.00086   -0.00053
  489    0.00170   -0.00068    0.00027
  490    0.00220   -0.00081    0.00144
  491    0.00079   -0.00159   -0.00028
  492    0.00687    0.01849    0.00107
  493    0.00702    0.02453    0.00079
  494    0.00538    0.02714    0.00469
  495    0.00502    0.03026    0.00510
  496    0.00717    0.02978   -0.00155
  497    0.00945    0.02928   -0.00501
  498    0.00882    0.03798   -0.00866
  499    0.01128    0.03552   -0.01127
  500    0.01075    0.05244   -0.02226
  501    0.00402    0.02562    0.00830
  502    0.00234    0.02790    0.01378
  503    0.00188    0.02353    0.01599
  504    0.00059    0.02591    0.01967
  505    0.00092    0.02820    0.01790
  506    0.00027    0.03395    0.01786
  507   -0.00336    0.04441    0.02378
  508   -0.00827    0.05847    0.02796
  509   -0.01155    0.07650    0.05062
  510    0.00264    0.01778    0.01400
  511    0.00322    0.01326    0.01456
  512    0.00303    0.01425    0.01223
  513    0.00246    0.01313    0.01487
  514    0.00312    0.00842    0.01120
  515    0.00259    0.00461    0.01126
  516    0.00279    0.00126    0.00797
  517    0.00337    0.00234    0.00529
  518    0.00275   -0.00074    0.00783
  519    0.00452    0.01552    0.00814
  520    0.00494    0.01627    0.00623
  521    0.00363    0.02177    0.00887
  522    0.00303    0.01992    0.00880
  523    0.00533    0.01898    0.00319
  524    0.00590    0.01486   -0.00002
  525    0.00517    0.02133    0.00248
  526    0.00610    0.01702   -0.00303
  527    0.00259    0.02807    0.01174
  528   -0.00045    0.03640    0.01425
  529   -0.00287    0.03427    0.02038
  530   -0.00507    0.03907    0.02265
  531   -0.00199    0.04346    0.01573
  532   -0.00196    0.05130    0.00974
  533    0.00254    0.04581    0.00595
  534    0.00443    0.03850    0.00354
  535    0.00134    0.05229    0.00346
  536   -0.00245    0.02819    0.02289
  537   -0.00453    0.02567    0.02922
  538   -0.00301    0.02087    0.02860
  539   -0.00492    0.02154    0.03434
  540   -0.00382    0.02130    0.03202
  541   -0.00736    0.02262    0.04304
  542   -0.01106    0.02071    0.05502
  543   -0.00833    0.01426    0.05084
  544   -0.01469    0.02786    0.06454
  545    0.00057    0.01606    0.02099
  546    0.00302    0.01083    0.01822
  547    0.00258    0.01304    0.01708
  548    0.00479    0.00897    0.01579
  549    0.00491    0.00516    0.01244
  550    0.00493    0.00098    0.01297
  551    0.00297    0.00345    0.01631
  552    0.00507   -0.00073    0.00802
  553    0.00066    0.02011    0.01578
  554   -0.00058    0.02478    0.01379
  555    0.00101    0.01700    0.00925
  556    0.00198    0.01238    0.00553
  557   -0.00373    0.03102    0.02083
  558   -0.00694    0.03731    0.02750
  559   -0.01207    0.04776    0.04181
  560   -0.01496    0.04747    0.05194
  561   -0.01525    0.05319    0.04900
  562    0.00123    0.01469    0.01015
  563    0.00257    0.00729    0.00699
  564    0.00653    0.00013    0.00930
  565    0.00791   -0.00101    0.01050
  566    0.00722   -0.00116    0.00981
  567    0.00857   -0.00334    0.01140
  568    0.00802   -0.00672    0.00831
  569    0.00640   -0.00705    0.00560
  570    0.00846   -0.00317    0.01192
  571    0.00747   -0.00347    0.00915
  572    0.00700   -0.00475    0.00824
  573    0.00581   -0.00491    0.00558
  574    0.00710   -0.00397    0.00995
  575    0.00856   -0.00712    0.00886
  576    0.00726   -0.00856    0.00724
  577    0.00554   -0.00905    0.00574
  578    0.00553   -0.00857    0.00592
  579    0.00782   -0.00928    0.00847
  580    0.00664   -0.01034    0.00753
  581    0.00606   -0.01108    0.00686
  582    0.00637   -0.01118    0.00670
  583    0.00499   -0.01103    0.00604
  584    0.00439   -0.00942    0.00388
  585    0.00323   -0.00912    0.00257
  586    0.00319   -0.00979    0.00280
  587    0.00314   -0.01054    0.00276
  588    0.00247   -0.00896    0.00115
  589    0.00154   -0.00904   -0.00017
  590    0.00315   -0.00765    0.00139
  591    0.00269   -0.00971    0.00312
  592    0.00219   -0.01024    0.00287
  593    0.00141   -0.01061    0.00183
  594    0.00085   -0.00984    0.00048
  595    0.00170   -0.01024    0.00298
  596    0.00143   -0.01128    0.00341
  597    0.00141   -0.01157    0.00183
  598    0.00084   -0.01155    0.00062
  599   -0.00022   -0.01131    0.00032
  600   -0.00094   -0.01090   -0.00359
  601    0.00130   -0.01238    0.00187
  602    0.00200   -0.01390    0.00266
  603    0.00211   -0.01259    0.00306
  604   -0.00039   -0.01191    0.00104
  605   -0.00032   -0.01120   -0.00066
  606   -0.00066   -0.00953   -0.00216
  607   -0.00129   -0.00856   -0.00399
  608   -0.00084   -0.01197    0.00043
  609   -0.00255   -0.01488    0.00167
  610   -0.00261   -0.01599    0.00253
  611   -0.00011   -0.01383   -0.00009
  612    0.00194   -0.01279   -0.00038
  613   -0.00067   -0.00935   -0.00180
  614   -0.00118   -0.00811   -0.00275
  615   -0.00179   -0.00820   -0.00524
  616   -0.00147   -0.00871   -0.00650
  617   -0.00054   -0.00809   -0.00193
  618   -0.00088   -0.00718   -0.00249
  619    0.00011   -0.00821   -0.00032
  620   -0.00192   -0.00767   -0.00601
  621   -0.00244   -0.00672   -0.00778
  622   -0.00244   -0.00695   -0.00638
  623   -0.00240   -0.00638   -0.00529
  624   -0.00234   -0.00581   -0.00752
  625   -0.00190   -0.00537   -0.00782
  626   -0.00238   -0.00496   -0.00645
  627   -0.00108   -0.00474   -0.00948
  628   -0.00251   -0.00479   -0.00591
  629   -0.00133   -0.00427   -0.00903
  630   -0.00200   -0.00429   -0.00705
  631   -0.00238   -0.00449   -0.00625
  632   -0.00281   -0.00733   -0.00687
  633   -0.00349   -0.00755   -0.00608
  634   -0.00483   -0.00754   -0.00686
  635   -0.00551   -0.00811   -0.00810
  636   -0.00304   -0.00753   -0.00609
  637   -0.00367   -0.00684   -0.00565
  638   -0.00360   -0.00625   -0.00473
  639   -0.00457   -0.00719   -0.00615
  640   -0.00379   -0.00570   -0.00447
  641   -0.00476   -0.00628   -0.00570
  642   -0.00429   -0.00550   -0.00505
  643   -0.00533   -0.00706   -0.00582
  644   -0.00667   -0.00722   -0.00557
  645   -0.00739   -0.00701   -0.00503
  646   -0.00676   -0.00640   -0.00445
  647   -0.00621   -0.00674   -0.00468
  648   -0.00717   -0.00722   -0.00426
  649   -0.00639   -0.00637   -0.00228
  650   -0.00458   -0.00532   -0.00201
  651   -0.00884   -0.00770   -0.00520
  652   -0.00962   -0.00733   -0.00496
  653   -0.00997   -0.00763   -0.00348
  654   -0.00979   -0.00803   -0.00243
  655   -0.01145   -0.00833   -0.00556
  656   -0.01167   -0.00759   -0.00554
  657   -0.01129   -0.00761   -0.00644
  658   -0.00877   -0.00559   -0.00590
  659   -0.00882   -0.00359   -0.00539
  660   -0.00971   -0.00708   -0.00281
  661   -0.00987   -0.00730   -0.00135
  662   -0.01129   -0.00826   -0.00035
  663   -0.01205   -0.00852   -0.00048
  664   -0.00903   -0.00654   -0.00106
  665   -0.00957   -0.00684    0.00018
  666   -0.00885   -0.00654    0.00006
  667   -0.00752   -0.00620   -0.00056
  668   -0.00913   -0.00716    0.00095
  669   -0.01158   -0.00909    0.00084
  670   -0.01297   -0.01031    0.00211
  671   -0.01244   -0.01127    0.00432
  672   -0.01342   -0.01264    0.00515
  673   -0.01440   -0.01153    0.00200
  674   -0.01348   -0.01121    0.00227
  675   -0.01523   -0.01183   -0.00053
  676   -0.01123   -0.01016    0.00475
  677   -0.01085   -0.01082    0.00675
  678   -0.01076   -0.01056    0.00637
  679   -0.00997   -0.00888    0.00491
  680   -0.00932   -0.00956    0.00706
  681   -0.00988   -0.00961    0.00777
  682   -0.00852   -0.00928    0.00882
  683   -0.00869   -0.00871    0.00862
  684   -0.01139   -0.01156    0.00777
  685   -0.01105   -0.01199    0.00741
  686   -0.01008   -0.01025    0.00740
  687   -0.00843   -0.01074    0.00930
  688   -0.01056   -0.00913    0.00626
  689   -0.00932   -0.00787    0.00611
  690   -0.00758   -0.00784    0.00649
  691   -0.00573   -0.00828    0.00793
  692   -0.00915   -0.00932    0.00838
  693   -0.01054   -0.00897    0.00922
  694   -0.01218   -0.00812    0.00886
  695   -0.01029   -0.00836    0.01153
  696   -0.00755   -0.00739    0.00514
  697   -0.00614   -0.00704    0.00548
  698   -0.00578   -0.00587    0.00349
  699   -0.00487   -0.00532    0.00347
  700   -0.00655   -0.00730    0.00572
  701   -0.00791   -0.00704    0.00368
  702   -0.00654   -0.00596    0.00219
  703   -0.00580   -0.00553    0.00107
  704   -0.00466   -0.00491    0.00116
  705   -0.00417   -0.00457    0.00026
  706   -0.00573   -0.00535    0.00006
  707   -0.00647   -0.00580   -0.00016
  708   -0.00471   -0.00479    0.00206
  709   -0.00379   -0.00438    0.00204
  710   -0.00300   -0.00384    0.00246
  711   -0.00271   -0.00356    0.00190
  712   -0.00267   -0.00403    0.00355
  713   -0.00188   -0.00352    0.00378
  714   -0.00255   -0.00361    0.00225
  715   -0.00200   -0.00315    0.00191
  716   -0.00140   -0.00326    0.00544
  717    0.00018   -0.00290    0.00687
  718   -0.00092   -0.00273    0.00537
  719   -0.00364   -0.00421    0.00155
  720   -0.00406   -0.00426    0.00016
  721   -0.00348   -0.00399   -0.00047
  722   -0.00313   -0.00412   -0.00097
  723   -0.00513   -0.00474   -0.00020
  724   -0.00611   -0.00520    0.00044
  725   -0.00643   -0.00560   -0.00020
  726   -0.00662   -0.00575   -0.00184
  727   -0.00335   -0.00388   -0.00042
  728   -0.00282   -0.00384   -0.00080
  729   -0.00228   -0.00333   -0.00043
  730   -0.00209   -0.00315   -0.00088
  731   -0.00185   -0.00285    0.00042
  732   -0.00095   -0.00203    0.00068
  733   -0.00077   -0.00188    0.00028
  734   -0.00037   -0.00127   -0.00019
  735   -0.00026   -0.00164    0.00209
  736    0.00001   -0.00157    0.00238
  737   -0.00105   -0.00253    0.00200
  738    0.00139   -0.00078    0.00427
  739   -0.00108   -0.00227    0.00040
  740   -0.00097   -0.00228   -0.00018
  741   -0.00117   -0.00266   -0.00131
  742   -0.00071   -0.00209   -0.00184
  743   -0.00153   -0.00290    0.00004
  744   -0.00093   -0.00232    0.00171
  745   -0.00144   -0.00288   -0.00117
  746   -0.00150   -0.00293    0.00223
  747   -0.00182   -0.00340   -0.00172
  748   -0.00188   -0.00359   -0.00254
  749   -0.00146   -0.00301   -0.00243
  750   -0.00150   -0.00309   -0.00296
  751   -0.00229   -0.00424   -0.00252
  752   -0.00296   -0.00488   -0.00286
  753   -0.00351   -0.00510   -0.00262
  754   -0.00324   -0.00542   -0.00350
  755   -0.00419   -0.00544   -0.00316
  756   -0.00408   -0.00572   -0.00366
  757   -0.00145   -0.00256   -0.00166
  758   -0.00140   -0.00204   -0.00173
  759   -0.00079   -0.00111   -0.00190
  760   -0.00100   -0.00062   -0.00231
  761   -0.00137   -0.00182   -0.00122
  762   -0.00008   -0.00041   -0.00170
  763    0.00075    0.00097   -0.00157
  764    0.00095    0.00117   -0.00252
  765    0.00156    0.00229   -0.00316
  766    0.00179    0.00192   -0.00076
  767    0.00294    0.00397   -0.00074
  768    0.00196    0.00215    0.00034
  769    0.00032    0.00011   -0.00298
  770    0.00016   -0.00024   -0.00388
  771   -0.00042   -0.00130   -0.00384
  772    0.00029   -0.00136   -0.00469
  773   -0.00035   -0.00231   -0.00430
  774   -0.00132   -0.00171   -0.00370
  775   -0.00166   -0.00209   -0.00421
  776   -0.00182   -0.00081   -0.00398
  777   -0.00220   -0.00118   -0.00437
  778   -0.00185   -0.00327   -0.00402
  779   -0.00169   -0.00485   -0.00489
  780   -0.00192   -0.00595   -0.00516
  781   -0.00158   -0.00492   -0.00432
  782   -0.00104    0.00039   -0.00370
  783   -0.00150    0.00168   -0.00308
  784    0.00005    0.00490   -0.00348
  785    0.00068    0.00568   -0.00303
  786   -0.00165    0.00121   -0.00293
  787   -0.00252    0.00012   -0.00325
  788   -0.00293    0.00065   -0.00355
  789   -0.00265   -0.00065   -0.00286
  790    0.00094    0.00564   -0.00415
  791    0.00304    0.00816   -0.00496
  792    0.00213    0.00966   -0.00513
  793    0.00363    0.01113   -0.00473
  794    0.00361    0.00815   -0.00548
  795    0.00366    0.00630   -0.00505
  796    0.00449    0.00599   -0.00592
  797    0.00592    0.00773   -0.00718
  798    0.00390    0.00378   -0.00700
  799    0.00067    0.00941   -0.00588
  800    0.00032    0.00990   -0.00605
  801    0.00024    0.00982   -0.00509
  802   -0.00014    0.01130   -0.00448
  803   -0.00042    0.00790   -0.00544
  804   -0.00148    0.00599   -0.00435
  805   -0.00157    0.00599   -0.00374
  806   -0.00147    0.00436   -0.00385
  807    0.00042    0.00840   -0.00450
  808   -0.00032    0.00907   -0.00322
  809    0.00050    0.01053   -0.00264
  810    0.00083    0.01174   -0.00177
  811   -0.00164    0.00702   -0.00316
  812   -0.00262    0.00620   -0.00299
  813   -0.00283    0.00448   -0.00325
  814   -0.00335    0.00379   -0.00282
  815   -0.00352    0.00244   -0.00269
  816    0.00138    0.00975   -0.00272
  817    0.00215    0.00974   -0.00133
  818    0.00383    0.01149   -0.00126
  819    0.00474    0.01191   -0.00175
  820    0.00212    0.00793   -0.00124
  821    0.00138    0.00660   -0.00076
  822    0.00018    0.00588   -0.00166
  823    0.00152    0.00523   -0.00021
  824    0.00484    0.01244    0.00003
  825    0.00727    0.01477    0.00029
  826    0.00828    0.01409    0.00095
  827    0.00767    0.01238    0.00136
  828    0.01049    0.01684    0.00019
  829    0.01165    0.01648    0.00104
  830    0.01475    0.01911    0.00258
  831    0.01617    0.02220    0.00171
  832    0.01117    0.01575    0.00046
  833    0.00938    0.01281   -0.00016
  834    0.00844    0.01049    0.00091
  835    0.00875    0.01309   -0.00216
  836    0.00703    0.00813    0.00026
  837    0.00756    0.01058   -0.00246
  838    0.00675    0.00849   -0.00164
  839    0.01548    0.01758    0.00493
  840    0.01863    0.01949    0.00702
  841    0.02011    0.02114    0.00716
  842    0.01815    0.02005    0.00533
  843    0.01951    0.01766    0.00911
  844    0.01906    0.01571    0.01095
  845    0.02007    0.01502    0.01341
  846    0.02209    0.01593    0.01403
  847    0.01841    0.01393    0.01468
  848    0.02418    0.02426    0.00884
  849    0.02594    0.02650    0.00926
  850    0.02563    0.02410    0.01203
  851    0.02704    0.02423    0.01544
  852    0.03248    0.03399    0.01065
  853    0.03568    0.03886    0.00564
  854    0.04334    0.05220    0.00379
  855    0.03147    0.03517    0.00537
  856    0.02201    0.02151    0.01045
  857    0.02056    0.01896    0.01268
  858    0.01761    0.01538    0.01267
  859    0.01687    0.01366    0.01462
  860    0.01590    0.01450    0.00959
  861    0.01354    0.01203    0.00909
  862    0.01187    0.00979    0.00873
  863    0.01111    0.00988    0.00677
  864    0.01268    0.01237    0.00650
  865    0.01079    0.01013    0.00595
  866    0.01106    0.00807    0.01038
  867    0.00942    0.00618    0.01039
  868    0.00778    0.00506    0.00782
  869    0.00646    0.00415    0.00683
  870    0.00899    0.00481    0.01208
  871    0.00716    0.00329    0.01160
  872    0.01058    0.00618    0.01411
  873    0.00774    0.00516    0.00699
  874    0.00629    0.00424    0.00466
  875    0.00659    0.00515    0.00246
  876    0.00547    0.00413    0.00067
  877    0.00586    0.00402    0.00453
  878    0.00423    0.00271    0.00246
  879    0.00268    0.00108    0.00255
  880    0.00404    0.00261    0.00225
  881    0.00799    0.00742    0.00235
  882    0.00848    0.00888   -0.00013
  883    0.00783    0.00831   -0.00114
  884    0.00735    0.00763   -0.00364
  885    0.01018    0.01215    0.00031
  886    0.01069    0.01425   -0.00241
  887    0.01313    0.01814   -0.00261
  888    0.01469    0.02066   -0.00169
  889    0.01789    0.02520   -0.00223
  890    0.00800    0.00794    0.00079
  891    0.00723    0.00706    0.00023
  892    0.00512    0.00418   -0.00070
  893    0.00413    0.00279   -0.00287
  894    0.00791    0.00686    0.00288
  895    0.00776    0.00658    0.00260
  896    0.00981    0.00947    0.00192
  897    0.01076    0.01131    0.00008
  898    0.01119    0.01063    0.00370
  899    0.00433    0.00323    0.00051
  900    0.00240    0.00086   -0.00080
  901    0.00210    0.00069   -0.00352
  902    0.00087   -0.00083   -0.00516
  903    0.00210    0.00029    0.00083
  904    0.00022   -0.00172    0.00014
  905   -0.00090   -0.00255    0.00062
  906   -0.00036   -0.00218   -0.00112
  907   -0.00258   -0.00399    0.00019
  908   -0.00218   -0.00356   -0.00148
  909   -0.00337   -0.00439   -0.00087
  910    0.00333    0.00220   -0.00348
  911    0.00325    0.00239   -0.00567
  912    0.00381    0.00329   -0.00776
  913    0.00407    0.00329   -0.01008
  914    0.00440    0.00350   -0.00561
  915    0.00381    0.00254   -0.00355
  916    0.00395    0.00340   -0.00271
  917    0.00187    0.00013   -0.00366
  918    0.00436    0.00362   -0.00737
  919    0.00486    0.00442   -0.00960
  920    0.00342    0.00183   -0.01017
  921    0.00367    0.00106   -0.01278
  922    0.00666    0.00665   -0.00830
  923    0.00753    0.00661   -0.01018
  924    0.00206    0.00038   -0.00818
  925    0.00032   -0.00200   -0.00857
  926   -0.00139   -0.00406   -0.01037
  927   -0.00269   -0.00572   -0.01172
  928   -0.00049   -0.00209   -0.00574
  929    0.00105   -0.00033   -0.00396
  930    0.00159    0.00001   -0.00050
  931    0.00113   -0.00057    0.00030
  932    0.00208    0.00060    0.00143
  933   -0.00126   -0.00397   -0.01015
  934   -0.00263   -0.00559   -0.01111
  935   -0.00175   -0.00545   -0.01328
  936   -0.00255   -0.00669   -0.01372
  937   -0.00329   -0.00582   -0.00881
  938   -0.00165   -0.00421   -0.00772
  939   -0.00391   -0.00588   -0.00686
  940   -0.00025   -0.00373   -0.01447
  941    0.00145   -0.00439   -0.01644
  942    0.00088   -0.00670   -0.01936
  943    0.00073   -0.00746   -0.01939
  944    0.00326   -0.00174   -0.01813
  945    0.00465   -0.00295   -0.01830
  946    0.00517    0.00224   -0.02007
  947    0.00692    0.00268   -0.02296
  948    0.00544    0.00395   -0.01921
  949   -0.00033   -0.00755   -0.02077
  950   -0.00113   -0.00973   -0.02311
  951   -0.00404   -0.01038   -0.02184
  952   -0.00524   -0.01153   -0.02375
  953   -0.00034   -0.01155   -0.02664
  954   -0.00226   -0.01212   -0.02666
  955   -0.00181   -0.01560   -0.03306
  956   -0.00486   -0.01739   -0.03587
  957   -0.00853   -0.01902   -0.03799
  958   -0.00511   -0.00969   -0.01872
  959   -0.00717   -0.01113   -0.01782
  960   -0.00812   -0.01063   -0.01717
  961   -0.00681   -0.00958   -0.01687
  962   -0.00765   -0.01059   -0.01517
  963   -0.00776   -0.01083   -0.01520
  964   -0.00808   -0.01006   -0.01188
  965   -0.00780   -0.01009   -0.01191
  966   -0.00956   -0.01246   -0.01748
  967   -0.00987   -0.01268   -0.01660
  968   -0.00977   -0.01180   -0.01356
  969   -0.00986   -0.01132   -0.01248
  970   -0.01175   -0.01473   -0.01802
  971   -0.01305   -0.01484   -0.01685
  972   -0.00979   -0.01137   -0.01232
  973   -0.00963   -0.01063   -0.01017
  974   -0.01105   -0.01107   -0.00945
  975   -0.01099   -0.01038   -0.00772
  976   -0.00884   -0.01006   -0.00940
  977   -0.00764   -0.01045   -0.01015
  978   -0.00872   -0.01151   -0.01235
  979   -0.01284   -0.01227   -0.01070
  980   -0.01435   -0.01293   -0.00972
  981   -0.01450   -0.01281   -0.00938
  982   -0.01486   -0.01264   -0.00765
  983   -0.01701   -0.01459   -0.01135
  984   -0.01787   -0.01441   -0.01119
  985   -0.01585   -0.01389   -0.01191
  986   -0.01437   -0.01151   -0.01038
  987   -0.01465   -0.01455   -0.01349
  988   -0.01390   -0.01302   -0.01105
  989   -0.01323   -0.01254   -0.01087
  990   -0.01144   -0.01102   -0.00902
  991   -0.01096   -0.01064   -0.00762
  992   -0.01279   -0.01310   -0.01307
  993   -0.01486   -0.01467   -0.01478
  994   -0.01701   -0.01530   -0.01450
  995   -0.01512   -0.01552   -0.01717
  996   -0.01042   -0.01033   -0.00895
  997   -0.00876   -0.00905   -0.00740
  998   -0.00935   -0.00887   -0.00510
  999   -0.00844   -0.00804   -0.00360
 1000   -0.00752   -0.00844   -0.00797
 1001   -0.00629   -0.00812   -0.00963
 1002   -0.00518   -0.00785   -0.01037
 1003   -0.00409   -0.00752   -0.01255
 1004   -0.00371   -0.00716   -0.01304
 1005   -0.00391   -0.00751   -0.01142
 1006   -0.00291   -0.00730   -0.01519
 1007   -0.01062   -0.00954   -0.00490
 1008   -0.01123   -0.00976   -0.00288
 1009   -0.01192   -0.01029   -0.00171
 1010   -0.01141   -0.00995    0.00023
 1011   -0.01257   -0.01030   -0.00308
 1012   -0.01301   -0.01130   -0.00324
 1013   -0.01336   -0.01193   -0.00245
 1014   -0.01171   -0.01087   -0.00182
 1015   -0.01149   -0.01076    0.00005
 1016   -0.01506   -0.01289   -0.00489
 1017   -0.01737   -0.01404   -0.00553
 1018   -0.01861   -0.01513   -0.00797
 1019   -0.02153   -0.01617   -0.00896
 1020   -0.02137   -0.01578   -0.00954
 1021   -0.00999   -0.00983   -0.00280
 1022   -0.00792   -0.00844   -0.00183
 1023   -0.00690   -0.00757    0.00042
 1024   -0.00542   -0.00684    0.00199
 1025   -0.00665   -0.00765   -0.00319
 1026   -0.00732   -0.00852   -0.00583
 1027   -0.00745   -0.00752    0.00049
 1028   -0.00656   -0.00671    0.00222
 1029   -0.00738   -0.00765    0.00441
 1030   -0.00577   -0.00714    0.00625
 1031   -0.00690   -0.00672    0.00153
 1032   -0.00597   -0.00615    0.00295
 1033   -0.00401   -0.00477    0.00362
 1034   -0.00652   -0.00679    0.00383
 1035   -0.00314   -0.00438    0.00508
 1036   -0.00574   -0.00628    0.00498
 1037   -0.00417   -0.00529    0.00542
 1038   -0.00937   -0.00898    0.00427
 1039   -0.01045   -0.01013    0.00642
 1040   -0.00945   -0.00985    0.00762
 1041   -0.00934   -0.01045    0.01016
 1042   -0.01246   -0.01159    0.00556
 1043   -0.01336   -0.01194    0.00544
 1044   -0.01522   -0.01361    0.00521
 1045   -0.01634   -0.01429    0.00380
 1046   -0.01601   -0.01471    0.00666
 1047   -0.00794   -0.00885    0.00614
 1048   -0.00680   -0.00820    0.00700
 1049   -0.00392   -0.00627    0.00829
 1050   -0.00206   -0.00518    0.00970
 1051   -0.00673   -0.00799    0.00489
 1052   -0.00968   -0.00992    0.00355
 1053   -0.01037   -0.01038    0.00045
 1054   -0.01394   -0.01257   -0.00130
 1055   -0.01541   -0.01385   -0.00671
 1056   -0.00300   -0.00577    0.00837
 1057   -0.00041   -0.00388    0.00973
 1058    0.00030   -0.00400    0.01246
 1059    0.00033   -0.00432    0.01232
 1060   -0.00017   -0.00299    0.00796
 1061    0.00208   -0.00112    0.00845
 1062    0.00337   -0.00044    0.01057
 1063    0.00206   -0.00030    0.00671
 1064    0.00129   -0.00381    0.01487
 1065    0.00247   -0.00422    0.01781
 1066    0.00411   -0.00261    0.01833
 1067    0.00426   -0.00296    0.01910
 1068    0.00405   -0.00420    0.02129
 1069    0.00257   -0.00563    0.02152
 1070    0.00130   -0.00881    0.02398
 1071   -0.00073   -0.00912    0.02173
 1072    0.00262   -0.01074    0.02932
 1073    0.00516   -0.00048    0.01678
 1074    0.00642    0.00085    0.01690
 1075    0.00623    0.00074    0.01541
 1076    0.00682    0.00100    0.01640
 1077    0.00750    0.00248    0.01579
 1078    0.00453   -0.00014    0.01349
 1079    0.00409   -0.00037    0.01238
 1080    0.00378   -0.00121    0.01327
 1081    0.00434   -0.00070    0.01342
 1082    0.00282   -0.00079    0.01015
 1083    0.00363    0.00032    0.00905
 1084    0.00197   -0.00093    0.00889
 1085    0.00238   -0.00015    0.00661
 1086    0.00253   -0.00268    0.01380
 1087    0.00163   -0.00384    0.01418
 1088    0.00321   -0.00404    0.01563
 1089    0.00337   -0.00447    0.01554
 1090   -0.00009   -0.00604    0.01403
 1091   -0.00198   -0.00650    0.01193
 1092   -0.00349   -0.00817    0.01230
 1093   -0.00421   -0.00912    0.01405
 1094   -0.00526   -0.00828    0.01101
 1095    0.00425   -0.00304    0.01750
 1096    0.00557   -0.00293    0.01929
 1097    0.00685   -0.00181    0.01909
 1098    0.00873   -0.00215    0.02029
 1099    0.00651   -0.00223    0.02184
 1100    0.00686   -0.00040    0.01744
 1101    0.00750    0.00063    0.01678
 1102    0.00684   -0.00050    0.01602
 1103    0.00767   -0.00115    0.01639
 1104    0.00756    0.00201    0.01521
 1105    0.00535   -0.00132    0.01479
 1106    0.00452   -0.00236    0.01358
 1107    0.00533   -0.00336    0.01511
 1108    0.00539   -0.00453    0.01474
 1109    0.00235   -0.00337    0.01174
 1110    0.00117   -0.00481    0.01078
 1111   -0.00009   -0.00477    0.00897
 1112    0.00043   -0.00602    0.01150
 1113   -0.00120   -0.00615    0.00876
 1114   -0.00078   -0.00714    0.01055
 1115    0.00588   -0.00402    0.01639
 1116    0.00698   -0.00576    0.01752
 1117    0.00903   -0.00586    0.01963
 1118    0.00975   -0.00779    0.02039
 1119    0.00684   -0.00661    0.01841
 1120    0.00450   -0.00722    0.01777
 1121    0.00390   -0.00860    0.01894
 1122    0.00247   -0.00647    0.01578
 1123    0.00990   -0.00426    0.02035
 1124    0.01178   -0.00412    0.02249
 1125    0.01080   -0.00455    0.02146
 1126    0.01156   -0.00543    0.02286
 1127    0.01258   -0.00172    0.02299
 1128    0.00909   -0.00356    0.01875
 1129    0.00776   -0.00375    0.01685
 1130    0.00707   -0.00619    0.01625
 1131    0.00690   -0.00772    0.01646
 1132    0.00657   -0.00277    0.01486
 1133    0.00535   -0.00346    0.01304
 1134    0.00769   -0.00150    0.01582
 1135    0.00650   -0.00684    0.01554
 1136    0.00606   -0.00955    0.01484
 1137    0.00928   -0.01232    0.01710
 1138    0.00969   -0.01431    0.01728
 1139    0.00519   -0.00985    0.01433
 1140    0.01068   -0.01232    0.01870
 1141    0.01495   -0.01692    0.02332
 1142    0.01281   -0.01660    0.02280
 1143    0.01418   -0.02077    0.02405
 1144    0.01851   -0.01841    0.02773
 1145    0.02197   -0.02336    0.03342
 1146    0.02074   -0.01841    0.03417
 1147    0.02300   -0.01723    0.03668
 1148    0.02175   -0.01629    0.03394
 1149    0.01084   -0.01219    0.02124
 1150    0.00813   -0.01152    0.01779
 1151    0.00588   -0.01328    0.01327
 1152    0.00381   -0.01254    0.00995
 1153    0.00875   -0.00759    0.01911
 1154    0.01044   -0.00573    0.02139
 1155    0.00881   -0.00612    0.01871
 1156    0.00693   -0.00577    0.01582
 1157    0.00969   -0.00578    0.02019
 1158    0.00707   -0.01580    0.01415
 1159    0.00520   -0.01824    0.01025
 1160    0.00626   -0.02497    0.00374
 1161    0.00340   -0.02988   -0.00415
 1162    0.00957   -0.02789    0.00495
 1163    0.01574   -0.03810   -0.00919
 1164    0.02695   -0.03558   -0.01220
 1165    0.02393   -0.03182    0.00297
 1166    0.01361   -0.04211   -0.01582
 1167    0.01007   -0.03209   -0.00645
 1168    0.00492   -0.02371    0.00378
 1169    0.00043   -0.02523    0.00348
 1170    0.00878   -0.01921    0.00913
 1171    0.04309   -0.04662   -0.03751
 1172    0.08187   -0.05210   -0.06567
 1173    0.11408   -0.07420   -0.08619
 1174    0.13135   -0.09401   -0.10128
 1175    0.08747   -0.06383   -0.07633
 1176    0.03009   -0.04369    0.00363
 1177    0.08409   -0.06210   -0.06065
 1178    0.06439   -0.06808   -0.04498
 1179    0.07444   -0.05627   -0.05228
 1180    0.08817   -0.03721   -0.06887
 1181    0.03875   -0.06071   -0.02510
 1182    0.02395   -0.07068   -0.01965
 1183    0.01009   -0.06019   -0.01077
 1184    0.00017   -0.06423   -0.01410
 1185   -0.00088   -0.05317   -0.01039
 1186    0.00242   -0.04131   -0.00746
 1187    0.00137   -0.04650   -0.01427
 1188    0.04322   -0.04633   -0.02954
 1189    0.01552   -0.01121   -0.02885
 1190   -0.01285    0.01921   -0.01313
 1191   -0.04211    0.06331    0.00496
 1192   -0.01272    0.01640   -0.01493
 1193   -0.01581    0.02307    0.03052
 1194   -0.07642    0.07888   -0.03394
 1195    0.00785   -0.00052   -0.00942
 1196   -0.00576    0.01708   -0.00008
 1197   -0.02375    0.03371   -0.01295
 1198   -0.02370    0.04360    0.00198
 1199    0.00192    0.00376    0.00006
 1200    0.00626   -0.00978   -0.01548
 1201    0.00370   -0.00802   -0.02685
 1202    0.01719   -0.02203   -0.01830
 1203   -0.02491    0.02864   -0.03662
 1204   -0.03731    0.03563   -0.05172
 1205   -0.02609    0.02840   -0.03701
 1206   -0.01558    0.01295   -0.03957
 1207   -0.07401    0.08234   -0.04868
 1208   -0.10636    0.10100   -0.08409
 1209   -0.37120    0.26516   -0.24931
 1210   -0.08622    0.08130   -0.06880
 1211   -0.03417    0.04862   -0.02671
 1212   -0.03068    0.04672   -0.02383
 1213   -0.01959    0.03330   -0.01438
 1214   -0.01494    0.02335   -0.01250
 1215   -0.03904    0.07691   -0.02216
 1216   -0.03505    0.09442   -0.00085
 1217   -0.02282    0.07272   -0.00134
 1218   -0.02855    0.06520    0.00981
 1219   -0.01972    0.04812    0.00125
 1220   -0.01690    0.03307   -0.00871
 1221   -0.01054    0.02410   -0.00129
 1222   -0.00689    0.01170   -0.00492
 1223   -0.00568    0.00752   -0.00451
 1224   -0.00842    0.02260    0.00770
 1225   -0.01154    0.02881    0.00982
 1226   -0.00847    0.02008    0.00939
 1227   -0.00603    0.00877   -0.00638
 1228   -0.00600    0.00326   -0.00686
 1229   -0.00358    0.00344   -0.00467
 1230   -0.00175    0.00588   -0.00420
 1231   -0.01016    0.00087   -0.00440
 1232   -0.01764   -0.00077   -0.00500
 1233   -0.02585   -0.00225   -0.00494
 1234   -0.02112   -0.00645   -0.00207
 1235   -0.00374    0.00060   -0.00380
 1236   -0.00298    0.00073   -0.00374
 1237   -0.00350   -0.00203   -0.00291
 1238   -0.00518   -0.00345   -0.00202
 1239   -0.00262    0.00010   -0.00300
 1240   -0.00249    0.00420   -0.00425
 1241   -0.00120    0.00645   -0.00429
 1242   -0.00310    0.00423   -0.00145
 1243   -0.00123    0.00905   -0.00389
 1244   -0.00360    0.00732    0.00025
 1245   -0.00247    0.00928   -0.00027
 1246   -0.00285   -0.00118   -0.00353
 1247   -0.00303   -0.00221   -0.00320
 1248   -0.00262   -0.00268   -0.00253
 1249   -0.00182   -0.00233   -0.00270
 1250   -0.00259   -0.00169   -0.00324
 1251   -0.00269   -0.00232   -0.00275
 1252   -0.00365   -0.00399   -0.00248
 1253   -0.00198   -0.00229   -0.00236
 1254   -0.00376   -0.00424   -0.00225
 1255   -0.00276   -0.00314   -0.00227
 1256   -0.00346   -0.00412   -0.00203
 1257   -0.00309   -0.00419   -0.00177
 1258   -0.00268   -0.00397   -0.00187
 1259   -0.00293   -0.00414   -0.00185
 1260   -0.00382   -0.00449   -0.00119
 1261   -0.00406   -0.00492   -0.00138
 1262   -0.00456   -0.00503   -0.00095
 1263   -0.00354   -0.00501   -0.00140
 1264   -0.00446   -0.00538   -0.00077
 1265   -0.00359   -0.00511   -0.00107
 1266   -0.00387   -0.00553   -0.00082
 1267   -0.00212   -0.00384   -0.00197
 1268   -0.00193   -0.00406   -0.00171
 1269   -0.00180   -0.00417   -0.00181
 1270   -0.00159   -0.00400   -0.00194
 1271   -0.00125   -0.00372   -0.00160
 1272   -0.00076   -0.00304   -0.00160
 1273   -0.00138   -0.00342   -0.00174
 1274    0.00003   -0.00257   -0.00113
 1275   -0.00181   -0.00418   -0.00179
 1276   -0.00177   -0.00389   -0.00187
 1277   -0.00137   -0.00386   -0.00170
 1278   -0.00118   -0.00408   -0.00157
 1279   -0.00212   -0.00387   -0.00191
 1280   -0.00205   -0.00352   -0.00196
 1281   -0.00212   -0.00319   -0.00193
 1282   -0.00210   -0.00350   -0.00210
 1283   -0.00123   -0.00363   -0.00167
 1284   -0.00092   -0.00356   -0.00137
 1285   -0.00135   -0.00333   -0.00164
 1286   -0.00178   -0.00284   -0.00212
 1287   -0.00054   -0.00334   -0.00105
 1288   -0.00013   -0.00311   -0.00106
 1289   -0.00025   -0.00292   -0.00125
 1290    0.00055   -0.00310   -0.00048
 1291    0.00016   -0.00263   -0.00107
 1292    0.00102   -0.00279   -0.00026
 1293    0.00078   -0.00245   -0.00054
 1294   -0.00119   -0.00350   -0.00148
 1295   -0.00152   -0.00327   -0.00166
 1296   -0.00112   -0.00330   -0.00130
 1297   -0.00058   -0.00424   -0.00035
 1298   -0.00173   -0.00346   -0.00196
 1299   -0.00191   -0.00327   -0.00228
 1300   -0.00210   -0.00300   -0.00213
 1301   -0.00196   -0.00271   -0.00239
 1302   -0.00151   -0.00310   -0.00147
 1303   -0.00114   -0.00357   -0.00098
 1304   -0.00123   -0.00409   -0.00111
 1305   -0.00183   -0.00363   -0.00161
 1306   -0.00143   -0.00285   -0.00095
 1307   -0.00052   -0.00366    0.00009
 1308    0.00015   -0.00405    0.00053
 1309   -0.00075   -0.00364    0.00030
 1310   -0.00013   -0.00521   -0.00057
 1311   -0.00009   -0.00622   -0.00081
 1312    0.00061   -0.00762    0.00123
 1313    0.00124   -0.00786    0.00213
 1314   -0.00000   -0.00670   -0.00097
 1315   -0.00020   -0.00775   -0.00115
 1316   -0.00069   -0.00564   -0.00219
 1317    0.00073   -0.00786    0.00052
 1318    0.00068   -0.01027    0.00249
 1319    0.00108   -0.00977    0.00321
 1320    0.00184   -0.00998    0.00419
 1321    0.00082   -0.01152    0.00319
 1322    0.00073   -0.01314    0.00402
 1323    0.00091   -0.01344    0.00466
 1324    0.00039   -0.01351    0.00406
 1325    0.00113   -0.00804    0.00259
 1326    0.00165   -0.00748    0.00268
 1327    0.00239   -0.00693    0.00270
 1328    0.00326   -0.00692    0.00290
 1329    0.00208   -0.00659    0.00259
 1330    0.00273   -0.00613    0.00259
 1331    0.00208   -0.00551    0.00183
 1332    0.00128   -0.00550    0.00158
 1333    0.00324   -0.00709    0.00280
 1334    0.00410   -0.00753    0.00356
 1335    0.00488   -0.00745    0.00373
 1336    0.00393   -0.00864    0.00401
 1337    0.00543   -0.00833    0.00448
 1338    0.00477   -0.00900    0.00479
 1339    0.00209   -0.00479    0.00160
 1340    0.00154   -0.00448    0.00115
 1341    0.00180   -0.00483    0.00121
 1342    0.00241   -0.00486    0.00144
 1343    0.00174   -0.00375    0.00088
 1344    0.00136   -0.00327    0.00044
 1345    0.00055   -0.00297   -0.00022
 1346    0.00195   -0.00306    0.00034
 1347    0.00112   -0.00476    0.00072
 1348    0.00112   -0.00530    0.00052
 1349    0.00058   -0.00479   -0.00014
 1350    0.00005   -0.00445   -0.00040
 1351    0.00081   -0.00598    0.00034
 1352    0.00133   -0.00646    0.00098
 1353    0.00177   -0.00674    0.00120
 1354    0.00150   -0.00673    0.00142
 1355    0.00227   -0.00754    0.00196
 1356    0.00199   -0.00736    0.00206
 1357    0.00247   -0.00770    0.00250
 1358    0.00292   -0.00868    0.00342
 1359    0.00103   -0.00489    0.00021
 1360    0.00080   -0.00448   -0.00007
 1361    0.00012   -0.00462   -0.00070
 1362    0.00041   -0.00482   -0.00047
 1363    0.00150   -0.00392    0.00076
 1364    0.00101   -0.00357    0.00034
 1365    0.00157   -0.00302    0.00129
 1366    0.00142   -0.00275    0.00104
 1367    0.00244   -0.00270    0.00195
 1368   -0.00072   -0.00450   -0.00150
 1369   -0.00146   -0.00481   -0.00214
 1370   -0.00194   -0.00448   -0.00221
 1371   -0.00197   -0.00445   -0.00214
 1372   -0.00184   -0.00502   -0.00247
 1373   -0.00143   -0.00524   -0.00239
 1374   -0.00174   -0.00491   -0.00309
 1375   -0.00145   -0.00566   -0.00247
 1376   -0.00224   -0.00442   -0.00249
 1377   -0.00265   -0.00422   -0.00235
 1378   -0.00345   -0.00432   -0.00316
 1379   -0.00340   -0.00429   -0.00346
 1380   -0.00173   -0.00356   -0.00189
 1381   -0.00215   -0.00324   -0.00200
 1382   -0.00115   -0.00195   -0.00221
 1383   -0.00306   -0.00349   -0.00221
 1384   -0.00449   -0.00473   -0.00298
 1385   -0.00571   -0.00511   -0.00346
 1386   -0.00595   -0.00503   -0.00359
 1387   -0.00728   -0.00546   -0.00401
 1388   -0.00496   -0.00436   -0.00304
 1389   -0.00457   -0.00345   -0.00319
 1390   -0.00367   -0.00206   -0.00341
 1391   -0.00289    0.00036   -0.00395
 1392   -0.00465   -0.00289   -0.00256
 1393   -0.00595   -0.00524   -0.00170
 1394   -0.00516   -0.00427   -0.00176
 1395   -0.00536   -0.00279   -0.00180
 1396   -0.00276    0.00209   -0.00415
 1397   -0.00156    0.00180   -0.00383
 1398   -0.00166    0.00404   -0.00483
 1399   -0.00322   -0.00241   -0.00335
 1400   -0.00238   -0.00104   -0.00387
 1401   -0.00349   -0.00203   -0.00429
 1402   -0.00459   -0.00295   -0.00484
 1403   -0.00140   -0.00138   -0.00329
 1404   -0.00026   -0.00004   -0.00260
 1405    0.00172    0.00227   -0.00211
 1406    0.00211    0.00099   -0.00026
 1407   -0.00338   -0.00006   -0.00413
 1408   -0.00506   -0.00052   -0.00449
 1409   -0.00417   -0.00354   -0.00427
 1410   -0.00493   -0.00526   -0.00521
 1411   -0.00454    0.00239   -0.00376
 1412   -0.00292    0.00642   -0.00385
 1413   -0.00245    0.00390   -0.00379
 1414   -0.00278   -0.00307   -0.00388
 1415   -0.00186   -0.00477   -0.00338
 1416   -0.00088   -0.00499   -0.00236
 1417   -0.00048   -0.00414   -0.00199
 1418   -0.00022   -0.00416   -0.00244
 1419    0.00108   -0.00102   -0.00185
 1420    0.00261   -0.00105   -0.00026
 1421   -0.00036    0.00148   -0.00185
 1422    0.00385    0.00152    0.00061
 1423    0.00058    0.00597   -0.00111
 1424    0.00297    0.00531    0.00050
 1425   -0.00056   -0.00571   -0.00208
 1426    0.00019   -0.00568   -0.00128
 1427    0.00169   -0.00545    0.00051
 1428    0.00230   -0.00574    0.00115
 1429    0.00018   -0.00657   -0.00163
 1430   -0.00044   -0.00714   -0.00263
 1431   -0.00065   -0.00663   -0.00250
 1432    0.00199   -0.00508    0.00113
 1433    0.00301   -0.00502    0.00292
 1434    0.00336   -0.00527    0.00298
 1435    0.00281   -0.00535    0.00242
 1436    0.00279   -0.00408    0.00332
 1437    0.00323   -0.00341    0.00478
 1438    0.00236   -0.00293    0.00269
 1439    0.00411   -0.00563    0.00413
 1440    0.00425   -0.00619    0.00443
 1441    0.00470   -0.00555    0.00475
 1442    0.00538   -0.00443    0.00602
 1443    0.00492   -0.00692    0.00530
 1444    0.00505   -0.00725    0.00514
 1445    0.00442   -0.00665    0.00350
 1446    0.00614   -0.00725    0.00611
 1447    0.00424   -0.00523    0.00340
 1448    0.00434   -0.00437    0.00333
 1449    0.00486   -0.00459    0.00248
 1450    0.00496   -0.00423    0.00198
 1451    0.00396   -0.00384    0.00208
 1452    0.00368   -0.00345    0.00264
 1453    0.00447   -0.00262    0.00342
 1454    0.00307   -0.00343    0.00262
 1455    0.00408   -0.00229    0.00369
 1456    0.00346   -0.00282    0.00283
 1457    0.00537   -0.00514    0.00304
 1458    0.00610   -0.00554    0.00314
 1459    0.00544   -0.00555    0.00276
 1460    0.00451   -0.00533    0.00224
 1461    0.00612   -0.00587    0.00271
 1462    0.00540   -0.00588    0.00267
 1463    0.00416   -0.00503    0.00155
 1464    0.00430   -0.00434    0.00115
 1465    0.00639   -0.00632    0.00266
 1466    0.00325   -0.00514    0.00141
 1467    0.00216   -0.00407    0.00028
 1468    0.00153   -0.00412    0.00030
 1469    0.00149   -0.00494    0.00109
 1470    0.00152   -0.00385    0.00018
 1471    0.00063   -0.00301   -0.00049
 1472    0.00030   -0.00309   -0.00066
 1473   -0.00026   -0.00295   -0.00044
 1474   -0.00100   -0.00254   -0.00094
 1475   -0.00102   -0.00197   -0.00109
 1476   -0.00079   -0.00194   -0.00118
 1477   -0.00001   -0.00252   -0.00082
 1478   -0.00153   -0.00192   -0.00077
 1479   -0.00259   -0.00099   -0.00119
 1480   -0.00265   -0.00051   -0.00174
 1481   -0.00271   -0.00017   -0.00215
 1482   -0.00292   -0.00022   -0.00095
 1483   -0.00294   -0.00043   -0.00057
 1484   -0.00359   -0.00029   -0.00157
 1485   -0.00346   -0.00104   -0.00160
 1486   -0.00434    0.00061   -0.00210
 1487   -0.00244   -0.00019   -0.00181
 1488   -0.00211    0.00035   -0.00238
 1489   -0.00167   -0.00010   -0.00239
 1490   -0.00276   -0.00007   -0.00264
 1491   -0.00235    0.00062   -0.00266
 1492   -0.00316    0.00166   -0.00267
 1493   -0.00359    0.00115   -0.00203
 1494   -0.00388    0.00199   -0.00299
 1495   -0.00142   -0.00065   -0.00232
 1496   -0.00105   -0.00104   -0.00224
 1497   -0.00095   -0.00106   -0.00194
 1498   -0.00063   -0.00139   -0.00163
 1499   -0.00062   -0.00122   -0.00255
 1500   -0.00015   -0.00162   -0.00222
 1501   -0.00075   -0.00091   -0.00328
 1502   -0.00112   -0.00119   -0.00196
 1503   -0.00101   -0.00158   -0.00194
 1504   -0.00129   -0.00164   -0.00189
 1505   -0.00069   -0.00176   -0.00155
 1506   -0.00175   -0.00135   -0.00200
 1507   -0.00190   -0.00164   -0.00193
 1508   -0.00126   -0.00210   -0.00172
 1509   -0.00250   -0.00140   -0.00215
 1510   -0.00212   -0.00137   -0.00222
 1511   -0.00257   -0.00140   -0.00197
 1512   -0.00236   -0.00144   -0.00144
 1513   -0.00150   -0.00185   -0.00138
 1514   -0.00411   -0.00070   -0.00306
 1515   -0.00501   -0.00061   -0.00401
 1516   -0.00617   -0.00025   -0.00470
 1517   -0.00422   -0.00125   -0.00402
 1518   -0.00283   -0.00156   -0.00093
 1519   -0.00256   -0.00212   -0.00064
 1520   -0.00103   -0.00156   -0.00038
 1521   -0.00049   -0.00131   -0.00036
 1522   -0.00315   -0.00248   -0.00029
 1523   -0.00374   -0.00281    0.00020
 1524   -0.00368   -0.00264    0.00067
 1525   -0.00488   -0.00345    0.00006
 1526   -0.00707   -0.00450   -0.00131
 1527   -0.00017   -0.00156   -0.00066
 1528    0.00132   -0.00191   -0.00050
 1529    0.00138   -0.00205   -0.00044
 1530    0.00233   -0.00211    0.00002
 1531    0.00154   -0.00202   -0.00062
 1532    0.00166   -0.00201   -0.00071
 1533    0.00184   -0.00260   -0.00050
 1534    0.00136   -0.00175   -0.00101
 1535    0.00060   -0.00225   -0.00059
 1536    0.00082   -0.00219   -0.00072
 1537    0.00102   -0.00192   -0.00096
 1538    0.00158   -0.00180   -0.00086
 1539   -0.00010   -0.00241   -0.00130
 1540    0.00056   -0.00178   -0.00148
 1541    0.00089   -0.00152   -0.00192
 1542    0.00201   -0.00081   -0.00143
 1543    0.00284   -0.00025   -0.00170
 1544   -0.00022   -0.00197   -0.00263
 1545    0.00200   -0.00094   -0.00071
 1546    0.00317   -0.00053   -0.00030
 1547    0.00415   -0.00023   -0.00010
 1548    0.00521    0.00055    0.00014
 1549    0.00341   -0.00068    0.00021
 1550    0.00466   -0.00016    0.00065
 1551    0.00580   -0.00003    0.00106
 1552    0.00576   -0.00070    0.00158
 1553    0.00592   -0.00120    0.00203
 1554    0.00381   -0.00070   -0.00003
 1555    0.00406   -0.00085    0.00006
 1556    0.00383   -0.00033   -0.00029
 1557    0.00427    0.00030   -0.00002
 1558    0.00339   -0.00148    0.00068
 1559    0.00355   -0.00144    0.00139
 1560    0.00351   -0.00193    0.00079
 1561    0.00312   -0.00051   -0.00094
 1562    0.00288   -0.00040   -0.00150
 1563    0.00379    0.00099   -0.00199
 1564    0.00387    0.00123   -0.00212
 1565    0.00229   -0.00119   -0.00220
 1566    0.00098   -0.00187   -0.00205
 1567    0.00419    0.00142   -0.00184
 1568    0.00489    0.00269   -0.00192
 1569    0.00576    0.00336   -0.00152
 1570    0.00614    0.00471   -0.00188
 1571    0.00525    0.00264   -0.00218
 1572    0.00414    0.00233   -0.00329
 1573    0.00406    0.00202   -0.00331
 1574    0.00424    0.00143   -0.00206
 1575    0.00270    0.00006   -0.00214
 1576    0.00120   -0.00098   -0.00292
 1577    0.00286   -0.00004   -0.00119
 1578    0.00610    0.00245   -0.00091
 1579    0.00639    0.00340   -0.00005
 1580    0.00570    0.00375   -0.00006
 1581    0.00629    0.00502    0.00004
 1582    0.00657    0.00274    0.00080
 1583    0.00729    0.00230    0.00128
 1584    0.00742    0.00151    0.00217
 1585    0.00669    0.00171    0.00276
 1586    0.00791    0.00117    0.00236
 1587    0.00480    0.00255   -0.00039
 1588    0.00421    0.00286   -0.00052
 1589    0.00491    0.00403   -0.00163
 1590    0.00525    0.00510   -0.00149
 1591    0.00322    0.00193   -0.00081
 1592    0.00267    0.00083    0.00006
 1593    0.00265   -0.00011    0.00035
 1594    0.00243    0.00082   -0.00013
 1595    0.00226   -0.00082    0.00094
 1596    0.00218   -0.00005    0.00008
 1597    0.00181   -0.00083    0.00072
 1598    0.00518    0.00431   -0.00238
 1599    0.00565    0.00612   -0.00293
 1600    0.00640    0.00715   -0.00260
 1601    0.00639    0.00865   -0.00342
 1602    0.00536    0.00637   -0.00316
 1603    0.00476    0.00452   -0.00369
 1604    0.00556    0.00825   -0.00407
 1605    0.00703    0.00685   -0.00212
 1606    0.00802    0.00752   -0.00214
 1607    0.00857    0.00797   -0.00160
 1608    0.00940    0.00884   -0.00151
 1609    0.00875    0.00688   -0.00148
 1610    0.00840    0.00694   -0.00191
 1611    0.00896    0.00590   -0.00100
 1612    0.00930    0.00508   -0.00065
 1613    0.00865    0.00540   -0.00136
 1614    0.00737    0.00744   -0.00069
 1615    0.00767    0.00770   -0.00078
 1616    0.00795    0.00779   -0.00142
 1617    0.00882    0.00829   -0.00167
 1618    0.00698    0.00667   -0.00008
 1619    0.00727    0.00697    0.00076
 1620    0.00688    0.00662    0.00226
 1621    0.00552    0.00446    0.00239
 1622    0.00513    0.00287    0.00254
 1623    0.00580    0.00349    0.00288
 1624    0.00414    0.00171    0.00203
 1625    0.00705    0.00741   -0.00170
 1626    0.00674    0.00802   -0.00241
 1627    0.00700    0.00915   -0.00325
 1628    0.00638    0.00946   -0.00370
 1629    0.00557    0.00766   -0.00257
 1630    0.00511    0.00709   -0.00225
 1631    0.00540    0.00773   -0.00240
 1632    0.00556    0.00751   -0.00181
 1633    0.00561    0.00857   -0.00284
 1634    0.00800    0.00974   -0.00306
 1635    0.00881    0.01090   -0.00450
 1636    0.00816    0.01208   -0.00596
 1637    0.00765    0.01234   -0.00642
 1638    0.01060    0.01107   -0.00493
 1639    0.01168    0.01149   -0.00874
 1640    0.01533    0.00874   -0.01539
 1641    0.02155   -0.00268   -0.03563
 1642    0.02228   -0.00093   -0.03350
 1643    0.00818    0.01276   -0.00551
 1644    0.00789    0.01434   -0.00564
 1645    0.00672    0.01420   -0.00451
 1646    0.00683    0.01617   -0.00405
 1647    0.00597    0.01248   -0.00414
 1648    0.00490    0.01205   -0.00383
 1649    0.00502    0.01236   -0.00347
 1650    0.00567    0.01126   -0.00339
 1651    0.00474    0.01031   -0.00351
 1652    0.00371    0.00994   -0.00335
 1653    0.00301    0.01187   -0.00259
 1654    0.00218    0.01342   -0.00219
 1655    0.00293    0.01262   -0.00207
 1656    0.00451    0.01371   -0.00274
 1657    0.00527    0.01490   -0.00202
 1658    0.00469    0.01364   -0.00176
 1659    0.00532    0.01336   -0.00161
 1660    0.00647    0.01960   -0.00044
 1661    0.00402    0.02056    0.00013
 1662    0.00862    0.02162   -0.00026
 1663    0.00314    0.01264   -0.00250
 1664    0.00219    0.01306   -0.00190
 1665    0.00190    0.00862   -0.00333
 1666    0.00141    0.00799   -0.00312
 1667    0.00079    0.01327   -0.00235
 1668   -0.00129    0.01608   -0.00103
 1669   -0.00246    0.01575   -0.00015
 1670   -0.00445    0.01764    0.00785
 1671   -0.00491    0.02004    0.01017
 1672   -0.00402    0.02089    0.00544
 1673   -0.00674    0.02119    0.02003
 1674    0.00246    0.00760   -0.00284
 1675    0.00206    0.00429   -0.00277
 1676    0.00073    0.00180   -0.00342
 1677    0.00075    0.00134   -0.00374
 1678    0.00295    0.00343   -0.00263
 1679    0.00331    0.00462   -0.00286
 1680    0.00407    0.00648   -0.00295
 1681    0.00320    0.00353   -0.00266
 1682    0.00432    0.00707   -0.00310
 1683    0.00346    0.00428   -0.00254
 1684    0.00400    0.00597   -0.00291
 1685   -0.00032   -0.00134   -0.00309
 1686   -0.00081   -0.00414   -0.00402
 1687   -0.00110   -0.00497   -0.00360
 1688   -0.00113   -0.00364   -0.00307
 1689   -0.00192   -0.00477   -0.00393
 1690   -0.00137   -0.00408   -0.00454
 1691   -0.00120   -0.00576   -0.00400
 1692   -0.00146   -0.00547   -0.00366
 1693   -0.00194   -0.00582   -0.00371
 1694   -0.00228   -0.00582   -0.00392
 1695   -0.00088   -0.00444   -0.00395
 1696   -0.00225   -0.00532   -0.00333
 1697   -0.00253   -0.00471   -0.00327
 1698   -0.00275   -0.00380   -0.00318
 1699   -0.00252   -0.00358   -0.00295
 1700   -0.00235   -0.00471   -0.00274
 1701   -0.00219   -0.00532   -0.00289
 1702   -0.00232   -0.00486   -0.00228
 1703   -0.00311   -0.00299   -0.00340
 1704   -0.00334   -0.00207   -0.00347
 1705   -0.00320   -0.00121   -0.00289
 1706   -0.00314   -0.00099   -0.00272
 1707   -0.00397   -0.00180   -0.00423
 1708   -0.00300   -0.00081   -0.00259
 1709   -0.00266    0.00006   -0.00209
 1710   -0.00326    0.00088   -0.00252
 1711   -0.00353    0.00107   -0.00286
 1712   -0.00220   -0.00012   -0.00169
 1713   -0.00156    0.00084   -0.00127
 1714   -0.00096    0.00168   -0.00051
 1715   -0.00124    0.00057   -0.00110
 1716   -0.00342    0.00154   -0.00248
 1717   -0.00403    0.00234   -0.00311
 1718   -0.00385    0.00339   -0.00283
 1719   -0.00307    0.00331   -0.00207
 1720   -0.00493    0.00177   -0.00394
 1721   -0.00454    0.00072   -0.00389
 1722   -0.00435    0.00444   -0.00340
 1723   -0.00405    0.00555   -0.00314
 1724   -0.00459    0.00538   -0.00335
 1725   -0.00541    0.00490   -0.00419
 1726   -0.00451    0.00677   -0.00365
 1727   -0.00400    0.00836   -0.00326
 1728   -0.00473    0.00958   -0.00388
 1729   -0.00429    0.01142   -0.00362
 1730   -0.00304    0.01161   -0.00344
 1731   -0.00389    0.00571   -0.00270
 1732   -0.00384    0.00543   -0.00289
 1733   -0.00429    0.00685   -0.00319
 1734   -0.00540    0.00687   -0.00399
 1735   -0.00258    0.00497   -0.00199
 1736   -0.00379    0.00824   -0.00257
 1737   -0.00397    0.01061   -0.00293
 1738   -0.00390    0.01170   -0.00286
 1739   -0.00529    0.01444   -0.00424
 1740   -0.00536    0.01121   -0.00379
 1741   -0.00320    0.01075   -0.00195
