    1   -0.00064    0.00953   -0.00969
    2   -0.00278    0.00966   -0.01109
    3   -0.00099    0.00795   -0.00878
    4    0.00019    0.00693   -0.00845
    5   -0.00349    0.00953   -0.01355
    6   -0.00248    0.00834   -0.00839
    7   -0.00230    0.00736   -0.00669
    8   -0.00194    0.00629   -0.00665
    9   -0.00194    0.00665   -0.00750
   10   -0.00237    0.00821   -0.00559
   11   -0.00333    0.01089   -0.00585
   12   -0.00422    0.01461   -0.00447
   13   -0.00614    0.01690   -0.00370
   14   -0.00362    0.01347   -0.00337
   15   -0.00151    0.00535   -0.00605
   16   -0.00105    0.00426   -0.00624
   17   -0.00099    0.00462   -0.00543
   18   -0.00175    0.00587   -0.00516
   19   -0.00052    0.00269   -0.00600
   20    0.00076    0.00207   -0.00664
   21    0.00138    0.00104   -0.00618
   22    0.00108    0.00187   -0.00753
   23   -0.00087    0.00366   -0.00529
   24   -0.00101    0.00416   -0.00441
   25   -0.00142    0.00384   -0.00296
   26   -0.00066    0.00278   -0.00326
   27   -0.00261    0.00433   -0.00443
   28   -0.00200    0.00403   -0.00548
   29   -0.00456    0.00603   -0.00519
   30   -0.00298    0.00424   -0.00682
   31   -0.00432    0.00546   -0.00723
   32   -0.00328    0.00389   -0.00139
   33   -0.00226    0.00239    0.00020
   34   -0.00149    0.00206    0.00026
   35   -0.00389    0.00287   -0.00027
   36   -0.01232    0.00040    0.00411
   37   -0.01281    0.00109    0.00096
   38   -0.00467    0.00371    0.00027
   39   -0.00033    0.00065    0.00049
   40    0.00045    0.00016    0.00002
   41    0.00001   -0.00004    0.00182
   42    0.00029   -0.00005    0.00212
   43    0.00212   -0.00064   -0.00085
   44    0.00329   -0.00154   -0.00060
   45    0.00381   -0.00215   -0.00087
   46    0.00344   -0.00220   -0.00260
   47    0.00100    0.00028    0.00312
   48    0.00392    0.00068    0.00593
   49    0.00599   -0.00063    0.00382
   50    0.00678   -0.00156    0.00310
   51    0.00552    0.00115    0.00795
   52    0.00836    0.00231    0.01254
   53    0.00832    0.00167    0.01845
   54    0.00826    0.00159    0.01990
   55    0.00701    0.00179    0.02601
   56    0.00627   -0.00105    0.00369
   57    0.00643   -0.00162    0.00252
   58    0.00853   -0.00231    0.00341
   59    0.00872   -0.00190    0.00393
   60    0.00472   -0.00187    0.00111
   61    0.00300   -0.00326   -0.00134
   62    0.00450   -0.00068    0.00134
   63    0.00196   -0.00326   -0.00262
   64    0.00681   -0.00373    0.00234
   65    0.00690   -0.00470    0.00370
   66    0.00667   -0.00592    0.00328
   67    0.00692   -0.00550    0.00257
   68    0.00985   -0.00358    0.00843
   69    0.00848   -0.00485    0.00879
   70    0.00796   -0.00565    0.00981
   71    0.00920   -0.00510    0.00910
   72    0.00628   -0.00630    0.00346
   73    0.00613   -0.00629    0.00247
   74    0.00702   -0.00675    0.00250
   75    0.00673   -0.00671    0.00088
   76    0.00484   -0.00689    0.00159
   77    0.00529   -0.00688    0.00389
   78    0.00519   -0.00616    0.00332
   79    0.00773   -0.00736    0.00370
   80    0.00895   -0.00773    0.00353
   81    0.00891   -0.00742    0.00319
   82    0.00845   -0.00774    0.00056
   83    0.01068   -0.00737    0.00635
   84    0.01088   -0.00851    0.00418
   85    0.01248   -0.00932    0.00678
   86    0.01233   -0.00887    0.00953
   87    0.01305   -0.00998    0.00589
   88    0.00854   -0.00648    0.00339
   89    0.00813   -0.00589    0.00198
   90    0.00755   -0.00575    0.00040
   91    0.00722   -0.00585   -0.00097
   92    0.00784   -0.00464    0.00251
   93    0.00867   -0.00516    0.00461
   94    0.00855   -0.00372    0.00639
   95    0.00537   -0.00223    0.00239
   96    0.00743   -0.00538    0.00053
   97    0.00664   -0.00517   -0.00068
   98    0.00726   -0.00563   -0.00123
   99    0.00693   -0.00535   -0.00185
  100    0.00614   -0.00501   -0.00056
  101    0.00551   -0.00435   -0.00033
  102    0.00575   -0.00392    0.00029
  103    0.00471   -0.00417   -0.00081
  104    0.00781   -0.00616   -0.00111
  105    0.00812   -0.00664   -0.00154
  106    0.00805   -0.00691   -0.00232
  107    0.00778   -0.00700   -0.00275
  108    0.00836   -0.00717   -0.00083
  109    0.00722   -0.00671   -0.00084
  110    0.00596   -0.00607   -0.00176
  111    0.00674   -0.00688    0.00001
  112    0.00867   -0.00722   -0.00193
  113    0.00863   -0.00764   -0.00279
  114    0.00783   -0.00698   -0.00402
  115    0.00807   -0.00722   -0.00508
  116    0.00885   -0.00772   -0.00243
  117    0.00906   -0.00798   -0.00359
  118    0.01004   -0.00920   -0.00435
  119    0.01023   -0.00937   -0.00590
  120    0.01050   -0.01032   -0.00705
  121    0.00731   -0.00618   -0.00362
  122    0.00672   -0.00556   -0.00433
  123    0.00693   -0.00551   -0.00447
  124    0.00674   -0.00526   -0.00509
  125    0.00609   -0.00475   -0.00381
  126    0.00542   -0.00402   -0.00443
  127    0.00570   -0.00451   -0.00342
  128    0.00690   -0.00556   -0.00374
  129    0.00658   -0.00536   -0.00359
  130    0.00699   -0.00600   -0.00410
  131    0.00684   -0.00550   -0.00419
  132    0.00622   -0.00525   -0.00282
  133    0.00557   -0.00475   -0.00230
  134    0.00505   -0.00489   -0.00192
  135    0.00507   -0.00405   -0.00221
  136    0.00748   -0.00679   -0.00417
  137    0.00789   -0.00733   -0.00461
  138    0.00805   -0.00708   -0.00566
  139    0.00822   -0.00680   -0.00585
  140    0.00815   -0.00830   -0.00453
  141    0.00851   -0.00843   -0.00467
  142    0.00825   -0.00689   -0.00620
  143    0.00828   -0.00634   -0.00715
  144    0.00794   -0.00538   -0.00680
  145    0.00822   -0.00508   -0.00753
  146    0.00778   -0.00592   -0.00760
  147    0.00839   -0.00681   -0.00822
  148    0.00752   -0.00604   -0.00786
  149    0.00826   -0.00684   -0.00801
  150    0.00805   -0.00682   -0.00920
  151    0.00703   -0.00612   -0.01033
  152    0.00866   -0.00778   -0.00938
  153    0.00749   -0.00494   -0.00612
  154    0.00720   -0.00406   -0.00603
  155    0.00733   -0.00396   -0.00570
  156    0.00729   -0.00333   -0.00580
  157    0.00653   -0.00373   -0.00537
  158    0.00618   -0.00348   -0.00554
  159    0.00576   -0.00307   -0.00466
  160    0.00596   -0.00291   -0.00613
  161    0.00737   -0.00463   -0.00528
  162    0.00729   -0.00465   -0.00515
  163    0.00665   -0.00445   -0.00451
  164    0.00646   -0.00402   -0.00441
  165    0.00625   -0.00481   -0.00394
  166    0.00540   -0.00459   -0.00331
  167    0.00523   -0.00524   -0.00324
  168    0.00572   -0.00589   -0.00332
  169    0.00509   -0.00443   -0.00283
  170    0.00416   -0.00428   -0.00211
  171    0.00513   -0.00372   -0.00295
  172    0.00477   -0.00497   -0.00295
  173    0.00439   -0.00545   -0.00294
  174    0.00335   -0.00542   -0.00231
  175    0.00285   -0.00467   -0.00183
  176    0.00463   -0.00556   -0.00336
  177    0.00302   -0.00540   -0.00238
  178    0.00183   -0.00513   -0.00195
  179    0.00143   -0.00536   -0.00183
  180    0.00217   -0.00602   -0.00213
  181    0.00015   -0.00555   -0.00149
  182   -0.00020   -0.00658   -0.00181
  183   -0.00028   -0.00633   -0.00154
  184   -0.00088   -0.00644   -0.00176
  185   -0.00173   -0.00672   -0.00147
  186   -0.00180   -0.00696   -0.00170
  187   -0.00490   -0.00719   -0.00150
  188   -0.00681   -0.00658   -0.00083
  189   -0.00630   -0.00846   -0.00229
  190    0.00047   -0.00550   -0.00122
  191    0.00040   -0.00523   -0.00110
  192    0.00152   -0.00551   -0.00165
  193    0.00252   -0.00545   -0.00186
  194    0.00008   -0.00425   -0.00060
  195   -0.00119   -0.00364   -0.00009
  196   -0.00142   -0.00356    0.00013
  197   -0.00249   -0.00307    0.00023
  198   -0.00273   -0.00285    0.00052
  199   -0.00333   -0.00272    0.00062
  200   -0.00297   -0.00316    0.00024
  201   -0.00476   -0.00260    0.00093
  202   -0.00434   -0.00300    0.00064
  203   -0.00518   -0.00264    0.00096
  204    0.00088   -0.00573   -0.00181
  205    0.00211   -0.00588   -0.00178
  206    0.00180   -0.00567   -0.00167
  207    0.00023   -0.00593   -0.00149
  208    0.00238   -0.00680   -0.00179
  209    0.00301   -0.00757   -0.00197
  210    0.00457   -0.00734   -0.00185
  211    0.00433   -0.00733   -0.00222
  212    0.00446   -0.00809   -0.00267
  213    0.00432   -0.00911   -0.00270
  214    0.00450   -0.00777   -0.00277
  215    0.00300   -0.00561   -0.00185
  216    0.00256   -0.00531   -0.00169
  217    0.00244   -0.00556   -0.00142
  218    0.00335   -0.00581   -0.00047
  219    0.00410   -0.00496   -0.00130
  220    0.00341   -0.00473   -0.00152
  221    0.00385   -0.00467   -0.00171
  222    0.00249   -0.00422   -0.00152
  223    0.00346   -0.00404   -0.00173
  224    0.00201   -0.00379   -0.00182
  225    0.00265   -0.00351   -0.00168
  226    0.00109   -0.00618   -0.00202
  227    0.00061   -0.00669   -0.00239
  228    0.00037   -0.00654   -0.00268
  229   -0.00013   -0.00645   -0.00282
  230   -0.00119   -0.00731   -0.00307
  231   -0.00203   -0.00831   -0.00365
  232   -0.00100   -0.00746   -0.00246
  233    0.00055   -0.00694   -0.00240
  234    0.00019   -0.00747   -0.00279
  235   -0.00195   -0.00916   -0.00489
  236   -0.00348   -0.00949   -0.00590
  237    0.00014   -0.00853   -0.00247
  238    0.00156   -0.00891   -0.00163
  239    0.00212   -0.00930   -0.00021
  240    0.00224   -0.00818   -0.00096
  241   -0.00190   -0.00972   -0.00481
  242   -0.00358   -0.01011   -0.00628
  243   -0.00404   -0.01148   -0.00696
  244   -0.00266   -0.01167   -0.00653
  245   -0.00316   -0.00880   -0.00566
  246   -0.00512   -0.00936   -0.00792
  247   -0.00309   -0.00754   -0.00506
  248   -0.00581   -0.01285   -0.01013
  249   -0.00633   -0.01431   -0.01094
  250   -0.00672   -0.01445   -0.01196
  251   -0.00654   -0.01551   -0.01186
  252   -0.00754   -0.01524   -0.01283
  253   -0.00757   -0.01474   -0.01197
  254   -0.00921   -0.01508   -0.01270
  255   -0.00569   -0.01576   -0.01188
  256   -0.00755   -0.01364   -0.01186
  257   -0.00719   -0.01463   -0.01357
  258   -0.00738   -0.01274   -0.01276
  259   -0.00738   -0.01138   -0.01112
  260   -0.00703   -0.01267   -0.01354
  261   -0.00731   -0.01133   -0.01247
  262   -0.00894   -0.01164   -0.01217
  263   -0.00908   -0.01053   -0.01177
  264   -0.00546   -0.00969   -0.01217
  265   -0.00274   -0.00664   -0.01122
  266   -0.00114   -0.00466   -0.01225
  267   -0.00316   -0.00614   -0.00997
  268   -0.01043   -0.01237   -0.01287
  269   -0.01264   -0.01240   -0.01282
  270   -0.01411   -0.01202   -0.01237
  271   -0.01349   -0.01216   -0.01207
  272   -0.01348   -0.01399   -0.01429
  273   -0.01204   -0.01540   -0.01534
  274   -0.01249   -0.01594   -0.01563
  275   -0.01417   -0.01616   -0.01555
  276   -0.01098   -0.01626   -0.01569
  277   -0.01604   -0.01135   -0.01209
  278   -0.01742   -0.01100   -0.01162
  279   -0.01811   -0.01181   -0.01226
  280   -0.01813   -0.01124   -0.01161
  281   -0.01977   -0.01027   -0.01178
  282   -0.01980   -0.00875   -0.01061
  283   -0.01793   -0.00869   -0.00984
  284   -0.01861   -0.00864   -0.00978
  285   -0.01563   -0.00881   -0.00921
  286   -0.01862   -0.01344   -0.01343
  287   -0.01917   -0.01458   -0.01425
  288   -0.01649   -0.01417   -0.01367
  289   -0.01666   -0.01456   -0.01388
  290   -0.02082   -0.01678   -0.01593
  291   -0.01471   -0.01371   -0.01326
  292   -0.01268   -0.01356   -0.01264
  293   -0.01203   -0.01194   -0.01127
  294   -0.01103   -0.01152   -0.01075
  295   -0.01133   -0.01428   -0.01322
  296   -0.01158   -0.01581   -0.01459
  297   -0.01294   -0.01087   -0.01071
  298   -0.01253   -0.00945   -0.00922
  299   -0.01381   -0.00911   -0.00903
  300   -0.01318   -0.00833   -0.00782
  301   -0.01289   -0.00892   -0.00903
  302   -0.01130   -0.00908   -0.00937
  303   -0.01177   -0.00853   -0.00915
  304   -0.00930   -0.00804   -0.00832
  305   -0.01599   -0.01034   -0.01019
  306   -0.01704   -0.00974   -0.01012
  307   -0.01634   -0.01024   -0.01023
  308   -0.01715   -0.00942   -0.00989
  309   -0.01450   -0.01073   -0.01027
  310   -0.01369   -0.01107   -0.01029
  311   -0.01191   -0.00955   -0.00852
  312   -0.01119   -0.00906   -0.00792
  313   -0.01342   -0.01246   -0.01101
  314   -0.01275   -0.01220   -0.01100
  315   -0.01114   -0.00808   -0.00742
  316   -0.00907   -0.00702   -0.00596
  317   -0.00963   -0.00661   -0.00503
  318   -0.01114   -0.00684   -0.00545
  319   -0.00831   -0.00682   -0.00524
  320   -0.00676   -0.00604   -0.00393
  321   -0.00794   -0.00778   -0.00605
  322   -0.00907   -0.00649   -0.00425
  323   -0.00998   -0.00670   -0.00383
  324   -0.01023   -0.00646   -0.00297
  325   -0.00866   -0.00567   -0.00230
  326   -0.00850   -0.00703   -0.00316
  327   -0.00786   -0.00738   -0.00383
  328   -0.00782   -0.00704   -0.00415
  329   -0.01172   -0.00686   -0.00278
  330   -0.01218   -0.00632   -0.00165
  331   -0.01104   -0.00611   -0.00052
  332   -0.01174   -0.00723   -0.00028
  333   -0.01421   -0.00616   -0.00146
  334   -0.01037   -0.00497   -0.00001
  335   -0.01021   -0.00435    0.00014
  336   -0.00841   -0.00439   -0.00007
  337   -0.00714   -0.00443   -0.00014
  338   -0.01009   -0.00312    0.00094
  339   -0.01056   -0.00302    0.00131
  340   -0.01014   -0.00445    0.00078
  341   -0.00846   -0.00431   -0.00035
  342   -0.00692   -0.00417   -0.00048
  343   -0.00649   -0.00340    0.00000
  344   -0.00751   -0.00302   -0.00009
  345   -0.00705   -0.00447   -0.00129
  346   -0.00518   -0.00274    0.00029
  347   -0.00490   -0.00200    0.00079
  348   -0.00399   -0.00186    0.00054
  349   -0.00401   -0.00130    0.00094
  350   -0.00394   -0.00197    0.00108
  351   -0.00244   -0.00207    0.00059
  352   -0.00329   -0.00232   -0.00010
  353   -0.00225   -0.00220   -0.00033
  354   -0.00181   -0.00283   -0.00101
  355   -0.00160   -0.00340   -0.00123
  356   -0.00108   -0.00211   -0.00031
  357   -0.00176   -0.00278   -0.00130
  358   -0.00151   -0.00334   -0.00204
  359   -0.00039   -0.00317   -0.00210
  360   -0.00009   -0.00265   -0.00178
  361   -0.00244   -0.00346   -0.00255
  362   -0.00234   -0.00406   -0.00356
  363   -0.00256   -0.00465   -0.00381
  364   -0.00315   -0.00402   -0.00458
  365    0.00036   -0.00319   -0.00217
  366    0.00124   -0.00305   -0.00220
  367    0.00161   -0.00315   -0.00266
  368    0.00145   -0.00327   -0.00266
  369    0.00193   -0.00294   -0.00218
  370    0.00248   -0.00263   -0.00221
  371    0.00241   -0.00229   -0.00190
  372    0.00311   -0.00283   -0.00194
  373    0.00180   -0.00278   -0.00307
  374    0.00193   -0.00266   -0.00386
  375    0.00233   -0.00242   -0.00360
  376    0.00249   -0.00244   -0.00344
  377    0.00192   -0.00283   -0.00431
  378    0.00247   -0.00296   -0.00533
  379    0.00223   -0.00299   -0.00635
  380    0.00302   -0.00311   -0.00594
  381    0.00246   -0.00187   -0.00379
  382    0.00292   -0.00112   -0.00333
  383    0.00352   -0.00053   -0.00384
  384    0.00376    0.00025   -0.00427
  385    0.00253   -0.00107   -0.00253
  386    0.00228   -0.00051   -0.00159
  387    0.00194   -0.00053   -0.00065
  388    0.00246    0.00193   -0.00027
  389    0.00368   -0.00119   -0.00406
  390    0.00439   -0.00149   -0.00510
  391    0.00418   -0.00193   -0.00479
  392    0.00319   -0.00353   -0.00397
  393    0.00501   -0.00265   -0.00638
  394    0.00487   -0.00425   -0.00575
  395    0.00537   -0.00557   -0.00586
  396    0.00411   -0.00414   -0.00511
  397    0.00521   -0.00655   -0.00496
  398    0.00401   -0.00459   -0.00430
  399    0.00464   -0.00566   -0.00409
  400    0.00484   -0.00119   -0.00539
  401    0.00456   -0.00231   -0.00474
  402    0.00431   -0.00647   -0.00530
  403    0.00597   -0.00715   -0.00651
  404    0.00586   -0.00074   -0.00596
  405    0.00653   -0.00120   -0.00786
  406    0.00559   -0.00039   -0.00686
  407    0.00266   -0.00902   -0.00413
  408    0.00188   -0.01317   -0.00395
  409    0.00405   -0.01404   -0.00416
  410    0.00149   -0.01605   -0.00149
  411   -0.00085   -0.01418   -0.00210
  412    0.00026   -0.01456   -0.00077
  413    0.00306   -0.01197   -0.00172
  414   -0.00230   -0.01348    0.00078
  415    0.00716   -0.01260   -0.00568
  416    0.00989   -0.01357   -0.00621
  417    0.01185   -0.01384   -0.00533
  418    0.01172   -0.01369   -0.00435
  419    0.01107   -0.01156   -0.00823
  420    0.01121   -0.01149   -0.00874
  421    0.00957   -0.00978   -0.00867
  422    0.01380   -0.01558   -0.00586
  423    0.01540   -0.01736   -0.00523
  424    0.01573   -0.01780   -0.00647
  425    0.01660   -0.01858   -0.00579
  426    0.01716   -0.01916   -0.00569
  427    0.01510   -0.01677   -0.00838
  428    0.01496   -0.01667   -0.00991
  429    0.01401   -0.01555   -0.00884
  430    0.01431   -0.01580   -0.00921
  431    0.01495   -0.01581   -0.01192
  432    0.01480   -0.01478   -0.01326
  433    0.01559   -0.01652   -0.01462
  434    0.01611   -0.01775   -0.01354
  435    0.01632   -0.01645   -0.01679
  436    0.01285   -0.01425   -0.00796
  437    0.01186   -0.01324   -0.00703
  438    0.01239   -0.01347   -0.00520
  439    0.01203   -0.01273   -0.00474
  440    0.01029   -0.01127   -0.00673
  441    0.00905   -0.00990   -0.00562
  442    0.00850   -0.00956   -0.00384
  443    0.00834   -0.00892   -0.00592
  444    0.00744   -0.00813   -0.00314
  445    0.00719   -0.00767   -0.00436
  446    0.01333   -0.01437   -0.00391
  447    0.01393   -0.01415   -0.00232
  448    0.01566   -0.01548   -0.00245
  449    0.01652   -0.01479   -0.00135
  450    0.01459   -0.01480   -0.00122
  451    0.01382   -0.01393    0.00008
  452    0.01127   -0.01260   -0.00047
  453    0.01078   -0.01290    0.00040
  454    0.01028   -0.01152   -0.00111
  455    0.01619   -0.01692   -0.00431
  456    0.01712   -0.01777   -0.00535
  457    0.01583   -0.01631   -0.00604
  458    0.01609   -0.01635   -0.00576
  459    0.01775   -0.01971   -0.00754
  460    0.01930   -0.02163   -0.00711
  461    0.01971   -0.02254   -0.00794
  462    0.02079   -0.02302   -0.00517
  463    0.01444   -0.01497   -0.00681
  464    0.01297   -0.01334   -0.00758
  465    0.01274   -0.01198   -0.00578
  466    0.01224   -0.01112   -0.00578
  467    0.01212   -0.01244   -0.00856
  468    0.01085   -0.01070   -0.00810
  469    0.01037   -0.01008   -0.00865
  470    0.01004   -0.00929   -0.00685
  471    0.00878   -0.00868   -0.00824
  472    0.00890   -0.00768   -0.00629
  473    0.00829   -0.00746   -0.00688
  474    0.01297   -0.01152   -0.00427
  475    0.01231   -0.00886   -0.00303
  476    0.01321   -0.00865   -0.00205
  477    0.01255   -0.00687   -0.00111
  478    0.01212   -0.00819   -0.00192
  479    0.01009   -0.00768   -0.00228
  480    0.00916   -0.00569   -0.00212
  481    0.00779   -0.00509   -0.00206
  482    0.00678   -0.00392   -0.00216
  483    0.00673   -0.00367   -0.00243
  484    0.00555   -0.00379   -0.00210
  485    0.01507   -0.01122   -0.00157
  486    0.01656   -0.01157   -0.00047
  487    0.01586   -0.01116   -0.00139
  488    0.01610   -0.00979   -0.00027
  489    0.01880   -0.01451    0.00044
  490    0.01960   -0.01471    0.00200
  491    0.02004   -0.01297    0.00354
  492    0.01975   -0.01272    0.00364
  493    0.02284   -0.01548    0.00630
  494    0.01536   -0.01230   -0.00324
  495    0.01456   -0.01183   -0.00413
  496    0.01277   -0.00963   -0.00389
  497    0.01228   -0.00875   -0.00367
  498    0.01423   -0.01352   -0.00662
  499    0.01194   -0.00887   -0.00376
  500    0.01035   -0.00677   -0.00347
  501    0.01045   -0.00498   -0.00115
  502    0.00929   -0.00384   -0.00060
  503    0.00965   -0.00652   -0.00340
  504    0.00804   -0.00497   -0.00295
  505    0.00745   -0.00442   -0.00297
  506    0.00796   -0.00428   -0.00250
  507    0.00632   -0.00387   -0.00312
  508    0.01183   -0.00474   -0.00007
  509    0.01229   -0.00310    0.00174
  510    0.01270   -0.00330    0.00259
  511    0.01198   -0.00185    0.00362
  512    0.01403   -0.00343    0.00232
  513    0.01375   -0.00338    0.00245
  514    0.01529   -0.00240    0.00431
  515    0.01539   -0.00448    0.00252
  516    0.01371   -0.00508    0.00175
  517    0.01427   -0.00533    0.00215
  518    0.01267   -0.00538    0.00103
  519    0.01311   -0.00572    0.00108
  520    0.01648   -0.00778    0.00205
  521    0.01863   -0.00822    0.00411
  522    0.01880   -0.00842    0.00382
  523    0.01886   -0.00663    0.00468
  524    0.01952   -0.01121    0.00298
  525    0.01103   -0.00495    0.00000
  526    0.00922   -0.00449   -0.00115
  527    0.00772   -0.00250    0.00022
  528    0.00676   -0.00160    0.00062
  529    0.00831   -0.00526   -0.00352
  530    0.00675   -0.00520   -0.00553
  531    0.00463   -0.00352   -0.00448
  532    0.00397   -0.00259   -0.00287
  533    0.00342   -0.00299   -0.00537
  534    0.00746   -0.00167    0.00130
  535    0.00614    0.00027    0.00292
  536    0.00674    0.00146    0.00482
  537    0.00521    0.00285    0.00594
  538    0.00634    0.00092    0.00328
  539    0.00503    0.00085    0.00228
  540    0.00485   -0.00101    0.00028
  541    0.00548    0.00099    0.00259
  542    0.00888    0.00083    0.00530
  543    0.00983    0.00168    0.00739
  544    0.00894    0.00394    0.00917
  545    0.00952    0.00446    0.00984
  546    0.00961    0.00095    0.00680
  547    0.00749    0.00529    0.00991
  548    0.00638    0.00808    0.01151
  549    0.00386    0.00842    0.01088
  550    0.00151    0.01129    0.01204
  551    0.00382    0.00690    0.00953
  552    0.00201    0.00669    0.00886
  553    0.00146    0.00780    0.00993
  554    0.00267    0.00857    0.01093
  555    0.00224    0.00532    0.00725
  556    0.00364    0.00516    0.00752
  557    0.00380    0.00408    0.00606
  558    0.00255    0.00369    0.00501
  559    0.00492    0.00356    0.00604
  560    0.00008    0.00773    0.00982
  561   -0.00039    0.00842    0.01064
  562   -0.00015    0.00733    0.00978
  563   -0.00084    0.00651    0.00888
  564   -0.00202    0.00853    0.01117
  565   -0.00285    0.00886    0.01172
  566   -0.00221    0.00995    0.01288
  567   -0.00168    0.01118    0.01396
  568   -0.00209    0.00971    0.01270
  569    0.00087    0.00772    0.01020
  570    0.00110    0.00727    0.00948
  571    0.00059    0.00819    0.01043
  572    0.00125    0.00931    0.01152
  573    0.00263    0.00672    0.00908
  574    0.00278    0.00617    0.00823
  575    0.00327    0.00574    0.00819
  576   -0.00054    0.00774    0.01016
  577   -0.00113    0.00832    0.01104
  578   -0.00001    0.00843    0.01094
  579    0.00062    0.00745    0.00967
  580   -0.00261    0.00758    0.01065
  581   -0.00341    0.00807    0.01156
  582    0.00035    0.00960    0.01217
  583    0.00118    0.00932    0.01202
  584    0.00038    0.00825    0.01120
  585    0.00094    0.00727    0.00934
  586    0.00165    0.01134    0.01432
  587   -0.00008    0.01206    0.01507
  588   -0.00040    0.01095    0.01390
  589   -0.00110    0.00775    0.01112
  590   -0.00173    0.00696    0.01032
  591   -0.00095    0.00594    0.00839
  592   -0.00095    0.00518    0.00709
  593   -0.00335    0.00769    0.01095
  594   -0.00411    0.00732    0.01104
  595   -0.00696    0.00707    0.01267
  596   -0.00613    0.00786    0.01046
  597   -0.00932    0.00702    0.01295
  598   -0.00022    0.00583    0.00794
  599    0.00052    0.00484    0.00642
  600    0.00187    0.00473    0.00546
  601    0.00270    0.00528    0.00556
  602    0.00081    0.00483    0.00632
  603    0.00144    0.00400    0.00519
  604   -0.00044    0.00502    0.00690
  605    0.00204    0.00399    0.00433
  606    0.00312    0.00380    0.00330
  607    0.00358    0.00345    0.00303
  608    0.00324    0.00281    0.00257
  609    0.00291    0.00320    0.00260
  610    0.00363    0.00306    0.00179
  611    0.00393    0.00260    0.00125
  612    0.00384    0.00325    0.00162
  613    0.00442    0.00262    0.00060
  614    0.00443    0.00340    0.00088
  615    0.00463    0.00288    0.00038
  616    0.00502    0.00272   -0.00056
  617    0.00434    0.00392    0.00313
  618    0.00451    0.00326    0.00299
  619    0.00504    0.00337    0.00245
  620    0.00523    0.00397    0.00248
  621    0.00460    0.00364    0.00382
  622    0.00484    0.00331    0.00356
  623    0.00466    0.00253    0.00293
  624    0.00553    0.00360    0.00388
  625    0.00512    0.00209    0.00271
  626    0.00597    0.00309    0.00373
  627    0.00575    0.00240    0.00307
  628    0.00520    0.00291    0.00181
  629    0.00564    0.00305    0.00117
  630    0.00596    0.00251    0.00122
  631    0.00565    0.00206    0.00118
  632    0.00557    0.00289    0.00045
  633    0.00529    0.00211    0.00006
  634    0.00499    0.00177   -0.00090
  635    0.00543    0.00237   -0.00162
  636    0.00633    0.00281    0.00102
  637    0.00662    0.00248    0.00093
  638    0.00630    0.00236    0.00019
  639    0.00592    0.00270   -0.00055
  640    0.00696    0.00301    0.00087
  641    0.00723    0.00344    0.00152
  642    0.00776    0.00392    0.00145
  643    0.00790    0.00401    0.00235
  644    0.00863    0.00460    0.00226
  645    0.00636    0.00198    0.00024
  646    0.00551    0.00173   -0.00043
  647    0.00575    0.00220   -0.00064
  648    0.00647    0.00224   -0.00059
  649    0.00569    0.00110   -0.00007
  650    0.00527    0.00084   -0.00075
  651    0.00492    0.00063   -0.00080
  652    0.00482    0.00045   -0.00057
  653    0.00490    0.00113   -0.00101
  654    0.00494    0.00278   -0.00184
  655    0.00452    0.00334   -0.00244
  656    0.00317    0.00416   -0.00343
  657    0.00276    0.00506   -0.00322
  658    0.00511    0.00506   -0.00333
  659    0.00539    0.00484   -0.00350
  660    0.00626    0.00533   -0.00235
  661    0.00300    0.00366   -0.00374
  662    0.00187    0.00420   -0.00437
  663    0.00211    0.00357   -0.00362
  664    0.00252    0.00253   -0.00310
  665    0.00196    0.00331   -0.00531
  666    0.00267    0.00339   -0.00551
  667    0.00126    0.00379   -0.00590
  668    0.00341    0.00300   -0.00660
  669    0.00154    0.00466   -0.00369
  670   -0.00096    0.00625   -0.00296
  671   -0.00170    0.00582   -0.00373
  672   -0.00134    0.00574   -0.00454
  673   -0.00242    0.00433   -0.00346
  674   -0.00163    0.00364   -0.00335
  675    0.00025    0.00243   -0.00302
  676    0.00044    0.00180   -0.00286
  677   -0.00195    0.00489   -0.00330
  678   -0.00261    0.00632   -0.00225
  679   -0.00787    0.00369   -0.00088
  680   -0.00532    0.00789   -0.00293
  681    0.00102    0.00179   -0.00285
  682    0.00118    0.00132   -0.00361
  683    0.00259    0.00003   -0.00234
  684    0.00310   -0.00014   -0.00259
  685    0.00207    0.00162   -0.00408
  686    0.00291    0.00141   -0.00330
  687    0.00279    0.00008   -0.00169
  688    0.00340   -0.00027   -0.00153
  689    0.00308   -0.00065   -0.00141
  690    0.00355   -0.00093   -0.00147
  691    0.00327   -0.00056   -0.00108
  692    0.00118   -0.00112   -0.00187
  693    0.00259   -0.00096   -0.00150
  694    0.00306   -0.00133   -0.00174
  695    0.00352   -0.00150   -0.00207
  696    0.00372   -0.00174   -0.00205
  697    0.00343   -0.00113   -0.00258
  698    0.00383   -0.00116   -0.00306
  699    0.00389   -0.00085   -0.00246
  700    0.00403   -0.00097   -0.00258
  701    0.00362   -0.00098   -0.00375
  702    0.00317   -0.00118   -0.00432
  703    0.00411   -0.00113   -0.00428
  704    0.00380   -0.00060   -0.00217
  705    0.00396   -0.00040   -0.00156
  706    0.00384   -0.00053   -0.00119
  707    0.00373   -0.00028   -0.00093
  708    0.00420   -0.00010   -0.00129
  709    0.00404    0.00030   -0.00172
  710    0.00460    0.00035   -0.00059
  711    0.00432    0.00101   -0.00197
  712    0.00361   -0.00088   -0.00128
  713    0.00326   -0.00115   -0.00126
  714    0.00319   -0.00133   -0.00141
  715    0.00279   -0.00127   -0.00109
  716    0.00354   -0.00154   -0.00176
  717    0.00365   -0.00186   -0.00178
  718    0.00372   -0.00146   -0.00163
  719    0.00341   -0.00156   -0.00137
  720    0.00418   -0.00236   -0.00224
  721    0.00428   -0.00309   -0.00223
  722    0.00419   -0.00304   -0.00186
  723    0.00494   -0.00356   -0.00264
  724    0.00389   -0.00091   -0.00177
  725    0.00387   -0.00042   -0.00150
  726    0.00336   -0.00002   -0.00066
  727    0.00311    0.00022   -0.00033
  728    0.00422    0.00017   -0.00173
  729    0.00453   -0.00013   -0.00256
  730    0.00421    0.00077   -0.00135
  731    0.00461    0.00026   -0.00301
  732    0.00321   -0.00012   -0.00036
  733    0.00272    0.00023    0.00024
  734    0.00205   -0.00004    0.00024
  735    0.00133    0.00026    0.00079
  736    0.00279    0.00020    0.00032
  737    0.00342    0.00074    0.00061
  738    0.00375    0.00047    0.00028
  739    0.00372    0.00136    0.00112
  740    0.00437    0.00095    0.00080
  741    0.00435    0.00155    0.00117
  742    0.00210   -0.00067   -0.00030
  743    0.00146   -0.00102   -0.00028
  744    0.00137   -0.00093   -0.00006
  745    0.00064   -0.00086    0.00029
  746    0.00168   -0.00173   -0.00077
  747    0.00210   -0.00098   -0.00039
  748    0.00216   -0.00097   -0.00041
  749    0.00189   -0.00025    0.00014
  750    0.00132    0.00001    0.00045
  751    0.00310   -0.00133   -0.00114
  752    0.00336   -0.00135   -0.00133
  753    0.00334   -0.00225   -0.00151
  754    0.00224    0.00023    0.00016
  755    0.00210    0.00090    0.00071
  756    0.00116    0.00128    0.00156
  757    0.00097    0.00160    0.00202
  758    0.00277    0.00118    0.00077
  759    0.00056    0.00119    0.00168
  760   -0.00056    0.00148    0.00227
  761   -0.00155    0.00127    0.00235
  762   -0.00262    0.00128    0.00277
  763   -0.00054    0.00153    0.00239
  764    0.00017    0.00225    0.00280
  765   -0.00005    0.00295    0.00341
  766    0.00107    0.00199    0.00246
  767   -0.00098    0.00068    0.00179
  768   -0.00159    0.00032    0.00175
  769   -0.00106    0.00023    0.00149
  770   -0.00120   -0.00045    0.00123
  771   -0.00153   -0.00045    0.00124
  772   -0.00242   -0.00048    0.00155
  773   -0.00345    0.00004    0.00215
  774   -0.00210   -0.00086    0.00118
  775   -0.00053    0.00073    0.00157
  776   -0.00005    0.00096    0.00121
  777   -0.00102    0.00105    0.00156
  778   -0.00080    0.00090    0.00126
  779    0.00069    0.00150    0.00107
  780    0.00166    0.00109    0.00065
  781    0.00222    0.00142    0.00042
  782    0.00232    0.00148   -0.00010
  783    0.00241    0.00139    0.00069
  784   -0.00195    0.00145    0.00195
  785   -0.00279    0.00142    0.00217
  786   -0.00309    0.00021    0.00205
  787   -0.00383    0.00030    0.00239
  788   -0.00428    0.00225    0.00301
  789   -0.00443    0.00167    0.00316
  790   -0.00565    0.00166    0.00353
  791   -0.00379    0.00158    0.00313
  792   -0.00284   -0.00032    0.00167
  793   -0.00292   -0.00134    0.00152
  794   -0.00165   -0.00191    0.00087
  795   -0.00184   -0.00238    0.00065
  796   -0.00351   -0.00117    0.00153
  797   -0.00471   -0.00051    0.00205
  798   -0.00474   -0.00067    0.00209
  799   -0.00606    0.00012    0.00260
  800   -0.00570    0.00084    0.00306
  801   -0.00081   -0.00175    0.00068
  802    0.00016   -0.00223    0.00009
  803    0.00072   -0.00198   -0.00037
  804    0.00085   -0.00141   -0.00023
  805    0.00095   -0.00223   -0.00014
  806    0.00077   -0.00264   -0.00032
  807   -0.00027   -0.00248    0.00011
  808    0.00164   -0.00272   -0.00069
  809    0.00131   -0.00274   -0.00089
  810    0.00213   -0.00325   -0.00184
  811    0.00335   -0.00323   -0.00228
  812    0.00368   -0.00334   -0.00208
  813    0.00398   -0.00334   -0.00286
  814    0.00497   -0.00335   -0.00353
  815    0.00587   -0.00388   -0.00424
  816    0.00582   -0.00394   -0.00435
  817    0.00494   -0.00240   -0.00362
  818    0.00439   -0.00183   -0.00300
  819    0.00480   -0.00186   -0.00317
  820    0.00366   -0.00123   -0.00217
  821    0.00450   -0.00143   -0.00261
  822    0.00329   -0.00076   -0.00156
  823    0.00379   -0.00095   -0.00181
  824    0.00659   -0.00420   -0.00464
  825    0.00746   -0.00464   -0.00525
  826    0.00778   -0.00390   -0.00577
  827    0.00735   -0.00322   -0.00579
  828    0.00799   -0.00535   -0.00559
  829    0.00833   -0.00489   -0.00597
  830    0.00896   -0.00566   -0.00644
  831    0.00932   -0.00659   -0.00660
  832    0.00905   -0.00548   -0.00676
  833    0.00873   -0.00419   -0.00648
  834    0.00942   -0.00379   -0.00739
  835    0.00977   -0.00369   -0.00778
  836    0.01032   -0.00440   -0.00809
  837    0.01073   -0.00440   -0.00826
  838    0.01097   -0.00478   -0.00831
  839    0.01015   -0.00517   -0.00725
  840    0.01210   -0.00462   -0.00974
  841    0.00908   -0.00301   -0.00755
  842    0.00915   -0.00290   -0.00791
  843    0.00870   -0.00296   -0.00736
  844    0.00904   -0.00308   -0.00773
  845    0.00809   -0.00269   -0.00677
  846    0.00768   -0.00257   -0.00625
  847    0.00755   -0.00204   -0.00640
  848    0.00715   -0.00160   -0.00636
  849    0.00707   -0.00263   -0.00553
  850    0.00668   -0.00256   -0.00508
  851    0.00750   -0.00248   -0.00688
  852    0.00725   -0.00194   -0.00720
  853    0.00660   -0.00155   -0.00646
  854    0.00645   -0.00087   -0.00648
  855    0.00738   -0.00226   -0.00779
  856    0.00650   -0.00139   -0.00823
  857    0.00801   -0.00250   -0.00859
  858    0.00644   -0.00178   -0.00574
  859    0.00580   -0.00130   -0.00505
  860    0.00563   -0.00061   -0.00454
  861    0.00538   -0.00005   -0.00404
  862    0.00574   -0.00157   -0.00454
  863    0.00520   -0.00112   -0.00357
  864    0.00507   -0.00052   -0.00360
  865    0.00496   -0.00158   -0.00313
  866    0.00578   -0.00085   -0.00462
  867    0.00551   -0.00047   -0.00436
  868    0.00578    0.00001   -0.00439
  869    0.00542    0.00044   -0.00359
  870    0.00581   -0.00090   -0.00453
  871    0.00555   -0.00047   -0.00422
  872    0.00617   -0.00057   -0.00481
  873    0.00630   -0.00110   -0.00512
  874    0.00704   -0.00094   -0.00565
  875    0.00627   -0.00004   -0.00511
  876    0.00638    0.00016   -0.00534
  877    0.00620    0.00084   -0.00494
  878    0.00632    0.00142   -0.00447
  879    0.00682   -0.00001   -0.00641
  880    0.00706    0.00066   -0.00700
  881    0.00756    0.00071   -0.00698
  882    0.00740    0.00083   -0.00646
  883    0.00820    0.00072   -0.00772
  884    0.00603    0.00083   -0.00483
  885    0.00600    0.00129   -0.00444
  886    0.00565    0.00176   -0.00329
  887    0.00569    0.00245   -0.00286
  888    0.00585    0.00079   -0.00447
  889    0.00564    0.00127   -0.00401
  890    0.00577    0.00160   -0.00431
  891    0.00532    0.00148   -0.00319
  892    0.00574    0.00207   -0.00398
  893    0.00543    0.00179   -0.00272
  894    0.00573    0.00204   -0.00308
  895    0.00525    0.00156   -0.00268
  896    0.00480    0.00192   -0.00172
  897    0.00484    0.00221   -0.00129
  898    0.00461    0.00274   -0.00058
  899    0.00428    0.00139   -0.00141
  900    0.00434    0.00098   -0.00164
  901    0.00393    0.00062   -0.00135
  902    0.00438    0.00129   -0.00117
  903    0.00506    0.00185   -0.00204
  904    0.00514    0.00202   -0.00193
  905    0.00550    0.00279   -0.00186
  906    0.00544    0.00330   -0.00119
  907    0.00536    0.00131   -0.00260
  908    0.00555    0.00153   -0.00253
  909    0.00598    0.00288   -0.00244
  910    0.00641    0.00359   -0.00265
  911    0.00628    0.00418   -0.00182
  912    0.00648    0.00492   -0.00143
  913    0.00660    0.00339   -0.00369
  914    0.00684    0.00312   -0.00472
  915    0.00694    0.00305   -0.00573
  916    0.00671    0.00266   -0.00608
  917    0.00735    0.00352   -0.00634
  918    0.00589    0.00393   -0.00159
  919    0.00578    0.00431   -0.00091
  920    0.00541    0.00442    0.00004
  921    0.00537    0.00479    0.00069
  922    0.00574    0.00376   -0.00121
  923    0.00542    0.00310   -0.00133
  924    0.00593    0.00363   -0.00209
  925    0.00501    0.00415    0.00023
  926    0.00455    0.00439    0.00114
  927    0.00462    0.00529    0.00169
  928    0.00413    0.00600    0.00236
  929    0.00422    0.00396    0.00128
  930    0.00334    0.00417    0.00198
  931    0.00314    0.00360    0.00237
  932    0.00350    0.00343    0.00179
  933    0.00221    0.00431    0.00275
  934    0.00493    0.00595    0.00155
  935    0.00495    0.00674    0.00215
  936    0.00528    0.00686    0.00202
  937    0.00522    0.00724    0.00257
  938    0.00531    0.00712    0.00214
  939    0.00579    0.00635    0.00157
  940    0.00617    0.00628    0.00140
  941    0.00579    0.00651    0.00195
  942    0.00527    0.00654    0.00233
  943    0.00634    0.00574    0.00063
  944    0.00657    0.00610    0.00011
  945    0.00665    0.00559   -0.00104
  946    0.00683    0.00596   -0.00160
  947    0.00623    0.00636    0.00175
  948    0.00620    0.00646    0.00215
  949    0.00626    0.00569    0.00185
  950    0.00643    0.00544    0.00124
  951    0.00671    0.00703    0.00239
  952    0.00722    0.00682    0.00214
  953    0.00613    0.00558    0.00222
  954    0.00630    0.00483    0.00200
  955    0.00675    0.00505    0.00131
  956    0.00654    0.00474    0.00060
  957    0.00643    0.00465    0.00286
  958    0.00629    0.00514    0.00376
  959    0.00624    0.00577    0.00332
  960    0.00722    0.00577    0.00148
  961    0.00735    0.00607    0.00073
  962    0.00737    0.00603    0.00009
  963    0.00731    0.00602   -0.00073
  964    0.00792    0.00687    0.00098
  965    0.00868    0.00681    0.00130
  966    0.00881    0.00631    0.00219
  967    0.01008    0.00664    0.00259
  968    0.00811    0.00625    0.00252
  969    0.00745    0.00607    0.00049
  970    0.00745    0.00588    0.00005
  971    0.00694    0.00511   -0.00056
  972    0.00676    0.00498   -0.00146
  973    0.00716    0.00618    0.00030
  974    0.00763    0.00667    0.00058
  975    0.00803    0.00711    0.00060
  976    0.00756    0.00703    0.00060
  977    0.00682    0.00482   -0.00020
  978    0.00644    0.00419   -0.00064
  979    0.00640    0.00402   -0.00135
  980    0.00635    0.00352   -0.00208
  981    0.00613    0.00397   -0.00006
  982    0.00586    0.00424    0.00019
  983    0.00553    0.00424    0.00093
  984    0.00520    0.00473    0.00122
  985    0.00479    0.00542    0.00212
  986    0.00483    0.00539    0.00266
  987    0.00450    0.00580    0.00234
  988    0.00652    0.00428   -0.00128
  989    0.00623    0.00435   -0.00215
  990    0.00631    0.00462   -0.00317
  991    0.00588    0.00445   -0.00397
  992    0.00640    0.00459   -0.00190
  993    0.00668    0.00513   -0.00289
  994    0.00656    0.00574   -0.00382
  995    0.00638    0.00512   -0.00438
  996    0.00614    0.00524   -0.00532
  997    0.00704    0.00639   -0.00334
  998    0.00721    0.00745   -0.00359
  999    0.00745    0.00788   -0.00334
 1000    0.00772    0.00901   -0.00410
 1001    0.00809    0.00985   -0.00383
 1002    0.00628    0.00454   -0.00381
 1003    0.00601    0.00405   -0.00429
 1004    0.00576    0.00339   -0.00485
 1005    0.00554    0.00319   -0.00564
 1006    0.00596    0.00361   -0.00370
 1007    0.00614    0.00418   -0.00318
 1008    0.00574    0.00328   -0.00438
 1009    0.00528    0.00296   -0.00488
 1010    0.00524    0.00346   -0.00588
 1011    0.00500    0.00299   -0.00662
 1012    0.00528    0.00266   -0.00404
 1013    0.00494    0.00207   -0.00424
 1014    0.00471    0.00141   -0.00426
 1015    0.00422    0.00209   -0.00459
 1016    0.00418    0.00090   -0.00479
 1017    0.00379    0.00146   -0.00482
 1018    0.00388    0.00090   -0.00472
 1019    0.00557    0.00409   -0.00585
 1020    0.00531    0.00474   -0.00671
 1021    0.00549    0.00459   -0.00781
 1022    0.00496    0.00473   -0.00874
 1023    0.00568    0.00546   -0.00660
 1024    0.00571    0.00519   -0.00576
 1025    0.00590    0.00612   -0.00536
 1026    0.00629    0.00639   -0.00460
 1027    0.00537    0.00662   -0.00585
 1028    0.00557    0.00434   -0.00752
 1029    0.00564    0.00408   -0.00826
 1030    0.00541    0.00309   -0.00841
 1031    0.00548    0.00294   -0.00871
 1032    0.00577    0.00432   -0.00797
 1033    0.00612    0.00535   -0.00794
 1034    0.00659    0.00568   -0.00710
 1035    0.00688    0.00665   -0.00707
 1036    0.00711    0.00714   -0.00649
 1037    0.00530    0.00283   -0.00804
 1038    0.00496    0.00201   -0.00824
 1039    0.00467    0.00184   -0.00898
 1040    0.00470    0.00186   -0.00850
 1041    0.00527    0.00161   -0.00714
 1042    0.00540    0.00092   -0.00718
 1043    0.00518    0.00046   -0.00774
 1044    0.00551    0.00086   -0.00694
 1045    0.00472    0.00151   -0.01000
 1046    0.00474    0.00130   -0.01060
 1047    0.00426    0.00057   -0.01057
 1048    0.00402    0.00054   -0.01044
 1049    0.00487    0.00169   -0.01191
 1050    0.00491    0.00224   -0.01234
 1051    0.00535    0.00326   -0.01191
 1052    0.00508    0.00345   -0.01106
 1053    0.00547    0.00392   -0.01301
 1054    0.00469    0.00012   -0.01020
 1055    0.00506   -0.00051   -0.01007
 1056    0.00472   -0.00077   -0.00928
 1057    0.00484   -0.00119   -0.00954
 1058    0.00552   -0.00052   -0.00999
 1059    0.00477   -0.00047   -0.00837
 1060    0.00453   -0.00070   -0.00772
 1061    0.00403   -0.00069   -0.00788
 1062    0.00396   -0.00134   -0.00751
 1063    0.00454   -0.00050   -0.00670
 1064    0.00544   -0.00094   -0.00640
 1065    0.00447   -0.00077   -0.00595
 1066    0.00541   -0.00050   -0.00574
 1067    0.00364    0.00005   -0.00841
 1068    0.00339    0.00020   -0.00853
 1069    0.00320    0.00023   -0.00919
 1070    0.00277   -0.00008   -0.00875
 1071    0.00341    0.00160   -0.00905
 1072    0.00333    0.00168   -0.00845
 1073    0.00336    0.00264   -0.00890
 1074    0.00338    0.00354   -0.00915
 1075    0.00423    0.00328   -0.00856
 1076    0.00382   -0.00005   -0.01009
 1077    0.00377   -0.00046   -0.01080
 1078    0.00373   -0.00166   -0.01001
 1079    0.00320   -0.00190   -0.01017
 1080    0.00419   -0.00073   -0.01193
 1081    0.00420   -0.00198   -0.00938
 1082    0.00460   -0.00285   -0.00867
 1083    0.00409   -0.00284   -0.00764
 1084    0.00420   -0.00351   -0.00707
 1085    0.00525   -0.00306   -0.00816
 1086    0.00344   -0.00222   -0.00733
 1087    0.00283   -0.00197   -0.00637
 1088    0.00207   -0.00178   -0.00643
 1089    0.00216   -0.00191   -0.00551
 1090    0.00238   -0.00118   -0.00611
 1091    0.00184   -0.00049   -0.00513
 1092    0.00222   -0.00072   -0.00424
 1093    0.00099    0.00031   -0.00515
 1094    0.00166   -0.00015   -0.00371
 1095    0.00096    0.00058   -0.00405
 1096    0.00161   -0.00135   -0.00752
 1097    0.00086   -0.00054   -0.00734
 1098    0.00113   -0.00113   -0.00789
 1099    0.00078   -0.00068   -0.00718
 1100    0.00059    0.00068   -0.00816
 1101   -0.00018    0.00143   -0.00769
 1102   -0.00029    0.00229   -0.00841
 1103   -0.00011    0.00136   -0.00680
 1104    0.00174   -0.00196   -0.00888
 1105    0.00212   -0.00262   -0.00939
 1106    0.00308   -0.00345   -0.00779
 1107    0.00346   -0.00363   -0.00762
 1108    0.00290   -0.00359   -0.01041
 1109    0.00348   -0.00375   -0.00656
 1110    0.00445   -0.00413   -0.00475
 1111    0.00330   -0.00306   -0.00359
 1112    0.00381   -0.00295   -0.00205
 1113    0.00518   -0.00472   -0.00414
 1114    0.00647   -0.00536   -0.00230
 1115    0.00604   -0.00529   -0.00526
 1116    0.00191   -0.00194   -0.00401
 1117    0.00031   -0.00033   -0.00305
 1118   -0.00155    0.00121   -0.00265
 1119   -0.00323    0.00218   -0.00188
 1120   -0.00051    0.00056   -0.00371
 1121   -0.00271    0.00241   -0.00424
 1122   -0.00651    0.00532   -0.00541
 1123   -0.00319    0.00388   -0.00577
 1124   -0.00421    0.00718   -0.00709
 1125   -0.00819    0.00898   -0.00768
 1126   -0.00734    0.00792   -0.01180
 1127   -0.00197    0.00248   -0.00920
 1128    0.00019   -0.00014   -0.00902
 1129   -0.00139    0.00211   -0.00897
 1130   -0.00021   -0.00021   -0.00483
 1131    0.00303   -0.00266   -0.00213
 1132    0.00423   -0.00251    0.00265
 1133    0.00653   -0.00395    0.00602
 1134    0.00518   -0.00479   -0.00253
 1135    0.00702   -0.00635   -0.00208
 1136    0.00895   -0.00761    0.00166
 1137    0.00903   -0.00733    0.00284
 1138    0.01083   -0.00898    0.00335
 1139    0.00310   -0.00071    0.00310
 1140    0.00464   -0.00027    0.00852
 1141    0.00316    0.00248    0.01532
 1142    0.00564    0.00085    0.02400
 1143   -0.00079    0.00737    0.01208
 1144   -0.00403    0.01396    0.02219
 1145   -0.01125    0.02147    0.01387
 1146   -0.01369    0.02228    0.00374
 1147   -0.00600    0.01859    0.04243
 1148   -0.00294    0.01282    0.03173
 1149   -0.00647    0.01282    0.02011
 1150   -0.01636    0.01930    0.02670
 1151   -0.00520    0.00622    0.00957
 1152   -0.02087    0.03117    0.02834
 1153   -0.04831    0.04964    0.04105
 1154   -0.08178    0.06988    0.07690
 1155   -0.07862    0.08553    0.08972
 1156   -0.04709    0.05601    0.02842
 1157   -0.09802    0.07252    0.07878
 1158   -0.08591    0.08484    0.08898
 1159   -0.10196    0.10730    0.09724
 1160   -0.13455    0.10967    0.09131
 1161   -0.06336    0.06924    0.07617
 1162   -0.03561    0.05440    0.07237
 1163   -0.02740    0.06118    0.08886
 1164   -0.01507    0.04543    0.08736
 1165   -0.01376    0.03808    0.07628
 1166   -0.00808    0.03953    0.06231
 1167   -0.00863    0.02406    0.06690
 1168   -0.08121    0.12184    0.10775
 1169   -0.08967    0.15006    0.11844
 1170   -0.07879    0.13247    0.10731
 1171   -0.08758    0.13795    0.10990
 1172   -0.07435    0.18110    0.14061
 1173   -0.06302    0.10815    0.09462
 1174   -0.05551    0.08747    0.08383
 1175   -0.07419    0.07602    0.08079
 1176   -0.06966    0.06868    0.08095
 1177   -0.03507    0.06627    0.07467
 1178   -0.03582    0.04526    0.06437
 1179   -0.02964    0.03928    0.06221
 1180   -0.03742    0.03255    0.05441
 1181   -0.08814    0.07288    0.07871
 1182   -0.10530    0.06144    0.08301
 1183   -0.09301    0.03681    0.08241
 1184   -0.08756    0.02445    0.08359
 1185   -0.14222    0.08681    0.08546
 1186   -0.08664    0.03370    0.07995
 1187   -0.08325    0.01355    0.07237
 1188   -0.06293    0.00354    0.05801
 1189   -0.06159   -0.00616    0.05381
 1190   -0.08821    0.01515    0.07298
 1191   -0.09365   -0.00537    0.06551
 1192   -0.07587   -0.01186    0.05060
 1193   -0.06464   -0.00352    0.04645
 1194   -0.04255   -0.00812    0.03275
 1195   -0.05208    0.01393    0.05188
 1196   -0.03362    0.01129    0.03631
 1197   -0.02841    0.00567    0.02901
 1198   -0.02665    0.00938    0.03373
 1199   -0.02400    0.02145    0.03085
 1200   -0.01256    0.01561    0.01309
 1201   -0.03200    0.03123    0.03728
 1202   -0.03007   -0.00047    0.02044
 1203   -0.02743   -0.00280    0.01325
 1204   -0.01346   -0.00348    0.00522
 1205   -0.00875   -0.00511    0.00317
 1206   -0.03544   -0.00786    0.01200
 1207   -0.04939   -0.01100    0.02093
 1208   -0.04651   -0.01056    0.02034
 1209   -0.06165   -0.01764    0.02933
 1210   -0.00809   -0.00202    0.00279
 1211   -0.00211   -0.00278    0.00009
 1212   -0.00148   -0.00375   -0.00203
 1213   -0.00357   -0.00371   -0.00191
 1214    0.00114    0.00054    0.00073
 1215    0.00073    0.00406    0.00307
 1216    0.00263    0.00563    0.00010
 1217   -0.00084    0.00875    0.00967
 1218    0.00280    0.00958    0.00061
 1219   -0.00176    0.01539    0.01624
 1220   -0.00051    0.01382    0.00649
 1221    0.00079   -0.00471   -0.00282
 1222    0.00066   -0.00433   -0.00301
 1223    0.00214   -0.00367   -0.00289
 1224    0.00274   -0.00321   -0.00320
 1225    0.00113   -0.00718   -0.00288
 1226    0.00254   -0.00472   -0.00248
 1227    0.00290   -0.00254   -0.00185
 1228    0.00355   -0.00418   -0.00232
 1229    0.00412   -0.00177   -0.00118
 1230    0.00420   -0.00271   -0.00149
 1231    0.00254   -0.00216   -0.00244
 1232    0.00266   -0.00221   -0.00250
 1233    0.00290   -0.00216   -0.00233
 1234    0.00315   -0.00203   -0.00195
 1235    0.00260   -0.00173   -0.00205
 1236    0.00263   -0.00180   -0.00204
 1237    0.00248   -0.00130   -0.00137
 1238    0.00285   -0.00219   -0.00246
 1239    0.00248   -0.00120   -0.00086
 1240    0.00298   -0.00228   -0.00191
 1241    0.00294   -0.00201   -0.00130
 1242    0.00277   -0.00231   -0.00253
 1243    0.00284   -0.00205   -0.00203
 1244    0.00233   -0.00194   -0.00200
 1245    0.00204   -0.00221   -0.00236
 1246    0.00306   -0.00226   -0.00204
 1247    0.00308   -0.00292   -0.00307
 1248    0.00356   -0.00257   -0.00184
 1249    0.00329   -0.00314   -0.00341
 1250    0.00212   -0.00156   -0.00135
 1251    0.00144   -0.00160   -0.00109
 1252    0.00090   -0.00130   -0.00066
 1253    0.00117   -0.00077   -0.00011
 1254    0.00163   -0.00128   -0.00073
 1255    0.00088   -0.00137   -0.00058
 1256    0.00105   -0.00186   -0.00098
 1257    0.00092   -0.00076    0.00005
 1258    0.00003   -0.00158   -0.00093
 1259   -0.00091   -0.00127   -0.00053
 1260   -0.00174   -0.00104    0.00007
 1261   -0.00197   -0.00147   -0.00018
 1262   -0.00163   -0.00161   -0.00132
 1263   -0.00080   -0.00204   -0.00194
 1264   -0.00027   -0.00252   -0.00287
 1265   -0.00046   -0.00182   -0.00164
 1266    0.00074   -0.00267   -0.00346
 1267    0.00046   -0.00229   -0.00229
 1268    0.00097   -0.00272   -0.00332
 1269   -0.00208   -0.00040    0.00090
 1270   -0.00274   -0.00009    0.00156
 1271   -0.00372    0.00062    0.00238
 1272   -0.00339    0.00113    0.00272
 1273   -0.00166    0.00016    0.00173
 1274   -0.00198    0.00017    0.00188
 1275   -0.00145   -0.00021    0.00142
 1276   -0.00289    0.00076    0.00263
 1277   -0.00494    0.00074    0.00274
 1278   -0.00609    0.00154    0.00363
 1279   -0.00587    0.00238    0.00441
 1280   -0.00574    0.00225    0.00425
 1281   -0.00774    0.00138    0.00364
 1282   -0.00920    0.00198    0.00425
 1283   -0.00916    0.00285    0.00520
 1284   -0.01016    0.00136    0.00378
 1285   -0.00565    0.00303    0.00515
 1286   -0.00533    0.00390    0.00584
 1287   -0.00617    0.00462    0.00712
 1288   -0.00600    0.00472    0.00739
 1289   -0.00369    0.00399    0.00594
 1290   -0.00355    0.00479    0.00674
 1291   -0.00280    0.00307    0.00474
 1292   -0.00709    0.00524    0.00770
 1293   -0.00801    0.00586    0.00915
 1294   -0.00902    0.00568    0.00894
 1295   -0.00944    0.00632    0.00999
 1296   -0.00710    0.00636    0.01024
 1297   -0.00785    0.00721    0.01183
 1298   -0.00935    0.00726    0.01249
 1299   -0.00690    0.00796    0.01257
 1300   -0.00969    0.00510    0.00803
 1301   -0.01071    0.00472    0.00770
 1302   -0.00985    0.00424    0.00712
 1303   -0.01051    0.00401    0.00698
 1304   -0.00832    0.00418    0.00677
 1305   -0.00739    0.00372    0.00619
 1306   -0.00651    0.00288    0.00506
 1307   -0.00601    0.00277    0.00496
 1308   -0.00621    0.00445    0.00698
 1309   -0.00685    0.00519    0.00793
 1310   -0.00678    0.00502    0.00781
 1311   -0.00762    0.00597    0.00906
 1312   -0.00746    0.00574    0.00885
 1313   -0.00796    0.00635    0.00963
 1314   -0.00623    0.00220    0.00421
 1315   -0.00532    0.00136    0.00312
 1316   -0.00361    0.00155    0.00318
 1317   -0.00308    0.00186    0.00349
 1318   -0.00567    0.00048    0.00219
 1319   -0.00476   -0.00033    0.00100
 1320   -0.00521   -0.00069    0.00058
 1321   -0.00496   -0.00094    0.00026
 1322   -0.00279    0.00142    0.00296
 1323   -0.00128    0.00159    0.00302
 1324   -0.00045    0.00080    0.00197
 1325   -0.00068    0.00039    0.00148
 1326   -0.00096    0.00224    0.00383
 1327   -0.00127    0.00322    0.00502
 1328   -0.00034    0.00362    0.00544
 1329   -0.00262    0.00374    0.00571
 1330   -0.00064    0.00457    0.00656
 1331   -0.00292    0.00460    0.00684
 1332   -0.00190    0.00508    0.00731
 1333   -0.00224    0.00595    0.00845
 1334    0.00047    0.00054    0.00160
 1335    0.00130   -0.00006    0.00072
 1336    0.00222    0.00030    0.00118
 1337    0.00292    0.00079    0.00178
 1338    0.00196   -0.00067    0.00003
 1339    0.00280   -0.00135   -0.00080
 1340    0.00369   -0.00204   -0.00155
 1341    0.00464   -0.00249   -0.00181
 1342    0.00342   -0.00228   -0.00206
 1343    0.00228    0.00011    0.00088
 1344    0.00291    0.00044    0.00112
 1345    0.00343   -0.00008    0.00051
 1346    0.00322   -0.00054   -0.00012
 1347    0.00263    0.00066    0.00127
 1348    0.00199    0.00121    0.00195
 1349    0.00157    0.00113    0.00185
 1350    0.00242    0.00202    0.00286
 1351    0.00415    0.00012    0.00072
 1352    0.00466   -0.00029    0.00041
 1353    0.00530    0.00035    0.00080
 1354    0.00586    0.00078    0.00127
 1355    0.00504   -0.00107    0.00014
 1356    0.00536   -0.00193   -0.00022
 1357    0.00557   -0.00333   -0.00046
 1358    0.00545   -0.00151   -0.00010
 1359    0.00534    0.00017    0.00056
 1360    0.00580    0.00090    0.00092
 1361    0.00656    0.00111    0.00082
 1362    0.00683    0.00168    0.00099
 1363    0.00657    0.00031    0.00041
 1364    0.00778    0.00001    0.00058
 1365    0.00864   -0.00048    0.00131
 1366    0.00989   -0.00086    0.00204
 1367    0.00745   -0.00109    0.00024
 1368    0.00674   -0.00071    0.00025
 1369    0.00667   -0.00224    0.00003
 1370    0.00744   -0.00300    0.00004
 1371    0.00772   -0.00767    0.00125
 1372    0.00806   -0.00769    0.00067
 1373    0.00831   -0.00976    0.00098
 1374    0.00818   -0.00018    0.00135
 1375    0.00862   -0.00008    0.00231
 1376    0.00854    0.00113    0.00286
 1377    0.00738    0.00196    0.00252
 1378    0.00763   -0.00006    0.00222
 1379    0.00773   -0.00151    0.00157
 1380    0.00940   -0.00243    0.00148
 1381    0.00899   -0.00090    0.00213
 1382    0.00974    0.00133    0.00400
 1383    0.00898    0.00295    0.00426
 1384    0.00803    0.00366    0.00485
 1385    0.00855    0.00415    0.00543
 1386    0.01105    0.00207    0.00511
 1387    0.01294    0.00054    0.00557
 1388    0.01168   -0.00051    0.00435
 1389    0.00740    0.00304    0.00494
 1390    0.00676    0.00344    0.00540
 1391    0.00595    0.00284    0.00470
 1392    0.00634    0.00195    0.00399
 1393    0.00773    0.00384    0.00692
 1394    0.00896    0.00313    0.00689
 1395    0.00844    0.00243    0.00599
 1396    0.01073    0.00322    0.00764
 1397    0.00928    0.00171    0.00556
 1398    0.01239    0.00201    0.00759
 1399    0.01135    0.00130    0.00630
 1400    0.00507    0.00329    0.00483
 1401    0.00423    0.00293    0.00434
 1402    0.00408    0.00258    0.00440
 1403    0.00442    0.00306    0.00519
 1404    0.00340    0.00337    0.00490
 1405    0.00407    0.00391    0.00542
 1406    0.00506    0.00407    0.00577
 1407    0.00332    0.00194    0.00343
 1408    0.00285    0.00185    0.00304
 1409    0.00141    0.00211    0.00336
 1410    0.00073    0.00168    0.00287
 1411    0.00330    0.00084    0.00155
 1412    0.00292    0.00060    0.00100
 1413    0.00469    0.00048    0.00138
 1414    0.00086    0.00283    0.00413
 1415   -0.00066    0.00306    0.00464
 1416   -0.00130    0.00252    0.00395
 1417   -0.00122    0.00250    0.00370
 1418   -0.00098    0.00409    0.00592
 1419   -0.00251    0.00454    0.00671
 1420   -0.00338    0.00409    0.00630
 1421   -0.00296    0.00536    0.00777
 1422   -0.00221    0.00188    0.00339
 1423   -0.00255    0.00117    0.00260
 1424   -0.00449    0.00159    0.00338
 1425   -0.00548    0.00105    0.00279
 1426   -0.00227    0.00023    0.00146
 1427   -0.00071   -0.00037    0.00044
 1428    0.00017   -0.00086   -0.00051
 1429    0.00007   -0.00065    0.00014
 1430    0.00144   -0.00147   -0.00123
 1431    0.00140   -0.00126   -0.00075
 1432   -0.00499    0.00245    0.00455
 1433   -0.00656    0.00285    0.00521
 1434   -0.00768    0.00290    0.00540
 1435   -0.00713    0.00286    0.00523
 1436   -0.00928    0.00313    0.00577
 1437   -0.01048    0.00318    0.00595
 1438   -0.01076    0.00220    0.00485
 1439   -0.01069    0.00151    0.00396
 1440   -0.01215    0.00377    0.00675
 1441   -0.01095    0.00228    0.00495
 1442   -0.01139    0.00137    0.00396
 1443   -0.01240    0.00163    0.00434
 1444   -0.01210    0.00234    0.00508
 1445   -0.00991    0.00082    0.00322
 1446   -0.01026   -0.00003    0.00222
 1447   -0.01371    0.00106    0.00376
 1448   -0.01482    0.00124    0.00396
 1449   -0.01417    0.00065    0.00328
 1450   -0.01317    0.00002    0.00237
 1451   -0.01672    0.00106    0.00376
 1452   -0.01788    0.00115    0.00390
 1453   -0.01448    0.00109    0.00366
 1454   -0.01354    0.00079    0.00312
 1455   -0.01398   -0.00033    0.00194
 1456   -0.01295   -0.00122    0.00116
 1457   -0.01382    0.00148    0.00380
 1458   -0.01291    0.00221    0.00472
 1459   -0.01078    0.00180    0.00420
 1460   -0.00980    0.00107    0.00350
 1461   -0.01017    0.00184    0.00459
 1462   -0.01573   -0.00037    0.00180
 1463   -0.01674   -0.00157    0.00067
 1464   -0.01623   -0.00246   -0.00012
 1465   -0.01590   -0.00361   -0.00116
 1466   -0.01896   -0.00158    0.00079
 1467   -0.02003   -0.00040    0.00156
 1468   -0.01823    0.00031    0.00202
 1469   -0.02380   -0.00028    0.00207
 1470   -0.01589   -0.00181    0.00037
 1471   -0.01534   -0.00240   -0.00028
 1472   -0.01341   -0.00245   -0.00045
 1473   -0.01270   -0.00259   -0.00071
 1474   -0.01604   -0.00187    0.00033
 1475   -0.01508   -0.00091    0.00143
 1476   -0.01829   -0.00188    0.00062
 1477   -0.01257   -0.00233   -0.00019
 1478   -0.01067   -0.00205   -0.00019
 1479   -0.01008   -0.00286   -0.00136
 1480   -0.00895   -0.00284   -0.00148
 1481   -0.00986   -0.00182    0.00025
 1482   -0.00813   -0.00146    0.00049
 1483   -0.00751   -0.00081    0.00106
 1484   -0.00745   -0.00095    0.00108
 1485   -0.01068   -0.00377   -0.00228
 1486   -0.01005   -0.00451   -0.00347
 1487   -0.01041   -0.00461   -0.00416
 1488   -0.00908   -0.00462   -0.00467
 1489   -0.01089   -0.00540   -0.00415
 1490   -0.00971   -0.00531   -0.00337
 1491   -0.01102   -0.00573   -0.00369
 1492   -0.00792   -0.00546   -0.00381
 1493   -0.01195   -0.00463   -0.00409
 1494   -0.01217   -0.00493   -0.00459
 1495   -0.01082   -0.00408   -0.00359
 1496   -0.01000   -0.00447   -0.00411
 1497   -0.01417   -0.00518   -0.00430
 1498   -0.01473   -0.00579   -0.00483
 1499   -0.01676   -0.00580   -0.00426
 1500   -0.01844   -0.00673   -0.00544
 1501   -0.02067   -0.00698   -0.00501
 1502   -0.01049   -0.00316   -0.00235
 1503   -0.00912   -0.00250   -0.00167
 1504   -0.00722   -0.00268   -0.00229
 1505   -0.00603   -0.00256   -0.00239
 1506   -0.00940   -0.00186   -0.00029
 1507   -0.01090   -0.00140    0.00048
 1508   -0.01080   -0.00055    0.00153
 1509   -0.01227   -0.00184    0.00002
 1510   -0.00685   -0.00290   -0.00264
 1511   -0.00517   -0.00296   -0.00312
 1512   -0.00453   -0.00352   -0.00471
 1513   -0.00304   -0.00350   -0.00507
 1514   -0.00479   -0.00277   -0.00277
 1515   -0.00591   -0.00422   -0.00543
 1516   -0.00562   -0.00483   -0.00721
 1517   -0.00494   -0.00478   -0.00729
 1518   -0.00366   -0.00485   -0.00850
 1519   -0.00741   -0.00609   -0.00783
 1520   -0.00577   -0.00450   -0.00634
 1521   -0.00491   -0.00416   -0.00608
 1522   -0.00237   -0.00358   -0.00594
 1523   -0.00068   -0.00353   -0.00657
 1524   -0.00608   -0.00360   -0.00447
 1525   -0.00569   -0.00341   -0.00428
 1526   -0.00710   -0.00283   -0.00294
 1527   -0.00745   -0.00282   -0.00300
 1528   -0.00902   -0.00359   -0.00387
 1529   -0.00203   -0.00323   -0.00526
 1530   -0.00016   -0.00306   -0.00513
 1531    0.00094   -0.00362   -0.00667
 1532    0.00287   -0.00365   -0.00743
 1533   -0.00040   -0.00264   -0.00373
 1534    0.00125   -0.00270   -0.00380
 1535   -0.00165   -0.00209   -0.00221
 1536   -0.00009   -0.00375   -0.00717
 1537    0.00073   -0.00366   -0.00866
 1538    0.00179   -0.00351   -0.01063
 1539    0.00306   -0.00318   -0.01179
 1540   -0.00036   -0.00405   -0.00869
 1541   -0.00034   -0.00361   -0.00666
 1542    0.00092   -0.00359   -0.01095
 1543    0.00168   -0.00336   -0.01269
 1544    0.00444   -0.00331   -0.01283
 1545    0.00584   -0.00306   -0.01495
 1546   -0.00082   -0.00513   -0.01200
 1547   -0.00339   -0.00655   -0.01190
 1548   -0.00519   -0.00766   -0.01206
 1549   -0.00567   -0.00661   -0.01074
 1550   -0.00797   -0.00711   -0.00967
 1551   -0.00934   -0.00772   -0.00977
 1552   -0.00857   -0.00633   -0.00835
 1553    0.00485   -0.00404   -0.01109
 1554    0.00751   -0.00433   -0.01133
 1555    0.00839   -0.00428   -0.01206
 1556    0.00986   -0.00505   -0.01314
 1557    0.00721   -0.00453   -0.00923
 1558    0.00577   -0.00418   -0.00808
 1559    0.00516   -0.00413   -0.00620
 1560    0.00477   -0.00402   -0.00584
 1561    0.00465   -0.00404   -0.00568
 1562    0.00710   -0.00422   -0.01111
 1563    0.00729   -0.00425   -0.01126
 1564    0.00798   -0.00365   -0.01324
 1565    0.00887   -0.00417   -0.01362
 1566    0.00602   -0.00387   -0.00984
 1567    0.00587   -0.00428   -0.00816
 1568    0.00523   -0.00410   -0.00738
 1569    0.00616   -0.00500   -0.00726
 1570    0.00480   -0.00403   -0.00598
 1571    0.00590   -0.00502   -0.00592
 1572    0.00521   -0.00421   -0.00536
 1573    0.00700   -0.00275   -0.01459
 1574    0.00777   -0.00126   -0.01673
 1575    0.00942   -0.00215   -0.01850
 1576    0.01026   -0.00196   -0.01971
 1577    0.00603   -0.00013   -0.01748
 1578    0.00437    0.00001   -0.01623
 1579    0.00664    0.00211   -0.01986
 1580    0.00999   -0.00302   -0.01820
 1581    0.01211   -0.00373   -0.01971
 1582    0.01383   -0.00534   -0.01921
 1583    0.01565   -0.00609   -0.02065
 1584    0.01183   -0.00399   -0.01901
 1585    0.01020   -0.00323   -0.01972
 1586    0.00977   -0.00350   -0.01821
 1587    0.01149   -0.00404   -0.01845
 1588    0.00692   -0.00361   -0.01661
 1589    0.01252   -0.00600   -0.01690
 1590    0.01323   -0.00760   -0.01620
 1591    0.01373   -0.00769   -0.01650
 1592    0.01479   -0.00932   -0.01683
 1593    0.01257   -0.00821   -0.01391
 1594    0.01274   -0.00833   -0.01328
 1595    0.01164   -0.00872   -0.01226
 1596    0.01042   -0.00817   -0.01055
 1597    0.00953   -0.00713   -0.00917
 1598    0.00960   -0.00676   -0.00893
 1599    0.00877   -0.00665   -0.00786
 1600    0.01277   -0.00611   -0.01684
 1601    0.01238   -0.00590   -0.01689
 1602    0.01236   -0.00413   -0.01925
 1603    0.01102   -0.00224   -0.01929
 1604    0.01081   -0.00554   -0.01468
 1605    0.01053   -0.00706   -0.01278
 1606    0.01183   -0.00909   -0.01274
 1607    0.01219   -0.01032   -0.01230
 1608    0.01234   -0.00939   -0.01297
 1609    0.01391   -0.00460   -0.02142
 1610    0.01406   -0.00305   -0.02515
 1611    0.01323   -0.00132   -0.02599
 1612    0.01208    0.00130   -0.02730
 1613    0.01619   -0.00439   -0.02714
 1614    0.01360   -0.00271   -0.02556
 1615    0.01301   -0.00143   -0.02567
 1616    0.01106    0.00082   -0.02211
 1617    0.01053    0.00362   -0.02168
 1618    0.01041   -0.00000   -0.01925
 1619    0.00864    0.00163   -0.01638
 1620    0.00775    0.00446   -0.01622
 1621    0.00841    0.00442   -0.01748
 1622    0.00856   -0.00025   -0.01430
 1623    0.00718    0.00152   -0.01117
 1624    0.00642    0.00476   -0.00914
 1625    0.00456    0.00807   -0.00724
 1626    0.00699    0.00243   -0.00978
 1627    0.00673    0.00715   -0.01392
 1628    0.00636    0.01002   -0.01345
 1629    0.00607    0.01103   -0.00964
 1630    0.00642    0.01236   -0.00938
 1631    0.00721    0.01471   -0.01311
 1632    0.00883    0.02165   -0.01130
 1633    0.00873    0.01445   -0.01620
 1634    0.00504    0.01030   -0.00737
 1635    0.00440    0.01076   -0.00526
 1636    0.00422    0.00780   -0.00541
 1637    0.00424    0.00660   -0.00440
 1638    0.00238    0.01380    0.00045
 1639    0.00441    0.00697   -0.00661
 1640    0.00435    0.00399   -0.00650
 1641    0.00363    0.00421   -0.00625
 1642    0.00270    0.00255   -0.00735
 1643    0.00476    0.00195   -0.00876
 1644    0.00539    0.00116   -0.01005
 1645    0.00629    0.00169   -0.01154
 1646    0.00560   -0.00058   -0.00938
 1647    0.00729    0.00014   -0.01267
 1648    0.00642   -0.00170   -0.01053
 1649    0.00730   -0.00172   -0.01204
 1650    0.00270    0.00067   -0.00478
 1651    0.00249   -0.00272   -0.00537
 1652    0.00184   -0.00384   -0.00545
 1653    0.00188   -0.00216   -0.00463
 1654    0.00191   -0.00099   -0.00372
 1655    0.00231    0.00216   -0.00322
 1656    0.00156   -0.00565   -0.00488
 1657    0.00154   -0.00508   -0.00391
 1658    0.00143   -0.00582   -0.00315
 1659    0.00115   -0.00668   -0.00324
 1660    0.00116   -0.00478   -0.00405
 1661    0.00134   -0.00497   -0.00268
 1662    0.00108   -0.00528   -0.00254
 1663    0.00042   -0.00473   -0.00248
 1664    0.00021   -0.00476   -0.00252
 1665    0.00225   -0.00514   -0.00198
 1666    0.00258   -0.00593   -0.00167
 1667    0.00272   -0.00469   -0.00189
 1668   -0.00063   -0.00581   -0.00272
 1669   -0.00138   -0.00549   -0.00240
 1670   -0.00101   -0.00517   -0.00206
 1671   -0.00067   -0.00553   -0.00221
 1672   -0.00280   -0.00563   -0.00259
 1673   -0.00085   -0.00433   -0.00159
 1674   -0.00064   -0.00432   -0.00139
 1675   -0.00195   -0.00415   -0.00116
 1676   -0.00270   -0.00368   -0.00072
 1677    0.00008   -0.00361   -0.00113
 1678    0.00032   -0.00348   -0.00091
 1679    0.00129   -0.00391   -0.00123
 1680    0.00041   -0.00280   -0.00072
 1681   -0.00216   -0.00475   -0.00107
 1682   -0.00352   -0.00475   -0.00092
 1683   -0.00354   -0.00511   -0.00090
 1684   -0.00235   -0.00572   -0.00123
 1685   -0.00467   -0.00535   -0.00129
 1686   -0.00391   -0.00632   -0.00213
 1687   -0.00499   -0.00512   -0.00071
 1688   -0.00530   -0.00541   -0.00084
 1689   -0.00631   -0.00658   -0.00150
 1690   -0.00755   -0.00713   -0.00167
 1691   -0.00619   -0.00481   -0.00010
 1692   -0.00608   -0.00462   -0.00001
 1693   -0.00746   -0.00392    0.00063
 1694   -0.00679   -0.00405    0.00074
 1695   -0.00713   -0.00294    0.00096
 1696   -0.00592   -0.00744   -0.00219
 1697   -0.00694   -0.00880   -0.00329
 1698   -0.00853   -0.00980   -0.00339
 1699   -0.01083   -0.01110   -0.00326
 1700   -0.00588   -0.00995   -0.00444
 1701   -0.00798   -0.00979   -0.00341
 1702   -0.01108   -0.01278   -0.00371
 1703   -0.01616   -0.02020   -0.00780
 1704   -0.02271   -0.02470   -0.00780
 1705   -0.01384   -0.01169   -0.00149
