    1    0.00542    0.00668   -0.00777
    2    0.00477    0.00633   -0.00850
    3    0.00452    0.00561   -0.00745
    4    0.00503    0.00494   -0.00658
    5    0.00447    0.00581   -0.00925
    6    0.00369    0.00581   -0.01046
    7    0.00405    0.00517   -0.01083
    8    0.00255    0.00511   -0.01120
    9    0.00350    0.00533   -0.00736
   10    0.00303    0.00463   -0.00630
   11    0.00269    0.00418   -0.00660
   12    0.00287    0.00411   -0.00728
   13    0.00258    0.00560   -0.00565
   14    0.00254    0.00699   -0.00623
   15    0.00138    0.00960   -0.00530
   16    0.00317    0.00910   -0.00563
   17    0.00154    0.00907   -0.00460
   18    0.00246    0.00340   -0.00600
   19    0.00263    0.00262   -0.00622
   20    0.00242    0.00280   -0.00591
   21    0.00209    0.00361   -0.00578
   22    0.00267    0.00139   -0.00585
   23    0.00323    0.00108   -0.00595
   24    0.00361    0.00011   -0.00545
   25    0.00378    0.00078   -0.00669
   26    0.00233    0.00207   -0.00601
   27    0.00213    0.00235   -0.00551
   28    0.00174    0.00226   -0.00433
   29    0.00198    0.00137   -0.00438
   30    0.00075    0.00260   -0.00589
   31    0.00116    0.00237   -0.00736
   32   -0.00072    0.00317   -0.00756
   33    0.00021    0.00244   -0.00912
   34   -0.00068    0.00406   -0.01050
   35   -0.00035    0.00180   -0.00237
   36   -0.00061    0.00042   -0.00110
   37   -0.00015    0.00076   -0.00186
   38   -0.00226    0.00212   -0.00251
   39   -0.00544   -0.00063    0.00065
   40   -0.00780   -0.00101    0.00079
   41   -0.00397    0.00318   -0.00098
   42    0.00196   -0.00034   -0.00167
   43    0.00264   -0.00069   -0.00193
   44    0.00186   -0.00077   -0.00068
   45    0.00251   -0.00091   -0.00019
   46    0.00349   -0.00151   -0.00229
   47    0.00437   -0.00227   -0.00207
   48    0.00446   -0.00274   -0.00260
   49    0.00395   -0.00283   -0.00376
   50    0.00273   -0.00020   -0.00009
   51    0.00567    0.00018    0.00236
   52    0.00666   -0.00122    0.00131
   53    0.00729   -0.00192    0.00093
   54    0.00673    0.00072    0.00378
   55    0.00956    0.00232    0.00820
   56    0.00997    0.00263    0.01558
   57    0.00857    0.00160    0.01391
   58    0.00974    0.00337    0.02070
   59    0.00685   -0.00138    0.00156
   60    0.00661   -0.00224    0.00096
   61    0.00770   -0.00272    0.00142
   62    0.00681   -0.00333    0.00073
   63    0.00482   -0.00232   -0.00010
   64    0.00380   -0.00355   -0.00172
   65    0.00549   -0.00085    0.00055
   66    0.00296   -0.00337   -0.00250
   67    0.00821   -0.00329    0.00135
   68    0.00714   -0.00465    0.00185
   69    0.00643   -0.00557    0.00135
   70    0.00663   -0.00546    0.00072
   71    0.01004   -0.00385    0.00571
   72    0.00811   -0.00496    0.00581
   73    0.00733   -0.00615    0.00584
   74    0.00851   -0.00500    0.00612
   75    0.00592   -0.00616    0.00154
   76    0.00527   -0.00647    0.00062
   77    0.00586   -0.00700    0.00065
   78    0.00596   -0.00684   -0.00020
   79    0.00399   -0.00692   -0.00010
   80    0.00420   -0.00701    0.00142
   81    0.00493   -0.00613    0.00134
   82    0.00693   -0.00730    0.00219
   83    0.00804   -0.00755    0.00220
   84    0.00796   -0.00741    0.00154
   85    0.00719   -0.00781   -0.00082
   86    0.00892   -0.00729    0.00420
   87    0.00835   -0.00930    0.00106
   88    0.00871   -0.01008    0.00141
   89    0.01027   -0.00945    0.00527
   90    0.00918   -0.01041    0.00061
   91    0.00740   -0.00684    0.00119
   92    0.00692   -0.00644   -0.00025
   93    0.00669   -0.00617   -0.00117
   94    0.00623   -0.00619   -0.00256
   95    0.00704   -0.00517   -0.00010
   96    0.00798   -0.00557    0.00113
   97    0.00808   -0.00380    0.00202
   98    0.00535   -0.00290   -0.00091
   99    0.00661   -0.00556   -0.00088
  100    0.00607   -0.00532   -0.00164
  101    0.00638   -0.00560   -0.00179
  102    0.00591   -0.00538   -0.00240
  103    0.00572   -0.00499   -0.00128
  104    0.00551   -0.00424   -0.00104
  105    0.00585   -0.00398   -0.00090
  106    0.00503   -0.00431   -0.00108
  107    0.00665   -0.00612   -0.00148
  108    0.00662   -0.00653   -0.00162
  109    0.00632   -0.00663   -0.00269
  110    0.00615   -0.00668   -0.00306
  111    0.00725   -0.00702   -0.00105
  112    0.00624   -0.00682   -0.00107
  113    0.00496   -0.00611   -0.00183
  114    0.00606   -0.00720   -0.00051
  115    0.00697   -0.00705   -0.00301
  116    0.00676   -0.00752   -0.00419
  117    0.00637   -0.00697   -0.00498
  118    0.00645   -0.00706   -0.00571
  119    0.00698   -0.00778   -0.00437
  120    0.00746   -0.00882   -0.00405
  121    0.00741   -0.00891   -0.00480
  122    0.00824   -0.00995   -0.00440
  123    0.00862   -0.01034   -0.00288
  124    0.00614   -0.00619   -0.00448
  125    0.00570   -0.00559   -0.00465
  126    0.00582   -0.00542   -0.00449
  127    0.00559   -0.00495   -0.00470
  128    0.00533   -0.00492   -0.00420
  129    0.00496   -0.00411   -0.00448
  130    0.00527   -0.00481   -0.00401
  131    0.00577   -0.00546   -0.00392
  132    0.00530   -0.00522   -0.00361
  133    0.00546   -0.00577   -0.00396
  134    0.00526   -0.00520   -0.00379
  135    0.00496   -0.00509   -0.00279
  136    0.00445   -0.00457   -0.00222
  137    0.00403   -0.00466   -0.00194
  138    0.00420   -0.00392   -0.00202
  139    0.00581   -0.00667   -0.00426
  140    0.00586   -0.00709   -0.00459
  141    0.00619   -0.00688   -0.00539
  142    0.00615   -0.00637   -0.00529
  143    0.00607   -0.00806   -0.00471
  144    0.00656   -0.00862   -0.00515
  145    0.00647   -0.00656   -0.00588
  146    0.00663   -0.00611   -0.00644
  147    0.00646   -0.00509   -0.00584
  148    0.00673   -0.00477   -0.00623
  149    0.00627   -0.00583   -0.00696
  150    0.00673   -0.00647   -0.00799
  151    0.00620   -0.00598   -0.00781
  152    0.00647   -0.00648   -0.00832
  153    0.00641   -0.00635   -0.00923
  154    0.00592   -0.00574   -0.00973
  155    0.00636   -0.00706   -0.00999
  156    0.00612   -0.00471   -0.00522
  157    0.00609   -0.00381   -0.00488
  158    0.00597   -0.00358   -0.00447
  159    0.00589   -0.00290   -0.00415
  160    0.00569   -0.00339   -0.00443
  161    0.00555   -0.00323   -0.00476
  162    0.00528   -0.00277   -0.00407
  163    0.00572   -0.00284   -0.00510
  164    0.00580   -0.00420   -0.00433
  165    0.00543   -0.00414   -0.00398
  166    0.00466   -0.00390   -0.00339
  167    0.00436   -0.00351   -0.00308
  168    0.00439   -0.00424   -0.00316
  169    0.00355   -0.00410   -0.00260
  170    0.00313   -0.00462   -0.00265
  171    0.00357   -0.00537   -0.00281
  172    0.00351   -0.00393   -0.00227
  173    0.00268   -0.00384   -0.00168
  174    0.00379   -0.00331   -0.00225
  175    0.00258   -0.00433   -0.00231
  176    0.00196   -0.00472   -0.00242
  177    0.00102   -0.00473   -0.00204
  178    0.00087   -0.00419   -0.00149
  179    0.00198   -0.00472   -0.00262
  180    0.00052   -0.00509   -0.00230
  181   -0.00021   -0.00484   -0.00195
  182   -0.00027   -0.00483   -0.00190
  183    0.00026   -0.00551   -0.00246
  184   -0.00114   -0.00499   -0.00154
  185   -0.00139   -0.00559   -0.00179
  186   -0.00131   -0.00525   -0.00137
  187   -0.00185   -0.00540   -0.00137
  188   -0.00228   -0.00596   -0.00177
  189   -0.00316   -0.00546   -0.00112
  190   -0.00449   -0.00617   -0.00116
  191   -0.00470   -0.00687   -0.00162
  192   -0.00544   -0.00552   -0.00056
  193   -0.00087   -0.00475   -0.00115
  194   -0.00070   -0.00437   -0.00085
  195    0.00018   -0.00476   -0.00144
  196    0.00108   -0.00487   -0.00164
  197   -0.00074   -0.00376   -0.00047
  198   -0.00183   -0.00326   -0.00007
  199   -0.00218   -0.00325    0.00002
  200   -0.00264   -0.00288    0.00017
  201   -0.00306   -0.00273    0.00051
  202   -0.00339   -0.00261    0.00055
  203   -0.00282   -0.00285    0.00018
  204   -0.00431   -0.00231    0.00079
  205   -0.00377   -0.00264    0.00045
  206   -0.00453   -0.00233    0.00075
  207   -0.00002   -0.00485   -0.00164
  208    0.00094   -0.00520   -0.00190
  209    0.00096   -0.00514   -0.00176
  210   -0.00022   -0.00515   -0.00169
  211    0.00100   -0.00579   -0.00195
  212    0.00020   -0.00623   -0.00205
  213   -0.00147   -0.00641   -0.00232
  214   -0.00219   -0.00717   -0.00275
  215   -0.00313   -0.00699   -0.00280
  216   -0.00380   -0.00767   -0.00335
  217   -0.00357   -0.00641   -0.00232
  218    0.00220   -0.00525   -0.00200
  219    0.00203   -0.00529   -0.00193
  220    0.00190   -0.00562   -0.00199
  221    0.00245   -0.00606   -0.00163
  222    0.00358   -0.00508   -0.00166
  223    0.00336   -0.00473   -0.00158
  224    0.00395   -0.00471   -0.00150
  225    0.00248   -0.00416   -0.00164
  226    0.00352   -0.00415   -0.00169
  227    0.00231   -0.00378   -0.00163
  228    0.00284   -0.00368   -0.00154
  229    0.00099   -0.00593   -0.00235
  230    0.00040   -0.00655   -0.00265
  231    0.00032   -0.00648   -0.00279
  232    0.00023   -0.00620   -0.00275
  233   -0.00121   -0.00703   -0.00303
  234   -0.00179   -0.00793   -0.00339
  235   -0.00116   -0.00682   -0.00253
  236    0.00031   -0.00699   -0.00283
  237    0.00026   -0.00722   -0.00269
  238   -0.00134   -0.00861   -0.00414
  239   -0.00251   -0.00876   -0.00486
  240    0.00017   -0.00821   -0.00275
  241    0.00149   -0.00854   -0.00204
  242    0.00196   -0.00894   -0.00094
  243    0.00209   -0.00818   -0.00184
  244   -0.00120   -0.00879   -0.00413
  245   -0.00251   -0.00906   -0.00500
  246   -0.00274   -0.01023   -0.00558
  247   -0.00168   -0.01016   -0.00525
  248   -0.00220   -0.00788   -0.00453
  249   -0.00371   -0.00837   -0.00607
  250   -0.00210   -0.00699   -0.00394
  251   -0.00423   -0.01117   -0.00787
  252   -0.00465   -0.01237   -0.00834
  253   -0.00505   -0.01251   -0.00909
  254   -0.00499   -0.01326   -0.00902
  255   -0.00554   -0.01334   -0.00980
  256   -0.00547   -0.01292   -0.00924
  257   -0.00678   -0.01320   -0.00995
  258   -0.00401   -0.01346   -0.00892
  259   -0.00553   -0.01219   -0.00964
  260   -0.00544   -0.01249   -0.01047
  261   -0.00551   -0.01103   -0.01008
  262   -0.00558   -0.00988   -0.00857
  263   -0.00553   -0.01136   -0.01034
  264   -0.00592   -0.00986   -0.00953
  265   -0.00736   -0.01001   -0.00922
  266   -0.00762   -0.00899   -0.00864
  267   -0.00458   -0.00871   -0.00937
  268   -0.00232   -0.00627   -0.00854
  269   -0.00134   -0.00496   -0.00954
  270   -0.00258   -0.00610   -0.00785
  271   -0.00848   -0.01092   -0.00987
  272   -0.01020   -0.01086   -0.00978
  273   -0.01118   -0.01031   -0.00935
  274   -0.01039   -0.01036   -0.00913
  275   -0.01113   -0.01221   -0.01089
  276   -0.01145   -0.01314   -0.01153
  277   -0.00982   -0.01367   -0.01202
  278   -0.00979   -0.01514   -0.01278
  279   -0.00877   -0.01290   -0.01119
  280   -0.01279   -0.01003   -0.00914
  281   -0.01382   -0.00956   -0.00879
  282   -0.01410   -0.01037   -0.00929
  283   -0.01394   -0.00984   -0.00875
  284   -0.01573   -0.00894   -0.00886
  285   -0.01572   -0.00777   -0.00792
  286   -0.01453   -0.00780   -0.00736
  287   -0.01462   -0.00854   -0.00804
  288   -0.01350   -0.00715   -0.00618
  289   -0.01453   -0.01167   -0.01023
  290   -0.01488   -0.01250   -0.01082
  291   -0.01291   -0.01234   -0.01044
  292   -0.01307   -0.01282   -0.01071
  293   -0.01615   -0.01412   -0.01201
  294   -0.01146   -0.01187   -0.01004
  295   -0.00993   -0.01167   -0.00956
  296   -0.00936   -0.01042   -0.00857
  297   -0.00858   -0.01010   -0.00799
  298   -0.00874   -0.01237   -0.01009
  299   -0.00887   -0.01360   -0.01096
  300   -0.00986   -0.00960   -0.00809
  301   -0.00953   -0.00842   -0.00702
  302   -0.01058   -0.00818   -0.00674
  303   -0.01011   -0.00747   -0.00595
  304   -0.00976   -0.00793   -0.00678
  305   -0.00858   -0.00796   -0.00710
  306   -0.00901   -0.00759   -0.00689
  307   -0.00700   -0.00736   -0.00656
  308   -0.01222   -0.00898   -0.00768
  309   -0.01317   -0.00853   -0.00758
  310   -0.01257   -0.00895   -0.00769
  311   -0.01280   -0.00825   -0.00744
  312   -0.01128   -0.00951   -0.00784
  313   -0.01069   -0.00981   -0.00786
  314   -0.00916   -0.00889   -0.00668
  315   -0.00835   -0.00864   -0.00607
  316   -0.01056   -0.01110   -0.00853
  317   -0.00993   -0.01090   -0.00852
  318   -0.00862   -0.00760   -0.00573
  319   -0.00720   -0.00692   -0.00466
  320   -0.00751   -0.00639   -0.00384
  321   -0.00870   -0.00650   -0.00431
  322   -0.00641   -0.00660   -0.00421
  323   -0.00532   -0.00579   -0.00309
  324   -0.00572   -0.00726   -0.00465
  325   -0.00710   -0.00647   -0.00335
  326   -0.00772   -0.00632   -0.00317
  327   -0.00796   -0.00570   -0.00246
  328   -0.00707   -0.00524   -0.00202
  329   -0.00651   -0.00638   -0.00253
  330   -0.00600   -0.00698   -0.00317
  331   -0.00597   -0.00689   -0.00334
  332   -0.00892   -0.00575   -0.00223
  333   -0.00935   -0.00529   -0.00136
  334   -0.00874   -0.00491   -0.00066
  335   -0.00885   -0.00546   -0.00068
  336   -0.01101   -0.00526   -0.00141
  337   -0.00831   -0.00416   -0.00015
  338   -0.00798   -0.00371   -0.00007
  339   -0.00673   -0.00366   -0.00019
  340   -0.00590   -0.00374   -0.00025
  341   -0.00810   -0.00265    0.00056
  342   -0.00771   -0.00269    0.00076
  343   -0.00818   -0.00358    0.00032
  344   -0.00672   -0.00366   -0.00037
  345   -0.00553   -0.00366   -0.00051
  346   -0.00513   -0.00293   -0.00006
  347   -0.00593   -0.00250   -0.00005
  348   -0.00567   -0.00398   -0.00114
  349   -0.00398   -0.00248    0.00011
  350   -0.00369   -0.00185    0.00049
  351   -0.00288   -0.00179    0.00030
  352   -0.00290   -0.00123    0.00058
  353   -0.00301   -0.00165    0.00073
  354   -0.00187   -0.00197    0.00024
  355   -0.00233   -0.00229   -0.00024
  356   -0.00148   -0.00218   -0.00048
  357   -0.00117   -0.00284   -0.00101
  358   -0.00099   -0.00339   -0.00120
  359   -0.00047   -0.00207   -0.00044
  360   -0.00109   -0.00279   -0.00121
  361   -0.00087   -0.00333   -0.00177
  362    0.00018   -0.00325   -0.00186
  363    0.00039   -0.00275   -0.00156
  364   -0.00169   -0.00348   -0.00216
  365   -0.00164   -0.00406   -0.00301
  366   -0.00174   -0.00458   -0.00313
  367   -0.00252   -0.00409   -0.00369
  368    0.00079   -0.00337   -0.00199
  369    0.00171   -0.00325   -0.00203
  370    0.00202   -0.00325   -0.00244
  371    0.00179   -0.00345   -0.00254
  372    0.00240   -0.00315   -0.00201
  373    0.00299   -0.00287   -0.00202
  374    0.00265   -0.00262   -0.00170
  375    0.00352   -0.00311   -0.00193
  376    0.00219   -0.00299   -0.00278
  377    0.00229   -0.00302   -0.00331
  378    0.00278   -0.00287   -0.00311
  379    0.00296   -0.00294   -0.00297
  380    0.00211   -0.00321   -0.00365
  381    0.00256   -0.00333   -0.00444
  382    0.00226   -0.00339   -0.00492
  383    0.00274   -0.00350   -0.00490
  384    0.00297   -0.00245   -0.00311
  385    0.00353   -0.00195   -0.00277
  386    0.00375   -0.00171   -0.00303
  387    0.00383   -0.00115   -0.00326
  388    0.00335   -0.00181   -0.00222
  389    0.00331   -0.00136   -0.00131
  390    0.00322   -0.00123   -0.00049
  391    0.00304   -0.00002   -0.00057
  392    0.00386   -0.00222   -0.00327
  393    0.00420   -0.00238   -0.00397
  394    0.00403   -0.00277   -0.00361
  395    0.00358   -0.00366   -0.00292
  396    0.00452   -0.00334   -0.00495
  397    0.00443   -0.00447   -0.00464
  398    0.00471   -0.00557   -0.00472
  399    0.00390   -0.00440   -0.00423
  400    0.00452   -0.00633   -0.00414
  401    0.00387   -0.00470   -0.00364
  402    0.00410   -0.00567   -0.00353
  403    0.00453   -0.00215   -0.00392
  404    0.00469   -0.00267   -0.00324
  405    0.00405   -0.00620   -0.00366
  406    0.00472   -0.00714   -0.00479
  407    0.00564   -0.00141   -0.00408
  408    0.00563   -0.00237   -0.00568
  409    0.00482   -0.00175   -0.00504
  410    0.00218   -0.00881   -0.00310
  411    0.00221   -0.01124   -0.00274
  412    0.00235   -0.01308   -0.00326
  413    0.00046   -0.01425   -0.00076
  414   -0.00064   -0.01309   -0.00186
  415    0.00036   -0.01317   -0.00048
  416    0.00246   -0.01064   -0.00126
  417   -0.00222   -0.01154    0.00047
  418    0.00505   -0.01133   -0.00419
  419    0.00604   -0.01284   -0.00461
  420    0.00800   -0.01269   -0.00400
  421    0.00803   -0.01246   -0.00338
  422    0.00712   -0.01097   -0.00592
  423    0.00761   -0.01056   -0.00656
  424    0.00650   -0.00864   -0.00596
  425    0.00900   -0.01394   -0.00435
  426    0.01012   -0.01535   -0.00410
  427    0.01060   -0.01527   -0.00517
  428    0.01107   -0.01577   -0.00456
  429    0.01131   -0.01740   -0.00418
  430    0.01018   -0.01459   -0.00650
  431    0.00999   -0.01430   -0.00750
  432    0.00935   -0.01334   -0.00676
  433    0.00955   -0.01354   -0.00695
  434    0.01004   -0.01379   -0.00888
  435    0.00987   -0.01313   -0.00996
  436    0.01026   -0.01422   -0.01044
  437    0.01082   -0.01567   -0.01104
  438    0.00963   -0.01356   -0.01041
  439    0.00882   -0.01233   -0.00597
  440    0.00816   -0.01144   -0.00533
  441    0.00852   -0.01168   -0.00410
  442    0.00836   -0.01111   -0.00409
  443    0.00726   -0.01007   -0.00489
  444    0.00649   -0.00886   -0.00434
  445    0.00596   -0.00852   -0.00301
  446    0.00621   -0.00828   -0.00470
  447    0.00556   -0.00731   -0.00280
  448    0.00538   -0.00711   -0.00368
  449    0.00914   -0.01235   -0.00300
  450    0.00975   -0.01221   -0.00191
  451    0.01082   -0.01331   -0.00236
  452    0.01165   -0.01254   -0.00213
  453    0.00995   -0.01286   -0.00085
  454    0.00974   -0.01190   -0.00013
  455    0.00832   -0.01080   -0.00032
  456    0.00755   -0.00965   -0.00044
  457    0.00810   -0.01103    0.00020
  458    0.01115   -0.01433   -0.00385
  459    0.01163   -0.01510   -0.00482
  460    0.01072   -0.01395   -0.00530
  461    0.01114   -0.01410   -0.00514
  462    0.01175   -0.01648   -0.00648
  463    0.01294   -0.01856   -0.00628
  464    0.01385   -0.01877   -0.00494
  465    0.01327   -0.01989   -0.00759
  466    0.00971   -0.01279   -0.00589
  467    0.00874   -0.01161   -0.00646
  468    0.00869   -0.01054   -0.00524
  469    0.00838   -0.00999   -0.00524
  470    0.00811   -0.01086   -0.00710
  471    0.00721   -0.00941   -0.00667
  472    0.00658   -0.00882   -0.00709
  473    0.00690   -0.00840   -0.00577
  474    0.00566   -0.00760   -0.00655
  475    0.00604   -0.00700   -0.00526
  476    0.00546   -0.00671   -0.00557
  477    0.00891   -0.00991   -0.00406
  478    0.00859   -0.00811   -0.00312
  479    0.00937   -0.00813   -0.00227
  480    0.00883   -0.00689   -0.00172
  481    0.00862   -0.00770   -0.00220
  482    0.00733   -0.00693   -0.00247
  483    0.00666   -0.00539   -0.00222
  484    0.00579   -0.00494   -0.00213
  485    0.00512   -0.00390   -0.00207
  486    0.00491   -0.00337   -0.00198
  487    0.00460   -0.00371   -0.00203
  488    0.01057   -0.00960   -0.00195
  489    0.01161   -0.00981   -0.00112
  490    0.01116   -0.00956   -0.00164
  491    0.01148   -0.00837   -0.00083
  492    0.01315   -0.01179   -0.00055
  493    0.01073   -0.01066   -0.00302
  494    0.01008   -0.01035   -0.00373
  495    0.00875   -0.00854   -0.00370
  496    0.00837   -0.00785   -0.00346
  497    0.00984   -0.01191   -0.00578
  498    0.00806   -0.00802   -0.00380
  499    0.00694   -0.00651   -0.00361
  500    0.00709   -0.00497   -0.00168
  501    0.00620   -0.00401   -0.00135
  502    0.00642   -0.00633   -0.00367
  503    0.00539   -0.00507   -0.00308
  504    0.00508   -0.00422   -0.00270
  505    0.00560   -0.00443   -0.00257
  506    0.00413   -0.00335   -0.00243
  507    0.00811   -0.00464   -0.00084
  508    0.00862   -0.00337    0.00057
  509    0.00865   -0.00331    0.00114
  510    0.00814   -0.00210    0.00202
  511    0.01002   -0.00376    0.00102
  512    0.00990   -0.00384    0.00091
  513    0.01099   -0.00288    0.00238
  514    0.01072   -0.00497    0.00097
  515    0.00942   -0.00466    0.00045
  516    0.00991   -0.00514    0.00094
  517    0.00842   -0.00470    0.00022
  518    0.00838   -0.00408    0.00085
  519    0.01126   -0.00687    0.00039
  520    0.01345   -0.00759    0.00183
  521    0.01362   -0.00750    0.00146
  522    0.01294   -0.00627    0.00172
  523    0.01535   -0.00999    0.00155
  524    0.00724   -0.00485   -0.00107
  525    0.00580   -0.00437   -0.00191
  526    0.00462   -0.00267   -0.00096
  527    0.00367   -0.00195   -0.00080
  528    0.00505   -0.00510   -0.00377
  529    0.00421   -0.00561   -0.00560
  530    0.00278   -0.00434   -0.00554
  531    0.00165   -0.00326   -0.00475
  532    0.00296   -0.00461   -0.00585
  533    0.00460   -0.00197    0.00002
  534    0.00349   -0.00036    0.00115
  535    0.00376    0.00079    0.00259
  536    0.00242    0.00206    0.00342
  537    0.00372    0.00026    0.00163
  538    0.00283    0.00011    0.00077
  539    0.00278   -0.00167   -0.00087
  540    0.00322    0.00030    0.00121
  541    0.00531    0.00021    0.00317
  542    0.00587    0.00110    0.00462
  543    0.00531    0.00292    0.00592
  544    0.00577    0.00311    0.00615
  545    0.00523    0.00106    0.00424
  546    0.00577   -0.00078    0.00261
  547    0.00522   -0.00079    0.00204
  548    0.00491   -0.00214   -0.00013
  549    0.00671   -0.00399   -0.00082
  550    0.00434    0.00436    0.00663
  551    0.00383    0.00622    0.00774
  552    0.00177    0.00673    0.00721
  553    0.00035    0.00934    0.00824
  554    0.00151    0.00552    0.00611
  555    0.00012    0.00540    0.00566
  556    0.00020    0.00628    0.00647
  557    0.00134    0.00635    0.00689
  558    0.00003    0.00421    0.00439
  559    0.00139    0.00369    0.00418
  560    0.00125    0.00300    0.00337
  561    0.00211    0.00289    0.00359
  562    0.00021    0.00251    0.00264
  563   -0.00096    0.00674    0.00674
  564   -0.00090    0.00748    0.00747
  565   -0.00066    0.00649    0.00680
  566   -0.00124    0.00569    0.00604
  567   -0.00234    0.00792    0.00791
  568   -0.00279    0.00815    0.00823
  569   -0.00201    0.00903    0.00902
  570   -0.00128    0.00999    0.00983
  571   -0.00206    0.00888    0.00906
  572    0.00024    0.00679    0.00716
  573    0.00050    0.00631    0.00667
  574    0.00010    0.00721    0.00739
  575    0.00055    0.00816    0.00819
  576    0.00182    0.00587    0.00642
  577    0.00207    0.00546    0.00594
  578    0.00230    0.00500    0.00579
  579   -0.00070    0.00679    0.00708
  580   -0.00116    0.00733    0.00769
  581   -0.00018    0.00745    0.00775
  582    0.00047    0.00664    0.00698
  583   -0.00221    0.00676    0.00732
  584   -0.00296    0.00731    0.00796
  585    0.00000    0.00843    0.00862
  586    0.00083    0.00832    0.00867
  587    0.00049    0.00756    0.00809
  588    0.00130    0.00700    0.00749
  589    0.00088    0.00992    0.01015
  590    0.00027    0.01100    0.01090
  591   -0.00075    0.00946    0.00961
  592   -0.00064    0.00733    0.00802
  593   -0.00078    0.00675    0.00737
  594   -0.00023    0.00573    0.00621
  595   -0.00010    0.00501    0.00546
  596   -0.00221    0.00728    0.00775
  597   -0.00308    0.00814    0.00897
  598   -0.00440    0.00822    0.00923
  599   -0.00421    0.00845    0.00825
  600   -0.00554    0.00868    0.00843
  601    0.00023    0.00547    0.00596
  602    0.00089    0.00460    0.00501
  603    0.00210    0.00457    0.00452
  604    0.00272    0.00507    0.00477
  605    0.00094    0.00445    0.00482
  606    0.00146    0.00360    0.00400
  607   -0.00025    0.00456    0.00506
  608    0.00228    0.00402    0.00385
  609    0.00326    0.00384    0.00338
  610    0.00369    0.00340    0.00303
  611    0.00346    0.00269    0.00252
  612    0.00314    0.00335    0.00289
  613    0.00381    0.00325    0.00246
  614    0.00423    0.00272    0.00191
  615    0.00397    0.00352    0.00254
  616    0.00477    0.00264    0.00144
  617    0.00459    0.00353    0.00208
  618    0.00493    0.00300    0.00147
  619    0.00548    0.00293    0.00087
  620    0.00427    0.00374    0.00321
  621    0.00453    0.00307    0.00292
  622    0.00526    0.00315    0.00262
  623    0.00551    0.00368    0.00287
  624    0.00452    0.00334    0.00335
  625    0.00480    0.00287    0.00307
  626    0.00459    0.00210    0.00245
  627    0.00543    0.00306    0.00333
  628    0.00501    0.00161    0.00214
  629    0.00581    0.00251    0.00303
  630    0.00561    0.00185    0.00244
  631    0.00548    0.00254    0.00207
  632    0.00614    0.00258    0.00165
  633    0.00644    0.00213    0.00150
  634    0.00613    0.00160    0.00135
  635    0.00614    0.00232    0.00114
  636    0.00665    0.00261    0.00071
  637    0.00652    0.00198   -0.00017
  638    0.00588    0.00155   -0.00021
  639    0.00700    0.00247    0.00146
  640    0.00736    0.00206    0.00137
  641    0.00735    0.00189    0.00064
  642    0.00719    0.00223    0.00010
  643    0.00793    0.00269    0.00147
  644    0.00819    0.00254    0.00149
  645    0.00810    0.00304    0.00206
  646    0.00783    0.00250    0.00232
  647    0.00830    0.00184    0.00192
  648    0.00731    0.00138    0.00049
  649    0.00709    0.00108   -0.00008
  650    0.00741    0.00158   -0.00030
  651    0.00819    0.00153   -0.00019
  652    0.00686    0.00042   -0.00011
  653    0.00663    0.00011   -0.00076
  654    0.00640   -0.00027   -0.00095
  655    0.00590   -0.00033   -0.00091
  656    0.00650   -0.00011   -0.00138
  657    0.00724    0.00188   -0.00096
  658    0.00766    0.00243   -0.00142
  659    0.00681    0.00275   -0.00225
  660    0.00676    0.00334   -0.00235
  661    0.00832    0.00359   -0.00171
  662    0.00818    0.00354   -0.00180
  663    0.00890    0.00377   -0.00078
  664    0.00636    0.00221   -0.00255
  665    0.00557    0.00255   -0.00340
  666    0.00547    0.00219   -0.00320
  667    0.00535    0.00136   -0.00293
  668    0.00536    0.00213   -0.00398
  669    0.00620    0.00235   -0.00380
  670    0.00491    0.00226   -0.00479
  671    0.00641    0.00211   -0.00464
  672    0.00516    0.00304   -0.00363
  673    0.00287    0.00420   -0.00335
  674    0.00208    0.00396   -0.00397
  675    0.00241    0.00370   -0.00464
  676    0.00099    0.00314   -0.00391
  677    0.00125    0.00166   -0.00381
  678    0.00248    0.00123   -0.00386
  679    0.00249    0.00104   -0.00386
  680    0.00140    0.00307   -0.00420
  681   -0.00005    0.00349   -0.00334
  682   -0.00260    0.00315   -0.00263
  683    0.00050    0.00357   -0.00349
  684    0.00311    0.00058   -0.00324
  685    0.00353    0.00009   -0.00340
  686    0.00432   -0.00065   -0.00246
  687    0.00449   -0.00085   -0.00247
  688    0.00450    0.00044   -0.00352
  689    0.00523    0.00041   -0.00269
  690    0.00453   -0.00072   -0.00204
  691    0.00465   -0.00097   -0.00172
  692    0.00433   -0.00132   -0.00171
  693    0.00429   -0.00152   -0.00166
  694    0.00429   -0.00142   -0.00142
  695    0.00245   -0.00196   -0.00244
  696    0.00402   -0.00160   -0.00192
  697    0.00418   -0.00194   -0.00209
  698    0.00446   -0.00199   -0.00224
  699    0.00442   -0.00218   -0.00211
  700    0.00436   -0.00173   -0.00267
  701    0.00461   -0.00166   -0.00285
  702    0.00463   -0.00133   -0.00225
  703    0.00458   -0.00138   -0.00218
  704    0.00453   -0.00150   -0.00345
  705    0.00422   -0.00192   -0.00405
  706    0.00478   -0.00125   -0.00346
  707    0.00472   -0.00106   -0.00199
  708    0.00473   -0.00084   -0.00136
  709    0.00441   -0.00093   -0.00108
  710    0.00428   -0.00060   -0.00074
  711    0.00498   -0.00071   -0.00115
  712    0.00529   -0.00030   -0.00132
  713    0.00575    0.00047   -0.00097
  714    0.00594    0.00067   -0.00013
  715    0.00421   -0.00135   -0.00131
  716    0.00379   -0.00156   -0.00130
  717    0.00366   -0.00162   -0.00128
  718    0.00320   -0.00146   -0.00099
  719    0.00393   -0.00192   -0.00159
  720    0.00390   -0.00216   -0.00158
  721    0.00389   -0.00162   -0.00130
  722    0.00343   -0.00157   -0.00103
  723    0.00434   -0.00264   -0.00209
  724    0.00429   -0.00329   -0.00214
  725    0.00452   -0.00325   -0.00190
  726    0.00481   -0.00377   -0.00256
  727    0.00419   -0.00114   -0.00139
  728    0.00417   -0.00054   -0.00100
  729    0.00366   -0.00019   -0.00031
  730    0.00335    0.00008    0.00005
  731    0.00464   -0.00008   -0.00105
  732    0.00493   -0.00040   -0.00181
  733    0.00465    0.00054   -0.00055
  734    0.00527   -0.00000   -0.00198
  735    0.00362   -0.00024   -0.00017
  736    0.00316    0.00008    0.00036
  737    0.00242   -0.00011    0.00036
  738    0.00189    0.00031    0.00083
  739    0.00322   -0.00007    0.00028
  740    0.00380    0.00033    0.00053
  741    0.00415    0.00005    0.00026
  742    0.00417    0.00101    0.00100
  743    0.00468    0.00042    0.00061
  744    0.00470    0.00111    0.00100
  745    0.00240   -0.00073   -0.00014
  746    0.00175   -0.00098   -0.00013
  747    0.00153   -0.00076    0.00012
  748    0.00083   -0.00060    0.00048
  749    0.00183   -0.00168   -0.00063
  750    0.00211   -0.00088   -0.00011
  751    0.00199   -0.00076    0.00002
  752    0.00184   -0.00006    0.00062
  753    0.00119    0.00020    0.00097
  754    0.00273   -0.00116   -0.00052
  755    0.00269   -0.00107   -0.00046
  756    0.00284   -0.00208   -0.00100
  757    0.00233    0.00035    0.00065
  758    0.00232    0.00106    0.00125
  759    0.00151    0.00143    0.00184
  760    0.00131    0.00191    0.00229
  761    0.00295    0.00143    0.00131
  762    0.00105    0.00127    0.00181
  763    0.00017    0.00161    0.00226
  764   -0.00074    0.00129    0.00228
  765   -0.00161    0.00164    0.00266
  766    0.00014    0.00161    0.00227
  767    0.00070    0.00224    0.00262
  768    0.00044    0.00298    0.00322
  769    0.00150    0.00194    0.00229
  770   -0.00046    0.00071    0.00182
  771   -0.00105    0.00041    0.00175
  772   -0.00081    0.00024    0.00167
  773   -0.00072   -0.00050    0.00126
  774   -0.00116   -0.00030    0.00127
  775   -0.00169   -0.00025    0.00140
  776   -0.00251    0.00010    0.00183
  777   -0.00132   -0.00054    0.00107
  778   -0.00064    0.00071    0.00203
  779   -0.00041    0.00078    0.00193
  780   -0.00127    0.00080    0.00223
  781   -0.00131    0.00067    0.00209
  782    0.00021    0.00139    0.00205
  783    0.00101    0.00116    0.00185
  784    0.00158    0.00156    0.00186
  785    0.00186    0.00138    0.00142
  786    0.00177    0.00203    0.00233
  787   -0.00195    0.00092    0.00256
  788   -0.00278    0.00096    0.00277
  789   -0.00311    0.00013    0.00238
  790   -0.00370    0.00015    0.00254
  791   -0.00383    0.00169    0.00330
  792   -0.00395    0.00140    0.00321
  793   -0.00493    0.00143    0.00338
  794   -0.00315    0.00125    0.00290
  795   -0.00285   -0.00037    0.00185
  796   -0.00306   -0.00102    0.00154
  797   -0.00208   -0.00174    0.00109
  798   -0.00231   -0.00219    0.00081
  799   -0.00316   -0.00106    0.00136
  800   -0.00407   -0.00071    0.00164
  801   -0.00389   -0.00027    0.00190
  802   -0.00489    0.00003    0.00210
  803   -0.00484    0.00061    0.00254
  804   -0.00122   -0.00166    0.00092
  805   -0.00051   -0.00205    0.00032
  806   -0.00016   -0.00180    0.00025
  807   -0.00018   -0.00112    0.00063
  808    0.00021   -0.00197    0.00020
  809    0.00002   -0.00245   -0.00006
  810   -0.00067   -0.00219    0.00029
  811    0.00094   -0.00245   -0.00036
  812    0.00008   -0.00243   -0.00035
  813    0.00059   -0.00252   -0.00064
  814    0.00149   -0.00266   -0.00115
  815    0.00195   -0.00295   -0.00115
  816    0.00207   -0.00268   -0.00146
  817    0.00287   -0.00272   -0.00197
  818    0.00326   -0.00319   -0.00240
  819    0.00291   -0.00322   -0.00224
  820    0.00326   -0.00198   -0.00189
  821    0.00298   -0.00150   -0.00143
  822    0.00341   -0.00169   -0.00168
  823    0.00243   -0.00094   -0.00074
  824    0.00330   -0.00127   -0.00124
  825    0.00226   -0.00048   -0.00031
  826    0.00273   -0.00071   -0.00057
  827    0.00393   -0.00352   -0.00296
  828    0.00445   -0.00379   -0.00333
  829    0.00490   -0.00313   -0.00347
  830    0.00482   -0.00254   -0.00327
  831    0.00495   -0.00451   -0.00394
  832    0.00561   -0.00420   -0.00427
  833    0.00608   -0.00509   -0.00498
  834    0.00602   -0.00573   -0.00504
  835    0.00655   -0.00501   -0.00524
  836    0.00540   -0.00332   -0.00387
  837    0.00605   -0.00276   -0.00412
  838    0.00676   -0.00271   -0.00458
  839    0.00725   -0.00335   -0.00518
  840    0.00657   -0.00327   -0.00459
  841    0.00649   -0.00204   -0.00422
  842    0.00699   -0.00191   -0.00465
  843    0.00683   -0.00207   -0.00452
  844    0.00729   -0.00221   -0.00504
  845    0.00619   -0.00191   -0.00403
  846    0.00610   -0.00204   -0.00391
  847    0.00623   -0.00158   -0.00400
  848    0.00598   -0.00100   -0.00361
  849    0.00528   -0.00215   -0.00333
  850    0.00512   -0.00205   -0.00309
  851    0.00651   -0.00188   -0.00460
  852    0.00662   -0.00137   -0.00477
  853    0.00619   -0.00097   -0.00406
  854    0.00628   -0.00036   -0.00391
  855    0.00685   -0.00165   -0.00557
  856    0.00660   -0.00107   -0.00559
  857    0.00737   -0.00184   -0.00626
  858    0.00584   -0.00137   -0.00371
  859    0.00540   -0.00091   -0.00304
  860    0.00510   -0.00027   -0.00238
  861    0.00505    0.00036   -0.00183
  862    0.00514   -0.00134   -0.00289
  863    0.00481   -0.00087   -0.00213
  864    0.00507   -0.00050   -0.00225
  865    0.00438   -0.00135   -0.00196
  866    0.00498   -0.00044   -0.00239
  867    0.00456    0.00000   -0.00188
  868    0.00499    0.00066   -0.00158
  869    0.00468    0.00114   -0.00071
  870    0.00460   -0.00034   -0.00195
  871    0.00408    0.00009   -0.00133
  872    0.00435   -0.00001   -0.00148
  873    0.00419   -0.00057   -0.00184
  874    0.00445   -0.00047   -0.00200
  875    0.00561    0.00071   -0.00207
  876    0.00598    0.00131   -0.00184
  877    0.00606    0.00167   -0.00168
  878    0.00628    0.00252   -0.00092
  879    0.00657    0.00114   -0.00273
  880    0.00718    0.00198   -0.00250
  881    0.00713    0.00209   -0.00209
  882    0.00663    0.00192   -0.00169
  883    0.00809    0.00276   -0.00216
  884    0.00607    0.00142   -0.00192
  885    0.00613    0.00176   -0.00154
  886    0.00569    0.00220   -0.00061
  887    0.00579    0.00286   -0.00010
  888    0.00613    0.00107   -0.00199
  889    0.00621    0.00150   -0.00168
  890    0.00664    0.00173   -0.00176
  891    0.00586    0.00158   -0.00119
  892    0.00671    0.00202   -0.00155
  893    0.00610    0.00181   -0.00086
  894    0.00661    0.00202   -0.00107
  895    0.00512    0.00185   -0.00052
  896    0.00454    0.00210    0.00031
  897    0.00446    0.00256    0.00085
  898    0.00391    0.00278    0.00155
  899    0.00394    0.00155    0.00030
  900    0.00405    0.00113   -0.00008
  901    0.00358    0.00064   -0.00013
  902    0.00422    0.00144    0.00020
  903    0.00490    0.00266    0.00049
  904    0.00482    0.00315    0.00094
  905    0.00544    0.00393    0.00120
  906    0.00537    0.00455    0.00191
  907    0.00491    0.00268    0.00055
  908    0.00513    0.00320    0.00088
  909    0.00612    0.00394    0.00065
  910    0.00682    0.00462    0.00074
  911    0.00681    0.00509    0.00124
  912    0.00715    0.00578    0.00161
  913    0.00732    0.00433   -0.00019
  914    0.00758    0.00413   -0.00070
  915    0.00768    0.00358   -0.00170
  916    0.00739    0.00313   -0.00210
  917    0.00827    0.00368   -0.00211
  918    0.00634    0.00465    0.00122
  919    0.00630    0.00489    0.00165
  920    0.00576    0.00504    0.00242
  921    0.00569    0.00519    0.00274
  922    0.00647    0.00427    0.00115
  923    0.00591    0.00360    0.00082
  924    0.00682    0.00405    0.00054
  925    0.00520    0.00505    0.00265
  926    0.00459    0.00519    0.00333
  927    0.00450    0.00607    0.00395
  928    0.00402    0.00627    0.00428
  929    0.00412    0.00493    0.00355
  930    0.00317    0.00488    0.00393
  931    0.00272    0.00438    0.00410
  932    0.00284    0.00470    0.00435
  933    0.00223    0.00364    0.00399
  934    0.00494    0.00668    0.00415
  935    0.00486    0.00749    0.00477
  936    0.00556    0.00760    0.00455
  937    0.00561    0.00820    0.00496
  938    0.00478    0.00840    0.00539
  939    0.00604    0.00693    0.00395
  940    0.00667    0.00674    0.00377
  941    0.00641    0.00671    0.00388
  942    0.00578    0.00660    0.00400
  943    0.00706    0.00627    0.00306
  944    0.00740    0.00661    0.00288
  945    0.00771    0.00598    0.00190
  946    0.00804    0.00637    0.00169
  947    0.00698    0.00670    0.00375
  948    0.00689    0.00651    0.00375
  949    0.00702    0.00569    0.00325
  950    0.00727    0.00543    0.00284
  951    0.00749    0.00702    0.00401
  952    0.00816    0.00696    0.00381
  953    0.00683    0.00540    0.00328
  954    0.00694    0.00459    0.00286
  955    0.00757    0.00467    0.00235
  956    0.00765    0.00433    0.00174
  957    0.00677    0.00434    0.00320
  958    0.00641    0.00478    0.00390
  959    0.00660    0.00559    0.00395
  960    0.00813    0.00521    0.00266
  961    0.00863    0.00550    0.00212
  962    0.00896    0.00554    0.00186
  963    0.00922    0.00530    0.00123
  964    0.00944    0.00618    0.00252
  965    0.00966    0.00598    0.00259
  966    0.00932    0.00575    0.00315
  967    0.00910    0.00498    0.00307
  968    0.00882    0.00611    0.00356
  969    0.00889    0.00584    0.00231
  970    0.00895    0.00578    0.00218
  971    0.00847    0.00510    0.00162
  972    0.00850    0.00495    0.00099
  973    0.00875    0.00635    0.00265
  974    0.00934    0.00692    0.00307
  975    0.00993    0.00705    0.00302
  976    0.00933    0.00749    0.00344
  977    0.00805    0.00483    0.00167
  978    0.00760    0.00419    0.00120
  979    0.00782    0.00381    0.00051
  980    0.00771    0.00339   -0.00011
  981    0.00701    0.00395    0.00152
  982    0.00656    0.00436    0.00186
  983    0.00595    0.00424    0.00225
  984    0.00553    0.00488    0.00274
  985    0.00503    0.00531    0.00336
  986    0.00498    0.00511    0.00345
  987    0.00464    0.00583    0.00376
  988    0.00797    0.00384    0.00049
  989    0.00807    0.00366   -0.00027
  990    0.00843    0.00398   -0.00090
  991    0.00831    0.00370   -0.00156
  992    0.00831    0.00379   -0.00013
  993    0.00890    0.00460   -0.00046
  994    0.00903    0.00500   -0.00096
  995    0.00885    0.00467   -0.00117
  996    0.00893    0.00458   -0.00193
  997    0.00973    0.00565   -0.00018
  998    0.01021    0.00606    0.00005
  999    0.01044    0.00671    0.00067
 1000    0.01106    0.00704    0.00104
 1001    0.01104    0.00669    0.00156
 1002    0.00836    0.00437   -0.00077
 1003    0.00810    0.00395   -0.00104
 1004    0.00774    0.00335   -0.00182
 1005    0.00761    0.00313   -0.00238
 1006    0.00774    0.00386   -0.00057
 1007    0.00792    0.00456    0.00013
 1008    0.00767    0.00306   -0.00174
 1009    0.00728    0.00248   -0.00233
 1010    0.00757    0.00275   -0.00325
 1011    0.00710    0.00245   -0.00398
 1012    0.00704    0.00217   -0.00197
 1013    0.00661    0.00159   -0.00247
 1014    0.00621    0.00108   -0.00267
 1015    0.00625    0.00140   -0.00288
 1016    0.00563    0.00048   -0.00331
 1017    0.00572    0.00081   -0.00340
 1018    0.00557    0.00039   -0.00349
 1019    0.00805    0.00331   -0.00319
 1020    0.00843    0.00367   -0.00397
 1021    0.00847    0.00365   -0.00459
 1022    0.00815    0.00372   -0.00562
 1023    0.00878    0.00430   -0.00365
 1024    0.00871    0.00404   -0.00340
 1025    0.00903    0.00470   -0.00320
 1026    0.00941    0.00502   -0.00264
 1027    0.00925    0.00519   -0.00371
 1028    0.00824    0.00354   -0.00418
 1029    0.00838    0.00339   -0.00461
 1030    0.00780    0.00264   -0.00492
 1031    0.00762    0.00241   -0.00547
 1032    0.00847    0.00369   -0.00396
 1033    0.00915    0.00444   -0.00374
 1034    0.00938    0.00476   -0.00298
 1035    0.01021    0.00563   -0.00248
 1036    0.01056    0.00613   -0.00139
 1037    0.00736    0.00230   -0.00479
 1038    0.00672    0.00162   -0.00517
 1039    0.00655    0.00132   -0.00614
 1040    0.00630    0.00117   -0.00608
 1041    0.00667    0.00126   -0.00437
 1042    0.00642    0.00075   -0.00446
 1043    0.00610    0.00030   -0.00524
 1044    0.00648    0.00076   -0.00402
 1045    0.00664    0.00117   -0.00693
 1046    0.00667    0.00095   -0.00787
 1047    0.00610    0.00027   -0.00791
 1048    0.00562    0.00023   -0.00847
 1049    0.00687    0.00110   -0.00873
 1050    0.00750    0.00182   -0.00877
 1051    0.00827    0.00244   -0.00939
 1052    0.00765    0.00260   -0.00960
 1053    0.00905    0.00291   -0.01027
 1054    0.00587   -0.00014   -0.00743
 1055    0.00575   -0.00071   -0.00755
 1056    0.00549   -0.00100   -0.00721
 1057    0.00518   -0.00139   -0.00769
 1058    0.00573   -0.00079   -0.00722
 1059    0.00552   -0.00064   -0.00622
 1060    0.00524   -0.00099   -0.00594
 1061    0.00489   -0.00119   -0.00632
 1062    0.00477   -0.00180   -0.00625
 1063    0.00528   -0.00062   -0.00494
 1064    0.00579   -0.00079   -0.00442
 1065    0.00518   -0.00109   -0.00454
 1066    0.00587   -0.00027   -0.00363
 1067    0.00492   -0.00049   -0.00665
 1068    0.00498   -0.00038   -0.00696
 1069    0.00474   -0.00036   -0.00777
 1070    0.00439   -0.00057   -0.00775
 1071    0.00537    0.00072   -0.00722
 1072    0.00551    0.00093   -0.00646
 1073    0.00601    0.00178   -0.00653
 1074    0.00616    0.00227   -0.00704
 1075    0.00673    0.00229   -0.00601
 1076    0.00510   -0.00063   -0.00845
 1077    0.00505   -0.00101   -0.00944
 1078    0.00452   -0.00196   -0.00913
 1079    0.00327   -0.00247   -0.01006
 1080    0.00528   -0.00110   -0.01032
 1081    0.00476   -0.00234   -0.00831
 1082    0.00464   -0.00312   -0.00790
 1083    0.00412   -0.00327   -0.00732
 1084    0.00385   -0.00386   -0.00728
 1085    0.00497   -0.00338   -0.00725
 1086    0.00395   -0.00271   -0.00696
 1087    0.00339   -0.00260   -0.00637
 1088    0.00298   -0.00238   -0.00665
 1089    0.00278   -0.00260   -0.00624
 1090    0.00363   -0.00177   -0.00589
 1091    0.00319   -0.00130   -0.00525
 1092    0.00349   -0.00143   -0.00450
 1093    0.00289   -0.00072   -0.00539
 1094    0.00316   -0.00101   -0.00423
 1095    0.00295   -0.00046   -0.00462
 1096    0.00275   -0.00198   -0.00755
 1097    0.00219   -0.00129   -0.00771
 1098    0.00189   -0.00180   -0.00850
 1099    0.00162   -0.00123   -0.00842
 1100    0.00220   -0.00025   -0.00835
 1101    0.00240    0.00038   -0.00776
 1102    0.00245    0.00140   -0.00830
 1103    0.00243    0.00029   -0.00711
 1104    0.00203   -0.00262   -0.00908
 1105    0.00176   -0.00308   -0.01008
 1106    0.00246   -0.00386   -0.00916
 1107    0.00253   -0.00384   -0.00954
 1108    0.00195   -0.00398   -0.01068
 1109    0.00287   -0.00421   -0.00777
 1110    0.00361   -0.00465   -0.00639
 1111    0.00286   -0.00356   -0.00574
 1112    0.00303   -0.00337   -0.00539
 1113    0.00419   -0.00504   -0.00549
 1114    0.00534   -0.00550   -0.00401
 1115    0.00484   -0.00540   -0.00616
 1116    0.00222   -0.00270   -0.00565
 1117    0.00117   -0.00106   -0.00508
 1118   -0.00068    0.00047   -0.00585
 1119   -0.00125    0.00181   -0.00480
 1120    0.00093   -0.00026   -0.00506
 1121   -0.00103    0.00076   -0.00725
 1122   -0.00374    0.00345   -0.00987
 1123   -0.00261    0.00242   -0.01046
 1124   -0.00549    0.00575   -0.01412
 1125   -0.00521    0.00442   -0.01299
 1126   -0.00775    0.00781   -0.01715
 1127   -0.00459    0.00399   -0.01704
 1128   -0.00443    0.00225   -0.01795
 1129   -0.00220    0.00153   -0.01403
 1130   -0.00067   -0.00104   -0.00984
 1131    0.00128   -0.00304   -0.00769
 1132    0.00305   -0.00245   -0.00340
 1133    0.00525   -0.00405   -0.00035
 1134    0.00384   -0.00490   -0.00693
 1135    0.00510   -0.00679   -0.00698
 1136    0.00682   -0.00749   -0.00420
 1137    0.00788   -0.00819   -0.00205
 1138    0.00782   -0.00919   -0.00420
 1139    0.00127   -0.00033   -0.00412
 1140    0.00303    0.00085    0.00074
 1141    0.00212    0.00413    0.00628
 1142    0.00539    0.00367    0.01476
 1143   -0.00270    0.00882    0.00272
 1144   -0.00649    0.01694    0.01458
 1145   -0.01336    0.02570    0.00373
 1146   -0.01830    0.02776   -0.00609
 1147   -0.00828    0.02374    0.03260
 1148   -0.00936    0.02382    0.02320
 1149   -0.00325    0.01222    0.01276
 1150    0.00194    0.01186    0.01740
 1151   -0.00742    0.00790    0.00232
 1152   -0.01979    0.03376    0.01562
 1153   -0.03641    0.05216    0.01278
 1154   -0.09280    0.07978    0.06196
 1155   -0.10992    0.09820    0.07425
 1156   -0.02288    0.04757   -0.00639
 1157   -0.08793    0.07739    0.06893
 1158   -0.09177    0.09940    0.08784
 1159   -0.13906    0.11962    0.08583
 1160   -0.18352    0.11284    0.07325
 1161   -0.06547    0.09441    0.08745
 1162   -0.04155    0.07775    0.09087
 1163   -0.02574    0.07191    0.08454
 1164   -0.01185    0.05068    0.08562
 1165   -0.00868    0.04006    0.07791
 1166   -0.01226    0.04252    0.06206
 1167   -0.00594    0.02301    0.06743
 1168   -0.12620    0.13817    0.09544
 1169   -0.16625    0.15752    0.09515
 1170   -0.12488    0.14188    0.09119
 1171   -0.12555    0.15361    0.09862
 1172   -0.23846    0.25206    0.13322
 1173   -0.09471    0.11941    0.08384
 1174   -0.06266    0.09532    0.07748
 1175   -0.06180    0.06485    0.07178
 1176   -0.05399    0.06072    0.06546
 1177   -0.03751    0.07654    0.07044
 1178   -0.03895    0.05759    0.06010
 1179   -0.04625    0.04000    0.05254
 1180   -0.03571    0.05807    0.05756
 1181   -0.07797    0.05367    0.07326
 1182   -0.08837    0.04003    0.08165
 1183   -0.07515    0.01802    0.07052
 1184   -0.06386    0.00692    0.06488
 1185   -0.10504    0.04855    0.08495
 1186   -0.07144    0.00939    0.06548
 1187   -0.06642   -0.00705    0.05291
 1188   -0.04476   -0.00619    0.03843
 1189   -0.03969   -0.01065    0.03041
 1190   -0.07193   -0.01353    0.05362
 1191   -0.05786   -0.00523    0.04484
 1192   -0.04213   -0.01192    0.03151
 1193   -0.02666   -0.00308    0.02407
 1194   -0.00704   -0.01291    0.01136
 1195   -0.03472    0.00744    0.03542
 1196   -0.02102    0.01014    0.02316
 1197   -0.01688    0.00291    0.01839
 1198   -0.01251    0.00660    0.02174
 1199   -0.01579    0.02225    0.02044
 1200   -0.01536    0.02663    0.01471
 1201   -0.02310    0.03933    0.03787
 1202   -0.02049   -0.00296    0.01499
 1203   -0.01903   -0.00475    0.01043
 1204   -0.00884   -0.00448    0.00369
 1205   -0.00611   -0.00644    0.00195
 1206   -0.02622   -0.00876    0.00842
 1207   -0.03789   -0.01173    0.01585
 1208   -0.04940   -0.01537    0.02356
 1209   -0.03211   -0.01047    0.00933
 1210   -0.00402   -0.00282    0.00201
 1211    0.00029   -0.00321   -0.00009
 1212    0.00068   -0.00403   -0.00192
 1213   -0.00076   -0.00404   -0.00230
 1214    0.00241   -0.00075    0.00066
 1215    0.00281    0.00230    0.00217
 1216    0.00319    0.00228    0.00057
 1217    0.00210    0.00682    0.00885
 1218    0.00350    0.00540    0.00106
 1219    0.00115    0.01161    0.01274
 1220    0.00244    0.01143    0.00560
 1221    0.00201   -0.00472   -0.00219
 1222    0.00184   -0.00478   -0.00263
 1223    0.00303   -0.00377   -0.00258
 1224    0.00338   -0.00343   -0.00271
 1225    0.00205   -0.00667   -0.00262
 1226    0.00310   -0.00460   -0.00235
 1227    0.00320   -0.00319   -0.00204
 1228    0.00370   -0.00426   -0.00221
 1229    0.00449   -0.00227   -0.00131
 1230    0.00426   -0.00319   -0.00158
 1231    0.00322   -0.00273   -0.00235
 1232    0.00342   -0.00272   -0.00234
 1233    0.00346   -0.00260   -0.00214
 1234    0.00368   -0.00233   -0.00187
 1235    0.00359   -0.00228   -0.00211
 1236    0.00372   -0.00235   -0.00215
 1237    0.00372   -0.00208   -0.00181
 1238    0.00370   -0.00267   -0.00222
 1239    0.00381   -0.00204   -0.00148
 1240    0.00391   -0.00271   -0.00197
 1241    0.00410   -0.00259   -0.00157
 1242    0.00322   -0.00270   -0.00229
 1243    0.00313   -0.00243   -0.00194
 1244    0.00261   -0.00226   -0.00189
 1245    0.00234   -0.00252   -0.00220
 1246    0.00319   -0.00260   -0.00202
 1247    0.00309   -0.00320   -0.00277
 1248    0.00362   -0.00298   -0.00193
 1249    0.00302   -0.00334   -0.00305
 1250    0.00241   -0.00189   -0.00136
 1251    0.00185   -0.00185   -0.00110
 1252    0.00124   -0.00153   -0.00077
 1253    0.00143   -0.00109   -0.00035
 1254    0.00205   -0.00152   -0.00075
 1255    0.00135   -0.00144   -0.00052
 1256    0.00130   -0.00189   -0.00085
 1257    0.00149   -0.00086   -0.00002
 1258    0.00044   -0.00178   -0.00097
 1259   -0.00044   -0.00147   -0.00066
 1260   -0.00107   -0.00120   -0.00016
 1261   -0.00129   -0.00159   -0.00032
 1262   -0.00108   -0.00185   -0.00129
 1263   -0.00045   -0.00223   -0.00176
 1264    0.00005   -0.00271   -0.00248
 1265   -0.00030   -0.00203   -0.00156
 1266    0.00085   -0.00284   -0.00292
 1267    0.00039   -0.00246   -0.00209
 1268    0.00082   -0.00291   -0.00286
 1269   -0.00137   -0.00058    0.00048
 1270   -0.00182   -0.00025    0.00102
 1271   -0.00273    0.00040    0.00162
 1272   -0.00261    0.00081    0.00179
 1273   -0.00090    0.00007    0.00126
 1274   -0.00113    0.00019    0.00144
 1275   -0.00197    0.00058    0.00192
 1276   -0.00050   -0.00004    0.00121
 1277   -0.00360    0.00058    0.00193
 1278   -0.00455    0.00130    0.00255
 1279   -0.00435    0.00208    0.00320
 1280   -0.00410    0.00197    0.00315
 1281   -0.00588    0.00114    0.00251
 1282   -0.00707    0.00175    0.00291
 1283   -0.00719    0.00160    0.00277
 1284   -0.00772    0.00239    0.00351
 1285   -0.00434    0.00276    0.00374
 1286   -0.00415    0.00363    0.00437
 1287   -0.00499    0.00432    0.00510
 1288   -0.00494    0.00440    0.00515
 1289   -0.00282    0.00375    0.00449
 1290   -0.00267    0.00464    0.00519
 1291   -0.00196    0.00299    0.00378
 1292   -0.00572    0.00487    0.00558
 1293   -0.00650    0.00564    0.00637
 1294   -0.00738    0.00544    0.00614
 1295   -0.00775    0.00593    0.00674
 1296   -0.00584    0.00626    0.00716
 1297   -0.00640    0.00718    0.00816
 1298   -0.00756    0.00739    0.00848
 1299   -0.00564    0.00782    0.00868
 1300   -0.00788    0.00480    0.00545
 1301   -0.00875    0.00434    0.00513
 1302   -0.00815    0.00392    0.00482
 1303   -0.00873    0.00387    0.00486
 1304   -0.00689    0.00371    0.00451
 1305   -0.00621    0.00330    0.00413
 1306   -0.00539    0.00250    0.00337
 1307   -0.00486    0.00243    0.00334
 1308   -0.00538    0.00396    0.00476
 1309   -0.00608    0.00472    0.00545
 1310   -0.00640    0.00461    0.00541
 1311   -0.00650    0.00557    0.00629
 1312   -0.00701    0.00541    0.00616
 1313   -0.00707    0.00596    0.00670
 1314   -0.00519    0.00183    0.00277
 1315   -0.00438    0.00105    0.00198
 1316   -0.00304    0.00117    0.00202
 1317   -0.00272    0.00133    0.00213
 1318   -0.00478    0.00022    0.00133
 1319   -0.00401   -0.00057    0.00047
 1320   -0.00440   -0.00090    0.00019
 1321   -0.00405   -0.00111   -0.00006
 1322   -0.00224    0.00112    0.00198
 1323   -0.00100    0.00121    0.00199
 1324   -0.00031    0.00045    0.00124
 1325   -0.00049    0.00003    0.00083
 1326   -0.00062    0.00188    0.00263
 1327   -0.00098    0.00277    0.00347
 1328   -0.00037    0.00310    0.00377
 1329   -0.00206    0.00327    0.00396
 1330   -0.00073    0.00395    0.00455
 1331   -0.00241    0.00406    0.00474
 1332   -0.00175    0.00445    0.00506
 1333   -0.00211    0.00529    0.00584
 1334    0.00044    0.00022    0.00097
 1335    0.00115   -0.00039    0.00032
 1336    0.00199   -0.00004    0.00071
 1337    0.00246    0.00041    0.00113
 1338    0.00150   -0.00089   -0.00030
 1339    0.00219   -0.00166   -0.00103
 1340    0.00271   -0.00231   -0.00168
 1341    0.00343   -0.00262   -0.00194
 1342    0.00233   -0.00239   -0.00194
 1343    0.00215   -0.00020    0.00051
 1344    0.00287    0.00008    0.00074
 1345    0.00337   -0.00045    0.00023
 1346    0.00327   -0.00094   -0.00030
 1347    0.00271    0.00033    0.00094
 1348    0.00209    0.00091    0.00148
 1349    0.00193    0.00097    0.00152
 1350    0.00239    0.00166    0.00217
 1351    0.00401   -0.00024    0.00041
 1352    0.00450   -0.00067    0.00010
 1353    0.00526   -0.00018    0.00046
 1354    0.00557    0.00014    0.00086
 1355    0.00456   -0.00135   -0.00016
 1356    0.00504   -0.00215   -0.00045
 1357    0.00512   -0.00329   -0.00081
 1358    0.00509   -0.00194   -0.00055
 1359    0.00543   -0.00023    0.00035
 1360    0.00603    0.00036    0.00071
 1361    0.00668    0.00037    0.00064
 1362    0.00711    0.00090    0.00088
 1363    0.00667   -0.00039    0.00035
 1364    0.00708   -0.00088    0.00015
 1365    0.00762   -0.00126    0.00046
 1366    0.00765   -0.00286    0.00064
 1367    0.00678   -0.00182   -0.00024
 1368    0.00683   -0.00091   -0.00038
 1369    0.00644   -0.00183   -0.00076
 1370    0.00584   -0.00345   -0.00021
 1371    0.00659   -0.00671    0.00057
 1372    0.00606   -0.00668    0.00011
 1373    0.00707   -0.00830    0.00085
 1374    0.00730   -0.00042    0.00083
 1375    0.00744   -0.00065    0.00149
 1376    0.00744    0.00055    0.00212
 1377    0.00706    0.00128    0.00221
 1378    0.00651   -0.00088    0.00117
 1379    0.00642   -0.00242    0.00052
 1380    0.00730   -0.00307    0.00041
 1381    0.00641   -0.00164    0.00067
 1382    0.00845    0.00055    0.00274
 1383    0.00803    0.00178    0.00339
 1384    0.00725    0.00270    0.00372
 1385    0.00749    0.00337    0.00427
 1386    0.00938    0.00135    0.00381
 1387    0.01081   -0.00079    0.00341
 1388    0.00958   -0.00095    0.00265
 1389    0.00642    0.00211    0.00360
 1390    0.00564    0.00270    0.00391
 1391    0.00488    0.00218    0.00319
 1392    0.00500    0.00142    0.00255
 1393    0.00592    0.00323    0.00484
 1394    0.00668    0.00240    0.00470
 1395    0.00594    0.00176    0.00385
 1396    0.00785    0.00235    0.00522
 1397    0.00613    0.00112    0.00347
 1398    0.00857    0.00138    0.00498
 1399    0.00757    0.00084    0.00396
 1400    0.00418    0.00264    0.00347
 1401    0.00340    0.00220    0.00301
 1402    0.00304    0.00200    0.00290
 1403    0.00303    0.00249    0.00350
 1404    0.00282    0.00275    0.00347
 1405    0.00338    0.00337    0.00405
 1406    0.00414    0.00349    0.00427
 1407    0.00260    0.00131    0.00211
 1408    0.00199    0.00112    0.00176
 1409    0.00088    0.00146    0.00204
 1410    0.00047    0.00118    0.00176
 1411    0.00232    0.00023    0.00066
 1412    0.00179   -0.00018    0.00021
 1413    0.00345   -0.00020    0.00052
 1414    0.00030    0.00204    0.00253
 1415   -0.00088    0.00238    0.00289
 1416   -0.00156    0.00186    0.00233
 1417   -0.00154    0.00165    0.00202
 1418   -0.00114    0.00334    0.00379
 1419   -0.00244    0.00378    0.00431
 1420   -0.00308    0.00351    0.00419
 1421   -0.00284    0.00447    0.00487
 1422   -0.00233    0.00148    0.00214
 1423   -0.00278    0.00084    0.00152
 1424   -0.00432    0.00122    0.00215
 1425   -0.00494    0.00077    0.00169
 1426   -0.00259   -0.00006    0.00086
 1427   -0.00130   -0.00054    0.00008
 1428   -0.00068   -0.00105   -0.00066
 1429   -0.00057   -0.00077   -0.00019
 1430    0.00029   -0.00158   -0.00133
 1431    0.00043   -0.00142   -0.00088
 1432   -0.00467    0.00211    0.00300
 1433   -0.00606    0.00259    0.00352
 1434   -0.00696    0.00256    0.00354
 1435   -0.00651    0.00244    0.00344
 1436   -0.00828    0.00281    0.00382
 1437   -0.00931    0.00287    0.00388
 1438   -0.00929    0.00198    0.00320
 1439   -0.00911    0.00126    0.00255
 1440   -0.01074    0.00328    0.00429
 1441   -0.00944    0.00209    0.00333
 1442   -0.00962    0.00130    0.00266
 1443   -0.01027    0.00157    0.00296
 1444   -0.01006    0.00233    0.00354
 1445   -0.00834    0.00079    0.00215
 1446   -0.00848    0.00003    0.00150
 1447   -0.01114    0.00098    0.00250
 1448   -0.01178    0.00112    0.00263
 1449   -0.01100    0.00050    0.00210
 1450   -0.01024   -0.00006    0.00154
 1451   -0.01338    0.00097    0.00250
 1452   -0.01427    0.00165    0.00300
 1453   -0.01118    0.00078    0.00229
 1454   -0.01032    0.00032    0.00183
 1455   -0.01087   -0.00064    0.00101
 1456   -0.01019   -0.00142    0.00040
 1457   -0.01024    0.00086    0.00219
 1458   -0.00926    0.00141    0.00281
 1459   -0.00763    0.00081    0.00244
 1460   -0.00675    0.00091    0.00254
 1461   -0.00704    0.00020    0.00206
 1462   -0.01232   -0.00071    0.00097
 1463   -0.01309   -0.00168    0.00018
 1464   -0.01268   -0.00242   -0.00036
 1465   -0.01242   -0.00336   -0.00115
 1466   -0.01492   -0.00164    0.00032
 1467   -0.01591   -0.00090    0.00066
 1468   -0.01462   -0.00026    0.00098
 1469   -0.01889   -0.00091    0.00077
 1470   -0.01249   -0.00186    0.00006
 1471   -0.01205   -0.00225   -0.00040
 1472   -0.01050   -0.00237   -0.00051
 1473   -0.00996   -0.00251   -0.00083
 1474   -0.01261   -0.00171    0.00014
 1475   -0.01204   -0.00083    0.00096
 1476   -0.01435   -0.00180    0.00022
 1477   -0.00981   -0.00202   -0.00025
 1478   -0.00830   -0.00186   -0.00021
 1479   -0.00777   -0.00265   -0.00108
 1480   -0.00693   -0.00266   -0.00121
 1481   -0.00772   -0.00161    0.00012
 1482   -0.00620   -0.00143    0.00018
 1483   -0.00552   -0.00100    0.00047
 1484   -0.00581   -0.00095    0.00071
 1485   -0.00816   -0.00344   -0.00172
 1486   -0.00776   -0.00414   -0.00271
 1487   -0.00826   -0.00431   -0.00321
 1488   -0.00732   -0.00448   -0.00372
 1489   -0.00826   -0.00490   -0.00310
 1490   -0.00726   -0.00462   -0.00242
 1491   -0.00797   -0.00516   -0.00284
 1492   -0.00558   -0.00459   -0.00245
 1493   -0.00956   -0.00423   -0.00304
 1494   -0.00995   -0.00444   -0.00330
 1495   -0.00890   -0.00383   -0.00273
 1496   -0.00830   -0.00417   -0.00319
 1497   -0.01153   -0.00445   -0.00273
 1498   -0.01232   -0.00487   -0.00307
 1499   -0.01361   -0.00439   -0.00195
 1500   -0.01533   -0.00484   -0.00170
 1501   -0.01646   -0.00571   -0.00285
 1502   -0.00854   -0.00300   -0.00183
 1503   -0.00749   -0.00248   -0.00139
 1504   -0.00597   -0.00270   -0.00185
 1505   -0.00502   -0.00259   -0.00193
 1506   -0.00773   -0.00178   -0.00036
 1507   -0.00907   -0.00140    0.00017
 1508   -0.00925   -0.00065    0.00092
 1509   -0.00999   -0.00184   -0.00020
 1510   -0.00563   -0.00289   -0.00219
 1511   -0.00425   -0.00305   -0.00257
 1512   -0.00383   -0.00358   -0.00371
 1513   -0.00267   -0.00354   -0.00400
 1514   -0.00397   -0.00294   -0.00233
 1515   -0.00489   -0.00418   -0.00423
 1516   -0.00473   -0.00480   -0.00553
 1517   -0.00430   -0.00475   -0.00570
 1518   -0.00347   -0.00488   -0.00667
 1519   -0.00609   -0.00578   -0.00605
 1520   -0.00484   -0.00436   -0.00489
 1521   -0.00431   -0.00407   -0.00476
 1522   -0.00240   -0.00368   -0.00476
 1523   -0.00129   -0.00381   -0.00538
 1524   -0.00503   -0.00346   -0.00357
 1525   -0.00515   -0.00351   -0.00355
 1526   -0.00352   -0.00301   -0.00322
 1527   -0.00378   -0.00219   -0.00201
 1528   -0.00554   -0.00204   -0.00148
 1529   -0.00205   -0.00346   -0.00414
 1530   -0.00053   -0.00325   -0.00418
 1531    0.00025   -0.00377   -0.00536
 1532    0.00167   -0.00381   -0.00596
 1533   -0.00062   -0.00286   -0.00312
 1534    0.00061   -0.00286   -0.00322
 1535   -0.00166   -0.00233   -0.00201
 1536   -0.00043   -0.00392   -0.00569
 1537    0.00022   -0.00397   -0.00677
 1538    0.00090   -0.00400   -0.00818
 1539    0.00202   -0.00381   -0.00902
 1540   -0.00053   -0.00431   -0.00680
 1541   -0.00027   -0.00384   -0.00536
 1542    0.00011   -0.00406   -0.00846
 1543    0.00067   -0.00385   -0.00974
 1544    0.00250   -0.00402   -0.00987
 1545    0.00356   -0.00388   -0.01126
 1546   -0.00128   -0.00524   -0.00932
 1547   -0.00292   -0.00647   -0.00936
 1548   -0.00443   -0.00735   -0.00946
 1549   -0.00502   -0.00655   -0.00819
 1550   -0.00654   -0.00669   -0.00752
 1551   -0.00754   -0.00726   -0.00782
 1552   -0.00707   -0.00611   -0.00667
 1553    0.00274   -0.00438   -0.00861
 1554    0.00454   -0.00462   -0.00870
 1555    0.00551   -0.00470   -0.00922
 1556    0.00651   -0.00532   -0.00993
 1557    0.00433   -0.00468   -0.00727
 1558    0.00345   -0.00448   -0.00659
 1559    0.00287   -0.00414   -0.00530
 1560    0.00333   -0.00412   -0.00517
 1561    0.00205   -0.00386   -0.00464
 1562    0.00466   -0.00450   -0.00860
 1563    0.00517   -0.00455   -0.00873
 1564    0.00544   -0.00437   -0.01018
 1565    0.00637   -0.00470   -0.01056
 1566    0.00427   -0.00421   -0.00775
 1567    0.00428   -0.00440   -0.00653
 1568    0.00362   -0.00418   -0.00593
 1569    0.00466   -0.00483   -0.00586
 1570    0.00339   -0.00405   -0.00491
 1571    0.00452   -0.00485   -0.00493
 1572    0.00387   -0.00415   -0.00452
 1573    0.00472   -0.00364   -0.01116
 1574    0.00526   -0.00267   -0.01275
 1575    0.00618   -0.00358   -0.01382
 1576    0.00684   -0.00351   -0.01466
 1577    0.00401   -0.00183   -0.01332
 1578    0.00278   -0.00154   -0.01230
 1579    0.00396   -0.00035   -0.01488
 1580    0.00644   -0.00404   -0.01358
 1581    0.00774   -0.00465   -0.01460
 1582    0.00899   -0.00585   -0.01426
 1583    0.01013   -0.00647   -0.01537
 1584    0.00726   -0.00492   -0.01365
 1585    0.00605   -0.00454   -0.01409
 1586    0.00490   -0.00458   -0.01242
 1587    0.00526   -0.00489   -0.01120
 1588    0.00300   -0.00462   -0.01215
 1589    0.00838   -0.00631   -0.01265
 1590    0.00897   -0.00738   -0.01213
 1591    0.00943   -0.00767   -0.01240
 1592    0.01016   -0.00871   -0.01278
 1593    0.00853   -0.00787   -0.01054
 1594    0.00852   -0.00788   -0.01005
 1595    0.00767   -0.00801   -0.00946
 1596    0.00708   -0.00735   -0.00825
 1597    0.00643   -0.00657   -0.00726
 1598    0.00622   -0.00632   -0.00717
 1599    0.00598   -0.00610   -0.00632
 1600    0.00866   -0.00654   -0.01233
 1601    0.00854   -0.00656   -0.01248
 1602    0.00855   -0.00561   -0.01416
 1603    0.00759   -0.00427   -0.01429
 1604    0.00759   -0.00614   -0.01100
 1605    0.00735   -0.00709   -0.00952
 1606    0.00807   -0.00857   -0.00928
 1607    0.00839   -0.00966   -0.00890
 1608    0.00827   -0.00865   -0.00931
 1609    0.00952   -0.00629   -0.01542
 1610    0.00982   -0.00546   -0.01793
 1611    0.00888   -0.00420   -0.01871
 1612    0.00786   -0.00265   -0.01871
 1613    0.01125   -0.00690   -0.01970
 1614    0.00926   -0.00496   -0.01881
 1615    0.00854   -0.00386   -0.01911
 1616    0.00750   -0.00247   -0.01639
 1617    0.00701   -0.00104   -0.01622
 1618    0.00723   -0.00290   -0.01445
 1619    0.00626   -0.00210   -0.01224
 1620    0.00558   -0.00008   -0.01207
 1621    0.00565    0.00004   -0.01279
 1622    0.00645   -0.00315   -0.01089
 1623    0.00580   -0.00260   -0.00875
 1624    0.00572   -0.00085   -0.00746
 1625    0.00476    0.00127   -0.00620
 1626    0.00632   -0.00258   -0.00776
 1627    0.00506    0.00177   -0.01049
 1628    0.00477    0.00429   -0.01012
 1629    0.00498    0.00542   -0.00682
 1630    0.00532    0.00674   -0.00653
 1631    0.00567    0.00631   -0.01009
 1632    0.00445    0.00719   -0.00792
 1633    0.00599    0.00951   -0.01047
 1634    0.00423    0.00400   -0.00596
 1635    0.00457    0.00750   -0.00189
 1636    0.00402    0.00352   -0.00409
 1637    0.00459    0.00426   -0.00251
 1638    0.00294    0.00819    0.00075
 1639    0.00424    0.00408   -0.00438
 1640    0.00406    0.00178   -0.00442
 1641    0.00332    0.00137   -0.00437
 1642    0.00275    0.00078   -0.00502
 1643    0.00382   -0.00003   -0.00600
 1644    0.00415   -0.00087   -0.00736
 1645    0.00471   -0.00048   -0.00840
 1646    0.00438   -0.00200   -0.00714
 1647    0.00523   -0.00164   -0.00932
 1648    0.00493   -0.00283   -0.00803
 1649    0.00532   -0.00287   -0.00922
 1650    0.00304   -0.00053   -0.00353
 1651    0.00277   -0.00316   -0.00404
 1652    0.00243   -0.00407   -0.00401
 1653    0.00240   -0.00297   -0.00370
 1654    0.00257   -0.00203   -0.00295
 1655    0.00261   -0.00187   -0.00278
 1656    0.00195   -0.00540   -0.00399
 1657    0.00179   -0.00516   -0.00329
 1658    0.00173   -0.00556   -0.00276
 1659    0.00133   -0.00638   -0.00294
 1660    0.00138   -0.00513   -0.00346
 1661    0.00174   -0.00490   -0.00236
 1662    0.00129   -0.00515   -0.00237
 1663    0.00069   -0.00479   -0.00223
 1664    0.00071   -0.00456   -0.00222
 1665    0.00236   -0.00500   -0.00198
 1666    0.00273   -0.00580   -0.00191
 1667    0.00301   -0.00463   -0.00189
 1668   -0.00014   -0.00541   -0.00238
 1669   -0.00093   -0.00510   -0.00217
 1670   -0.00060   -0.00484   -0.00193
 1671   -0.00051   -0.00520   -0.00210
 1672   -0.00220   -0.00537   -0.00227
 1673   -0.00062   -0.00420   -0.00151
 1674   -0.00045   -0.00391   -0.00129
 1675   -0.00160   -0.00381   -0.00106
 1676   -0.00216   -0.00334   -0.00070
 1677    0.00014   -0.00339   -0.00106
 1678    0.00031   -0.00313   -0.00087
 1679    0.00099   -0.00358   -0.00115
 1680    0.00057   -0.00263   -0.00066
 1681   -0.00188   -0.00423   -0.00124
 1682   -0.00300   -0.00424   -0.00097
 1683   -0.00313   -0.00441   -0.00088
 1684   -0.00241   -0.00473   -0.00114
 1685   -0.00387   -0.00474   -0.00128
 1686   -0.00341   -0.00576   -0.00195
 1687   -0.00415   -0.00428   -0.00062
 1688   -0.00449   -0.00451   -0.00070
 1689   -0.00498   -0.00543   -0.00119
 1690   -0.00567   -0.00578   -0.00133
 1691   -0.00533   -0.00404   -0.00020
 1692   -0.00540   -0.00396   -0.00011
 1693   -0.00668   -0.00355    0.00030
 1694   -0.00667   -0.00352    0.00054
 1695   -0.00563   -0.00299    0.00060
 1696   -0.00455   -0.00586   -0.00152
 1697   -0.00485   -0.00676   -0.00208
 1698   -0.00570   -0.00708   -0.00199
 1699   -0.00663   -0.00784   -0.00224
 1700   -0.00387   -0.00717   -0.00245
 1701   -0.00557   -0.00685   -0.00177
 1702   -0.00651   -0.00795   -0.00158
 1703   -0.00702   -0.00980   -0.00231
 1704   -0.00907   -0.01180   -0.00236
 1705   -0.00774   -0.00730   -0.00106
