    1   -0.04194   -0.01314    0.01677
    2   -0.03955   -0.01127    0.01917
    3   -0.03567   -0.00948    0.01568
    4   -0.03565   -0.00824    0.01078
    5   -0.04132   -0.01090    0.02172
    6   -0.04050   -0.00941    0.02529
    7   -0.04250   -0.00822    0.02605
    8   -0.03701   -0.00567    0.02839
    9   -0.03299   -0.00795    0.01776
   10   -0.02984   -0.00648    0.01617
   11   -0.02723   -0.00518    0.01811
   12   -0.02832   -0.00478    0.02118
   13   -0.03085   -0.00724    0.01725
   14   -0.03297   -0.00812    0.02115
   15   -0.03551   -0.01173    0.02150
   16   -0.03917   -0.01468    0.02128
   17   -0.03438   -0.01411    0.02371
   18   -0.02426   -0.00403    0.01652
   19   -0.02195   -0.00261    0.01789
   20   -0.02189   -0.00205    0.02091
   21   -0.02298   -0.00251    0.02209
   22   -0.01929   -0.00215    0.01533
   23   -0.01987   -0.00164    0.01191
   24   -0.01702   -0.00132    0.00993
   25   -0.02147   -0.00164    0.01260
   26   -0.01952   -0.00093    0.02220
   27   -0.01900   -0.00089    0.02451
   28   -0.01607   -0.00048    0.02295
   29   -0.01419   -0.00012    0.02051
   30   -0.01823    0.00051    0.02669
   31   -0.02077    0.00101    0.02884
   32   -0.01910    0.00243    0.03123
   33   -0.02145    0.00255    0.03290
   34   -0.02528    0.00180    0.03528
   35   -0.01596   -0.00069    0.02374
   36   -0.01307    0.00057    0.02166
   37   -0.01106    0.00094    0.02244
   38   -0.01223    0.00072    0.02490
   39   -0.01035    0.00179    0.02294
   40   -0.01130    0.00097    0.02740
   41   -0.01811   -0.00273    0.02678
   42   -0.00924    0.00194    0.01819
   43   -0.00698    0.00171    0.01819
   44   -0.00576    0.00313    0.01626
   45   -0.00557    0.00384    0.01219
   46   -0.00593    0.00210    0.01523
   47   -0.00359    0.00287    0.01453
   48   -0.00319    0.00323    0.01703
   49   -0.00427    0.00287    0.01601
   50   -0.00521    0.00245    0.01948
   51   -0.00363    0.00408    0.01795
   52   -0.00199    0.00366    0.01497
   53   -0.00088    0.00429    0.01464
   54   -0.00334    0.00470    0.02174
   55   -0.00242    0.00616    0.02065
   56   -0.00289    0.00862    0.02432
   57   -0.00481    0.00803    0.02807
   58   -0.00181    0.00822    0.02445
   59   -0.00173    0.00218    0.01065
   60   -0.00051    0.00209    0.00856
   61    0.00155    0.00176    0.00927
   62    0.00140    0.00155    0.00750
   63   -0.00207    0.00030    0.00237
   64   -0.00078   -0.00036    0.00114
   65   -0.00150   -0.00014   -0.00045
   66   -0.00191   -0.00106   -0.00236
   67    0.00241    0.00243    0.01070
   68    0.00358    0.00264    0.01297
   69    0.00449    0.00235    0.01311
   70    0.00470    0.00306    0.01312
   71    0.00356    0.00495    0.01790
   72    0.00454    0.00578    0.02005
   73    0.00551    0.00459    0.01840
   74    0.00366    0.00882    0.02374
   75    0.00563    0.00235    0.01125
   76    0.00684    0.00340    0.01019
   77    0.00780    0.00482    0.01271
   78    0.00830    0.00486    0.01201
   79    0.00682    0.00456    0.01039
   80    0.00543    0.00261    0.00950
   81    0.00460    0.00199    0.00944
   82    0.00789    0.00560    0.01504
   83    0.00927    0.00738    0.01793
   84    0.00829    0.00743    0.01836
   85    0.00948    0.00731    0.01813
   86    0.01011    0.01018    0.02195
   87    0.01217    0.01303    0.02595
   88    0.01285    0.01510    0.03040
   89    0.01427    0.01642    0.03114
   90    0.01281    0.01539    0.03353
   91    0.00626    0.00731    0.01937
   92    0.00485    0.00693    0.01962
   93    0.00467    0.00533    0.01689
   94    0.00453    0.00517    0.01693
   95    0.00278    0.00673    0.02050
   96    0.00210    0.00763    0.02439
   97   -0.00089    0.00754    0.02533
   98   -0.00349    0.00589    0.02556
   99    0.00479    0.00458    0.01368
  100    0.00484    0.00386    0.01093
  101    0.00672    0.00397    0.01063
  102    0.00650    0.00352    0.00922
  103    0.00419    0.00261    0.00841
  104    0.00260    0.00189    0.00830
  105    0.00128    0.00305    0.01070
  106    0.00226    0.00169    0.00649
  107    0.00846    0.00484    0.01143
  108    0.01043    0.00553    0.01093
  109    0.01104    0.00591    0.01207
  110    0.01238    0.00617    0.01066
  111    0.01240    0.00646    0.01170
  112    0.01107    0.00573    0.01025
  113    0.00992    0.00490    0.00839
  114    0.01164    0.00608    0.01132
  115    0.00971    0.00621    0.01459
  116    0.00962    0.00698    0.01633
  117    0.00831    0.00600    0.01465
  118    0.00887    0.00608    0.01400
  119    0.00812    0.00734    0.01999
  120    0.00963    0.00877    0.02253
  121    0.01045    0.01006    0.02458
  122    0.01149    0.01181    0.02732
  123    0.01235    0.01345    0.02964
  124    0.00650    0.00502    0.01375
  125    0.00515    0.00434    0.01132
  126    0.00656    0.00411    0.00872
  127    0.00622    0.00361    0.00725
  128    0.00300    0.00344    0.01075
  129    0.00100    0.00268    0.00881
  130    0.00154    0.00343    0.01324
  131    0.00808    0.00425    0.00787
  132    0.00966    0.00425    0.00548
  133    0.01168    0.00465    0.00550
  134    0.01234    0.00425    0.00354
  135    0.01064    0.00425    0.00508
  136    0.00901    0.00356    0.00455
  137    0.00985    0.00402    0.00446
  138    0.00764    0.00282    0.00236
  139    0.01277    0.00567    0.00771
  140    0.01484    0.00603    0.00798
  141    0.01352    0.00571    0.00786
  142    0.01471    0.00545    0.00615
  143    0.01593    0.00708    0.01094
  144    0.01745    0.00716    0.01106
  145    0.01667    0.00784    0.01332
  146    0.01961    0.00684    0.00943
  147    0.01787    0.00790    0.01347
  148    0.02073    0.00632    0.01001
  149    0.01983    0.00703    0.01205
  150    0.02041    0.00732    0.01245
  151    0.01082    0.00517    0.00930
  152    0.00897    0.00442    0.00904
  153    0.00793    0.00335    0.00575
  154    0.00732    0.00301    0.00461
  155    0.00634    0.00409    0.01133
  156    0.00678    0.00512    0.01473
  157    0.00381    0.00478    0.01682
  158    0.00391    0.00603    0.02023
  159    0.00325    0.00649    0.02225
  160    0.00200    0.00594    0.02116
  161    0.00333    0.00827    0.02573
  162    0.00766    0.00296    0.00429
  163    0.00667    0.00201    0.00109
  164    0.00937    0.00201   -0.00098
  165    0.00889    0.00145   -0.00380
  166    0.00515    0.00159    0.00045
  167    0.00238    0.00141    0.00204
  168    0.00160    0.00114    0.00133
  169   -0.00004    0.00059    0.00108
  170    0.01210    0.00296    0.00036
  171    0.01488    0.00330   -0.00165
  172    0.01626    0.00319   -0.00313
  173    0.01799    0.00328   -0.00552
  174    0.01517    0.00317   -0.00155
  175    0.01613    0.00336   -0.00229
  176    0.01857    0.00416   -0.00105
  177    0.01904    0.00460    0.00128
  178    0.01365    0.00333   -0.00121
  179    0.01376    0.00322   -0.00179
  180    0.01118    0.00228   -0.00234
  181    0.01997    0.00451   -0.00288
  182    0.02222    0.00535   -0.00219
  183    0.02164    0.00551   -0.00264
  184    0.01909    0.00486   -0.00372
  185    0.02496    0.00564   -0.00419
  186    0.02328    0.00663   -0.00201
  187    0.02218    0.00680   -0.00247
  188    0.02157    0.00747   -0.00038
  189    0.02250    0.00716    0.00185
  190    0.01984    0.00737   -0.00061
  191    0.01993    0.00707    0.00122
  192    0.01721    0.00580    0.00176
  193    0.01606    0.00544    0.00275
  194    0.02025    0.00794    0.00041
  195    0.02405    0.00975   -0.00039
  196    0.02476    0.01154   -0.00193
  197    0.02265    0.01048   -0.00135
  198    0.02847    0.01469   -0.00370
  199    0.01576    0.00545    0.00071
  200    0.01250    0.00433    0.00082
  201    0.01265    0.00450    0.00230
  202    0.01363    0.00490    0.00249
  203    0.01081    0.00368   -0.00016
  204    0.01065    0.00458   -0.00163
  205    0.01231    0.00543   -0.00286
  206    0.00874    0.00506   -0.00218
  207    0.01141    0.00584   -0.00443
  208    0.00909    0.00581   -0.00385
  209    0.00641    0.00435   -0.00144
  210    0.00753    0.00552   -0.00446
  211    0.00443    0.00409   -0.00191
  212    0.00466    0.00459   -0.00296
  213    0.01075    0.00422    0.00347
  214    0.01051    0.00436    0.00508
  215    0.00821    0.00381    0.00482
  216    0.00637    0.00253    0.00419
  217    0.01182    0.00455    0.00672
  218    0.01512    0.00450    0.00677
  219    0.01619    0.00541    0.00755
  220    0.01833    0.00547    0.00636
  221    0.02124    0.00653    0.00696
  222    0.02260    0.00616    0.00921
  223    0.02238    0.00708    0.00557
  224    0.00785    0.00440    0.00553
  225    0.00641    0.00393    0.00477
  226    0.00647    0.00393    0.00527
  227    0.00752    0.00451    0.00764
  228    0.00591    0.00337    0.00485
  229    0.00468    0.00272    0.00364
  230    0.00584    0.00299    0.00444
  231    0.00309    0.00170    0.00231
  232    0.00488    0.00240    0.00338
  233    0.00216    0.00124    0.00138
  234    0.00303    0.00191    0.00170
  235    0.00488    0.00242    0.00325
  236    0.00413    0.00129    0.00299
  237    0.00325    0.00056    0.00177
  238    0.00218    0.00015    0.00119
  239    0.00325    0.00031    0.00208
  240    0.00153   -0.00182    0.00133
  241    0.00518    0.00076    0.00377
  242    0.00326   -0.00026    0.00246
  243    0.00193   -0.00230    0.00020
  244   -0.00042   -0.00543   -0.00190
  245   -0.00164   -0.00568   -0.00138
  246    0.00111   -0.00320    0.00102
  247    0.00184   -0.00283    0.00272
  248    0.00260   -0.00225    0.00642
  249    0.00228   -0.00176    0.00285
  250   -0.00159   -0.00687   -0.00293
  251   -0.00454   -0.00880   -0.00403
  252   -0.00600   -0.01174   -0.00578
  253   -0.00522   -0.01166   -0.00676
  254   -0.00550   -0.00792   -0.00480
  255   -0.00742   -0.00834   -0.00534
  256   -0.00396   -0.00519   -0.00321
  257   -0.00777   -0.01293   -0.00612
  258   -0.00873   -0.01566   -0.00692
  259   -0.01114   -0.01667   -0.00858
  260   -0.01089   -0.01934   -0.00884
  261   -0.00935   -0.01631   -0.00600
  262   -0.00814   -0.01513   -0.00508
  263   -0.00894   -0.01583   -0.00522
  264   -0.00569   -0.01493   -0.00393
  265   -0.01185   -0.01562   -0.00812
  266   -0.01267   -0.01641   -0.00985
  267   -0.01234   -0.01435   -0.00972
  268   -0.01126   -0.01222   -0.00783
  269   -0.01349   -0.01474   -0.01112
  270   -0.01327   -0.01335   -0.00999
  271   -0.01544   -0.01328   -0.00952
  272   -0.01570   -0.01239   -0.00863
  273   -0.01218   -0.01207   -0.01032
  274   -0.01050   -0.01025   -0.01110
  275   -0.00947   -0.00988   -0.01264
  276   -0.00947   -0.00829   -0.00943
  277   -0.01694   -0.01473   -0.01018
  278   -0.01996   -0.01486   -0.01050
  279   -0.02100   -0.01376   -0.01013
  280   -0.01915   -0.01316   -0.00952
  281   -0.02249   -0.01739   -0.01196
  282   -0.02040   -0.01950   -0.01254
  283   -0.01971   -0.01903   -0.01226
  284   -0.02149   -0.01985   -0.01197
  285   -0.01733   -0.01884   -0.01140
  286   -0.02350   -0.01282   -0.01031
  287   -0.02476   -0.01117   -0.01010
  288   -0.02510   -0.01182   -0.01053
  289   -0.02398   -0.01045   -0.00979
  290   -0.02806   -0.01017   -0.01081
  291   -0.02771   -0.00926   -0.01002
  292   -0.02760   -0.01086   -0.01030
  293   -0.03024   -0.01222   -0.01153
  294   -0.02533   -0.01090   -0.00917
  295   -0.02691   -0.01438   -0.01130
  296   -0.02676   -0.01591   -0.01162
  297   -0.02165   -0.01549   -0.01004
  298   -0.02072   -0.01587   -0.00971
  299   -0.02952   -0.01973   -0.01333
  300   -0.01972   -0.01532   -0.00953
  301   -0.01640   -0.01492   -0.00842
  302   -0.01498   -0.01238   -0.00763
  303   -0.01296   -0.01152   -0.00656
  304   -0.01567   -0.01594   -0.00875
  305   -0.01586   -0.01847   -0.00932
  306   -0.01636   -0.01066   -0.00773
  307   -0.01558   -0.00846   -0.00667
  308   -0.01621   -0.00763   -0.00653
  309   -0.01422   -0.00573   -0.00547
  310   -0.01690   -0.00768   -0.00695
  311   -0.01632   -0.00867   -0.00732
  312   -0.01711   -0.00744   -0.00676
  313   -0.01344   -0.00760   -0.00648
  314   -0.01845   -0.00884   -0.00761
  315   -0.01883   -0.00785   -0.00823
  316   -0.01608   -0.00832   -0.00744
  317   -0.01451   -0.00633   -0.00740
  318   -0.01394   -0.00969   -0.00667
  319   -0.01138   -0.01008   -0.00572
  320   -0.00886   -0.00653   -0.00375
  321   -0.00703   -0.00591   -0.00278
  322   -0.01112   -0.01313   -0.00570
  323   -0.01079   -0.01228   -0.00511
  324   -0.00850   -0.00501   -0.00353
  325   -0.00552   -0.00324   -0.00209
  326   -0.00476   -0.00167   -0.00147
  327   -0.00700   -0.00171   -0.00309
  328   -0.00633   -0.00317   -0.00202
  329   -0.00385   -0.00134   -0.00065
  330   -0.00653   -0.00489   -0.00241
  331   -0.00280   -0.00121    0.00037
  332   -0.00278   -0.00065    0.00011
  333   -0.00382    0.00043   -0.00073
  334   -0.00305    0.00088   -0.00021
  335    0.00057   -0.00011    0.00186
  336    0.00159   -0.00096    0.00325
  337   -0.00068   -0.00171    0.00198
  338   -0.00495    0.00064   -0.00172
  339   -0.00714    0.00099   -0.00207
  340   -0.00444    0.00225   -0.00175
  341   -0.00196    0.00384   -0.00263
  342   -0.01076    0.00089   -0.00188
  343   -0.00302    0.00290   -0.00175
  344   -0.00495    0.00202   -0.00081
  345   -0.00328    0.00131   -0.00072
  346   -0.00027    0.00285   -0.00103
  347   -0.00433    0.00347   -0.00049
  348   -0.00151    0.00451   -0.00126
  349   -0.00027    0.00477   -0.00247
  350   -0.00478    0.00061   -0.00079
  351   -0.00345    0.00053   -0.00091
  352   -0.00395    0.00072   -0.00096
  353   -0.00584    0.00102   -0.00103
  354   -0.00437    0.00001   -0.00080
  355   -0.00197    0.00145   -0.00125
  356   -0.00188    0.00097   -0.00102
  357   -0.00235    0.00025   -0.00120
  358   -0.00253   -0.00003   -0.00097
  359    0.00072    0.00112   -0.00190
  360    0.00295    0.00120   -0.00172
  361   -0.00204    0.00017   -0.00082
  362   -0.00218   -0.00011   -0.00086
  363   -0.00234   -0.00030   -0.00098
  364   -0.00184    0.00006   -0.00095
  365   -0.00087   -0.00058   -0.00120
  366   -0.00319   -0.00073   -0.00103
  367   -0.00352   -0.00112   -0.00163
  368   -0.00308   -0.00120   -0.00164
  369   -0.00297   -0.00089   -0.00140
  370   -0.00482   -0.00163   -0.00194
  371   -0.00500   -0.00254   -0.00263
  372   -0.00502   -0.00306   -0.00307
  373   -0.00655   -0.00296   -0.00327
  374   -0.00254   -0.00108   -0.00171
  375   -0.00240   -0.00074   -0.00185
  376   -0.00262   -0.00126   -0.00295
  377   -0.00304   -0.00135   -0.00340
  378   -0.00178   -0.00016   -0.00108
  379   -0.00166    0.00020   -0.00060
  380   -0.00161    0.00017   -0.00053
  381   -0.00129    0.00041    0.00088
  382   -0.00259   -0.00102   -0.00333
  383   -0.00238   -0.00167   -0.00477
  384   -0.00151   -0.00121   -0.00482
  385   -0.00061   -0.00051   -0.00403
  386   -0.00240   -0.00211   -0.00504
  387   -0.00187   -0.00314   -0.00659
  388   -0.00335   -0.00454   -0.00825
  389   -0.00092   -0.00285   -0.00640
  390   -0.00142   -0.00205   -0.00608
  391   -0.00009   -0.00246   -0.00664
  392    0.00148   -0.00364   -0.00929
  393    0.00041   -0.00432   -0.01102
  394   -0.00052   -0.00281   -0.00666
  395    0.00108   -0.00404   -0.00704
  396   -0.00016   -0.00235   -0.00404
  397    0.00250   -0.00567   -0.01003
  398    0.00424   -0.00330   -0.01020
  399    0.00600   -0.00452   -0.01280
  400    0.00912   -0.00468   -0.01443
  401    0.00990   -0.00388   -0.01280
  402    0.00549   -0.00393   -0.01176
  403    0.00649   -0.00258   -0.00998
  404    0.00949   -0.00235   -0.01049
  405    0.00500   -0.00152   -0.00737
  406    0.01040   -0.00041   -0.00852
  407    0.00562   -0.00026   -0.00587
  408    0.00814    0.00050   -0.00617
  409    0.01201   -0.00653   -0.01676
  410    0.01479   -0.00784   -0.01885
  411    0.01674   -0.00653   -0.01723
  412    0.01707   -0.00598   -0.01689
  413    0.01596   -0.01036   -0.02247
  414    0.01349   -0.00959   -0.02290
  415    0.01134   -0.00775   -0.01875
  416    0.01677   -0.00568   -0.01654
  417    0.01814   -0.00357   -0.01517
  418    0.02186   -0.00457   -0.01585
  419    0.02238   -0.00509   -0.01540
  420    0.01690   -0.00215   -0.01289
  421    0.01687    0.00039   -0.01059
  422    0.01524    0.00164   -0.00884
  423    0.01554   -0.00011   -0.00937
  424    0.02481   -0.00554   -0.01673
  425    0.02970   -0.00599   -0.01948
  426    0.03251   -0.00009   -0.01711
  427    0.03134    0.00268   -0.01382
  428    0.02864   -0.00514   -0.02163
  429    0.02683   -0.00370   -0.01912
  430    0.02458   -0.01100   -0.02402
  431    0.03805   -0.00106   -0.01970
  432    0.04164    0.00087   -0.01759
  433    0.03844    0.00158   -0.01533
  434    0.03974    0.00399   -0.01255
  435    0.04706    0.00007   -0.02101
  436    0.03542    0.00005   -0.01699
  437    0.03217    0.00103   -0.01531
  438    0.02901    0.00197   -0.01185
  439    0.02819    0.00413   -0.00895
  440    0.03019   -0.00109   -0.01765
  441    0.02756   -0.00022   -0.01575
  442    0.02977    0.00107   -0.01465
  443    0.03340    0.00256   -0.01359
  444    0.02907    0.00101   -0.01525
  445    0.02722    0.00108   -0.01241
  446    0.02466    0.00202   -0.00938
  447    0.02734    0.00502   -0.00709
  448    0.02562    0.00699   -0.00429
  449    0.02202    0.00088   -0.01078
  450    0.01898    0.00236   -0.00832
  451    0.01876    0.00419   -0.00726
  452    0.01598    0.00247   -0.00643
  453    0.01558    0.00495   -0.00501
  454    0.01392    0.00421   -0.00453
  455    0.03153    0.00578   -0.00823
  456    0.03431    0.00868   -0.00559
  457    0.03622    0.01114   -0.00355
  458    0.03742    0.01518   -0.00145
  459    0.03877    0.00916   -0.00701
  460    0.03765    0.01112   -0.00777
  461    0.03089    0.00934   -0.00857
  462    0.02882    0.00978   -0.00643
  463    0.02689    0.00663   -0.00873
  464    0.03655    0.01023   -0.00466
  465    0.03684    0.01296   -0.00278
  466    0.03189    0.01416   -0.00032
  467    0.03165    0.01768    0.00308
  468    0.03773    0.01108   -0.00534
  469    0.04352    0.01196   -0.00679
  470    0.04564    0.01430   -0.00523
  471    0.04603    0.00991   -0.00922
  472    0.02834    0.01134   -0.00161
  473    0.02366    0.01222    0.00075
  474    0.02378    0.01496    0.00378
  475    0.02213    0.01750    0.00745
  476    0.02093    0.00858   -0.00129
  477    0.01707    0.00884    0.00115
  478    0.01476    0.00943    0.00281
  479    0.01560    0.00827    0.00152
  480    0.01113    0.00945    0.00500
  481    0.01235    0.00785    0.00367
  482    0.01054    0.00856    0.00540
  483    0.02543    0.01453    0.00212
  484    0.02455    0.01789    0.00353
  485    0.02685    0.02305    0.00608
  486    0.02514    0.02562    0.00891
  487    0.02517    0.01552    0.00190
  488    0.02055    0.01223   -0.00022
  489    0.01678    0.01119    0.00188
  490    0.01329    0.00876    0.00084
  491    0.01027    0.00704    0.00134
  492    0.00982    0.00752    0.00268
  493    0.00748    0.00540    0.00075
  494    0.03075    0.02466    0.00514
  495    0.03391    0.03025    0.00666
  496    0.03083    0.03311    0.01075
  497    0.03066    0.03726    0.01319
  498    0.03840    0.02927    0.00594
  499    0.04285    0.02730    0.00377
  500    0.04564    0.03263    0.00384
  501    0.05278    0.02774    0.00696
  502    0.06033    0.02998    0.00411
  503    0.02858    0.03029    0.01195
  504    0.02566    0.03204    0.01653
  505    0.02205    0.03055    0.01904
  506    0.02072    0.03337    0.02366
  507    0.02416    0.03011    0.01708
  508    0.02078    0.02625    0.01639
  509    0.01792    0.02415    0.01809
  510    0.01866    0.02652    0.01933
  511    0.01659    0.02594    0.02304
  512    0.01641    0.01942    0.01378
  513    0.01252    0.01637    0.01445
  514    0.01113    0.01203    0.01122
  515    0.01259    0.01232    0.00830
  516    0.00812    0.00954    0.01133
  517    0.02186    0.02830    0.01651
  518    0.02288    0.03034    0.01705
  519    0.02337    0.03486    0.02171
  520    0.02197    0.03436    0.02403
  521    0.02628    0.03207    0.01406
  522    0.02496    0.02752    0.00922
  523    0.02798    0.03514    0.01540
  524    0.02756    0.02762    0.00653
  525    0.02526    0.03914    0.02251
  526    0.02509    0.04467    0.02653
  527    0.02140    0.04395    0.03124
  528    0.02074    0.04827    0.03475
  529    0.02811    0.05005    0.02492
  530    0.03214    0.05383    0.02272
  531    0.03465    0.05013    0.01805
  532    0.03473    0.04967    0.01804
  533    0.03606    0.04821    0.01476
  534    0.01824    0.03873    0.03101
  535    0.01514    0.03711    0.03569
  536    0.01346    0.03437    0.03707
  537    0.01085    0.03475    0.04326
  538    0.01446    0.03267    0.03533
  539    0.01158    0.03155    0.04087
  540    0.00892    0.02657    0.03959
  541    0.00902    0.02294    0.03315
  542    0.00729    0.02606    0.04518
  543    0.01463    0.03109    0.03246
  544    0.01463    0.02773    0.03068
  545    0.01533    0.03101    0.03283
  546    0.01600    0.02658    0.02950
  547    0.01483    0.02165    0.02573
  548    0.01255    0.01648    0.02348
  549    0.01139    0.01846    0.02465
  550    0.01194    0.01336    0.01867
  551    0.01483    0.03725    0.03739
  552    0.01644    0.04244    0.03767
  553    0.01606    0.03970    0.03707
  554    0.01818    0.03893    0.03345
  555    0.01419    0.05087    0.04400
  556    0.01326    0.03741    0.03950
  557    0.01227    0.03761    0.03916
  558    0.01048    0.03147    0.03959
  559    0.00358    0.04153    0.04682
  560    0.01283    0.02236    0.03443
  561    0.01048    0.01825    0.03455
  562    0.01066    0.01521    0.03330
  563    0.01142    0.01609    0.03097
  564    0.01098    0.01412    0.03009
  565    0.01215    0.01234    0.02559
  566    0.01118    0.01023    0.02188
  567    0.00967    0.00892    0.02199
  568    0.01196    0.01047    0.01882
  569    0.00941    0.01374    0.03392
  570    0.00845    0.01121    0.03286
  571    0.00572    0.00711    0.02762
  572    0.00468    0.00578    0.02616
  573    0.00683    0.00918    0.03598
  574    0.00410    0.00634    0.03441
  575    0.00446    0.00663    0.03452
  576    0.00593    0.00974    0.03689
  577    0.00287    0.00446    0.03226
  578    0.00558    0.00783    0.02497
  579    0.00409    0.00638    0.02026
  580    0.00342    0.00545    0.02097
  581    0.00441    0.00633    0.02203
  582    0.00529    0.00671    0.01785
  583    0.00400    0.00357    0.01318
  584    0.00674    0.00739    0.01781
  585    0.00150    0.00298    0.01989
  586    0.00023    0.00164    0.02047
  587    0.00035    0.00080    0.01758
  588    0.00021   -0.00047    0.01296
  589   -0.00231   -0.00074    0.02020
  590   -0.00406   -0.00258    0.02172
  591    0.00085    0.00124    0.01932
  592    0.00016   -0.00123    0.01589
  593   -0.00197   -0.00419    0.01357
  594   -0.00234   -0.00797    0.00508
  595    0.00116    0.00093    0.02101
  596    0.00020    0.00087    0.02501
  597    0.00121    0.00160    0.02394
  598   -0.00384   -0.00512    0.01511
  599   -0.00464   -0.00665    0.01171
  600   -0.00335   -0.00524    0.00646
  601   -0.00235   -0.00704    0.00012
  602   -0.00588   -0.00519    0.01448
  603   -0.00850   -0.00690    0.01349
  604   -0.01568   -0.01241    0.02020
  605   -0.00901   -0.00742    0.01526
  606   -0.01762   -0.01550    0.02607
  607   -0.00214   -0.00408    0.00663
  608   -0.00166   -0.00359    0.00270
  609   -0.00004   -0.00458   -0.00284
  610    0.00116   -0.00524   -0.00503
  611   -0.00081   -0.00134    0.00511
  612   -0.00033   -0.00109    0.00296
  613   -0.00161   -0.00048    0.00912
  614   -0.00020   -0.00512   -0.00566
  615    0.00064   -0.00570   -0.00937
  616   -0.00032   -0.00399   -0.00744
  617   -0.00054   -0.00344   -0.00606
  618   -0.00041   -0.00608   -0.01080
  619   -0.00094   -0.00604   -0.01286
  620   -0.00219   -0.00503   -0.01161
  621   -0.00099   -0.00748   -0.01629
  622   -0.00370   -0.00472   -0.01274
  623   -0.00269   -0.00696   -0.01746
  624   -0.00425   -0.00602   -0.01554
  625   -0.00635   -0.00675   -0.01694
  626   -0.00046   -0.00402   -0.00804
  627   -0.00170   -0.00350   -0.00671
  628   -0.00440   -0.00371   -0.00890
  629   -0.00550   -0.00468   -0.01105
  630   -0.00027   -0.00189   -0.00387
  631   -0.00066    0.00046   -0.00313
  632   -0.00121    0.00113   -0.00213
  633   -0.00092    0.00049   -0.00353
  634   -0.00044    0.00276   -0.00155
  635   -0.00116    0.00295   -0.00285
  636   -0.00095    0.00361   -0.00223
  637   -0.00577   -0.00269   -0.00825
  638   -0.00890   -0.00291   -0.00970
  639   -0.00931   -0.00139   -0.00795
  640   -0.00772   -0.00023   -0.00601
  641   -0.00976   -0.00387   -0.01033
  642   -0.00855   -0.00253   -0.00837
  643   -0.00932   -0.00276   -0.00927
  644   -0.01290   -0.00340   -0.01004
  645   -0.01172   -0.00166   -0.00869
  646   -0.01274   -0.00013   -0.00833
  647   -0.01481   -0.00083   -0.00722
  648   -0.01657   -0.00150   -0.00788
  649   -0.01448    0.00057   -0.00981
  650   -0.01144    0.00198   -0.00876
  651   -0.01338    0.00333   -0.00959
  652   -0.00962    0.00517   -0.00781
  653   -0.01037    0.00804   -0.00854
  654   -0.01369    0.00043   -0.00549
  655   -0.01571   -0.00016   -0.00408
  656   -0.01978   -0.00007   -0.00422
  657   -0.01845   -0.00044   -0.00318
  658   -0.01291    0.00044   -0.00200
  659   -0.01464   -0.00037   -0.00109
  660   -0.01096   -0.00013   -0.00017
  661   -0.00743    0.00024    0.00002
  662   -0.01370   -0.00178    0.00113
  663   -0.02319   -0.00133   -0.00497
  664   -0.02756   -0.00197   -0.00489
  665   -0.03060   -0.00282   -0.00270
  666   -0.03431   -0.00336   -0.00153
  667   -0.03047   -0.00172   -0.00721
  668   -0.02809   -0.00243   -0.00797
  669   -0.02953   -0.00164   -0.00970
  670   -0.02810   -0.00251   -0.00191
  671   -0.02834   -0.00385    0.00036
  672   -0.02769   -0.00373    0.00294
  673   -0.02502   -0.00257    0.00289
  674   -0.02640   -0.00305    0.00072
  675   -0.02776   -0.00360   -0.00207
  676   -0.02650   -0.00354    0.00472
  677   -0.02583   -0.00301   -0.00147
  678   -0.02922   -0.00562    0.00627
  679   -0.02833   -0.00441    0.00909
  680   -0.02461   -0.00400    0.01090
  681   -0.02373   -0.00380    0.01155
  682   -0.02006   -0.00400    0.01263
  683   -0.01821   -0.00364    0.01397
  684   -0.01714   -0.00262    0.01172
  685   -0.01557   -0.00144    0.01314
  686   -0.01968   -0.00420    0.01799
  687   -0.01951   -0.00685    0.02048
  688   -0.01478   -0.00686    0.01859
  689   -0.02275   -0.00710    0.02352
  690   -0.01720   -0.00206    0.00769
  691   -0.01506   -0.00203    0.00682
  692   -0.01198   -0.00124    0.00414
  693   -0.01038   -0.00127    0.00352
  694   -0.01735   -0.00200    0.00429
  695   -0.01825   -0.00096    0.00142
  696   -0.01076   -0.00091    0.00339
  697   -0.00739   -0.00013    0.00184
  698   -0.00596    0.00021    0.00216
  699   -0.00481    0.00027    0.00089
  700   -0.00410   -0.00004    0.00106
  701   -0.00439   -0.00100    0.00278
  702   -0.00681    0.00019    0.00464
  703   -0.00542    0.00102    0.00495
  704   -0.00507    0.00106    0.00408
  705   -0.00355    0.00103    0.00326
  706   -0.00619    0.00045    0.00467
  707   -0.00558    0.00019    0.00347
  708   -0.00536   -0.00037    0.00075
  709   -0.00424   -0.00042   -0.00026
  710   -0.00745    0.00009    0.00438
  711   -0.00675    0.00080    0.00694
  712   -0.00728   -0.00030    0.00246
  713   -0.00645   -0.00083    0.00022
  714   -0.00610   -0.00077   -0.00190
  715   -0.00403   -0.00034   -0.00189
  716   -0.00354   -0.00053   -0.00302
  717   -0.00709   -0.00039   -0.00214
  718   -0.01071   -0.00067   -0.00225
  719   -0.00624   -0.00030   -0.00276
  720   -0.01189   -0.00122   -0.00407
  721   -0.00366    0.00011   -0.00079
  722   -0.00244    0.00017   -0.00095
  723   -0.00177    0.00009   -0.00097
  724   -0.00137   -0.00011   -0.00149
  725   -0.00169    0.00025   -0.00009
  726   -0.00037    0.00035   -0.00027
  727   -0.00013   -0.00030   -0.00191
  728    0.00091   -0.00038   -0.00255
  729    0.00017    0.00086    0.00138
  730    0.00108    0.00147    0.00302
  731    0.00024    0.00129    0.00389
  732    0.00221    0.00202    0.00478
  733   -0.00124   -0.00059   -0.00266
  734   -0.00126   -0.00125   -0.00470
  735   -0.00090   -0.00145   -0.00529
  736    0.00011   -0.00168   -0.00629
  737   -0.00313   -0.00148   -0.00564
  738   -0.00364   -0.00139   -0.00490
  739   -0.00327   -0.00227   -0.00811
  740   -0.00611   -0.00197   -0.00569
  741   -0.00152   -0.00136   -0.00450
  742   -0.00125   -0.00132   -0.00445
  743   -0.00046   -0.00101   -0.00396
  744   -0.00055   -0.00135   -0.00434
  745   -0.00169   -0.00089   -0.00352
  746   -0.00230   -0.00089   -0.00378
  747   -0.00272   -0.00045   -0.00312
  748   -0.00262   -0.00181   -0.00510
  749   -0.00325   -0.00050   -0.00368
  750   -0.00337   -0.00125   -0.00491
  751   -0.00020   -0.00068   -0.00319
  752    0.00033   -0.00061   -0.00270
  753    0.00175   -0.00073   -0.00354
  754    0.00191   -0.00084   -0.00391
  755    0.00044   -0.00022   -0.00169
  756    0.00253   -0.00074   -0.00425
  757    0.00399   -0.00071   -0.00535
  758    0.00397   -0.00117   -0.00718
  759    0.00497   -0.00039   -0.00799
  760    0.00500   -0.00046   -0.00569
  761    0.00712   -0.00038   -0.00752
  762    0.00559    0.00025   -0.00354
  763    0.00280   -0.00188   -0.00796
  764    0.00246   -0.00296   -0.00950
  765    0.00195   -0.00377   -0.00852
  766    0.00177   -0.00555   -0.00955
  767    0.00117   -0.00407   -0.00973
  768    0.00035   -0.00283   -0.00689
  769   -0.00155   -0.00227   -0.00653
  770   -0.00152   -0.00164   -0.00586
  771   -0.00314   -0.00122   -0.00482
  772   -0.00179   -0.00211   -0.00471
  773   -0.00181   -0.00252   -0.00501
  774   -0.00247   -0.00340   -0.00541
  775   -0.00097   -0.00201   -0.00480
  776    0.00148   -0.00136   -0.00678
  777    0.00262   -0.00071   -0.00634
  778    0.00573    0.00134   -0.00821
  779    0.00704    0.00172   -0.00798
  780    0.00289   -0.00037   -0.00522
  781    0.00064   -0.00082   -0.00391
  782   -0.00027    0.00003   -0.00351
  783   -0.00000   -0.00087   -0.00318
  784    0.00618    0.00064   -0.00996
  785    0.00936    0.00225   -0.01249
  786    0.00974    0.00344   -0.01342
  787    0.01173    0.00410   -0.01414
  788    0.00897    0.00097   -0.01411
  789    0.00825   -0.00094   -0.01302
  790    0.00777   -0.00259   -0.01596
  791    0.00927   -0.00142   -0.01986
  792    0.00637   -0.00491   -0.01580
  793    0.00838    0.00364   -0.01363
  794    0.00974    0.00411   -0.01470
  795    0.01030    0.00388   -0.01240
  796    0.01204    0.00457   -0.01233
  797    0.00823    0.00431   -0.01614
  798    0.00442    0.00249   -0.00917
  799    0.00478    0.00337   -0.00865
  800    0.00350    0.00082   -0.00725
  801    0.00979    0.00302   -0.01033
  802    0.01065    0.00433   -0.00856
  803    0.01235    0.00401   -0.00767
  804    0.01375    0.00489   -0.00733
  805    0.00781    0.00391   -0.00705
  806    0.00584    0.00341   -0.00717
  807    0.00390    0.00259   -0.00479
  808    0.00138    0.00276   -0.00271
  809   -0.00024    0.00206   -0.00274
  810    0.01178    0.00343   -0.00762
  811    0.01265    0.00341   -0.00649
  812    0.01437    0.00385   -0.00881
  813    0.01465    0.00359   -0.01033
  814    0.01110    0.00253   -0.00566
  815    0.00946    0.00282   -0.00362
  816    0.00792    0.00233   -0.00385
  817    0.00870    0.00218   -0.00274
  818    0.01654    0.00380   -0.00856
  819    0.01936    0.00355   -0.01098
  820    0.01932    0.00345   -0.01003
  821    0.01770    0.00322   -0.00796
  822    0.02133    0.00376   -0.01267
  823    0.02108    0.00392   -0.01218
  824    0.02432    0.00462   -0.01240
  825    0.02697    0.00525   -0.01461
  826    0.01823    0.00293   -0.01396
  827    0.01581    0.00175   -0.01360
  828    0.01369    0.00140   -0.01124
  829    0.01507    0.00182   -0.01544
  830    0.01159    0.00039   -0.01072
  831    0.01340    0.00079   -0.01436
  832    0.01177    0.00018   -0.01243
  833    0.02387    0.00450   -0.00997
  834    0.02670    0.00500   -0.00980
  835    0.02546    0.00473   -0.01215
  836    0.02220    0.00388   -0.01348
  837    0.02684    0.00513   -0.00634
  838    0.02293    0.00463   -0.00481
  839    0.02314    0.00514   -0.00132
  840    0.02621    0.00574   -0.00020
  841    0.02028    0.00500    0.00034
  842    0.02879    0.00552   -0.01324
  843    0.02862    0.00515   -0.01608
  844    0.02472    0.00413   -0.01350
  845    0.02580    0.00460   -0.01058
  846    0.03539    0.00666   -0.01833
  847    0.02081    0.00270   -0.01524
  848    0.01679    0.00160   -0.01358
  849    0.01395    0.00125   -0.01117
  850    0.01137    0.00095   -0.00892
  851    0.01463    0.00162   -0.01164
  852    0.01247    0.00147   -0.00977
  853    0.00854   -0.00010   -0.01080
  854    0.00753   -0.00136   -0.01379
  855    0.01387    0.00172   -0.01057
  856    0.01170    0.00143   -0.00922
  857    0.00637   -0.00010   -0.00829
  858    0.00258   -0.00127   -0.00876
  859    0.00155   -0.00184   -0.01028
  860   -0.00067   -0.00291   -0.01235
  861    0.00081   -0.00105   -0.00582
  862   -0.00265   -0.00206   -0.00660
  863    0.00213   -0.00033   -0.00413
  864    0.00325   -0.00107   -0.00913
  865    0.00270   -0.00172   -0.01015
  866    0.00399   -0.00235   -0.01350
  867    0.00243   -0.00342   -0.01526
  868    0.00419   -0.00084   -0.00798
  869    0.00351   -0.00124   -0.00835
  870    0.00056   -0.00186   -0.00861
  871    0.00457   -0.00042   -0.00584
  872    0.00668   -0.00171   -0.01440
  873    0.00820   -0.00214   -0.01792
  874    0.00599   -0.00421   -0.02034
  875    0.00550   -0.00600   -0.02250
  876    0.01120   -0.00077   -0.01824
  877    0.01310   -0.00104   -0.02159
  878    0.01575   -0.00073   -0.02304
  879    0.01885    0.00245   -0.02254
  880    0.02238    0.00309   -0.02486
  881    0.00446   -0.00441   -0.01953
  882    0.00177   -0.00620   -0.02137
  883   -0.00136   -0.00725   -0.02184
  884   -0.00248   -0.00944   -0.02467
  885    0.00057   -0.00610   -0.02042
  886   -0.00261   -0.00795   -0.02271
  887   -0.00161   -0.00963   -0.02659
  888   -0.00001   -0.01081   -0.02919
  889   -0.00322   -0.01065   -0.02874
  890   -0.00210   -0.00609   -0.01906
  891   -0.00455   -0.00678   -0.01909
  892   -0.00377   -0.00718   -0.02037
  893   -0.00557   -0.00833   -0.02219
  894   -0.00538   -0.00530   -0.01577
  895   -0.00767   -0.00570   -0.01562
  896   -0.01073   -0.00638   -0.01630
  897   -0.00684   -0.00502   -0.01456
  898   -0.01276   -0.00665   -0.01612
  899   -0.00839   -0.00540   -0.01421
  900   -0.01151   -0.00610   -0.01496
  901   -0.00115   -0.00619   -0.01960
  902   -0.00008   -0.00637   -0.02041
  903    0.00051   -0.00829   -0.02371
  904    0.00027   -0.00939   -0.02500
  905    0.00286   -0.00513   -0.01881
  906    0.00250   -0.00366   -0.01534
  907    0.00515   -0.00256   -0.01369
  908    0.00014   -0.00392   -0.01375
  909    0.00158   -0.00927   -0.02535
  910    0.00216   -0.01103   -0.02888
  911   -0.00095   -0.01288   -0.03051
  912   -0.00086   -0.01474   -0.03310
  913    0.00409   -0.01128   -0.02971
  914    0.00527   -0.01369   -0.03362
  915   -0.00366   -0.01238   -0.02927
  916   -0.00703   -0.01371   -0.03107
  917   -0.00825   -0.01373   -0.03043
  918   -0.01024   -0.01497   -0.03211
  919   -0.00939   -0.01270   -0.02925
  920   -0.00890   -0.01317   -0.03065
  921   -0.01049   -0.01175   -0.02821
  922   -0.01181   -0.01057   -0.02566
  923   -0.01092   -0.01229   -0.02953
  924   -0.00736   -0.01223   -0.02812
  925   -0.00844   -0.01225   -0.02716
  926   -0.00613   -0.01261   -0.02752
  927   -0.00637   -0.01207   -0.02612
  928   -0.00944   -0.01025   -0.02373
  929   -0.00677   -0.00905   -0.02182
  930   -0.01192   -0.00999   -0.02329
  931   -0.00396   -0.01295   -0.02896
  932   -0.00119   -0.01329   -0.02903
  933   -0.00183   -0.01428   -0.03121
  934   -0.00145   -0.01239   -0.02940
  935    0.00154   -0.01467   -0.03082
  936    0.00364   -0.01467   -0.02922
  937    0.00614   -0.01397   -0.03124
  938    0.00744   -0.01586   -0.03509
  939    0.00750   -0.01225   -0.02933
  940   -0.00340   -0.01658   -0.03402
  941   -0.00390   -0.01898   -0.03585
  942   -0.00736   -0.01768   -0.03438
  943   -0.00814   -0.01950   -0.03615
  944   -0.00392   -0.02403   -0.04049
  945   -0.00902   -0.01565   -0.03162
  946   -0.01176   -0.01664   -0.03092
  947   -0.01222   -0.01383   -0.02806
  948   -0.00969   -0.01144   -0.02610
  949   -0.01355   -0.01520   -0.02919
  950   -0.01494   -0.01595   -0.03128
  951   -0.01734   -0.01409   -0.02918
  952   -0.01867   -0.01629   -0.03259
  953   -0.01439   -0.01538   -0.02878
  954   -0.01365   -0.01452   -0.02656
  955   -0.01417   -0.01225   -0.02262
  956   -0.01576   -0.01191   -0.02281
  957   -0.01582   -0.01692   -0.02853
  958   -0.01971   -0.01631   -0.02803
  959   -0.01309   -0.00969   -0.01930
  960   -0.01288   -0.00743   -0.01597
  961   -0.01601   -0.00749   -0.01695
  962   -0.01675   -0.00625   -0.01566
  963   -0.00958   -0.00540   -0.01232
  964   -0.00719   -0.00626   -0.01145
  965   -0.00955   -0.00939   -0.01669
  966   -0.01911   -0.00835   -0.01865
  967   -0.02257   -0.00747   -0.01937
  968   -0.02447   -0.00860   -0.02105
  969   -0.02593   -0.00788   -0.02001
  970   -0.02646   -0.00834   -0.02137
  971   -0.02495   -0.00665   -0.01964
  972   -0.01976   -0.00746   -0.01876
  973   -0.01679   -0.00319   -0.01606
  974   -0.01739   -0.00948   -0.01942
  975   -0.02322   -0.01097   -0.02344
  976   -0.02384   -0.01203   -0.02506
  977   -0.02180   -0.01094   -0.02320
  978   -0.02269   -0.01110   -0.02378
  979   -0.02341   -0.01405   -0.02839
  980   -0.02630   -0.01587   -0.03103
  981   -0.03028   -0.01524   -0.03202
  982   -0.02483   -0.01815   -0.03277
  983   -0.01895   -0.00986   -0.02132
  984   -0.01715   -0.00869   -0.01954
  985   -0.01847   -0.00717   -0.01710
  986   -0.01807   -0.00707   -0.01609
  987   -0.01385   -0.00803   -0.01832
  988   -0.01186   -0.00917   -0.02039
  989   -0.00861   -0.00887   -0.01908
  990   -0.00671   -0.00866   -0.02098
  991   -0.00449   -0.00698   -0.01999
  992   -0.00346   -0.00581   -0.01661
  993   -0.00341   -0.00792   -0.02227
  994   -0.02013   -0.00639   -0.01601
  995   -0.02196   -0.00545   -0.01411
  996   -0.02506   -0.00599   -0.01479
  997   -0.02548   -0.00543   -0.01281
  998   -0.02354   -0.00398   -0.01323
  999   -0.02647   -0.00742   -0.01771
 1000   -0.02918   -0.00812   -0.01919
 1001   -0.02759   -0.00842   -0.01936
 1002   -0.02923   -0.00804   -0.01876
 1003   -0.03210   -0.00917   -0.02332
 1004   -0.03495   -0.00859   -0.02349
 1005   -0.03759   -0.01016   -0.02813
 1006   -0.04378   -0.00902   -0.03024
 1007   -0.04404   -0.00787   -0.02926
 1008   -0.02449   -0.00902   -0.02027
 1009   -0.02222   -0.00932   -0.02036
 1010   -0.02113   -0.00777   -0.01699
 1011   -0.02082   -0.00758   -0.01642
 1012   -0.01942   -0.00983   -0.02168
 1013   -0.02027   -0.01206   -0.02556
 1014   -0.02057   -0.00667   -0.01459
 1015   -0.01957   -0.00545   -0.01126
 1016   -0.02222   -0.00515   -0.00938
 1017   -0.02167   -0.00456   -0.00724
 1018   -0.01811   -0.00465   -0.00973
 1019   -0.01703   -0.00361   -0.00671
 1020   -0.01418   -0.00334   -0.00590
 1021   -0.01856   -0.00292   -0.00440
 1022   -0.01288   -0.00270   -0.00288
 1023   -0.01767   -0.00254   -0.00154
 1024   -0.01470   -0.00233   -0.00074
 1025   -0.02535   -0.00560   -0.01032
 1026   -0.02838   -0.00530   -0.00925
 1027   -0.02944   -0.00550   -0.01010
 1028   -0.03065   -0.00527   -0.00805
 1029   -0.03213   -0.00558   -0.01063
 1030   -0.03228   -0.00497   -0.00962
 1031   -0.03535   -0.00539   -0.01149
 1032   -0.03425   -0.00482   -0.01216
 1033   -0.03912   -0.00583   -0.01248
 1034   -0.02798   -0.00661   -0.01315
 1035   -0.02846   -0.00752   -0.01498
 1036   -0.02453   -0.00704   -0.01364
 1037   -0.02424   -0.00749   -0.01478
 1038   -0.02919   -0.00922   -0.01972
 1039   -0.03385   -0.00973   -0.02219
 1040   -0.03398   -0.01157   -0.02681
 1041   -0.03967   -0.01208   -0.03089
 1042   -0.04138   -0.01502   -0.03819
 1043   -0.02192   -0.00605   -0.01143
 1044   -0.01825   -0.00551   -0.00993
 1045   -0.01805   -0.00430   -0.00584
 1046   -0.01723   -0.00349   -0.00345
 1047   -0.01567   -0.00530   -0.01054
 1048   -0.01246   -0.00484   -0.01058
 1049   -0.01098   -0.00385   -0.00790
 1050   -0.01141   -0.00557   -0.01336
 1051   -0.01908   -0.00422   -0.00543
 1052   -0.01912   -0.00325   -0.00159
 1053   -0.01516   -0.00247    0.00056
 1054   -0.01490   -0.00178    0.00421
 1055   -0.02166   -0.00354   -0.00224
 1056   -0.02671   -0.00440   -0.00557
 1057   -0.03031   -0.00372   -0.00292
 1058   -0.02964   -0.00343   -0.00108
 1059   -0.03682   -0.00273   -0.00458
 1060   -0.01246   -0.00263   -0.00159
 1061   -0.00898   -0.00174    0.00025
 1062   -0.00811   -0.00124    0.00199
 1063   -0.00702   -0.00030    0.00497
 1064   -0.00646   -0.00179   -0.00243
 1065   -0.00869   -0.00164   -0.00024
 1066   -0.00809   -0.00130    0.00097
 1067   -0.01016   -0.00090    0.00401
 1068   -0.00907   -0.00001    0.00632
 1069   -0.00850   -0.00202   -0.00204
 1070   -0.00640   -0.00215   -0.00463
 1071   -0.00845   -0.00160   -0.00078
 1072   -0.00669   -0.00310   -0.00743
 1073   -0.01299   -0.00119    0.00394
 1074   -0.01524   -0.00074    0.00708
 1075   -0.01420   -0.00023    0.01078
 1076   -0.01457    0.00003    0.01338
 1077   -0.01851   -0.00156    0.00613
 1078   -0.01974   -0.00219    0.00375
 1079   -0.02310   -0.00263    0.00231
 1080   -0.02505   -0.00287    0.00443
 1081   -0.02406   -0.00332   -0.00111
 1082   -0.01319   -0.00031    0.01057
 1083   -0.01224    0.00034    0.01354
 1084   -0.00919    0.00115    0.01444
 1085   -0.00885    0.00201    0.01753
 1086   -0.01148    0.00043    0.01246
 1087   -0.00717    0.00097    0.01213
 1088   -0.00442    0.00190    0.01282
 1089   -0.00520    0.00221    0.01447
 1090   -0.00394    0.00285    0.01654
 1091   -0.00239    0.00159    0.00975
 1092   -0.00711    0.00173    0.01342
 1093   -0.00792    0.00206    0.01446
 1094   -0.00933    0.00216    0.01802
 1095   -0.00845    0.00241    0.01967
 1096   -0.01001    0.00118    0.01275
 1097   -0.01064    0.00110    0.01377
 1098   -0.00920    0.00098    0.01247
 1099   -0.01256    0.00097    0.01655
 1100   -0.00985    0.00067    0.01382
 1101   -0.01188    0.00060    0.01623
 1102   -0.01158    0.00158    0.01912
 1103   -0.01317    0.00157    0.02236
 1104   -0.01117    0.00322    0.02458
 1105   -0.01154    0.00412    0.02734
 1106   -0.01599    0.00062    0.02251
 1107   -0.01819   -0.00016    0.02158
 1108   -0.02107   -0.00137    0.02226
 1109   -0.01725   -0.00016    0.02068
 1110   -0.00898    0.00365    0.02324
 1111   -0.00693    0.00464    0.02523
 1112   -0.00522    0.00525    0.02622
 1113   -0.00469    0.00619    0.02915
 1114   -0.00474    0.00467    0.02314
 1115   -0.00441    0.00496    0.02397
 1116   -0.00288    0.00548    0.02435
 1117   -0.00476    0.00571    0.02575
 1118   -0.00400    0.00657    0.02762
 1119   -0.00106    0.00484    0.02130
 1120    0.00065    0.00535    0.02158
 1121    0.00116    0.00493    0.02011
 1122   -0.00714    0.00445    0.02508
 1123   -0.00864    0.00391    0.02616
 1124   -0.00952    0.00497    0.02974
 1125   -0.00958    0.00458    0.03078
 1126   -0.01071    0.00246    0.02484
 1127   -0.00988    0.00569    0.03155
 1128   -0.01105    0.00653    0.03525
 1129   -0.00883    0.00799    0.03845
 1130   -0.00997    0.00834    0.04191
 1131   -0.01321    0.00605    0.03664
 1132   -0.01182    0.00727    0.03953
 1133   -0.00892    0.00783    0.03744
 1134   -0.00632    0.00943    0.03824
 1135   -0.00953    0.00655    0.03489
 1136   -0.00665    0.00892    0.03611
 1137   -0.00463    0.01022    0.03735
 1138   -0.00401    0.01101    0.03795
 1139   -0.00264    0.01299    0.04021
 1140   -0.00183    0.00995    0.03446
 1141    0.00080    0.01092    0.03670
 1142    0.00245    0.01196    0.03716
 1143    0.00198    0.01213    0.03420
 1144    0.00402    0.01369    0.03982
 1145   -0.00493    0.01006    0.03552
 1146   -0.00507    0.01019    0.03459
 1147   -0.00645    0.01293    0.03849
 1148   -0.00512    0.01671    0.03901
 1149   -0.00918    0.01082    0.04097
 1150   -0.01143    0.01279    0.04397
 1151   -0.01500    0.00748    0.04726
 1152   -0.01239    0.00405    0.04382
 1153   -0.00828    0.01372    0.03584
 1154   -0.00616    0.00992    0.03043
 1155   -0.00677    0.00584    0.03243
 1156   -0.00629    0.00325    0.03340
 1157   -0.00690    0.00489    0.03161
 1158   -0.01824    0.01079    0.05080
 1159   -0.02236    0.00292    0.05478
 1160   -0.00245    0.00449    0.03610
 1161   -0.00810    0.01076    0.03741
 1162   -0.05177    0.00611    0.08466
 1163    0.00947   -0.00146    0.03002
 1164    0.01707   -0.00375    0.02180
 1165    0.02729   -0.01411    0.02011
 1166    0.03622   -0.01766    0.02686
 1167    0.01549   -0.00366    0.01844
 1168    0.00754    0.00361    0.01529
 1169    0.00784    0.00179    0.01088
 1170    0.00313    0.00761    0.00906
 1171   -0.00123    0.00634    0.01536
 1172   -0.00229    0.00608    0.01766
 1173   -0.00138    0.01042    0.01599
 1174    0.02379   -0.01644    0.01383
 1175    0.02983   -0.02880    0.01123
 1176    0.03251   -0.03012    0.01127
 1177    0.03387   -0.03809    0.00742
 1178    0.02712   -0.03385    0.00191
 1179    0.03053   -0.02251    0.01398
 1180    0.01874   -0.01158    0.01165
 1181    0.02213   -0.01798    0.01000
 1182    0.02631   -0.02626    0.00340
 1183    0.00959    0.00084    0.01766
 1184    0.00781    0.00289    0.01229
 1185    0.01089   -0.00446    0.00379
 1186    0.00675    0.00404    0.01618
 1187    0.02877   -0.02095    0.01719
 1188    0.03808   -0.03079    0.02005
 1189    0.03157   -0.02903    0.01413
 1190    0.02588   -0.02256    0.01230
 1191    0.04493   -0.04430    0.01574
 1192    0.03395   -0.03701    0.00981
 1193    0.03215   -0.03928    0.00633
 1194    0.02607   -0.02941    0.00180
 1195    0.02240   -0.02082    0.00122
 1196    0.03013   -0.04699   -0.00126
 1197    0.02963   -0.04896   -0.00691
 1198    0.03180   -0.04063   -0.01530
 1199    0.03180   -0.05606   -0.02528
 1200    0.03863   -0.04416   -0.03374
 1201    0.02326   -0.02687   -0.00469
 1202    0.02152   -0.02022   -0.01146
 1203    0.01914   -0.01340   -0.00961
 1204    0.01646   -0.00870   -0.00834
 1205    0.01906   -0.01845   -0.01834
 1206    0.01964   -0.01743   -0.02464
 1207    0.01959   -0.02444   -0.01908
 1208    0.01974   -0.01286   -0.00897
 1209    0.01807   -0.00880   -0.00786
 1210    0.01644   -0.00612   -0.01226
 1211    0.01641   -0.00589   -0.01516
 1212    0.01955   -0.00723   -0.00794
 1213    0.02217   -0.01103   -0.00194
 1214    0.02106   -0.00788    0.00251
 1215    0.02701   -0.01561   -0.00015
 1216    0.01351   -0.00463   -0.00976
 1217    0.01130   -0.00438   -0.01032
 1218    0.00752   -0.00113   -0.00642
 1219    0.00727   -0.00210   -0.00320
 1220    0.00904   -0.00441   -0.00857
 1221    0.01104   -0.00574   -0.01293
 1222    0.01088   -0.00655   -0.01599
 1223    0.01192   -0.00574   -0.01175
 1224    0.01168   -0.00846   -0.02000
 1225    0.01185   -0.00721   -0.01636
 1226    0.01200   -0.00849   -0.02173
 1227    0.00743   -0.00058   -0.00732
 1228    0.00676    0.00059   -0.00530
 1229    0.00382    0.00020   -0.00410
 1230    0.00364   -0.00064   -0.00548
 1231    0.00771    0.00097   -0.00547
 1232    0.00659    0.00180   -0.00337
 1233    0.00446    0.00110   -0.00231
 1234    0.00701    0.00270   -0.00300
 1235    0.00273    0.00170   -0.00161
 1236    0.00493    0.00312   -0.00181
 1237    0.00140    0.00055   -0.00246
 1238   -0.00031    0.00004   -0.00176
 1239    0.00033    0.00099   -0.00188
 1240    0.00084    0.00079   -0.00159
 1241   -0.00181    0.00041   -0.00016
 1242   -0.00312    0.00017    0.00038
 1243   -0.00394    0.00074    0.00252
 1244   -0.00236   -0.00019   -0.00095
 1245   -0.00422    0.00164    0.00402
 1246   -0.00254    0.00001    0.00044
 1247   -0.00354    0.00076    0.00226
 1248    0.00020    0.00062   -0.00217
 1249    0.00002    0.00065   -0.00149
 1250   -0.00097    0.00044   -0.00140
 1251   -0.00136    0.00011   -0.00193
 1252    0.00093    0.00116   -0.00128
 1253    0.00088    0.00016   -0.00218
 1254    0.00260    0.00159   -0.00152
 1255    0.00157    0.00061   -0.00190
 1256   -0.00104    0.00056   -0.00082
 1257   -0.00169    0.00016   -0.00076
 1258   -0.00205    0.00031   -0.00017
 1259   -0.00161    0.00081    0.00052
 1260   -0.00170   -0.00005   -0.00102
 1261   -0.00193   -0.00031   -0.00107
 1262   -0.00144   -0.00036   -0.00114
 1263   -0.00169   -0.00044   -0.00132
 1264   -0.00283   -0.00003   -0.00018
 1265   -0.00365    0.00012    0.00062
 1266   -0.00424    0.00003    0.00074
 1267   -0.00412   -0.00015   -0.00011
 1268   -0.00456    0.00006    0.00031
 1269   -0.00378    0.00000   -0.00018
 1270   -0.00325   -0.00059   -0.00131
 1271   -0.00349    0.00065    0.00083
 1272   -0.00249   -0.00067   -0.00174
 1273   -0.00240    0.00081    0.00058
 1274   -0.00193    0.00003   -0.00090
 1275   -0.00424    0.00027    0.00164
 1276   -0.00476    0.00014    0.00182
 1277   -0.00531    0.00082    0.00311
 1278   -0.00520    0.00100    0.00531
 1279   -0.00324   -0.00072    0.00070
 1280   -0.00289   -0.00144   -0.00045
 1281   -0.00172   -0.00111   -0.00126
 1282   -0.00341   -0.00128   -0.00024
 1283   -0.00656    0.00098    0.00345
 1284   -0.00756    0.00147    0.00485
 1285   -0.00740    0.00092    0.00502
 1286   -0.00698    0.00019    0.00317
 1287   -0.00956    0.00208    0.00567
 1288   -0.01050    0.00228    0.00757
 1289   -0.01094    0.00205    0.00956
 1290   -0.01148    0.00141    0.00728
 1291   -0.00688    0.00038    0.00724
 1292   -0.00670   -0.00024    0.00677
 1293   -0.00686   -0.00115    0.01138
 1294   -0.00638   -0.00040    0.01417
 1295   -0.00499   -0.00093    0.00661
 1296   -0.00535   -0.00163    0.00718
 1297   -0.00437   -0.00077    0.00285
 1298   -0.00750   -0.00091    0.01074
 1299   -0.00886   -0.00349    0.01659
 1300   -0.00921   -0.00211    0.01758
 1301   -0.00939   -0.00164    0.02154
 1302   -0.00839   -0.00534    0.02006
 1303   -0.00980   -0.00747    0.02386
 1304   -0.01178   -0.00844    0.02490
 1305   -0.00899   -0.00689    0.02566
 1306   -0.00995   -0.00031    0.01569
 1307   -0.00984    0.00028    0.01565
 1308   -0.00888    0.00107    0.01550
 1309   -0.00895    0.00143    0.01569
 1310   -0.00748    0.00143    0.01476
 1311   -0.00631    0.00215    0.01446
 1312   -0.00605    0.00210    0.01200
 1313   -0.00611    0.00148    0.01092
 1314   -0.00501    0.00235    0.01650
 1315   -0.00484    0.00327    0.01946
 1316   -0.00371    0.00388    0.01989
 1317   -0.00566    0.00256    0.02195
 1318   -0.00394    0.00372    0.02292
 1319   -0.00512    0.00329    0.02447
 1320   -0.00637    0.00244    0.01101
 1321   -0.00615    0.00202    0.00907
 1322   -0.00429    0.00232    0.00914
 1323   -0.00335    0.00304    0.01002
 1324   -0.00691    0.00181    0.00775
 1325   -0.00676    0.00179    0.00571
 1326   -0.00722    0.00131    0.00423
 1327   -0.00749    0.00148    0.00432
 1328   -0.00389    0.00205    0.00797
 1329   -0.00235    0.00242    0.00744
 1330   -0.00211    0.00214    0.00524
 1331   -0.00283    0.00144    0.00409
 1332   -0.00141    0.00116    0.00772
 1333   -0.00121    0.00177    0.01003
 1334   -0.00002    0.00279    0.01122
 1335   -0.00251    0.00157    0.01123
 1336    0.00030    0.00304    0.01402
 1337   -0.00243    0.00149    0.01398
 1338   -0.00099    0.00225    0.01560
 1339   -0.00073    0.00181    0.01870
 1340   -0.00047    0.00243    0.00534
 1341    0.00020    0.00232    0.00408
 1342    0.00102    0.00266    0.00350
 1343    0.00221    0.00348    0.00459
 1344    0.00086    0.00314    0.00427
 1345    0.00170    0.00304    0.00269
 1346    0.00298    0.00353    0.00286
 1347    0.00445    0.00405    0.00242
 1348    0.00230    0.00354    0.00337
 1349    0.00038    0.00216    0.00181
 1350    0.00037    0.00215    0.00097
 1351    0.00064    0.00264    0.00021
 1352    0.00009    0.00183   -0.00037
 1353   -0.00050    0.00098    0.00000
 1354   -0.00066    0.00063    0.00059
 1355   -0.00102   -0.00046   -0.00118
 1356   -0.00010    0.00104    0.00213
 1357    0.00116    0.00343    0.00006
 1358    0.00166    0.00367   -0.00024
 1359    0.00093    0.00416   -0.00121
 1360    0.00186    0.00548   -0.00136
 1361    0.00349    0.00480    0.00014
 1362    0.00441    0.00457   -0.00041
 1363    0.00634    0.00479   -0.00087
 1364    0.00338    0.00476   -0.00073
 1365   -0.00108    0.00312   -0.00201
 1366   -0.00322    0.00341   -0.00290
 1367   -0.00282    0.00414   -0.00331
 1368   -0.00543    0.00408   -0.00470
 1369    0.00079    0.00561   -0.00216
 1370    0.00425    0.00734   -0.00253
 1371    0.00646    0.00898   -0.00155
 1372    0.00863    0.01093   -0.00193
 1373    0.00533    0.00729   -0.00247
 1374    0.00210    0.00407   -0.00186
 1375    0.00616    0.00301   -0.00235
 1376    0.00904    0.00434   -0.00430
 1377    0.01338    0.00510   -0.00561
 1378    0.01484    0.00556   -0.00527
 1379    0.01935    0.00613   -0.00787
 1380    0.00626    0.00963   -0.00103
 1381    0.00787    0.01094    0.00032
 1382    0.00514    0.01105    0.00020
 1383    0.00109    0.01032   -0.00210
 1384    0.00780    0.01027    0.00191
 1385    0.00949    0.01024    0.00222
 1386    0.01419    0.01290    0.00426
 1387    0.01395    0.01373    0.00701
 1388    0.00694    0.01394    0.00192
 1389    0.00378    0.01449    0.00174
 1390    0.00398    0.01036    0.00310
 1391    0.00299    0.00768    0.00241
 1392    0.00708    0.01807    0.00365
 1393    0.01452    0.01987    0.00657
 1394    0.01208    0.01772    0.00424
 1395    0.00568    0.01055    0.00464
 1396    0.00555    0.00715    0.00616
 1397    0.00571    0.00653    0.00634
 1398    0.00648    0.00749    0.00580
 1399    0.00972    0.00966    0.00984
 1400    0.01240    0.01335    0.01165
 1401    0.01328    0.01386    0.01225
 1402    0.01417    0.01736    0.01359
 1403    0.01620    0.01787    0.01449
 1404    0.01726    0.02271    0.01588
 1405    0.01849    0.02193    0.01610
 1406    0.00433    0.00511    0.00657
 1407    0.00394    0.00490    0.00750
 1408    0.00554    0.00595    0.01018
 1409    0.00693    0.00699    0.01235
 1410    0.00257    0.00340    0.00727
 1411    0.00270    0.00231    0.00555
 1412    0.00407    0.00393    0.00672
 1413    0.00474    0.00513    0.00973
 1414    0.00540    0.00553    0.01173
 1415    0.00352    0.00505    0.01218
 1416    0.00183    0.00426    0.01054
 1417    0.00533    0.00574    0.01050
 1418    0.00517    0.00623    0.01250
 1419    0.00711    0.00758    0.00952
 1420    0.00397    0.00533    0.01511
 1421    0.00199    0.00449    0.01613
 1422    0.00133    0.00456    0.01547
 1423    0.00274    0.00597    0.01816
 1424    0.00257    0.00478    0.01958
 1425    0.00066    0.00461    0.01893
 1426   -0.00089    0.00454    0.01726
 1427    0.00032    0.00455    0.02105
 1428   -0.00073    0.00408    0.01301
 1429   -0.00195    0.00400    0.01211
 1430   -0.00251    0.00362    0.01193
 1431   -0.00478    0.00312    0.01096
 1432   -0.00336    0.00361    0.00936
 1433   -0.00180    0.00401    0.00882
 1434   -0.00072    0.00457    0.00955
 1435   -0.00087    0.00385    0.00779
 1436    0.00044    0.00476    0.00826
 1437    0.00053    0.00424    0.00720
 1438   -0.00223    0.00422    0.01408
 1439   -0.00260    0.00386    0.01480
 1440   -0.00425    0.00320    0.01448
 1441   -0.00553    0.00314    0.01325
 1442   -0.00523    0.00318    0.01543
 1443   -0.00760    0.00297    0.01551
 1444   -0.00937    0.00259    0.01232
 1445   -0.01000    0.00270    0.01010
 1446   -0.00858    0.00300    0.01633
 1447   -0.01024    0.00198    0.01133
 1448   -0.01214    0.00198    0.00847
 1449   -0.01320    0.00157    0.00874
 1450   -0.01261    0.00156    0.01051
 1451   -0.01113    0.00147    0.00764
 1452   -0.01257    0.00104    0.00572
 1453   -0.01591    0.00259    0.00649
 1454   -0.01703    0.00311    0.00673
 1455   -0.01681    0.00224    0.00576
 1456   -0.01601    0.00197    0.00448
 1457   -0.01954    0.00402    0.00529
 1458   -0.02022    0.00455    0.00541
 1459   -0.01595    0.00302    0.00593
 1460   -0.01420    0.00378    0.00494
 1461   -0.01435    0.00371    0.00252
 1462   -0.01270    0.00287    0.00125
 1463   -0.01393    0.00503    0.00573
 1464   -0.01340    0.00456    0.00701
 1465   -0.01034    0.00390    0.00487
 1466   -0.01013    0.00301    0.00479
 1467   -0.00677    0.00348    0.00221
 1468   -0.01672    0.00473    0.00260
 1469   -0.01763    0.00433    0.00126
 1470   -0.01774    0.00219    0.00053
 1471   -0.01804    0.00128   -0.00033
 1472   -0.01987    0.00519    0.00079
 1473   -0.01887    0.00732    0.00132
 1474   -0.01524    0.00738    0.00187
 1475   -0.02256    0.00890    0.00115
 1476   -0.01785    0.00203    0.00128
 1477   -0.01779    0.00062    0.00088
 1478   -0.01582    0.00030    0.00088
 1479   -0.01540   -0.00012    0.00065
 1480   -0.01905    0.00081    0.00110
 1481   -0.01821    0.00157    0.00252
 1482   -0.02165    0.00118    0.00071
 1483   -0.01466    0.00045    0.00090
 1484   -0.01253    0.00024    0.00080
 1485   -0.01216   -0.00073   -0.00014
 1486   -0.01148   -0.00077   -0.00023
 1487   -0.01095    0.00045    0.00106
 1488   -0.00913    0.00054    0.00070
 1489   -0.00889    0.00118    0.00203
 1490   -0.00722    0.00057    0.00002
 1491   -0.01235   -0.00151   -0.00100
 1492   -0.01244   -0.00258   -0.00206
 1493   -0.01414   -0.00282   -0.00238
 1494   -0.01338   -0.00362   -0.00312
 1495   -0.01291   -0.00303   -0.00278
 1496   -0.01018   -0.00257   -0.00187
 1497   -0.01061   -0.00246   -0.00209
 1498   -0.00787   -0.00226   -0.00183
 1499   -0.01606   -0.00292   -0.00202
 1500   -0.01715   -0.00346   -0.00229
 1501   -0.01599   -0.00284   -0.00153
 1502   -0.01562   -0.00385   -0.00197
 1503   -0.01914   -0.00334   -0.00176
 1504   -0.02129   -0.00412   -0.00147
 1505   -0.02194   -0.00344   -0.00016
 1506   -0.02475   -0.00399   -0.00015
 1507   -0.02788   -0.00508   -0.00195
 1508   -0.01436   -0.00118   -0.00046
 1509   -0.01304   -0.00038    0.00051
 1510   -0.01124   -0.00078    0.00024
 1511   -0.01025   -0.00051    0.00049
 1512   -0.01236    0.00029    0.00196
 1513   -0.01395    0.00035    0.00205
 1514   -0.01431    0.00109    0.00320
 1515   -0.01534   -0.00034    0.00108
 1516   -0.01068   -0.00118   -0.00029
 1517   -0.00920   -0.00139   -0.00072
 1518   -0.00943   -0.00253   -0.00203
 1519   -0.00793   -0.00252   -0.00242
 1520   -0.00822   -0.00114   -0.00061
 1521   -0.01080   -0.00364   -0.00300
 1522   -0.01101   -0.00512   -0.00451
 1523   -0.01142   -0.00565   -0.00450
 1524   -0.01091   -0.00645   -0.00596
 1525   -0.01268   -0.00648   -0.00526
 1526   -0.01239   -0.00470   -0.00304
 1527   -0.01247   -0.00430   -0.00262
 1528   -0.01030   -0.00348   -0.00258
 1529   -0.00956   -0.00392   -0.00309
 1530   -0.01388   -0.00318   -0.00117
 1531   -0.01446   -0.00268   -0.00058
 1532   -0.01512   -0.00149    0.00077
 1533   -0.01709   -0.00051    0.00213
 1534   -0.02146   -0.00169    0.00201
 1535   -0.00850   -0.00224   -0.00163
 1536   -0.00607   -0.00136   -0.00135
 1537   -0.00517   -0.00236   -0.00319
 1538   -0.00343   -0.00217   -0.00344
 1539   -0.00455   -0.00000    0.00046
 1540   -0.00200    0.00112    0.00151
 1541   -0.00531    0.00079    0.00190
 1542   -0.00593   -0.00328   -0.00443
 1543   -0.00534   -0.00407   -0.00656
 1544   -0.00537   -0.00538   -0.00826
 1545   -0.00371   -0.00535   -0.01020
 1546   -0.00639   -0.00473   -0.00709
 1547   -0.00546   -0.00356   -0.00531
 1548   -0.00728   -0.00630   -0.00785
 1549   -0.00732   -0.00730   -0.00969
 1550   -0.00550   -0.00636   -0.00910
 1551   -0.00466   -0.00740   -0.01111
 1552   -0.01009   -0.00878   -0.00915
 1553   -0.01165   -0.01067   -0.00953
 1554   -0.01468   -0.01234   -0.01009
 1555   -0.01598   -0.01076   -0.00854
 1556   -0.01690   -0.00977   -0.00722
 1557   -0.01663   -0.00993   -0.00713
 1558   -0.01807   -0.00857   -0.00593
 1559   -0.00459   -0.00459   -0.00673
 1560   -0.00219   -0.00314   -0.00587
 1561    0.00081   -0.00320   -0.00736
 1562    0.00335   -0.00289   -0.00817
 1563   -0.00182   -0.00118   -0.00294
 1564   -0.00429   -0.00087   -0.00155
 1565   -0.00363    0.00122    0.00141
 1566   -0.00207    0.00239    0.00255
 1567   -0.00439    0.00167    0.00302
 1568    0.00070   -0.00332   -0.00771
 1569    0.00311   -0.00359   -0.00942
 1570    0.00352   -0.00539   -0.01304
 1571    0.00649   -0.00586   -0.01500
 1572    0.00246   -0.00353   -0.00901
 1573    0.00349   -0.00200   -0.00646
 1574    0.00211   -0.00099   -0.00413
 1575    0.00568   -0.00133   -0.00667
 1576    0.00296    0.00057   -0.00206
 1577    0.00628    0.00015   -0.00461
 1578    0.00473    0.00120   -0.00238
 1579    0.00057   -0.00634   -0.01432
 1580    0.00013   -0.00805   -0.01824
 1581    0.00172   -0.00916   -0.01930
 1582    0.00407   -0.01009   -0.02292
 1583   -0.00367   -0.00900   -0.01936
 1584   -0.00440   -0.00816   -0.01825
 1585   -0.00445   -0.01180   -0.02352
 1586    0.00092   -0.00837   -0.01663
 1587    0.00191   -0.00841   -0.01699
 1588    0.00677   -0.00713   -0.01722
 1589    0.00886   -0.00741   -0.01879
 1590   -0.00063   -0.00763   -0.01415
 1591   -0.00487   -0.00970   -0.01436
 1592   -0.00701   -0.00870   -0.01143
 1593   -0.00764   -0.00881   -0.01216
 1594   -0.00796   -0.00751   -0.00933
 1595    0.00799   -0.00557   -0.01519
 1596    0.01218   -0.00465   -0.01531
 1597    0.01556   -0.00634   -0.01902
 1598    0.01903   -0.00582   -0.02060
 1599    0.01286   -0.00265   -0.01233
 1600    0.01146   -0.00034   -0.00880
 1601    0.01263    0.00219   -0.00650
 1602    0.01164    0.00138   -0.00578
 1603    0.00907    0.00168   -0.00365
 1604    0.00709    0.00274   -0.00194
 1605    0.00843    0.00116   -0.00357
 1606    0.01399   -0.00782   -0.02091
 1607    0.01614   -0.00972   -0.02483
 1608    0.01414   -0.01199   -0.02862
 1609    0.01180   -0.01315   -0.03073
 1610    0.01531   -0.00956   -0.02431
 1611    0.01678   -0.00783   -0.02128
 1612    0.02103   -0.00714   -0.02212
 1613    0.02154   -0.00538   -0.01912
 1614    0.02375   -0.00858   -0.02519
 1615    0.01450   -0.01225   -0.02975
 1616    0.01192   -0.01436   -0.03429
 1617    0.01015   -0.01719   -0.03998
 1618    0.00544   -0.01751   -0.04057
 1619    0.01505   -0.01509   -0.03719
 1620    0.01432   -0.01966   -0.04515
 1621    0.01335   -0.02456   -0.05341
 1622    0.01167   -0.02245   -0.05003
 1623    0.00860   -0.02654   -0.05740
 1624    0.01268   -0.01878   -0.04230
 1625    0.01228   -0.01777   -0.04084
 1626    0.00679   -0.01695   -0.04045
 1627    0.00323   -0.01557   -0.03754
 1628    0.01472   -0.01527   -0.03528
 1629    0.01447   -0.01446   -0.03328
 1630    0.01677   -0.01763   -0.03832
 1631    0.01486   -0.01786   -0.04067
 1632    0.02100   -0.01893   -0.03876
 1633    0.00638   -0.01767   -0.04266
 1634    0.00174   -0.01724   -0.04243
 1635    0.00221   -0.01370   -0.03637
 1636   -0.00114   -0.01270   -0.03478
 1637   -0.00134   -0.02441   -0.05308
 1638   -0.00638   -0.02719   -0.05353
 1639   -0.00603   -0.03007   -0.06164
 1640    0.00593   -0.01359   -0.03430
 1641    0.00645   -0.01152   -0.02964
 1642    0.00477   -0.00939   -0.02420
 1643    0.00680   -0.00861   -0.02190
 1644    0.00951   -0.01254   -0.02935
 1645    0.00174   -0.00837   -0.02399
 1646   -0.00004   -0.00744   -0.01943
 1647   -0.00215   -0.00660   -0.01856
 1648   -0.00284   -0.00578   -0.02093
 1649   -0.00186   -0.00832   -0.01999
 1650    0.00054   -0.00820   -0.02052
 1651    0.00249   -0.00976   -0.02423
 1652    0.00156   -0.00695   -0.01707
 1653    0.00558   -0.00998   -0.02427
 1654    0.00452   -0.00710   -0.01732
 1655    0.00655   -0.00851   -0.02045
 1656   -0.00261   -0.00559   -0.01361
 1657   -0.00275   -0.00443   -0.01191
 1658   -0.00361   -0.00387   -0.00935
 1659   -0.00336   -0.00311   -0.00830
 1660   -0.00192   -0.00222   -0.00995
 1661   -0.00061   -0.00299   -0.01162
 1662   -0.00381   -0.00540   -0.00746
 1663   -0.00316   -0.00478   -0.00524
 1664   -0.00192   -0.00417   -0.00381
 1665   -0.00143   -0.00482   -0.00406
 1666   -0.00460   -0.00561   -0.00614
 1667   -0.00150   -0.00226   -0.00256
 1668    0.00003   -0.00096   -0.00115
 1669   -0.00047   -0.00077   -0.00119
 1670   -0.00163   -0.00162   -0.00150
 1671    0.00145   -0.00018    0.00039
 1672    0.00233   -0.00046    0.00147
 1673    0.00055   -0.00049    0.00057
 1674   -0.00019   -0.00068   -0.00058
 1675   -0.00066   -0.00051   -0.00042
 1676    0.00111    0.00101    0.00035
 1677    0.00211    0.00109    0.00104
 1678   -0.00202   -0.00134   -0.00064
 1679    0.00093    0.00116    0.00019
 1680    0.00248    0.00167    0.00061
 1681    0.00241    0.00206    0.00041
 1682    0.00137    0.00193   -0.00008
 1683    0.00266    0.00162   -0.00003
 1684    0.00442    0.00209   -0.00015
 1685    0.00592    0.00282    0.00121
 1686    0.00354    0.00131   -0.00091
 1687    0.00349    0.00226    0.00129
 1688    0.00359    0.00242    0.00123
 1689    0.00562    0.00289    0.00153
 1690    0.00704    0.00292    0.00255
 1691    0.00158    0.00148    0.00140
 1692    0.00191    0.00032    0.00200
 1693    0.00588    0.00383    0.00045
 1694    0.00835    0.00447    0.00038
 1695    0.00848    0.00368    0.00138
 1696    0.00661    0.00338    0.00048
 1697    0.00896    0.00596   -0.00169
 1698    0.01210    0.00730   -0.00236
 1699    0.01237    0.00935   -0.00477
 1700    0.01621    0.01043   -0.00550
 1701    0.01643    0.01268   -0.00831
 1702    0.01055    0.00321    0.00281
 1703    0.01205    0.00231    0.00419
 1704    0.01420    0.00273    0.00374
 1705    0.01492    0.00263    0.00385
 1706    0.01427    0.00185    0.00588
 1707    0.01620    0.00505    0.00257
 1708    0.01965    0.00765    0.00129
 1709    0.02732    0.01111    0.00503
 1710    0.03559    0.02022    0.00577
 1711    0.01752    0.00864   -0.00068
