    1    0.00153    0.00538   -0.00761
    2    0.00176    0.00319   -0.00507
    3    0.00136    0.00209   -0.00411
    4    0.00090    0.00401   -0.00621
    5    0.00193    0.00240   -0.00586
    6    0.00409    0.00044   -0.00169
    7    0.00213    0.00076   -0.00349
    8    0.00507   -0.00125    0.00142
    9    0.00050    0.00083   -0.00267
   10   -0.00037    0.00064   -0.00210
   11    0.00006   -0.00057   -0.00157
   12    0.00077   -0.00141   -0.00075
   13   -0.00121    0.00012   -0.00128
   14   -0.00053   -0.00209   -0.00043
   15   -0.00014   -0.00475   -0.00076
   16   -0.00169   -0.00131   -0.00179
   17   -0.00246   -0.00873    0.00092
   18   -0.00029   -0.00022   -0.00161
   19   -0.00015   -0.00075   -0.00136
   20   -0.00033   -0.00190   -0.00004
   21    0.00011   -0.00297    0.00066
   22   -0.00040    0.00017   -0.00189
   23   -0.00039    0.00146   -0.00312
   24   -0.00073    0.00199   -0.00322
   25   -0.00010    0.00142   -0.00398
   26   -0.00028   -0.00207    0.00035
   27   -0.00027   -0.00342    0.00191
   28   -0.00097   -0.00268    0.00182
   29   -0.00111   -0.00173    0.00110
   30   -0.00117   -0.00313    0.00267
   31   -0.00019   -0.00370    0.00310
   32   -0.00132   -0.00292    0.00475
   33    0.00069   -0.00344    0.00490
   34   -0.00069   -0.00354    0.00582
   35   -0.00100   -0.00412    0.00373
   36   -0.00110   -0.00469    0.00434
   37   -0.00224   -0.00337    0.00376
   38   -0.00212   -0.00426    0.00483
   39    0.00073   -0.00823    0.00638
   40    0.00231   -0.01081    0.00907
   41    0.00013   -0.00816    0.00523
   42   -0.00269   -0.00235    0.00220
   43   -0.00294   -0.00147    0.00182
   44   -0.00336   -0.00228    0.00235
   45   -0.00299   -0.00280    0.00241
   46   -0.00298   -0.00029    0.00072
   47   -0.00295    0.00046    0.00049
   48   -0.00211    0.00063    0.00089
   49   -0.00160    0.00079   -0.00015
   50   -0.00347   -0.00250    0.00313
   51   -0.00351   -0.00274    0.00332
   52   -0.00403   -0.00073    0.00189
   53   -0.00364    0.00045    0.00169
   54   -0.00221   -0.00306    0.00424
   55   -0.00219   -0.00310    0.00384
   56   -0.00116   -0.00370    0.00666
   57   -0.00011   -0.00413    0.00941
   58   -0.00170   -0.00320    0.00643
   59   -0.00459   -0.00016    0.00153
   60   -0.00509    0.00145    0.00073
   61   -0.00528    0.00300    0.00090
   62   -0.00491    0.00384    0.00115
   63   -0.00440    0.00071    0.00054
   64   -0.00566    0.00343    0.00100
   65   -0.00401   -0.00140    0.00020
   66   -0.00560    0.00287    0.00060
   67   -0.00508    0.00411    0.00109
   68   -0.00473    0.00500    0.00101
   69   -0.00486    0.00580    0.00058
   70   -0.00467    0.00510    0.00099
   71   -0.00373    0.00422    0.00208
   72   -0.00355    0.00542    0.00228
   73   -0.00388    0.00655    0.00154
   74   -0.00261    0.00426    0.00349
   75   -0.00562    0.00747    0.00012
   76   -0.00559    0.00732   -0.00035
   77   -0.00438    0.00637   -0.00041
   78   -0.00430    0.00603   -0.00095
   79   -0.00596    0.00788   -0.00153
   80   -0.00535    0.00831   -0.00140
   81   -0.00540    0.00796   -0.00014
   82   -0.00402    0.00681    0.00038
   83   -0.00297    0.00647    0.00082
   84   -0.00215    0.00478    0.00149
   85   -0.00222    0.00518    0.00064
   86   -0.00204    0.00689    0.00241
   87   -0.00139    0.00594    0.00245
   88   -0.00102    0.00520    0.00276
   89   -0.00087    0.00620    0.00360
   90    0.00035    0.00570    0.00461
   91   -0.00239    0.00461    0.00161
   92   -0.00209    0.00364    0.00178
   93   -0.00279    0.00402    0.00103
   94   -0.00252    0.00387    0.00003
   95   -0.00189    0.00270    0.00250
   96   -0.00052    0.00179    0.00408
   97    0.00019   -0.00019    0.00519
   98    0.00009   -0.00047    0.00403
   99   -0.00370    0.00424    0.00046
  100   -0.00396    0.00422   -0.00036
  101   -0.00357    0.00436   -0.00110
  102   -0.00367    0.00383   -0.00166
  103   -0.00462    0.00483   -0.00034
  104   -0.00471    0.00431   -0.00061
  105   -0.00443    0.00317   -0.00033
  106   -0.00565    0.00499   -0.00059
  107   -0.00340    0.00461   -0.00126
  108   -0.00265    0.00391   -0.00184
  109   -0.00226    0.00367   -0.00225
  110   -0.00187    0.00309   -0.00307
  111   -0.00223    0.00448   -0.00168
  112   -0.00392    0.00477   -0.00246
  113   -0.00462    0.00449   -0.00293
  114   -0.00405    0.00571   -0.00199
  115   -0.00201    0.00407   -0.00100
  116   -0.00161    0.00345   -0.00155
  117   -0.00215    0.00319   -0.00220
  118   -0.00233    0.00277   -0.00322
  119   -0.00086    0.00369   -0.00051
  120   -0.00026    0.00435    0.00080
  121    0.00160    0.00430    0.00324
  122    0.00311    0.00522    0.00487
  123    0.00242    0.00618    0.00535
  124   -0.00247    0.00341   -0.00237
  125   -0.00239    0.00312   -0.00331
  126   -0.00281    0.00258   -0.00414
  127   -0.00217    0.00208   -0.00532
  128   -0.00266    0.00292   -0.00264
  129   -0.00218    0.00221   -0.00353
  130   -0.00253    0.00262   -0.00171
  131   -0.00323    0.00257   -0.00346
  132   -0.00309    0.00193   -0.00407
  133   -0.00264    0.00042   -0.00577
  134   -0.00259   -0.00053   -0.00657
  135   -0.00365    0.00144   -0.00356
  136   -0.00413    0.00205   -0.00228
  137   -0.00459    0.00219   -0.00232
  138   -0.00444    0.00181   -0.00226
  139   -0.00230    0.00060   -0.00569
  140   -0.00219   -0.00078   -0.00608
  141   -0.00186   -0.00021   -0.00685
  142   -0.00239   -0.00209   -0.00844
  143   -0.00180   -0.00088   -0.00531
  144   -0.00156    0.00107   -0.00400
  145   -0.00194    0.00080   -0.00650
  146   -0.00189    0.00094   -0.00769
  147   -0.00203    0.00044   -0.00926
  148   -0.00203   -0.00025   -0.01017
  149   -0.00068    0.00164   -0.00625
  150   -0.00088    0.00143   -0.00399
  151    0.00041    0.00138   -0.00332
  152    0.00130    0.00077   -0.00198
  153    0.00279    0.00020   -0.00180
  154    0.00366    0.00020   -0.00271
  155    0.00539    0.00004    0.00059
  156   -0.00226    0.00098   -0.00893
  157   -0.00267    0.00062   -0.00941
  158   -0.00295   -0.00099   -0.00987
  159   -0.00312   -0.00120   -0.01025
  160   -0.00266    0.00047   -0.00777
  161   -0.00217    0.00122   -0.00713
  162   -0.00242    0.00110   -0.00625
  163   -0.00154    0.00141   -0.00829
  164   -0.00289   -0.00211   -0.00957
  165   -0.00282   -0.00389   -0.00947
  166   -0.00249   -0.00423   -0.00778
  167   -0.00239   -0.00519   -0.00739
  168   -0.00236   -0.00367   -0.00662
  169   -0.00238   -0.00384   -0.00507
  170   -0.00271   -0.00507   -0.00449
  171   -0.00286   -0.00454   -0.00437
  172   -0.00307   -0.00221   -0.00429
  173   -0.00405   -0.00287   -0.00309
  174   -0.00288   -0.00162   -0.00448
  175   -0.00317   -0.00605   -0.00408
  176   -0.00375   -0.00694   -0.00413
  177   -0.00478   -0.00707   -0.00329
  178   -0.00540   -0.00660   -0.00262
  179   -0.00350   -0.00896   -0.00497
  180   -0.00640   -0.00777   -0.00445
  181   -0.00977   -0.00908   -0.00550
  182   -0.01026   -0.00788   -0.00615
  183   -0.00865   -0.00608   -0.00564
  184   -0.01030   -0.00813   -0.00510
  185   -0.01022   -0.00754   -0.00544
  186   -0.00812   -0.00523   -0.00360
  187   -0.00772   -0.00404   -0.00297
  188   -0.01089   -0.00908   -0.00491
  189   -0.01031   -0.01002   -0.00258
  190   -0.01147   -0.01209   -0.00188
  191   -0.01351   -0.01355   -0.00328
  192   -0.01047   -0.01224   -0.00010
  193   -0.00742   -0.00453   -0.00308
  194   -0.00656   -0.00233   -0.00206
  195   -0.00650   -0.00064   -0.00286
  196   -0.00631   -0.00063   -0.00339
  197   -0.00631   -0.00268   -0.00139
  198   -0.00637   -0.00402   -0.00086
  199   -0.00707   -0.00564   -0.00072
  200   -0.00550   -0.00356    0.00015
  201   -0.00663   -0.00631    0.00079
  202   -0.00570   -0.00506    0.00117
  203   -0.00444   -0.00221    0.00039
  204   -0.00455   -0.00519    0.00227
  205   -0.00347   -0.00224    0.00122
  206   -0.00333   -0.00370    0.00209
  207   -0.00644    0.00136   -0.00265
  208   -0.00674    0.00305   -0.00285
  209   -0.00663    0.00467   -0.00231
  210   -0.00598    0.00451   -0.00182
  211   -0.00804    0.00391   -0.00295
  212   -0.00781    0.00490   -0.00280
  213   -0.00783    0.00352   -0.00316
  214   -0.00731    0.00470   -0.00332
  215   -0.00563    0.00533   -0.00248
  216   -0.00502    0.00710   -0.00258
  217   -0.00429    0.00440   -0.00129
  218   -0.00652    0.00552   -0.00272
  219   -0.00651    0.00622   -0.00222
  220   -0.00630    0.00753   -0.00235
  221   -0.00629    0.00749   -0.00265
  222   -0.00625    0.00628   -0.00185
  223   -0.00605    0.00531   -0.00174
  224   -0.00561    0.00462   -0.00175
  225   -0.00634    0.00540   -0.00160
  226   -0.00579    0.00429   -0.00188
  227   -0.00620    0.00464   -0.00156
  228   -0.00597    0.00411   -0.00169
  229   -0.00573    0.00820   -0.00166
  230   -0.00517    0.01000   -0.00161
  231   -0.00507    0.01070   -0.00107
  232   -0.00510    0.00983   -0.00060
  233   -0.00386    0.01055   -0.00120
  234   -0.00285    0.01390   -0.00111
  235   -0.00477    0.00927   -0.00177
  236   -0.00480    0.01222   -0.00130
  237   -0.00469    0.01379   -0.00144
  238   -0.00168    0.01878    0.00101
  239    0.00069    0.01939    0.00237
  240   -0.00428    0.01573   -0.00218
  241   -0.00497    0.01486   -0.00151
  242   -0.00487    0.01511   -0.00340
  243   -0.00532    0.01292   -0.00035
  244   -0.00247    0.01901    0.00175
  245    0.00037    0.02060    0.00380
  246    0.00170    0.02443    0.00462
  247   -0.00045    0.02340    0.00366
  248   -0.00132    0.01702    0.00170
  249    0.00140    0.01833    0.00563
  250   -0.00164    0.01383    0.00101
  251    0.00655    0.02835    0.01226
  252    0.00813    0.03225    0.01424
  253    0.00748    0.03307    0.01724
  254    0.00754    0.03506    0.01755
  255    0.01068    0.03677    0.01970
  256    0.01121    0.03544    0.01716
  257    0.01526    0.03738    0.01891
  258    0.00815    0.03624    0.01735
  259    0.00772    0.03308    0.01877
  260    0.00500    0.03417    0.02183
  261    0.00526    0.02859    0.01648
  262    0.00517    0.02479    0.01215
  263    0.00329    0.02846    0.01452
  264    0.00234    0.02228    0.00866
  265    0.00717    0.02274    0.00726
  266    0.00641    0.01786    0.00270
  267   -0.00263    0.01537    0.00672
  268   -0.00892    0.00862    0.00423
  269   -0.01079    0.00240    0.00505
  270   -0.00698    0.00910    0.00364
  271    0.01234    0.02900    0.01268
  272    0.01829    0.02936    0.01181
  273    0.02389    0.02780    0.00955
  274    0.02159    0.02775    0.01052
  275    0.02576    0.03626    0.01973
  276    0.02900    0.04302    0.02604
  277    0.02155    0.04550    0.03033
  278    0.02207    0.05549    0.03924
  279    0.01631    0.04089    0.02495
  280    0.03111    0.02628    0.00668
  281    0.03980    0.02386    0.00713
  282    0.04521    0.02707    0.01141
  283    0.04561    0.02476    0.01016
  284    0.05123    0.02162    0.00672
  285    0.04860    0.01877    0.00001
  286    0.03679    0.02067   -0.00943
  287    0.03596    0.02222   -0.00743
  288    0.02476    0.02244   -0.01364
  289    0.04989    0.03481    0.01629
  290    0.05141    0.04003    0.02098
  291    0.03965    0.03958    0.01920
  292    0.04047    0.04270    0.02092
  293    0.05875    0.05128    0.02834
  294    0.08020    0.05078    0.03795
  295    0.10295    0.06465    0.05602
  296    0.09249    0.07380    0.06402
  297    0.16687    0.05964    0.11480
  298    0.03183    0.03698    0.01760
  299    0.02513    0.03617    0.01608
  300    0.02184    0.03019    0.01187
  301    0.01844    0.02860    0.01115
  302    0.01948    0.03855    0.01902
  303    0.02082    0.04436    0.02369
  304    0.02271    0.02577    0.00986
  305    0.02079    0.02054    0.00661
  306    0.02474    0.01910    0.00640
  307    0.02163    0.01567    0.00489
  308    0.01901    0.01748    0.00415
  309    0.01374    0.01812    0.00407
  310    0.01279    0.01619    0.00054
  311    0.00857    0.01585    0.00367
  312    0.03532    0.02211    0.00772
  313    0.04305    0.02173    0.00592
  314    0.03703    0.02440    0.00906
  315    0.03916    0.02235    0.00726
  316    0.03093    0.02731    0.01006
  317    0.02634    0.02925    0.01090
  318    0.01862    0.02347    0.00785
  319    0.01457    0.02224    0.00539
  320    0.02669    0.03570    0.01314
  321    0.02467    0.03351    0.01293
  322    0.01597    0.01732    0.00573
  323    0.00971    0.01324    0.00362
  324    0.00802    0.00895    0.00318
  325    0.01172    0.00853    0.00518
  326    0.00811    0.01198    0.00342
  327    0.00414    0.00859    0.00178
  328    0.00715    0.01506    0.00360
  329    0.00491    0.00783    0.00265
  330    0.00455    0.00502    0.00397
  331    0.00607    0.00296    0.00419
  332    0.00497    0.00314    0.00366
  333    0.00115    0.00463    0.00196
  334    0.00061    0.00789    0.00062
  335    0.00225    0.01000    0.00092
  336    0.00725    0.00119    0.00611
  337    0.00884   -0.00018    0.00588
  338    0.00542   -0.00227    0.00572
  339    0.00355   -0.00360    0.00597
  340    0.01304   -0.00077    0.00853
  341    0.00423   -0.00174    0.00407
  342    0.00331   -0.00029    0.00311
  343    0.00159    0.00033    0.00210
  344    0.00048   -0.00069    0.00229
  345    0.00291   -0.00138    0.00268
  346    0.00166   -0.00339    0.00329
  347    0.00303   -0.00451    0.00437
  348    0.00207    0.00151    0.00209
  349    0.00035    0.00201    0.00131
  350   -0.00141    0.00217    0.00154
  351   -0.00190    0.00277    0.00114
  352    0.00137    0.00336    0.00092
  353   -0.00291    0.00165    0.00111
  354   -0.00353    0.00135    0.00125
  355   -0.00410    0.00195    0.00078
  356   -0.00430    0.00190    0.00105
  357   -0.00407    0.00031    0.00140
  358   -0.00490    0.00067    0.00063
  359   -0.00429    0.00275    0.00042
  360   -0.00485    0.00320   -0.00007
  361   -0.00479    0.00406   -0.00047
  362   -0.00491    0.00458   -0.00059
  363   -0.00537    0.00268   -0.00005
  364   -0.00489    0.00404   -0.00070
  365   -0.00517    0.00461   -0.00088
  366   -0.00574    0.00436   -0.00072
  367   -0.00568    0.00380   -0.00067
  368   -0.00415    0.00474   -0.00127
  369   -0.00416    0.00548   -0.00113
  370   -0.00373    0.00685   -0.00112
  371   -0.00358    0.00541   -0.00163
  372   -0.00624    0.00449   -0.00101
  373   -0.00661    0.00401   -0.00076
  374   -0.00696    0.00371   -0.00096
  375   -0.00716    0.00432   -0.00149
  376   -0.00648    0.00414   -0.00052
  377   -0.00586    0.00350   -0.00025
  378   -0.00581    0.00330   -0.00024
  379   -0.00578    0.00394   -0.00040
  380   -0.00654    0.00233   -0.00073
  381   -0.00659    0.00083   -0.00114
  382   -0.00554   -0.00065   -0.00112
  383   -0.00483    0.00001   -0.00040
  384   -0.00684    0.00005   -0.00157
  385   -0.00740   -0.00202   -0.00158
  386   -0.00835   -0.00229   -0.00157
  387   -0.00796   -0.00238   -0.00113
  388   -0.00524   -0.00221   -0.00167
  389   -0.00406   -0.00446   -0.00196
  390   -0.00441   -0.00701   -0.00346
  391   -0.00577   -0.00880   -0.00427
  392   -0.00301   -0.00388   -0.00136
  393   -0.00111   -0.00589   -0.00152
  394   -0.00068   -0.00483   -0.00015
  395   -0.00002   -0.00993   -0.00309
  396   -0.00315   -0.00833   -0.00360
  397   -0.00332   -0.01115   -0.00479
  398   -0.00061   -0.01293   -0.00517
  399    0.00088   -0.01148   -0.00445
  400   -0.00493   -0.00966   -0.00402
  401   -0.00383   -0.00683   -0.00334
  402   -0.00238   -0.00725   -0.00365
  403   -0.00377   -0.00406   -0.00250
  404   -0.00118   -0.00422   -0.00287
  405   -0.00286   -0.00213   -0.00182
  406   -0.00175   -0.00198   -0.00180
  407    0.00029   -0.01675   -0.00623
  408    0.00233   -0.01952   -0.00835
  409    0.00300   -0.01601   -0.00766
  410    0.00215   -0.01433   -0.00692
  411    0.00182   -0.02276   -0.01008
  412   -0.00051   -0.02100   -0.00831
  413   -0.00195   -0.01896   -0.00707
  414    0.00414   -0.01582   -0.00788
  415    0.00489   -0.01158   -0.00654
  416    0.00668   -0.01325   -0.00789
  417    0.00785   -0.01290   -0.00687
  418    0.00515   -0.00993   -0.00606
  419    0.00593   -0.00573   -0.00539
  420    0.00452   -0.00229   -0.00380
  421    0.00690   -0.00514   -0.00532
  422    0.00700   -0.01258   -0.00761
  423    0.00957   -0.01362   -0.00907
  424    0.01161   -0.00584   -0.00759
  425    0.01083   -0.00216   -0.00528
  426    0.00692   -0.01491   -0.00908
  427    0.00498   -0.01176   -0.00690
  428    0.00585   -0.02060   -0.01020
  429    0.01419   -0.00649   -0.00880
  430    0.01554   -0.00203   -0.00742
  431    0.01208   -0.00027   -0.00460
  432    0.01099    0.00435   -0.00293
  433    0.01833   -0.00314   -0.00941
  434    0.00922   -0.00342   -0.00416
  435    0.00560   -0.00243   -0.00169
  436    0.00430   -0.00078   -0.00010
  437    0.00374    0.00255    0.00176
  438    0.00261   -0.00669   -0.00191
  439   -0.00115   -0.00603    0.00038
  440   -0.00225   -0.00202    0.00273
  441   -0.00143   -0.00076    0.00287
  442   -0.00287    0.00075    0.00428
  443    0.00466   -0.00259   -0.00134
  444    0.00338   -0.00103   -0.00052
  445    0.00523    0.00341    0.00033
  446    0.00421    0.00585    0.00170
  447    0.00340   -0.00245   -0.00209
  448    0.00223   -0.00042   -0.00129
  449    0.00307    0.00113   -0.00150
  450    0.00038    0.00025   -0.00031
  451    0.00178    0.00283   -0.00058
  452    0.00008    0.00225    0.00008
  453    0.00757    0.00445   -0.00055
  454    0.00887    0.00861   -0.00030
  455    0.00818    0.01219    0.00131
  456    0.00861    0.01533    0.00065
  457    0.01225    0.00862   -0.00196
  458    0.01273    0.01013   -0.00344
  459    0.01162    0.00808   -0.00423
  460    0.00846    0.00697   -0.00274
  461    0.01388    0.00743   -0.00528
  462    0.00779    0.01272    0.00147
  463    0.00707    0.01703    0.00368
  464    0.00538    0.01587    0.00583
  465    0.00519    0.01918    0.00773
  466    0.00680    0.01535    0.00425
  467    0.00737    0.02124    0.00347
  468    0.00892    0.02557    0.00102
  469    0.00769    0.01403    0.00255
  470    0.00478    0.01146    0.00492
  471    0.00350    0.01060    0.00680
  472    0.00464    0.01286    0.00681
  473    0.00676    0.01387    0.00910
  474    0.00153    0.00779    0.00507
  475   -0.00016    0.00742    0.00520
  476    0.00072    0.00845    0.00596
  477   -0.00016    0.00717    0.00393
  478    0.00047    0.00778    0.00585
  479   -0.00030    0.00690    0.00396
  480   -0.00060    0.00702    0.00451
  481    0.00433    0.01225    0.00454
  482    0.00426    0.01267    0.00470
  483    0.00454    0.01380    0.00539
  484    0.00480    0.01256    0.00642
  485    0.00402    0.01105    0.00302
  486    0.00308    0.00877    0.00210
  487    0.00167    0.00860    0.00318
  488    0.00048    0.00688    0.00218
  489   -0.00081    0.00601    0.00199
  490   -0.00040    0.00655    0.00229
  491   -0.00208    0.00453    0.00132
  492    0.00453    0.01521    0.00426
  493    0.00398    0.01634    0.00378
  494    0.00522    0.01654    0.00640
  495    0.00511    0.01290    0.00636
  496    0.00336    0.02065    0.00145
  497    0.00362    0.01824   -0.00116
  498    0.00079    0.02719   -0.00737
  499    0.00049    0.02683   -0.01284
  500   -0.01062    0.05367   -0.03637
  501    0.00723    0.01857    0.00920
  502    0.01122    0.01720    0.01267
  503    0.01451    0.01364    0.01287
  504    0.01927    0.00976    0.01350
  505    0.01291    0.02049    0.01708
  506    0.01068    0.02550    0.01755
  507    0.01262    0.02728    0.01913
  508    0.00685    0.04147    0.02368
  509    0.00771    0.07522    0.05659
  510    0.01262    0.01396    0.01164
  511    0.01324    0.01295    0.01066
  512    0.01287    0.00893    0.00774
  513    0.01598    0.00547    0.00652
  514    0.00987    0.01506    0.00652
  515    0.00994    0.01447    0.00413
  516    0.00590    0.01263    0.00328
  517    0.00356    0.01057    0.00404
  518    0.00473    0.01002    0.00224
  519    0.00818    0.00788    0.00788
  520    0.00578    0.00209    0.00675
  521    0.01085   -0.00556    0.00612
  522    0.01354   -0.01089    0.00620
  523    0.00291    0.00121    0.00473
  524    0.00085    0.00415    0.00503
  525    0.00051   -0.00613    0.00315
  526    0.00068    0.00577    0.00317
  527    0.01282   -0.00520    0.00571
  528    0.01920   -0.01466    0.00510
  529    0.02975   -0.01666    0.00423
  530    0.03688   -0.02799    0.00234
  531    0.01827   -0.01000    0.00444
  532    0.01076   -0.01256    0.00302
  533    0.00345    0.00047    0.00240
  534    0.00251   -0.00093    0.00285
  535   -0.00053    0.01466    0.00022
  536    0.03127   -0.00845    0.00473
  537    0.04300   -0.00873    0.00028
  538    0.04440   -0.01306   -0.00199
  539    0.05553   -0.01916   -0.00892
  540    0.04241    0.00037    0.00443
  541    0.05835    0.00173    0.00283
  542    0.07822   -0.00251   -0.01619
  543    0.07226    0.00048   -0.01772
  544    0.08955   -0.01175   -0.02331
  545    0.03369   -0.01043    0.00163
  546    0.03235   -0.01297    0.00184
  547    0.03361   -0.02368    0.00281
  548    0.03648   -0.02551    0.00228
  549    0.02192   -0.00492    0.00432
  550    0.01915    0.00166    0.00324
  551    0.02309    0.00411    0.00098
  552    0.01107    0.00294    0.00499
  553    0.03319   -0.03097    0.00419
  554    0.03614   -0.04522    0.00584
  555    0.03140   -0.04414    0.00970
  556    0.02340   -0.03526    0.01263
  557    0.05014   -0.05901   -0.00129
  558    0.05719   -0.05358   -0.00463
  559    0.07658   -0.07432   -0.02011
  560    0.08607   -0.06041   -0.02482
  561    0.08099   -0.05334   -0.01436
  562    0.03700   -0.05223    0.00951
  563    0.03329   -0.05127    0.01423
  564    0.03209   -0.03908    0.01049
  565    0.03979   -0.05984    0.00474
  566    0.02791   -0.02445    0.00989
  567    0.02377   -0.01717    0.00758
  568    0.01726   -0.01450    0.01241
  569    0.01557   -0.01405    0.01583
  570    0.02166   -0.01122    0.00610
  571    0.01814   -0.00733    0.00842
  572    0.01312   -0.00239    0.00761
  573    0.00896   -0.00145    0.00846
  574    0.01472   -0.00116    0.00441
  575    0.01449   -0.01039    0.01171
  576    0.01128   -0.00816    0.01501
  577    0.00809   -0.00632    0.01441
  578    0.00731   -0.00446    0.01129
  579    0.01042   -0.00777    0.01435
  580    0.00716   -0.00602    0.01610
  581    0.00694   -0.00623    0.02022
  582    0.00926   -0.00658    0.02381
  583    0.00512   -0.00494    0.02030
  584    0.00670   -0.00762    0.01630
  585    0.00391   -0.00579    0.01455
  586    0.00296   -0.00531    0.01641
  587    0.00403   -0.00688    0.01883
  588    0.00324   -0.00640    0.01512
  589    0.00183   -0.00253    0.01255
  590    0.00467   -0.00582    0.01454
  591    0.00168   -0.00383    0.01471
  592    0.00107   -0.00343    0.01649
  593    0.00022   -0.00334    0.01738
  594   -0.00030   -0.00208    0.01548
  595   -0.00079   -0.00252    0.01520
  596   -0.00186   -0.00282    0.01739
  597    0.00022   -0.00353    0.02010
  598    0.00008   -0.00149    0.02211
  599   -0.00247   -0.00166    0.02078
  600   -0.00455    0.00089    0.01903
  601    0.00117   -0.00173    0.02716
  602    0.00159   -0.00312    0.02751
  603    0.00060   -0.00364    0.02298
  604   -0.00444   -0.00244    0.02032
  605   -0.00582   -0.00174    0.01797
  606   -0.00580   -0.00083    0.01369
  607   -0.00696   -0.00048    0.01110
  608   -0.00750   -0.00286    0.01863
  609   -0.01218   -0.00584    0.02377
  610   -0.01349   -0.00736    0.02510
  611   -0.01035   -0.00184    0.01970
  612   -0.01048   -0.00057    0.01995
  613   -0.00431   -0.00056    0.01314
  614   -0.00432    0.00046    0.00992
  615   -0.00491    0.00110    0.00827
  616   -0.00454    0.00187    0.00887
  617   -0.00315    0.00059    0.00910
  618   -0.00354    0.00147    0.00702
  619   -0.00303   -0.00010    0.00955
  620   -0.00572    0.00129    0.00583
  621   -0.00592    0.00294    0.00372
  622   -0.00511    0.00327    0.00357
  623   -0.00513    0.00300    0.00295
  624   -0.00614    0.00210    0.00253
  625   -0.00544    0.00269    0.00103
  626   -0.00497    0.00322    0.00021
  627   -0.00517    0.00309    0.00032
  628   -0.00427    0.00356   -0.00107
  629   -0.00434    0.00376   -0.00134
  630   -0.00384    0.00403   -0.00201
  631   -0.00309    0.00435   -0.00357
  632   -0.00472    0.00445    0.00373
  633   -0.00442    0.00436    0.00351
  634   -0.00432    0.00510    0.00203
  635   -0.00411    0.00591    0.00166
  636   -0.00439    0.00438    0.00480
  637   -0.00468    0.00445    0.00428
  638   -0.00456    0.00400    0.00367
  639   -0.00434    0.00515    0.00444
  640   -0.00412    0.00448    0.00342
  641   -0.00410    0.00484    0.00416
  642   -0.00426    0.00466    0.00391
  643   -0.00404    0.00495    0.00113
  644   -0.00347    0.00559   -0.00018
  645   -0.00335    0.00561   -0.00001
  646   -0.00366    0.00517    0.00049
  647   -0.00324    0.00550   -0.00131
  648   -0.00255    0.00621   -0.00281
  649   -0.00238    0.00528   -0.00404
  650   -0.00318    0.00437   -0.00337
  651   -0.00290    0.00661   -0.00065
  652   -0.00283    0.00672   -0.00050
  653   -0.00266    0.00686   -0.00165
  654   -0.00255    0.00719   -0.00299
  655   -0.00255    0.00813   -0.00113
  656   -0.00277    0.00803   -0.00103
  657   -0.00311    0.00780   -0.00042
  658   -0.00346    0.00615    0.00083
  659   -0.00346    0.00606    0.00041
  660   -0.00276    0.00629   -0.00129
  661   -0.00279    0.00600   -0.00206
  662   -0.00299    0.00715   -0.00303
  663   -0.00246    0.00722   -0.00262
  664   -0.00285    0.00503   -0.00145
  665   -0.00295    0.00466   -0.00198
  666   -0.00199    0.00343   -0.00151
  667   -0.00182    0.00312   -0.00107
  668   -0.00174    0.00259   -0.00193
  669   -0.00279    0.00751   -0.00449
  670   -0.00296    0.00851   -0.00561
  671   -0.00361    0.00792   -0.00611
  672   -0.00395    0.00878   -0.00655
  673   -0.00233    0.01054   -0.00708
  674   -0.00136    0.00997   -0.00754
  675   -0.00214    0.01124   -0.00607
  676   -0.00303    0.00664   -0.00594
  677   -0.00239    0.00574   -0.00608
  678   -0.00296    0.00431   -0.00439
  679   -0.00327    0.00391   -0.00359
  680   -0.00139    0.00546   -0.00600
  681   -0.00076    0.00650   -0.00832
  682   -0.00085    0.00410   -0.00523
  683    0.00004    0.00630   -0.00856
  684   -0.00294    0.00360   -0.00374
  685   -0.00260    0.00184   -0.00191
  686   -0.00111    0.00023   -0.00100
  687   -0.00124    0.00067   -0.00166
  688   -0.00081   -0.00094    0.00014
  689   -0.00057   -0.00196    0.00072
  690   -0.00145   -0.00050   -0.00038
  691   -0.00176   -0.00043   -0.00043
  692   -0.00017   -0.00378    0.00196
  693   -0.00017   -0.00619    0.00197
  694    0.00247   -0.00722    0.00056
  695   -0.00062   -0.00878    0.00236
  696   -0.00214    0.00081   -0.00150
  697   -0.00223    0.00166   -0.00220
  698   -0.00269    0.00138   -0.00180
  699   -0.00281    0.00176   -0.00207
  700   -0.00214    0.00286   -0.00335
  701   -0.00253    0.00351   -0.00333
  702   -0.00259    0.00095   -0.00135
  703   -0.00284    0.00139   -0.00101
  704   -0.00324    0.00117   -0.00098
  705   -0.00348    0.00176   -0.00072
  706   -0.00175    0.00087   -0.00067
  707   -0.00074   -0.00096   -0.00030
  708   -0.00323    0.00042   -0.00062
  709   -0.00361    0.00069   -0.00062
  710   -0.00382    0.00149   -0.00121
  711   -0.00423    0.00194   -0.00116
  712   -0.00319    0.00161   -0.00153
  713   -0.00318    0.00208   -0.00210
  714   -0.00337    0.00235   -0.00215
  715   -0.00366    0.00257   -0.00233
  716   -0.00211    0.00190   -0.00303
  717   -0.00172    0.00161   -0.00252
  718   -0.00177    0.00220   -0.00414
  719   -0.00322    0.00249   -0.00194
  720   -0.00342    0.00286   -0.00156
  721   -0.00406    0.00268   -0.00100
  722   -0.00447    0.00287   -0.00090
  723   -0.00319    0.00289   -0.00139
  724   -0.00286    0.00323   -0.00213
  725   -0.00294    0.00414   -0.00263
  726   -0.00324    0.00438   -0.00140
  727   -0.00421    0.00248   -0.00076
  728   -0.00479    0.00272   -0.00043
  729   -0.00513    0.00272   -0.00078
  730   -0.00551    0.00272   -0.00056
  731   -0.00486    0.00269   -0.00128
  732   -0.00522    0.00263   -0.00165
  733   -0.00538    0.00237   -0.00175
  734   -0.00555    0.00201   -0.00150
  735   -0.00481    0.00270   -0.00201
  736   -0.00481    0.00291   -0.00180
  737   -0.00496    0.00323   -0.00162
  738   -0.00445    0.00300   -0.00225
  739   -0.00463    0.00226   -0.00218
  740   -0.00463    0.00197   -0.00215
  741   -0.00525    0.00201   -0.00105
  742   -0.00549    0.00160   -0.00076
  743   -0.00410    0.00253   -0.00280
  744   -0.00327    0.00259   -0.00406
  745   -0.00405    0.00275   -0.00293
  746   -0.00278    0.00313   -0.00499
  747   -0.00533    0.00245   -0.00051
  748   -0.00563    0.00259    0.00034
  749   -0.00595    0.00219    0.00055
  750   -0.00626    0.00188    0.00123
  751   -0.00539    0.00299    0.00065
  752   -0.00505    0.00328    0.00072
  753   -0.00468    0.00354    0.00056
  754   -0.00490    0.00337    0.00097
  755   -0.00433    0.00373    0.00076
  756   -0.00449    0.00379    0.00089
  757   -0.00607    0.00222    0.00005
  758   -0.00614    0.00198    0.00011
  759   -0.00613    0.00117    0.00024
  760   -0.00614    0.00069    0.00072
  761   -0.00624    0.00227   -0.00045
  762   -0.00606    0.00085   -0.00019
  763   -0.00604   -0.00006   -0.00040
  764   -0.00618   -0.00027    0.00003
  765   -0.00632   -0.00075    0.00044
  766   -0.00542   -0.00020   -0.00162
  767   -0.00490   -0.00105   -0.00214
  768   -0.00533    0.00005   -0.00182
  769   -0.00601    0.00037   -0.00014
  770   -0.00618    0.00036    0.00048
  771   -0.00680   -0.00014    0.00196
  772   -0.00684   -0.00066    0.00240
  773   -0.00582    0.00088    0.00036
  774   -0.00693    0.00012    0.00232
  775   -0.00710    0.00013    0.00317
  776   -0.00744   -0.00049    0.00342
  777   -0.00747   -0.00039    0.00419
  778   -0.00672    0.00084    0.00327
  779   -0.00680    0.00119    0.00384
  780   -0.00698    0.00076    0.00491
  781   -0.00619    0.00182    0.00317
  782   -0.00718   -0.00089    0.00264
  783   -0.00646   -0.00144    0.00219
  784   -0.00637   -0.00231    0.00157
  785   -0.00651   -0.00286    0.00110
  786   -0.00621   -0.00098    0.00175
  787   -0.00582   -0.00032    0.00226
  788   -0.00558   -0.00056    0.00284
  789   -0.00560    0.00038    0.00166
  790   -0.00679   -0.00252    0.00193
  791   -0.00662   -0.00310    0.00125
  792   -0.00680   -0.00401    0.00173
  793   -0.00700   -0.00473    0.00138
  794   -0.00640   -0.00253    0.00079
  795   -0.00624   -0.00174    0.00048
  796   -0.00573   -0.00114   -0.00003
  797   -0.00541   -0.00135   -0.00133
  798   -0.00569   -0.00047    0.00067
  799   -0.00658   -0.00402    0.00261
  800   -0.00667   -0.00519    0.00340
  801   -0.00681   -0.00582    0.00323
  802   -0.00708   -0.00697    0.00359
  803   -0.00778   -0.00467    0.00563
  804   -0.00737   -0.00376    0.00532
  805   -0.00755   -0.00338    0.00570
  806   -0.00706   -0.00307    0.00439
  807   -0.00688   -0.00487    0.00255
  808   -0.00677   -0.00566    0.00199
  809   -0.00676   -0.00624    0.00110
  810   -0.00725   -0.00718    0.00071
  811   -0.00577   -0.00461    0.00189
  812   -0.00492   -0.00411    0.00238
  813   -0.00486   -0.00287    0.00249
  814   -0.00427   -0.00225    0.00268
  815   -0.00463   -0.00138    0.00344
  816   -0.00662   -0.00521    0.00082
  817   -0.00670   -0.00537   -0.00044
  818   -0.00644   -0.00585   -0.00076
  819   -0.00610   -0.00551   -0.00043
  820   -0.00619   -0.00417   -0.00040
  821   -0.00643   -0.00332   -0.00062
  822   -0.00632   -0.00291    0.00004
  823   -0.00630   -0.00218   -0.00096
  824   -0.00656   -0.00667   -0.00155
  825   -0.00573   -0.00769   -0.00242
  826   -0.00466   -0.00736   -0.00312
  827   -0.00410   -0.00632   -0.00287
  828   -0.00409   -0.00852   -0.00407
  829   -0.00333   -0.00810   -0.00516
  830   -0.00327   -0.01007   -0.00687
  831   -0.00384   -0.01213   -0.00691
  832   -0.00348   -0.00671   -0.00576
  833   -0.00366   -0.00508   -0.00497
  834   -0.00320   -0.00392   -0.00505
  835   -0.00416   -0.00486   -0.00404
  836   -0.00344   -0.00296   -0.00426
  837   -0.00423   -0.00373   -0.00314
  838   -0.00393   -0.00291   -0.00338
  839   -0.00269   -0.00926   -0.00803
  840   -0.00291   -0.01084   -0.01031
  841   -0.00392   -0.01109   -0.01188
  842   -0.00392   -0.00931   -0.01096
  843   -0.00261   -0.01005   -0.01076
  844   -0.00352   -0.00823   -0.01184
  845   -0.00347   -0.00832   -0.01251
  846   -0.00340   -0.00973   -0.01271
  847   -0.00368   -0.00709   -0.01315
  848   -0.00427   -0.01356   -0.01441
  849   -0.00491   -0.01486   -0.01709
  850   -0.00573   -0.01321   -0.01841
  851   -0.00582   -0.01378   -0.02012
  852   -0.00570   -0.02134   -0.02034
  853   -0.00421   -0.02405   -0.01829
  854   -0.00226   -0.03801   -0.02482
  855   -0.00201   -0.02227   -0.01577
  856   -0.00486   -0.01083   -0.01728
  857   -0.00481   -0.00918   -0.01859
  858   -0.00439   -0.00683   -0.01700
  859   -0.00418   -0.00566   -0.01739
  860   -0.00371   -0.00573   -0.01425
  861   -0.00336   -0.00399   -0.01253
  862   -0.00309   -0.00247   -0.01246
  863   -0.00270   -0.00232   -0.01205
  864   -0.00295   -0.00425   -0.01034
  865   -0.00294   -0.00286   -0.00919
  866   -0.00282   -0.00135   -0.01251
  867   -0.00227   -0.00009   -0.01255
  868   -0.00212    0.00046   -0.01094
  869   -0.00173    0.00112   -0.01099
  870   -0.00197    0.00030   -0.01236
  871   -0.00064    0.00090   -0.01223
  872   -0.00205   -0.00074   -0.01358
  873   -0.00251    0.00034   -0.00985
  874   -0.00255    0.00066   -0.00845
  875   -0.00250    0.00008   -0.00811
  876   -0.00253    0.00064   -0.00756
  877   -0.00288    0.00033   -0.00738
  878   -0.00329    0.00043   -0.00615
  879   -0.00308    0.00147   -0.00613
  880   -0.00333    0.00011   -0.00502
  881   -0.00268   -0.00096   -0.00841
  882   -0.00268   -0.00161   -0.00786
  883   -0.00261   -0.00091   -0.00831
  884   -0.00283   -0.00077   -0.00731
  885   -0.00304   -0.00319   -0.00826
  886   -0.00328   -0.00413   -0.00728
  887   -0.00343   -0.00599   -0.00849
  888   -0.00362   -0.00757   -0.00865
  889   -0.00396   -0.01017   -0.01005
  890   -0.00240   -0.00055   -0.00978
  891   -0.00214    0.00031   -0.01021
  892   -0.00196    0.00163   -0.00959
  893   -0.00192    0.00223   -0.00949
  894   -0.00194   -0.00003   -0.01241
  895   -0.00223    0.00036   -0.01381
  896   -0.00279   -0.00165   -0.01456
  897   -0.00302   -0.00303   -0.01337
  898   -0.00390   -0.00261   -0.01727
  899   -0.00193    0.00201   -0.00940
  900   -0.00160    0.00281   -0.00870
  901   -0.00218    0.00288   -0.00723
  902   -0.00207    0.00377   -0.00681
  903   -0.00168    0.00295   -0.00868
  904   -0.00147    0.00371   -0.00834
  905   -0.00080    0.00446   -0.00913
  906   -0.00205    0.00380   -0.00710
  907   -0.00054    0.00527   -0.00882
  908   -0.00198    0.00417   -0.00642
  909   -0.00125    0.00513   -0.00731
  910   -0.00275    0.00206   -0.00639
  911   -0.00337    0.00196   -0.00474
  912   -0.00335    0.00192   -0.00453
  913   -0.00378    0.00199   -0.00324
  914   -0.00381    0.00094   -0.00407
  915   -0.00378    0.00112   -0.00425
  916   -0.00431    0.00011   -0.00341
  917   -0.00413    0.00165   -0.00329
  918   -0.00287    0.00167   -0.00585
  919   -0.00292    0.00174   -0.00587
  920   -0.00238    0.00333   -0.00632
  921   -0.00217    0.00399   -0.00604
  922   -0.00287    0.00035   -0.00699
  923   -0.00280    0.00019   -0.00733
  924   -0.00194    0.00406   -0.00742
  925   -0.00104    0.00568   -0.00801
  926   -0.00020    0.00716   -0.00697
  927    0.00026    0.00886   -0.00685
  928   -0.00080    0.00572   -0.00954
  929   -0.00078    0.00500   -0.01123
  930   -0.00036    0.00490   -0.01263
  931   -0.00046    0.00499   -0.01217
  932    0.00011    0.00456   -0.01476
  933   -0.00123    0.00632   -0.00613
  934   -0.00141    0.00721   -0.00527
  935   -0.00207    0.00704   -0.00357
  936   -0.00242    0.00715   -0.00265
  937   -0.00142    0.00644   -0.00549
  938   -0.00198    0.00513   -0.00523
  939   -0.00076    0.00686   -0.00702
  940   -0.00276    0.00664   -0.00319
  941   -0.00346    0.00554   -0.00121
  942   -0.00400    0.00670   -0.00010
  943   -0.00480    0.00554    0.00148
  944   -0.00419    0.00553   -0.00126
  945   -0.00459    0.00281    0.00112
  946   -0.00550    0.00319    0.00047
  947   -0.00579    0.00425   -0.00002
  948   -0.00580    0.00162    0.00079
  949   -0.00407    0.00951   -0.00079
  950   -0.00553    0.01321    0.00028
  951   -0.00466    0.01404   -0.00049
  952   -0.00562    0.01754   -0.00033
  953   -0.00552    0.01571    0.00086
  954   -0.00372    0.01728   -0.00114
  955   -0.00360    0.02427   -0.00072
  956    0.00007    0.02884   -0.00577
  957    0.00219    0.04528   -0.01045
  958   -0.00308    0.01138   -0.00147
  959   -0.00261    0.01276   -0.00198
  960   -0.00332    0.01269   -0.00120
  961   -0.00413    0.01145   -0.00039
  962   -0.00146    0.01159   -0.00339
  963   -0.00032    0.01230   -0.00468
  964    0.00028    0.01135   -0.00638
  965    0.00135    0.01237   -0.00763
  966   -0.00302    0.01396   -0.00149
  967   -0.00305    0.01372   -0.00065
  968   -0.00263    0.01210   -0.00098
  969   -0.00206    0.01150   -0.00213
  970   -0.00300    0.01614   -0.00066
  971   -0.00204    0.01630   -0.00201
  972   -0.00302    0.01117   -0.00009
  973   -0.00284    0.00946   -0.00006
  974   -0.00226    0.01094   -0.00160
  975   -0.00214    0.01032   -0.00251
  976   -0.00308    0.00881    0.00137
  977   -0.00305    0.00890    0.00284
  978   -0.00303    0.01116    0.00173
  979   -0.00179    0.01254   -0.00188
  980   -0.00161    0.01372   -0.00339
  981   -0.00080    0.01351   -0.00462
  982   -0.00043    0.01318   -0.00574
  983   -0.00113    0.01582   -0.00313
  984   -0.00103    0.01550   -0.00235
  985   -0.00089    0.01419   -0.00073
  986   -0.00213    0.01100   -0.00091
  987   -0.00115    0.01464   -0.00004
  988   -0.00056    0.01371   -0.00444
  989   -0.00006    0.01319   -0.00551
  990   -0.00014    0.01139   -0.00592
  991    0.00014    0.01116   -0.00740
  992   -0.00016    0.01404   -0.00529
  993    0.00003    0.01602   -0.00559
  994    0.00024    0.01696   -0.00585
  995    0.00021    0.01761   -0.00562
  996   -0.00067    0.01048   -0.00493
  997   -0.00082    0.00890   -0.00525
  998   -0.00065    0.00869   -0.00598
  999   -0.00038    0.00803   -0.00688
 1000   -0.00157    0.00785   -0.00378
 1001   -0.00199    0.00780   -0.00335
 1002   -0.00292    0.00723   -0.00180
 1003   -0.00342    0.00725   -0.00128
 1004   -0.00431    0.00686    0.00029
 1005   -0.00464    0.00649    0.00159
 1006   -0.00491    0.00624    0.00091
 1007   -0.00084    0.00930   -0.00563
 1008   -0.00094    0.00946   -0.00634
 1009   -0.00044    0.01026   -0.00816
 1010   -0.00021    0.00973   -0.00890
 1011   -0.00135    0.01003   -0.00581
 1012   -0.00007    0.01159   -0.00845
 1013    0.00006    0.01258   -0.01030
 1014    0.00043    0.01162   -0.01095
 1015    0.00054    0.01150   -0.01214
 1016    0.00016    0.01439   -0.01048
 1017   -0.00030    0.01592   -0.01025
 1018   -0.00055    0.01800   -0.01074
 1019   -0.00119    0.02004   -0.01065
 1020   -0.00028    0.01840   -0.00770
 1021    0.00041    0.01046   -0.01020
 1022    0.00074    0.00921   -0.01083
 1023    0.00071    0.00813   -0.01098
 1024    0.00087    0.00764   -0.01206
 1025    0.00053    0.00846   -0.00997
 1026    0.00048    0.00960   -0.00995
 1027    0.00039    0.00771   -0.00976
 1028    0.00021    0.00679   -0.00943
 1029    0.00056    0.00739   -0.01047
 1030    0.00064    0.00675   -0.01073
 1031   -0.00049    0.00639   -0.00785
 1032   -0.00074    0.00560   -0.00738
 1033   -0.00075    0.00471   -0.00746
 1034   -0.00100    0.00565   -0.00682
 1035   -0.00067    0.00417   -0.00706
 1036   -0.00093    0.00477   -0.00619
 1037   -0.00076    0.00418   -0.00619
 1038    0.00056    0.00866   -0.01070
 1039    0.00085    0.00938   -0.01178
 1040    0.00133    0.00941   -0.01311
 1041    0.00183    0.00956   -0.01382
 1042    0.00037    0.01102   -0.01198
 1043    0.00012    0.01075   -0.01099
 1044   -0.00043    0.01245   -0.01136
 1045   -0.00082    0.01322   -0.01054
 1046   -0.00034    0.01375   -0.01300
 1047    0.00122    0.00906   -0.01359
 1048    0.00160    0.00871   -0.01529
 1049    0.00180    0.00727   -0.01513
 1050    0.00192    0.00679   -0.01668
 1051    0.00161    0.00914   -0.01646
 1052    0.00104    0.01091   -0.01705
 1053    0.00111    0.01138   -0.01936
 1054    0.00017    0.01368   -0.02124
 1055   -0.00237    0.01317   -0.02979
 1056    0.00146    0.00649   -0.01386
 1057    0.00164    0.00497   -0.01378
 1058    0.00174    0.00458   -0.01359
 1059    0.00131    0.00420   -0.01220
 1060    0.00113    0.00441   -0.01248
 1061    0.00101    0.00355   -0.01266
 1062    0.00145    0.00275   -0.01293
 1063    0.00060    0.00354   -0.01210
 1064    0.00202    0.00454   -0.01520
 1065    0.00180    0.00445   -0.01551
 1066    0.00230    0.00307   -0.01481
 1067    0.00272    0.00235   -0.01312
 1068    0.00156    0.00464   -0.01901
 1069    0.00082    0.00610   -0.02122
 1070   -0.00020    0.00835   -0.02205
 1071    0.00191    0.00727   -0.01680
 1072   -0.00390    0.01104   -0.03031
 1073    0.00292    0.00217   -0.01489
 1074    0.00328    0.00143   -0.01393
 1075    0.00208    0.00114   -0.01126
 1076    0.00254    0.00014   -0.01007
 1077    0.00360    0.00111   -0.01461
 1078    0.00168    0.00141   -0.01123
 1079    0.00089    0.00159   -0.00950
 1080    0.00093    0.00190   -0.00859
 1081    0.00061    0.00121   -0.00746
 1082    0.00052    0.00209   -0.00977
 1083   -0.00022    0.00204   -0.01019
 1084   -0.00045    0.00230   -0.00794
 1085   -0.00072    0.00264   -0.00970
 1086    0.00140    0.00239   -0.00926
 1087    0.00111    0.00247   -0.00773
 1088    0.00139    0.00158   -0.00633
 1089    0.00104    0.00119   -0.00452
 1090    0.00119    0.00397   -0.00784
 1091    0.00091    0.00497   -0.00804
 1092    0.00106    0.00649   -0.00922
 1093    0.00134    0.00642   -0.00946
 1094    0.00155    0.00695   -0.01047
 1095    0.00211    0.00125   -0.00765
 1096    0.00284    0.00092   -0.00607
 1097    0.00307    0.00056   -0.00523
 1098    0.00383    0.00064   -0.00291
 1099    0.00379    0.00083   -0.00833
 1100    0.00244    0.00059   -0.00598
 1101    0.00235    0.00024   -0.00509
 1102    0.00194    0.00058   -0.00390
 1103    0.00175    0.00131   -0.00277
 1104    0.00164    0.00053   -0.00609
 1105    0.00140    0.00069   -0.00384
 1106    0.00081    0.00055   -0.00252
 1107    0.00078   -0.00001   -0.00154
 1108    0.00066    0.00035   -0.00024
 1109    0.00018    0.00084   -0.00267
 1110   -0.00057    0.00072   -0.00177
 1111   -0.00132    0.00092   -0.00161
 1112   -0.00053    0.00009   -0.00076
 1113   -0.00163    0.00063   -0.00087
 1114   -0.00135    0.00018   -0.00057
 1115    0.00127    0.00011   -0.00125
 1116    0.00111   -0.00054   -0.00019
 1117    0.00228   -0.00055    0.00046
 1118    0.00216   -0.00116    0.00163
 1119    0.00105   -0.00074   -0.00047
 1120    0.00008   -0.00095   -0.00101
 1121    0.00006   -0.00146   -0.00087
 1122    0.00006   -0.00114   -0.00075
 1123    0.00346   -0.00025   -0.00037
 1124    0.00481   -0.00046    0.00048
 1125    0.00440    0.00006    0.00165
 1126    0.00480   -0.00088    0.00292
 1127    0.00606    0.00003   -0.00044
 1128    0.00354    0.00036    0.00103
 1129    0.00328    0.00040    0.00191
 1130    0.00247   -0.00049    0.00280
 1131    0.00294   -0.00108    0.00449
 1132    0.00208    0.00149    0.00034
 1133    0.00105    0.00225    0.00131
 1134    0.00145    0.00213   -0.00092
 1135    0.00146   -0.00092    0.00252
 1136    0.00044   -0.00201    0.00375
 1137    0.00031   -0.00316    0.00544
 1138   -0.00053   -0.00420    0.00631
 1139   -0.00079   -0.00200    0.00273
 1140    0.00160   -0.00294    0.00601
 1141    0.00176   -0.00374    0.00745
 1142    0.00382   -0.00450    0.01048
 1143    0.00368   -0.00602    0.01409
 1144    0.00227   -0.00299    0.00691
 1145    0.00324   -0.00420    0.01006
 1146    0.00622   -0.00431    0.01121
 1147    0.00926   -0.00488    0.01439
 1148    0.00511   -0.00303    0.00841
 1149    0.00533   -0.00362    0.01024
 1150    0.00731   -0.00331    0.01269
 1151    0.00582   -0.00327    0.01289
 1152    0.00621   -0.00354    0.01382
 1153    0.00656   -0.00260    0.00989
 1154    0.00808   -0.00297    0.01057
 1155    0.00894   -0.00314    0.01233
 1156    0.00700   -0.00143    0.01107
 1157    0.01356   -0.00587    0.01553
 1158    0.00401   -0.00376    0.01214
 1159    0.00258   -0.00381    0.01265
 1160    0.00195   -0.00498    0.01715
 1161    0.00319   -0.00358    0.02029
 1162    0.00086   -0.00720    0.01729
 1163   -0.00286   -0.00832    0.02294
 1164   -0.00676   -0.01292    0.02888
 1165   -0.00277   -0.01362    0.02206
 1166   -0.00347   -0.00974    0.02120
 1167   -0.00223   -0.01328    0.01759
 1168   -0.00205   -0.01082    0.01355
 1169   -0.00234   -0.00927    0.01087
 1170   -0.00184   -0.00987    0.01197
 1171   -0.01047   -0.01203    0.03533
 1172   -0.01905   -0.01486    0.04187
 1173   -0.01171   -0.01705    0.03455
 1174   -0.01048   -0.01628    0.03503
 1175   -0.03165   -0.00661    0.06492
 1176   -0.01271   -0.01209    0.05082
 1177   -0.00689   -0.02048    0.02835
 1178   -0.00040   -0.02333    0.02411
 1179    0.01173   -0.03469    0.01874
 1180    0.00695   -0.03151    0.02053
 1181    0.00127   -0.02150    0.02026
 1182   -0.00234   -0.01593    0.02071
 1183   -0.00213   -0.01557    0.01647
 1184   -0.00367   -0.01286    0.01467
 1185   -0.00382   -0.01145    0.01229
 1186   -0.00301   -0.01269    0.00876
 1187   -0.00285   -0.00773    0.01056
 1188    0.00650   -0.03250    0.02187
 1189    0.00212   -0.03199    0.02475
 1190    0.00555   -0.02727    0.02480
 1191   -0.00785   -0.00813    0.03332
 1192   -0.02123   -0.00496    0.03933
 1193   -0.02133    0.02253    0.05428
 1194   -0.05225    0.01145    0.03679
 1195    0.01111   -0.03125    0.01900
 1196    0.01725   -0.03367    0.01756
 1197    0.01947   -0.04092    0.01964
 1198    0.01743   -0.03918    0.01638
 1199    0.01580   -0.03158    0.01241
 1200    0.01184   -0.03270    0.01077
 1201    0.00726   -0.03370    0.00966
 1202    0.00472   -0.02874    0.01093
 1203    0.01264   -0.04332    0.01719
 1204    0.00891   -0.04629    0.01676
 1205    0.00826   -0.04636    0.01342
 1206    0.00457   -0.04117    0.00851
 1207    0.00698   -0.04040    0.02525
 1208    0.01935   -0.06027    0.03735
 1209   -0.36323    0.17480   -0.18260
 1210    0.02041   -0.06825    0.04133
 1211    0.01556   -0.05151    0.01690
 1212    0.01613   -0.05603    0.01419
 1213    0.01601   -0.04877    0.00933
 1214    0.01362   -0.04255    0.00705
 1215    0.02079   -0.06144    0.01244
 1216    0.01910   -0.05464    0.00438
 1217    0.02408   -0.05431   -0.00060
 1218    0.02627   -0.05910   -0.00870
 1219    0.03835   -0.05588   -0.01370
 1220    0.01770   -0.04586    0.00617
 1221    0.01751   -0.04071   -0.00135
 1222    0.01294   -0.03040   -0.00119
 1223    0.01220   -0.02732   -0.00154
 1224    0.01599   -0.03824   -0.00440
 1225    0.01710   -0.04415   -0.01208
 1226    0.01776   -0.03985    0.00441
 1227    0.00994   -0.02498   -0.00224
 1228    0.00880   -0.01854   -0.00204
 1229    0.00885   -0.01736   -0.00470
 1230    0.00837   -0.01836   -0.00656
 1231    0.01078   -0.01718   -0.00275
 1232    0.01256   -0.01806   -0.00110
 1233    0.00578   -0.02985    0.00169
 1234    0.01209   -0.01327   -0.00038
 1235    0.00757   -0.01380   -0.00477
 1236    0.00580   -0.01293   -0.00488
 1237    0.00363   -0.00770   -0.00343
 1238    0.00470   -0.00641   -0.00257
 1239    0.00437   -0.01304   -0.00365
 1240    0.00555   -0.01810   -0.00444
 1241    0.00438   -0.01976   -0.00557
 1242    0.00732   -0.02100   -0.00473
 1243    0.00489   -0.02482   -0.00692
 1244    0.00817   -0.02625   -0.00542
 1245    0.00688   -0.02770   -0.00728
 1246    0.00192   -0.00646   -0.00254
 1247    0.00187   -0.00306   -0.00171
 1248   -0.00038   -0.00180   -0.00087
 1249   -0.00172   -0.00276   -0.00124
 1250    0.00179   -0.00246   -0.00223
 1251    0.00080    0.00020   -0.00118
 1252    0.00101    0.00089   -0.00093
 1253   -0.00020    0.00146   -0.00054
 1254   -0.00013    0.00228   -0.00066
 1255   -0.00064    0.00266   -0.00037
 1256   -0.00125   -0.00034   -0.00029
 1257   -0.00275    0.00069   -0.00010
 1258   -0.00310    0.00148    0.00004
 1259   -0.00253    0.00202   -0.00007
 1260   -0.00297    0.00078    0.00033
 1261   -0.00379    0.00059    0.00082
 1262   -0.00288   -0.00059    0.00096
 1263   -0.00466    0.00165    0.00038
 1264   -0.00305   -0.00063    0.00110
 1265   -0.00477    0.00166    0.00020
 1266   -0.00409    0.00091    0.00079
 1267   -0.00408    0.00174    0.00001
 1268   -0.00434    0.00241    0.00025
 1269   -0.00508    0.00269    0.00010
 1270   -0.00556    0.00262   -0.00019
 1271   -0.00438    0.00236    0.00017
 1272   -0.00484    0.00101   -0.00034
 1273   -0.00349    0.00230    0.00030
 1274   -0.00494    0.00104   -0.00042
 1275   -0.00510    0.00325    0.00035
 1276   -0.00536    0.00348    0.00025
 1277   -0.00509    0.00351    0.00037
 1278   -0.00485    0.00366    0.00068
 1279   -0.00545    0.00327    0.00033
 1280   -0.00559    0.00317    0.00038
 1281   -0.00575    0.00319    0.00003
 1282   -0.00570    0.00283    0.00079
 1283   -0.00517    0.00358   -0.00005
 1284   -0.00462    0.00339   -0.00029
 1285   -0.00465    0.00305    0.00017
 1286   -0.00470    0.00308   -0.00008
 1287   -0.00433    0.00314   -0.00134
 1288   -0.00446    0.00288   -0.00143
 1289   -0.00493    0.00275   -0.00132
 1290   -0.00404    0.00276   -0.00196
 1291   -0.00570    0.00176   -0.00144
 1292   -0.00437    0.00257   -0.00201
 1293   -0.00481    0.00205   -0.00156
 1294   -0.00445    0.00290    0.00084
 1295   -0.00499    0.00247    0.00145
 1296   -0.00440    0.00220    0.00188
 1297   -0.00373    0.00230    0.00199
 1298   -0.00547    0.00218    0.00191
 1299   -0.00593    0.00174    0.00215
 1300   -0.00604    0.00138    0.00279
 1301   -0.00633    0.00157    0.00194
 1302   -0.00471    0.00185    0.00223
 1303   -0.00433    0.00143    0.00279
 1304   -0.00530    0.00093    0.00408
 1305   -0.00609    0.00068    0.00431
 1306   -0.00398    0.00134    0.00255
 1307   -0.00358    0.00128    0.00262
 1308   -0.00241    0.00143    0.00184
 1309   -0.00408    0.00073    0.00370
 1310   -0.00519    0.00089    0.00501
 1311   -0.00555    0.00055    0.00678
 1312   -0.00487    0.00024    0.00822
 1313   -0.00357    0.00012    0.00810
 1314   -0.00554    0.00064    0.00775
 1315   -0.00609   -0.00000    0.00991
 1316   -0.00608    0.00099    0.00606
 1317   -0.00594    0.00025    0.00945
 1318   -0.00565   -0.00014    0.01136
 1319   -0.00355    0.00016    0.00900
 1320   -0.00271   -0.00072    0.01022
 1321   -0.00510   -0.00120    0.01451
 1322   -0.00615   -0.00224    0.01792
 1323   -0.00685   -0.00260    0.01787
 1324   -0.00601   -0.00322    0.01988
 1325   -0.00377    0.00060    0.00694
 1326   -0.00255    0.00093    0.00554
 1327   -0.00135    0.00061    0.00470
 1328   -0.00034    0.00062    0.00421
 1329   -0.00144    0.00050    0.00448
 1330   -0.00040    0.00040    0.00392
 1331   -0.00089    0.00104    0.00300
 1332   -0.00215    0.00121    0.00343
 1333   -0.00017   -0.00002    0.00580
 1334    0.00098   -0.00064    0.00691
 1335    0.00267   -0.00099    0.00605
 1336    0.00062   -0.00102    0.00887
 1337    0.00315   -0.00154    0.00747
 1338    0.00190   -0.00159    0.00923
 1339   -0.00003    0.00117    0.00160
 1340   -0.00063    0.00189    0.00103
 1341   -0.00085    0.00219    0.00172
 1342    0.00009    0.00197    0.00194
 1343    0.00003    0.00239   -0.00106
 1344   -0.00076    0.00275   -0.00188
 1345   -0.00136    0.00275   -0.00198
 1346   -0.00078    0.00308   -0.00366
 1347   -0.00192    0.00224    0.00201
 1348   -0.00239    0.00280    0.00281
 1349   -0.00272    0.00329    0.00203
 1350   -0.00327    0.00335    0.00135
 1351   -0.00264    0.00231    0.00418
 1352   -0.00159    0.00135    0.00541
 1353   -0.00008    0.00108    0.00637
 1354   -0.00183    0.00059    0.00610
 1355    0.00084   -0.00041    0.00785
 1356   -0.00116   -0.00012    0.00760
 1357    0.00034   -0.00079    0.00854
 1358    0.00122   -0.00187    0.01048
 1359   -0.00239    0.00374    0.00182
 1360   -0.00272    0.00427    0.00148
 1361   -0.00318    0.00418    0.00223
 1362   -0.00254    0.00417    0.00283
 1363   -0.00198    0.00447    0.00111
 1364   -0.00293    0.00421    0.00071
 1365   -0.00245    0.00483    0.00058
 1366   -0.00267    0.00459    0.00122
 1367   -0.00211    0.00495    0.00037
 1368   -0.00385    0.00414    0.00196
 1369   -0.00405    0.00418    0.00224
 1370   -0.00393    0.00432    0.00173
 1371   -0.00426    0.00403    0.00127
 1372   -0.00459    0.00373    0.00222
 1373   -0.00471    0.00335    0.00283
 1374   -0.00522    0.00300    0.00268
 1375   -0.00418    0.00317    0.00378
 1376   -0.00367    0.00453    0.00197
 1377   -0.00327    0.00473    0.00166
 1378   -0.00334    0.00493    0.00174
 1379   -0.00317    0.00518    0.00228
 1380   -0.00266    0.00519    0.00158
 1381   -0.00212    0.00507    0.00120
 1382   -0.00162    0.00527    0.00134
 1383   -0.00206    0.00461    0.00095
 1384   -0.00323    0.00470    0.00112
 1385   -0.00314    0.00506    0.00098
 1386   -0.00277    0.00575    0.00092
 1387   -0.00246    0.00626    0.00058
 1388   -0.00208    0.00560    0.00096
 1389   -0.00093    0.00612    0.00069
 1390   -0.00089    0.00676    0.00136
 1391    0.00026    0.00760    0.00111
 1392   -0.00042    0.00573   -0.00014
 1393   -0.00033    0.00455   -0.00076
 1394    0.00117    0.00358   -0.00163
 1395    0.00307    0.00378   -0.00271
 1396    0.00532    0.00472   -0.00351
 1397    0.00500    0.00432   -0.00267
 1398    0.00918    0.00584   -0.00517
 1399   -0.00190    0.00616    0.00222
 1400   -0.00167    0.00639    0.00318
 1401   -0.00212    0.00581    0.00322
 1402   -0.00327    0.00547    0.00286
 1403   -0.00183    0.00641    0.00329
 1404   -0.00089    0.00707    0.00315
 1405    0.00052    0.00787    0.00394
 1406    0.00088    0.00700    0.00440
 1407   -0.00214    0.00478    0.00351
 1408   -0.00247    0.00467    0.00335
 1409   -0.00242    0.00539    0.00378
 1410   -0.00219    0.00609    0.00385
 1411   -0.00193    0.00240    0.00358
 1412   -0.00141    0.00311    0.00336
 1413   -0.00178    0.00465    0.00333
 1414   -0.00180    0.00376    0.00517
 1415   -0.00206    0.00330    0.00598
 1416   -0.00183    0.00376    0.00539
 1417   -0.00174    0.00440    0.00484
 1418   -0.00020    0.00005    0.00825
 1419    0.00068   -0.00400    0.00967
 1420    0.00154   -0.00178    0.00890
 1421    0.00313   -0.00759    0.00887
 1422    0.00294   -0.00235    0.00902
 1423    0.00327   -0.01057    0.00815
 1424    0.00371   -0.00644    0.00837
 1425   -0.00141    0.00297    0.00623
 1426   -0.00129    0.00303    0.00585
 1427    0.00048    0.00245    0.00597
 1428    0.00191    0.00081    0.00772
 1429   -0.00165    0.00240    0.00678
 1430   -0.00159    0.00206    0.00764
 1431   -0.00112    0.00240    0.00718
 1432    0.00051    0.00363    0.00458
 1433    0.00258    0.00370    0.00403
 1434    0.00275    0.00290    0.00353
 1435    0.00077    0.00317    0.00318
 1436    0.00205    0.00462    0.00311
 1437    0.00428    0.00505    0.00202
 1438    0.00129    0.00547    0.00351
 1439    0.00489    0.00190    0.00392
 1440    0.00488    0.00139    0.00386
 1441    0.00551    0.00133    0.00197
 1442    0.00863    0.00053    0.00163
 1443    0.00632   -0.00024    0.00552
 1444    0.00569   -0.00095    0.00508
 1445    0.00381   -0.00038    0.00502
 1446    0.00711   -0.00272    0.00563
 1447    0.00379    0.00165    0.00126
 1448    0.00276    0.00192    0.00017
 1449    0.00401    0.00153    0.00002
 1450    0.00234    0.00185   -0.00068
 1451    0.00060    0.00303   -0.00135
 1452   -0.00001    0.00302   -0.00103
 1453   -0.00057    0.00290   -0.00111
 1454   -0.00043    0.00381   -0.00037
 1455   -0.00057    0.00335   -0.00041
 1456   -0.00108    0.00454   -0.00039
 1457    0.00506    0.00052    0.00130
 1458    0.00581   -0.00003    0.00150
 1459    0.00434    0.00058    0.00180
 1460    0.00286    0.00063    0.00194
 1461    0.00469    0.00039    0.00150
 1462    0.00369    0.00081    0.00174
 1463    0.00277    0.00161    0.00033
 1464    0.00262    0.00209   -0.00127
 1465    0.00430    0.00060    0.00183
 1466    0.00141    0.00184    0.00068
 1467    0.00118    0.00227    0.00027
 1468   -0.00045    0.00240    0.00083
 1469   -0.00088    0.00212    0.00188
 1470    0.00157    0.00251    0.00010
 1471    0.00152    0.00222   -0.00095
 1472    0.00121    0.00225    0.00095
 1473   -0.00074    0.00270    0.00107
 1474   -0.00119    0.00319    0.00127
 1475   -0.00056    0.00271    0.00020
 1476    0.00053    0.00210    0.00101
 1477    0.00101    0.00196    0.00109
 1478   -0.00283    0.00278    0.00150
 1479   -0.00231    0.00267    0.00149
 1480   -0.00195    0.00350    0.00021
 1481   -0.00229    0.00352    0.00004
 1482   -0.00361    0.00203    0.00187
 1483   -0.00438    0.00120    0.00331
 1484   -0.00413    0.00113    0.00313
 1485   -0.00426    0.00102    0.00307
 1486   -0.00342    0.00083    0.00244
 1487   -0.00206    0.00371   -0.00038
 1488   -0.00335    0.00424   -0.00171
 1489   -0.00208    0.00507   -0.00307
 1490    0.00109    0.00645   -0.00372
 1491   -0.00321    0.00460   -0.00198
 1492   -0.00498    0.00324   -0.00097
 1493   -0.00468    0.00395   -0.00063
 1494   -0.00634    0.00377   -0.00122
 1495   -0.00012    0.00467   -0.00275
 1496    0.00180    0.00529   -0.00425
 1497    0.00170    0.00462   -0.00393
 1498    0.00316    0.00443   -0.00581
 1499    0.00425    0.00414   -0.00405
 1500    0.00297    0.00316   -0.00202
 1501    0.00557    0.00472   -0.00410
 1502   -0.00025    0.00426   -0.00221
 1503   -0.00093    0.00386   -0.00170
 1504    0.00041    0.00466   -0.00325
 1505    0.00023    0.00416   -0.00378
 1506   -0.00190    0.00342   -0.00053
 1507   -0.00259    0.00322   -0.00021
 1508   -0.00246    0.00265   -0.00013
 1509   -0.00325    0.00275    0.00075
 1510    0.00152    0.00590   -0.00370
 1511    0.00374    0.00622   -0.00498
 1512    0.00627    0.00600   -0.00685
 1513    0.00430    0.00669   -0.00625
 1514    0.00721    0.00574   -0.00383
 1515    0.00621    0.00472   -0.00185
 1516    0.00856    0.00490   -0.00085
 1517    0.00266    0.00566   -0.00121
 1518    0.00932    0.00688   -0.00987
 1519    0.01096    0.00869   -0.01151
 1520    0.00794    0.00480   -0.01168
 1521    0.00714    0.00449   -0.01214
 1522    0.01438    0.01172   -0.01449
 1523    0.01898    0.01328   -0.01777
 1524    0.02237    0.01338   -0.02283
 1525    0.02601    0.01981   -0.02443
 1526    0.03322    0.02799   -0.03172
 1527    0.00511    0.00331   -0.00947
 1528    0.00175    0.00287   -0.00822
 1529   -0.00003    0.00313   -0.00706
 1530   -0.00164    0.00253   -0.00773
 1531    0.00154    0.00261   -0.00636
 1532    0.00302    0.00191   -0.00732
 1533    0.00281    0.00210   -0.00573
 1534    0.00493    0.00197   -0.00954
 1535   -0.00046    0.00390   -0.00587
 1536   -0.00256    0.00358   -0.00464
 1537   -0.00325    0.00325   -0.00427
 1538   -0.00486    0.00217   -0.00391
 1539   -0.00264    0.00374   -0.00336
 1540   -0.00105    0.00443   -0.00493
 1541   -0.00162    0.00447   -0.00350
 1542   -0.00335    0.00239   -0.00471
 1543   -0.00606    0.00097   -0.00339
 1544    0.00177    0.00786   -0.00324
 1545   -0.00211    0.00220   -0.00693
 1546   -0.00432    0.00052   -0.00820
 1547   -0.00816   -0.00150   -0.00724
 1548   -0.01154   -0.00329   -0.00721
 1549   -0.00371    0.00000   -0.01094
 1550   -0.00507   -0.00129   -0.01357
 1551   -0.00853   -0.00341   -0.01362
 1552   -0.00655   -0.00367   -0.01394
 1553   -0.00292   -0.00247   -0.01630
 1554   -0.00738   -0.00046   -0.00644
 1555   -0.00864   -0.00121   -0.00506
 1556   -0.00991   -0.00185   -0.00315
 1557   -0.01227   -0.00334   -0.00201
 1558   -0.00620    0.00028   -0.00502
 1559   -0.00596    0.00079   -0.00308
 1560   -0.00489    0.00089   -0.00668
 1561   -0.00886   -0.00110   -0.00237
 1562   -0.00988   -0.00194   -0.00048
 1563   -0.01227   -0.00503    0.00109
 1564   -0.01321   -0.00653    0.00201
 1565   -0.00933    0.00046    0.00034
 1566   -0.00776    0.00149   -0.00046
 1567   -0.01242   -0.00556    0.00015
 1568   -0.01437   -0.00905    0.00057
 1569   -0.01772   -0.01065    0.00044
 1570   -0.01974   -0.01447    0.00168
 1571   -0.01272   -0.00648   -0.00132
 1572   -0.00931   -0.00259    0.00010
 1573   -0.00718    0.00014   -0.00159
 1574   -0.00599    0.00047   -0.00614
 1575   -0.00072    0.00474   -0.00695
 1576    0.00337    0.00906   -0.00494
 1577    0.00023    0.00420   -0.01034
 1578   -0.01804   -0.00782   -0.00086
 1579   -0.02065   -0.00854   -0.00082
 1580   -0.01877   -0.00958    0.00017
 1581   -0.01946   -0.01102    0.00061
 1582   -0.01950   -0.00580   -0.00195
 1583   -0.02081   -0.00474   -0.00441
 1584   -0.01849   -0.00306   -0.00541
 1585   -0.01667   -0.00175   -0.00300
 1586   -0.01858   -0.00287   -0.00769
 1587   -0.01558   -0.00841    0.00022
 1588   -0.01334   -0.00920    0.00005
 1589   -0.01430   -0.01247    0.00043
 1590   -0.01351   -0.01431   -0.00049
 1591   -0.01079   -0.00777   -0.00027
 1592   -0.00905   -0.00478   -0.00074
 1593   -0.00936   -0.00273   -0.00068
 1594   -0.00717   -0.00417   -0.00129
 1595   -0.00713   -0.00057   -0.00075
 1596   -0.00611   -0.00177   -0.00067
 1597   -0.00541    0.00021   -0.00001
 1598   -0.01604   -0.01419    0.00170
 1599   -0.01809   -0.01930    0.00138
 1600   -0.01991   -0.02146    0.00112
 1601   -0.01856   -0.02455    0.00080
 1602   -0.01884   -0.02106    0.00147
 1603   -0.01617   -0.01649    0.00321
 1604   -0.01897   -0.02742    0.00118
 1605   -0.02239   -0.01989    0.00209
 1606   -0.02554   -0.02052    0.00269
 1607   -0.02438   -0.01889    0.00230
 1608   -0.02625   -0.02008    0.00226
 1609   -0.02889   -0.01839    0.00240
 1610   -0.03018   -0.02014    0.00272
 1611   -0.02894   -0.01617    0.00085
 1612   -0.02867   -0.01274   -0.00015
 1613   -0.02556   -0.01503   -0.00025
 1614   -0.01984   -0.01581    0.00113
 1615   -0.01678   -0.01408    0.00106
 1616   -0.01501   -0.01578   -0.00056
 1617   -0.01403   -0.01540   -0.00088
 1618   -0.01445   -0.00979    0.00110
 1619   -0.01716   -0.00730    0.00158
 1620   -0.01234   -0.00324    0.00334
 1621   -0.00969   -0.00225    0.00216
 1622   -0.01054   -0.00129    0.00132
 1623   -0.01358   -0.00082    0.00114
 1624   -0.00872   -0.00092    0.00051
 1625   -0.01364   -0.01773   -0.00147
 1626   -0.01079   -0.02071   -0.00338
 1627   -0.01325   -0.02540   -0.00358
 1628   -0.01329   -0.02749   -0.00428
 1629   -0.00770   -0.02053   -0.00458
 1630   -0.00490   -0.01697   -0.00431
 1631   -0.00191   -0.01615   -0.00521
 1632   -0.00129   -0.01270   -0.00362
 1633   -0.00041   -0.01907   -0.00728
 1634   -0.01585   -0.02636   -0.00356
 1635   -0.01977   -0.03104   -0.00252
 1636   -0.01878   -0.03646   -0.00407
 1637   -0.02045   -0.03758   -0.00325
 1638   -0.02249   -0.03288   -0.00384
 1639   -0.02858   -0.03687    0.00058
 1640   -0.02513   -0.05148   -0.02068
 1641   -0.05847   -0.00107    0.07746
 1642   -0.04856   -0.02468    0.03215
 1643   -0.01611   -0.04111   -0.01040
 1644   -0.01670   -0.04907   -0.01650
 1645   -0.01383   -0.04664   -0.01730
 1646   -0.01543   -0.05311   -0.02237
 1647   -0.01073   -0.03932   -0.01281
 1648   -0.00790   -0.03778   -0.01330
 1649   -0.01164   -0.03839   -0.01376
 1650   -0.01560   -0.03591   -0.01182
 1651   -0.00576   -0.03204   -0.01128
 1652   -0.00327   -0.03106   -0.01213
 1653    0.00140   -0.03485   -0.01670
 1654    0.00208   -0.03884   -0.01930
 1655    0.00400   -0.03405   -0.01726
 1656   -0.01031   -0.04133   -0.01699
 1657   -0.01518   -0.04422   -0.01879
 1658   -0.01388   -0.04117   -0.01770
 1659   -0.01780   -0.04093   -0.01759
 1660   -0.01880   -0.05582   -0.02664
 1661   -0.01205   -0.05792   -0.02997
 1662   -0.02800   -0.06132   -0.02793
 1663   -0.00816   -0.03870   -0.01606
 1664   -0.00627   -0.03667   -0.01410
 1665   -0.00677   -0.02931   -0.01036
 1666   -0.00410   -0.02526   -0.00857
 1667   -0.00157   -0.03587   -0.01293
 1668    0.00117   -0.04203   -0.01577
 1669    0.00479   -0.04089   -0.01837
 1670    0.00495   -0.04236   -0.02649
 1671    0.00624   -0.04424   -0.05034
 1672    0.01030   -0.05084   -0.05388
 1673    0.00086   -0.03196   -0.11153
 1674   -0.00979   -0.02714   -0.01065
 1675   -0.00949   -0.01898   -0.00811
 1676   -0.00858   -0.01244   -0.00570
 1677   -0.00826   -0.00916   -0.00574
 1678   -0.01171   -0.01575   -0.00682
 1679   -0.01104   -0.01800   -0.00580
 1680   -0.01189   -0.02285   -0.00729
 1681   -0.01016   -0.01492   -0.00415
 1682   -0.01075   -0.02341   -0.00652
 1683   -0.00904   -0.01573   -0.00379
 1684   -0.00919   -0.01951   -0.00448
 1685   -0.00687   -0.00664   -0.00452
 1686   -0.00743    0.00180   -0.00111
 1687   -0.00823    0.00428   -0.00119
 1688   -0.00707   -0.00029   -0.00214
 1689   -0.00468   -0.00143   -0.00112
 1690   -0.00400   -0.00305   -0.00127
 1691   -0.00888    0.00855   -0.00043
 1692   -0.00896    0.00882   -0.00130
 1693   -0.00886    0.00997   -0.00111
 1694   -0.00773    0.01161   -0.00126
 1695   -0.00953    0.00788   -0.00177
 1696   -0.00774    0.00794   -0.00127
 1697   -0.00671    0.00834   -0.00098
 1698   -0.00594    0.00768   -0.00115
 1699   -0.00612    0.00680   -0.00100
 1700   -0.00735    0.00791   -0.00069
 1701   -0.00754    0.00873   -0.00017
 1702   -0.00744    0.00700   -0.00042
 1703   -0.00483    0.00809   -0.00080
 1704   -0.00405    0.00722   -0.00058
 1705   -0.00463    0.00623   -0.00074
 1706   -0.00490    0.00668   -0.00084
 1707   -0.00227    0.00767   -0.00008
 1708   -0.00484    0.00504   -0.00082
 1709   -0.00499    0.00407   -0.00090
 1710   -0.00402    0.00310   -0.00039
 1711   -0.00348    0.00240    0.00011
 1712   -0.00561    0.00329   -0.00098
 1713   -0.00586    0.00227   -0.00104
 1714   -0.00594    0.00272   -0.00177
 1715   -0.00625    0.00167   -0.00084
 1716   -0.00384    0.00306   -0.00047
 1717   -0.00276    0.00189    0.00033
 1718   -0.00344    0.00059    0.00015
 1719   -0.00471    0.00110   -0.00082
 1720   -0.00110    0.00296    0.00087
 1721   -0.00211    0.00534    0.00034
 1722   -0.00268   -0.00104    0.00108
 1723   -0.00362   -0.00258    0.00099
 1724   -0.00341   -0.00199    0.00072
 1725   -0.00191   -0.00098    0.00161
 1726   -0.00314   -0.00446    0.00238
 1727   -0.00458   -0.00675    0.00230
 1728   -0.00416   -0.00912    0.00375
 1729   -0.00622   -0.01148    0.00414
 1730   -0.00665   -0.01100    0.00334
 1731   -0.00497   -0.00256   -0.00046
 1732   -0.00563   -0.00189   -0.00113
 1733   -0.00608   -0.00401   -0.00063
 1734   -0.00551   -0.00418   -0.00010
 1735   -0.00753   -0.00134   -0.00303
 1736   -0.00751   -0.00655   -0.00096
 1737   -0.01020   -0.01150   -0.00061
 1738   -0.01224   -0.01457   -0.00246
 1739   -0.01644   -0.02114   -0.00209
 1740   -0.00881   -0.01216    0.00165
 1741   -0.01324   -0.01387   -0.00552
