    1   -0.00371    0.00154    0.00461
    2   -0.00615    0.00543   -0.00055
    3   -0.00350    0.00513    0.00021
    4   -0.00330    0.00361    0.00142
    5   -0.01188    0.00643   -0.00308
    6   -0.00343    0.00719   -0.00168
    7   -0.00212    0.00716   -0.00127
    8   -0.00378    0.00776   -0.00179
    9   -0.00581    0.00950   -0.00307
   10    0.00009    0.00839   -0.00184
   11   -0.00055    0.01280   -0.00369
   12    0.00187    0.01767   -0.00428
   13    0.00279    0.01740   -0.00298
   14    0.00311    0.02108   -0.00493
   15   -0.00326    0.00710   -0.00145
   16   -0.00445    0.00752   -0.00212
   17   -0.00413    0.00966   -0.00307
   18   -0.00337    0.01137   -0.00376
   19   -0.00395    0.00571   -0.00154
   20   -0.00425    0.00401   -0.00034
   21   -0.00326    0.00291   -0.00008
   22   -0.00650    0.00414   -0.00016
   23   -0.00517    0.00957   -0.00340
   24   -0.00479    0.01070   -0.00381
   25   -0.00310    0.01052   -0.00357
   26   -0.00254    0.00914   -0.00328
   27   -0.00732    0.01121   -0.00345
   28   -0.00966    0.01323   -0.00366
   29   -0.01164    0.01456   -0.00292
   30   -0.01432    0.01542   -0.00415
   31   -0.01679    0.01778   -0.00540
   32   -0.00274    0.01136   -0.00361
   33   -0.00150    0.01065   -0.00348
   34   -0.00270    0.00933   -0.00270
   35   -0.00581    0.00909   -0.00233
   36   -0.00006    0.01215   -0.00242
   37    0.00072    0.01466   -0.00295
   38   -0.00251    0.01458   -0.00397
   39   -0.00077    0.00794   -0.00301
   40   -0.00072    0.00713   -0.00304
   41   -0.00086    0.00644   -0.00291
   42    0.00113    0.00674   -0.00313
   43    0.00116    0.00605   -0.00305
   44    0.00195    0.00553   -0.00300
   45    0.00007    0.00554   -0.00229
   46   -0.00118    0.00543   -0.00240
   47   -0.00237    0.00660   -0.00252
   48   -0.00132    0.00749   -0.00220
   49    0.00217    0.00607   -0.00312
   50    0.00305    0.00550   -0.00284
   51   -0.00135    0.00911   -0.00160
   52    0.00017    0.01064   -0.00110
   53   -0.00006    0.01343    0.00100
   54   -0.00105    0.01352    0.00337
   55    0.00091    0.01551    0.00106
   56    0.00348    0.00346   -0.00334
   57    0.00665    0.00210   -0.00392
   58    0.00696    0.00155   -0.00385
   59    0.00667    0.00133   -0.00434
   60    0.00749    0.00130   -0.00504
   61    0.01029   -0.00106   -0.00553
   62    0.00691    0.00306   -0.00451
   63    0.01083   -0.00213   -0.00618
   64    0.00763    0.00095   -0.00317
   65    0.00727    0.00167   -0.00251
   66    0.00783    0.00004   -0.00275
   67    0.00698    0.00107   -0.00268
   68    0.00577    0.00540   -0.00124
   69    0.00549    0.00569    0.00032
   70    0.00605    0.00459    0.00004
   71    0.00441    0.00784    0.00175
   72    0.00965   -0.00124   -0.00256
   73    0.01025   -0.00131   -0.00209
   74    0.00774    0.00054   -0.00080
   75    0.00780    0.00051   -0.00066
   76    0.01047   -0.00116   -0.00051
   77    0.00932   -0.00137    0.00028
   78    0.00914   -0.00122   -0.00182
   79    0.00712    0.00104   -0.00020
   80    0.00559    0.00356    0.00164
   81    0.00284    0.00517   -0.00024
   82    0.00223    0.00489    0.00046
   83    0.00470    0.00511    0.00158
   84    0.00299    0.00856    0.00323
   85    0.00240    0.01084    0.00474
   86    0.00188    0.01181    0.00582
   87    0.00262    0.01190    0.00556
   88    0.00298    0.00528    0.00010
   89    0.00242    0.00583   -0.00046
   90    0.00235    0.00397   -0.00166
   91    0.00139    0.00385   -0.00158
   92    0.00248    0.00650   -0.00041
   93    0.00123    0.00793    0.00110
   94    0.00008    0.00920    0.00101
   95   -0.00145    0.00831   -0.00046
   96    0.00403    0.00281   -0.00233
   97    0.00469    0.00188   -0.00259
   98    0.00466    0.00171   -0.00197
   99    0.00357    0.00189   -0.00183
  100    0.00690    0.00003   -0.00357
  101    0.00700   -0.00038   -0.00357
  102    0.00637    0.00072   -0.00324
  103    0.00911   -0.00136   -0.00389
  104    0.00504    0.00200   -0.00090
  105    0.00404    0.00293   -0.00012
  106    0.00094    0.00290    0.00096
  107   -0.00065    0.00252    0.00134
  108    0.00506    0.00318    0.00045
  109    0.00820    0.00153    0.00040
  110    0.00888    0.00065   -0.00005
  111    0.00884    0.00161    0.00059
  112    0.00062    0.00326    0.00045
  113   -0.00209    0.00361    0.00090
  114   -0.00282    0.00230   -0.00029
  115   -0.00450    0.00183   -0.00004
  116   -0.00236    0.00378   -0.00004
  117   -0.00453    0.00405    0.00030
  118   -0.00529    0.00371    0.00036
  119   -0.00743    0.00392    0.00025
  120   -0.01028    0.00388   -0.00001
  121   -0.00141    0.00207   -0.00079
  122   -0.00190    0.00155   -0.00089
  123   -0.00168    0.00104   -0.00019
  124   -0.00422    0.00100    0.00099
  125   -0.00050    0.00223   -0.00135
  126   -0.00179    0.00235   -0.00064
  127   -0.00072    0.00330   -0.00167
  128    0.00004    0.00094   -0.00075
  129    0.00008    0.00075    0.00042
  130   -0.00301    0.00222    0.00109
  131   -0.00417    0.00233    0.00239
  132    0.00272    0.00134   -0.00039
  133    0.00493    0.00116   -0.00201
  134    0.00689    0.00089   -0.00198
  135    0.00512    0.00007   -0.00191
  136   -0.00397    0.00236    0.00138
  137   -0.00673    0.00348    0.00259
  138   -0.00938    0.00233    0.00283
  139   -0.01189    0.00331    0.00438
  140   -0.00753    0.00406    0.00209
  141   -0.00727    0.00373    0.00184
  142   -0.00853    0.00137    0.00205
  143   -0.01045    0.00084    0.00242
  144   -0.01036    0.00006    0.00395
  145   -0.01208   -0.00046    0.00417
  146   -0.00990    0.00118    0.00155
  147   -0.00999    0.00162    0.00035
  148   -0.00976    0.00278    0.00019
  149   -0.00965    0.00357   -0.00058
  150   -0.01166    0.00416   -0.00108
  151   -0.01336    0.00351   -0.00114
  152   -0.01102    0.00432   -0.00148
  153   -0.00834    0.00001    0.00360
  154   -0.00785   -0.00097    0.00466
  155   -0.00941   -0.00030    0.00564
  156   -0.00995   -0.00250    0.00733
  157   -0.00550   -0.00007    0.00358
  158   -0.00455    0.00008    0.00262
  159   -0.00218    0.00041    0.00209
  160   -0.00629   -0.00054    0.00382
  161   -0.00992    0.00124    0.00516
  162   -0.01196    0.00176    0.00601
  163   -0.00927    0.00185    0.00528
  164   -0.00945    0.00022    0.00635
  165   -0.00644    0.00299    0.00329
  166   -0.00312    0.00223    0.00202
  167   -0.00252    0.00382    0.00106
  168   -0.00274    0.00468    0.00108
  169    0.00023    0.00165    0.00077
  170    0.00406    0.00170   -0.00040
  171   -0.00019    0.00067    0.00148
  172   -0.00105    0.00335    0.00094
  173    0.00063    0.00452    0.00162
  174    0.00483    0.00491    0.00048
  175    0.00691    0.00415   -0.00076
  176   -0.00249    0.00426    0.00291
  177    0.00785    0.00635    0.00213
  178    0.01194    0.00701    0.00094
  179    0.01285    0.00600    0.00082
  180    0.01141    0.00602    0.00188
  181    0.01507    0.00608   -0.00112
  182    0.01608    0.00560   -0.00182
  183    0.01464    0.00511   -0.00177
  184    0.01620    0.00291   -0.00276
  185    0.01941    0.00646   -0.00218
  186    0.02445    0.00760   -0.00152
  187    0.02885    0.01010   -0.00194
  188    0.02395    0.01034   -0.00286
  189    0.04247    0.01452    0.00117
  190    0.01298    0.00474   -0.00190
  191    0.01284    0.00337   -0.00227
  192    0.01194    0.00273   -0.00138
  193    0.01079    0.00265   -0.00083
  194    0.01283    0.00293   -0.00301
  195    0.01382    0.00309   -0.00385
  196    0.01404    0.00389   -0.00441
  197    0.01394    0.00291   -0.00469
  198    0.01473    0.00453   -0.00541
  199    0.01437    0.00408   -0.00552
  200    0.01334    0.00223   -0.00472
  201    0.01397    0.00450   -0.00670
  202    0.01258    0.00251   -0.00527
  203    0.01287    0.00363   -0.00617
  204    0.01341    0.00091   -0.00168
  205    0.01294    0.00031   -0.00167
  206    0.01358   -0.00141   -0.00242
  207    0.01362   -0.00186   -0.00302
  208    0.01396    0.00024   -0.00099
  209    0.01112    0.00364    0.00055
  210    0.00830    0.00375    0.00107
  211    0.00743    0.00501    0.00155
  212    0.00700    0.00669    0.00296
  213    0.00746    0.00857    0.00345
  214    0.00623    0.00724    0.00347
  215    0.01266   -0.00071   -0.00177
  216    0.01334   -0.00207   -0.00261
  217    0.01340   -0.00284   -0.00201
  218    0.01260   -0.00210   -0.00084
  219    0.01242   -0.00212   -0.00291
  220    0.01161   -0.00187   -0.00304
  221    0.01052   -0.00113   -0.00292
  222    0.01200   -0.00280   -0.00334
  223    0.01016   -0.00118   -0.00300
  224    0.01163   -0.00225   -0.00351
  225    0.01091   -0.00177   -0.00333
  226    0.01285   -0.00487   -0.00312
  227    0.01214   -0.00742   -0.00238
  228    0.01194   -0.00885   -0.00315
  229    0.01150   -0.00780   -0.00412
  230    0.01111   -0.01073   -0.00221
  231    0.00941   -0.01628   -0.00140
  232    0.01247   -0.00977   -0.00135
  233    0.01178   -0.01010   -0.00185
  234    0.01113   -0.01347   -0.00254
  235    0.00661   -0.02138   -0.00552
  236    0.00280   -0.02531   -0.00547
  237    0.00975   -0.01556    0.00026
  238    0.01035   -0.01414   -0.00154
  239    0.00922   -0.01481    0.00147
  240    0.01013   -0.01058   -0.00320
  241    0.00564   -0.02347   -0.00673
  242    0.00009   -0.02764   -0.00755
  243   -0.00344   -0.03291   -0.00737
  244   -0.00110   -0.03239   -0.00717
  245    0.00246   -0.02242   -0.00534
  246   -0.00266   -0.02475   -0.00761
  247    0.00406   -0.01710   -0.00476
  248   -0.01036   -0.03950   -0.01374
  249   -0.01280   -0.04415   -0.01609
  250   -0.01352   -0.04347   -0.01752
  251   -0.01242   -0.04690   -0.01735
  252   -0.01558   -0.04950   -0.01921
  253   -0.01516   -0.05050   -0.01751
  254   -0.01854   -0.05626   -0.01713
  255   -0.01123   -0.05324   -0.02375
  256   -0.01521   -0.04206   -0.01491
  257   -0.01383   -0.04337   -0.01785
  258   -0.01321   -0.03707   -0.01297
  259   -0.01130   -0.03409   -0.00897
  260   -0.01150   -0.03528   -0.01072
  261   -0.00952   -0.03113   -0.00521
  262   -0.01493   -0.03199   -0.00253
  263   -0.01446   -0.02898    0.00208
  264   -0.00447   -0.02292   -0.00377
  265    0.00220   -0.01501   -0.00399
  266    0.00494   -0.00823   -0.00427
  267    0.00225   -0.01385   -0.00320
  268   -0.01949   -0.03734   -0.00430
  269   -0.02633   -0.03955   -0.00129
  270   -0.03117   -0.04137   -0.00060
  271   -0.02994   -0.04218   -0.00282
  272   -0.03254   -0.04478   -0.00412
  273   -0.02803   -0.04793   -0.01023
  274   -0.02958   -0.05204   -0.01308
  275   -0.03522   -0.05586   -0.01230
  276   -0.02466   -0.05180   -0.01669
  277   -0.03696   -0.04111    0.00316
  278   -0.04284   -0.04266    0.00320
  279   -0.04803   -0.04632   -0.00052
  280   -0.04887   -0.04518   -0.00055
  281   -0.05008   -0.04175    0.00673
  282   -0.04851   -0.03776    0.01208
  283   -0.04146   -0.03428    0.01559
  284   -0.04244   -0.03358    0.02075
  285   -0.03335   -0.03210    0.01303
  286   -0.05308   -0.05320   -0.00273
  287   -0.05668   -0.06186   -0.00683
  288   -0.04488   -0.05863   -0.00763
  289   -0.04509   -0.06407   -0.00948
  290   -0.06504   -0.07400   -0.01094
  291   -0.03800   -0.05324   -0.00766
  292   -0.03077   -0.05212   -0.00842
  293   -0.02637   -0.04661   -0.00612
  294   -0.02149   -0.04613   -0.00693
  295   -0.02631   -0.05080   -0.01156
  296   -0.02672   -0.05719   -0.01532
  297   -0.02748   -0.04218   -0.00432
  298   -0.02535   -0.03543   -0.00232
  299   -0.03009   -0.03596   -0.00207
  300   -0.02451   -0.03010   -0.00141
  301   -0.02437   -0.03259   -0.00031
  302   -0.01943   -0.03042   -0.00071
  303   -0.01973   -0.02815    0.00274
  304   -0.01306   -0.02424   -0.00110
  305   -0.04019   -0.04220   -0.00180
  306   -0.04966   -0.04173    0.00174
  307   -0.04444   -0.04679   -0.00242
  308   -0.04980   -0.04606    0.00072
  309   -0.03587   -0.04983   -0.00428
  310   -0.02960   -0.05373   -0.00617
  311   -0.01858   -0.04305   -0.00415
  312   -0.01324   -0.04074   -0.00156
  313   -0.02944   -0.06233   -0.00821
  314   -0.02793   -0.05530   -0.00740
  315   -0.01520   -0.03284   -0.00147
  316   -0.00568   -0.02342   -0.00020
  317   -0.00248   -0.01686   -0.00100
  318   -0.00718   -0.01535   -0.00265
  319   -0.00496   -0.02006   -0.00172
  320    0.00217   -0.01318   -0.00209
  321   -0.00677   -0.02488   -0.00235
  322    0.00264   -0.01550   -0.00019
  323    0.00414   -0.01101   -0.00226
  324    0.00239   -0.00663   -0.00392
  325    0.00426   -0.00531   -0.00385
  326    0.00891   -0.01009   -0.00090
  327    0.00923   -0.01586    0.00214
  328    0.00592   -0.01943    0.00183
  329    0.00025   -0.00474   -0.00656
  330   -0.00204   -0.00206   -0.00734
  331    0.00408    0.00008   -0.00662
  332    0.00490   -0.00086   -0.00463
  333   -0.00812   -0.00125   -0.01046
  334    0.00459    0.00077   -0.00619
  335    0.00478   -0.00037   -0.00553
  336    0.00672   -0.00097   -0.00465
  337    0.00839    0.00019   -0.00511
  338    0.00602    0.00074   -0.00597
  339    0.00722    0.00230   -0.00670
  340    0.00733    0.00386   -0.00746
  341    0.00501   -0.00217   -0.00438
  342    0.00633   -0.00264   -0.00382
  343    0.00800   -0.00242   -0.00452
  344    0.00739   -0.00302   -0.00431
  345    0.00407   -0.00454   -0.00289
  346    0.01021   -0.00126   -0.00496
  347    0.01060   -0.00076   -0.00542
  348    0.01040   -0.00077   -0.00521
  349    0.01038   -0.00026   -0.00566
  350    0.01178    0.00052   -0.00552
  351    0.01240    0.00071   -0.00501
  352    0.01064   -0.00151   -0.00481
  353    0.01076   -0.00158   -0.00475
  354    0.01055   -0.00293   -0.00429
  355    0.01087   -0.00343   -0.00429
  356    0.01136   -0.00048   -0.00482
  357    0.01007   -0.00328   -0.00408
  358    0.00983   -0.00431   -0.00399
  359    0.01045   -0.00373   -0.00447
  360    0.01018   -0.00287   -0.00461
  361    0.00821   -0.00541   -0.00303
  362    0.00714   -0.00657   -0.00277
  363    0.00670   -0.00807   -0.00264
  364    0.00506   -0.00684   -0.00154
  365    0.01102   -0.00330   -0.00451
  366    0.01113   -0.00241   -0.00507
  367    0.01123   -0.00293   -0.00505
  368    0.01136   -0.00369   -0.00438
  369    0.01105   -0.00213   -0.00527
  370    0.01018   -0.00114   -0.00556
  371    0.01029   -0.00065   -0.00578
  372    0.00987   -0.00141   -0.00503
  373    0.01078   -0.00215   -0.00529
  374    0.01074   -0.00154   -0.00512
  375    0.00987    0.00006   -0.00553
  376    0.00944    0.00056   -0.00649
  377    0.01002   -0.00117   -0.00459
  378    0.00983   -0.00030   -0.00447
  379    0.01063   -0.00167   -0.00469
  380    0.00966    0.00082   -0.00459
  381    0.00967    0.00090   -0.00522
  382    0.00877    0.00315   -0.00534
  383    0.00857    0.00508   -0.00420
  384    0.00933    0.00581   -0.00329
  385    0.00834    0.00311   -0.00526
  386    0.00682    0.00470   -0.00522
  387    0.00594    0.00407   -0.00574
  388    0.00582    0.00755   -0.00283
  389    0.00714    0.00587   -0.00409
  390    0.00682    0.00737   -0.00294
  391    0.00444    0.00875   -0.00262
  392    0.00329    0.00756   -0.00337
  393    0.00751    0.00650   -0.00360
  394    0.00705    0.00473   -0.00422
  395    0.00564    0.00511   -0.00394
  396    0.00749    0.00304   -0.00532
  397    0.00508    0.00366   -0.00457
  398    0.00712    0.00211   -0.00572
  399    0.00613    0.00236   -0.00551
  400    0.00272    0.01140   -0.00169
  401   -0.00007    0.01250   -0.00004
  402   -0.00077    0.00981   -0.00083
  403    0.00040    0.00954   -0.00122
  404    0.00029    0.01501    0.00177
  405    0.00277    0.01455    0.00075
  406    0.00429    0.01298   -0.00071
  407   -0.00177    0.00912   -0.00092
  408   -0.00199    0.00655   -0.00196
  409   -0.00314    0.00772   -0.00086
  410   -0.00556    0.00814    0.00004
  411   -0.00305    0.00558   -0.00262
  412   -0.00110    0.00447   -0.00310
  413    0.00110    0.00272   -0.00430
  414   -0.00087    0.00443   -0.00336
  415   -0.00257    0.00857   -0.00081
  416   -0.00431    0.00962    0.00033
  417   -0.00337    0.00662   -0.00065
  418   -0.00304    0.00512   -0.00203
  419   -0.00213    0.01085    0.00084
  420   -0.00040    0.00963   -0.00030
  421   -0.00172    0.01406    0.00253
  422   -0.00578    0.00757    0.00002
  423   -0.00697    0.00598   -0.00084
  424   -0.00487    0.00515   -0.00178
  425   -0.00463    0.00328   -0.00290
  426   -0.00924    0.00700    0.00008
  427   -0.00359    0.00656   -0.00104
  428   -0.00192    0.00609   -0.00191
  429   -0.00077    0.00488   -0.00289
  430   -0.00102    0.00323   -0.00386
  431   -0.00035    0.00830   -0.00097
  432    0.00213    0.00843   -0.00198
  433    0.00199    0.00717   -0.00346
  434    0.00020    0.00518   -0.00415
  435    0.00481    0.00893   -0.00330
  436   -0.00049    0.00527   -0.00268
  437    0.00048    0.00407   -0.00374
  438   -0.00087    0.00207   -0.00449
  439   -0.00035    0.00078   -0.00534
  440    0.00109    0.00476   -0.00324
  441    0.00184    0.00327   -0.00416
  442    0.00126    0.00228   -0.00461
  443    0.00310    0.00251   -0.00460
  444    0.00329    0.00074   -0.00554
  445    0.00397    0.00086   -0.00540
  446   -0.00204    0.00224   -0.00446
  447   -0.00256    0.00095   -0.00528
  448   -0.00317   -0.00009   -0.00584
  449   -0.00295   -0.00027   -0.00669
  450   -0.00434    0.00137   -0.00465
  451   -0.00405    0.00087   -0.00461
  452   -0.00215    0.00156   -0.00377
  453   -0.00239    0.00220   -0.00346
  454   -0.00088    0.00146   -0.00424
  455   -0.00349    0.00007   -0.00548
  456   -0.00387   -0.00090   -0.00627
  457   -0.00303   -0.00080   -0.00696
  458   -0.00362   -0.00126   -0.00793
  459   -0.00402   -0.00044   -0.00592
  460   -0.00503   -0.00088   -0.00513
  461   -0.00551    0.00166   -0.00389
  462   -0.00593   -0.00217   -0.00526
  463   -0.00227    0.00016   -0.00615
  464   -0.00166   -0.00005   -0.00626
  465   -0.00185   -0.00145   -0.00674
  466   -0.00420   -0.00133   -0.00773
  467    0.00002    0.00060   -0.00540
  468    0.00143    0.00024   -0.00517
  469    0.00032    0.00068   -0.00461
  470    0.00198    0.00003   -0.00501
  471   -0.00100   -0.00004   -0.00463
  472    0.00191    0.00039   -0.00521
  473    0.00031   -0.00062   -0.00431
  474   -0.00097   -0.00109   -0.00674
  475    0.00008   -0.00208   -0.00744
  476   -0.00044   -0.00149   -0.00805
  477   -0.00026   -0.00071   -0.00880
  478    0.00151   -0.00123   -0.00739
  479    0.00256   -0.00118   -0.00691
  480    0.00359   -0.00163   -0.00740
  481    0.00498   -0.00145   -0.00721
  482    0.00550   -0.00130   -0.00686
  483    0.00412   -0.00142   -0.00637
  484    0.00677   -0.00078   -0.00664
  485   -0.00135   -0.00056   -0.00789
  486   -0.00207    0.00109   -0.00841
  487   -0.00409    0.00148   -0.00900
  488   -0.00450    0.00457   -0.00962
  489   -0.00269    0.00099   -0.00837
  490   -0.00165    0.00129   -0.00773
  491    0.00036    0.00340   -0.00770
  492    0.00112    0.00262   -0.00604
  493   -0.00064    0.00297   -0.00724
  494   -0.00654    0.00048   -0.00952
  495   -0.01056    0.00180   -0.01069
  496   -0.01188    0.00312   -0.01069
  497   -0.01585    0.00617   -0.01128
  498   -0.01270    0.00043   -0.01070
  499   -0.00930    0.00149   -0.00967
  500   -0.00932    0.00139   -0.00910
  501   -0.00845    0.00452   -0.00925
  502   -0.01090    0.00748   -0.00915
  503   -0.00551   -0.00174   -0.00735
  504   -0.00606   -0.00129   -0.00647
  505   -0.00267   -0.00187   -0.00596
  506   -0.00008   -0.00295   -0.00673
  507   -0.00298   -0.00153   -0.00472
  508   -0.00468    0.00471   -0.00963
  509   -0.00320    0.00879   -0.00922
  510   -0.00856    0.01531   -0.00997
  511   -0.01063    0.01936   -0.00953
  512    0.00004    0.00990   -0.00797
  513    0.00313    0.00711   -0.00935
  514    0.00067    0.01613   -0.00774
  515    0.00451    0.00711   -0.00847
  516   -0.01036    0.01588   -0.00915
  517   -0.01580    0.02141   -0.00862
  518   -0.02382    0.02311   -0.00889
  519   -0.03146    0.02903   -0.00840
  520   -0.01682    0.02230   -0.00955
  521   -0.01319    0.02663   -0.01126
  522   -0.00655    0.01958   -0.01044
  523   -0.00278    0.02005   -0.00986
  524   -0.00686    0.01470   -0.01062
  525   -0.02353    0.01860   -0.00848
  526   -0.03157    0.01895   -0.00709
  527   -0.03321    0.02258   -0.00634
  528   -0.04207    0.02802   -0.00302
  529   -0.02895    0.01319   -0.00869
  530   -0.03657    0.01301   -0.00913
  531   -0.04311    0.01303   -0.00324
  532   -0.03511    0.01251   -0.00450
  533   -0.05828    0.01353   -0.00103
  534   -0.02621    0.01979   -0.00703
  535   -0.02555    0.02131   -0.00710
  536   -0.02626    0.02932   -0.00789
  537   -0.03081    0.03472   -0.00681
  538   -0.01730    0.01407   -0.00888
  539   -0.01550    0.00912   -0.00851
  540   -0.01731    0.00858   -0.00629
  541   -0.00747    0.00622   -0.00938
  542   -0.02337    0.03202   -0.00845
  543   -0.02431    0.04347   -0.00988
  544   -0.02202    0.04844   -0.01091
  545   -0.01562    0.04614   -0.01262
  546   -0.03450    0.05273   -0.00797
  547   -0.02953    0.05787   -0.00962
  548   -0.03132    0.07533   -0.00995
  549   -0.03507    0.06496   -0.00887
  550   -0.06722    0.12056    0.00646
  551   -0.02496    0.04061   -0.01193
  552   -0.02561    0.03377   -0.01019
  553   -0.01982    0.03372   -0.01372
  554   -0.01625    0.03741   -0.01817
  555   -0.02126    0.02244   -0.01094
  556   -0.01295    0.01964   -0.01402
  557   -0.00940    0.01348   -0.01292
  558   -0.01170    0.01107   -0.01087
  559   -0.00421    0.01264   -0.01351
  560   -0.01711    0.02737   -0.01234
  561   -0.01305    0.02514   -0.01542
  562   -0.00909    0.01994   -0.01648
  563   -0.00842    0.01611   -0.01436
  564   -0.01379    0.02414   -0.01277
  565   -0.01032    0.02146   -0.01702
  566   -0.00887    0.02203   -0.02207
  567   -0.01145    0.02651   -0.02355
  568   -0.00588    0.01887   -0.02430
  569   -0.00658    0.02161   -0.01929
  570   -0.00257    0.01910   -0.01884
  571   -0.00186    0.01856   -0.02147
  572   -0.00265    0.02156   -0.02466
  573   -0.00124    0.01920   -0.01953
  574    0.00063    0.01273   -0.01679
  575   -0.00284    0.01702   -0.01819
  576   -0.00068    0.01539   -0.02068
  577   -0.00011    0.01486   -0.02399
  578    0.00092    0.01417   -0.02524
  579    0.00195    0.01161   -0.02250
  580    0.00138    0.01309   -0.02300
  581    0.00308    0.01399   -0.02607
  582    0.00113    0.01469   -0.02929
  583    0.00076    0.00993   -0.03106
  584    0.00405    0.01058   -0.02969
  585    0.00849    0.00377   -0.02067
  586   -0.00235    0.01006   -0.03946
  587    0.00109    0.01509   -0.04046
  588   -0.00034    0.01415   -0.03469
  589    0.00695    0.01177   -0.02911
  590    0.01039    0.01055   -0.02633
  591    0.01045    0.00883   -0.01990
  592    0.01202    0.00871   -0.01649
  593    0.01087    0.01488   -0.02756
  594    0.01540    0.01528   -0.02835
  595    0.02568    0.02430   -0.03686
  596    0.01439    0.01671   -0.02687
  597    0.02807    0.03028   -0.04175
  598    0.00820    0.00840   -0.01871
  599    0.00904    0.00579   -0.01393
  600    0.01074    0.00483   -0.01070
  601    0.00989    0.00392   -0.01028
  602    0.00720    0.00623   -0.01327
  603    0.00820    0.00415   -0.01048
  604    0.00593    0.00786   -0.01446
  605    0.01142    0.00387   -0.00704
  606    0.01180   -0.00008   -0.00178
  607    0.01091    0.00035   -0.00310
  608    0.01061    0.00080   -0.00371
  609    0.01145    0.00038   -0.00097
  610    0.00900   -0.00130    0.00209
  611    0.00880   -0.00201    0.00195
  612    0.00694   -0.00381    0.00508
  613    0.00693   -0.00269    0.00371
  614    0.00524   -0.00522    0.00782
  615    0.00510   -0.00488    0.00659
  616    0.00352   -0.00524    0.00878
  617    0.01095   -0.00136   -0.00216
  618    0.01081   -0.00043   -0.00317
  619    0.01092   -0.00194   -0.00028
  620    0.01098   -0.00366    0.00233
  621    0.01124   -0.00047   -0.00539
  622    0.01265   -0.00016   -0.00476
  623    0.01240    0.00084   -0.00541
  624    0.01321   -0.00074   -0.00439
  625    0.01226    0.00043   -0.00586
  626    0.01357    0.00033   -0.00517
  627    0.01354    0.00056   -0.00598
  628    0.01063   -0.00177   -0.00005
  629    0.01023   -0.00294    0.00184
  630    0.01096   -0.00180    0.00007
  631    0.01138   -0.00113   -0.00145
  632    0.00841   -0.00387    0.00339
  633    0.00826   -0.00216    0.00147
  634    0.00662   -0.00199    0.00272
  635    0.00505   -0.00350    0.00585
  636    0.01116   -0.00313    0.00113
  637    0.01230   -0.00254   -0.00023
  638    0.01103   -0.00291    0.00053
  639    0.00987   -0.00359    0.00222
  640    0.01367   -0.00371    0.00143
  641    0.01497   -0.00313    0.00181
  642    0.01653   -0.00363    0.00421
  643    0.01739   -0.00232    0.00427
  644    0.02021   -0.00163    0.00708
  645    0.01139   -0.00228   -0.00040
  646    0.01060   -0.00194    0.00018
  647    0.01126   -0.00279    0.00146
  648    0.01233   -0.00295    0.00133
  649    0.01056   -0.00065   -0.00173
  650    0.00980    0.00006   -0.00149
  651    0.00934    0.00119   -0.00301
  652    0.00920    0.00139   -0.00387
  653    0.00950    0.00244   -0.00287
  654    0.01035   -0.00361    0.00363
  655    0.01095   -0.00511    0.00533
  656    0.00939   -0.00407    0.00511
  657    0.00995   -0.00504    0.00562
  658    0.01138   -0.00762    0.00792
  659    0.00861   -0.00664    0.00815
  660    0.01324   -0.00901    0.00812
  661    0.00755   -0.00267    0.00410
  662    0.00545   -0.00110    0.00323
  663    0.00650    0.00085    0.00126
  664    0.00704    0.00103    0.00031
  665    0.00274   -0.00071    0.00327
  666    0.00214   -0.00245    0.00569
  667    0.00072    0.00117    0.00224
  668    0.00019   -0.00247    0.00579
  669    0.00645    0.00234    0.00070
  670    0.00581    0.00492   -0.00072
  671    0.00314    0.00656   -0.00167
  672    0.00155    0.00624   -0.00127
  673    0.00270    0.00713   -0.00308
  674    0.00178    0.00763   -0.00379
  675    0.00270    0.00577   -0.00222
  676    0.00172    0.00606   -0.00239
  677   -0.00011    0.01027   -0.00429
  678    0.00024    0.01302   -0.00427
  679    0.00018    0.01280   -0.00494
  680    0.00002    0.01488   -0.00428
  681    0.00372    0.00406   -0.00158
  682    0.00299    0.00285   -0.00116
  683    0.00475    0.00273   -0.00205
  684    0.00466    0.00191   -0.00166
  685    0.00288    0.00154   -0.00009
  686    0.00527    0.00092   -0.00026
  687    0.00603    0.00326   -0.00285
  688    0.00727    0.00253   -0.00381
  689    0.00679    0.00266   -0.00370
  690    0.00795    0.00175   -0.00433
  691    0.00725    0.00271   -0.00493
  692    0.00573    0.00381   -0.00568
  693    0.00554    0.00320   -0.00342
  694    0.00557    0.00300   -0.00379
  695    0.00533    0.00234   -0.00323
  696    0.00653    0.00179   -0.00324
  697    0.00420    0.00241   -0.00247
  698    0.00384    0.00173   -0.00177
  699    0.00491    0.00106   -0.00157
  700    0.00488    0.00042   -0.00110
  701    0.00091    0.00180   -0.00052
  702   -0.00064    0.00279   -0.00125
  703   -0.00069    0.00135    0.00085
  704    0.00586    0.00078   -0.00210
  705    0.00710    0.00026   -0.00244
  706    0.00828    0.00069   -0.00324
  707    0.00865    0.00055   -0.00287
  708    0.00783    0.00077   -0.00238
  709    0.00660    0.00066   -0.00106
  710    0.00888    0.00025   -0.00281
  711    0.00628   -0.00065    0.00066
  712    0.00851    0.00104   -0.00401
  713    0.00955    0.00063   -0.00468
  714    0.00936    0.00046   -0.00409
  715    0.01014    0.00019   -0.00422
  716    0.00818    0.00052   -0.00321
  717    0.00798    0.00001   -0.00266
  718    0.00779    0.00014   -0.00203
  719    0.00840   -0.00011   -0.00213
  720    0.00660    0.00057   -0.00231
  721    0.00669    0.00041   -0.00252
  722    0.00744    0.00042   -0.00265
  723    0.00479    0.00086   -0.00198
  724    0.00668    0.00028   -0.00121
  725    0.00641   -0.00007   -0.00036
  726    0.00825   -0.00005   -0.00148
  727    0.00807   -0.00034   -0.00131
  728    0.00564   -0.00073    0.00075
  729    0.00335   -0.00104    0.00196
  730    0.00544   -0.00178    0.00227
  731    0.00212   -0.00176    0.00350
  732    0.00911    0.00013   -0.00277
  733    0.01008    0.00011   -0.00339
  734    0.01054    0.00021   -0.00389
  735    0.01135    0.00076   -0.00452
  736    0.01029    0.00017   -0.00417
  737    0.01033    0.00011   -0.00394
  738    0.01030   -0.00010   -0.00392
  739    0.01043    0.00028   -0.00344
  740    0.01039    0.00006   -0.00376
  741    0.01058   -0.00009   -0.00317
  742    0.01073    0.00019   -0.00394
  743    0.01121    0.00039   -0.00433
  744    0.01074    0.00045   -0.00381
  745    0.01141    0.00068   -0.00432
  746    0.01128    0.00017   -0.00397
  747    0.00974    0.00036   -0.00293
  748    0.00883    0.00019   -0.00220
  749    0.00863   -0.00052   -0.00208
  750    0.00871   -0.00079   -0.00219
  751    0.00650   -0.00034   -0.00034
  752    0.00515   -0.00116    0.00068
  753    0.00664    0.00011   -0.00097
  754    0.00838   -0.00108   -0.00125
  755    0.00887   -0.00111   -0.00147
  756    0.01088   -0.00010   -0.00405
  757    0.01064    0.00102   -0.00409
  758    0.00767   -0.00109   -0.00019
  759    0.01192    0.00093   -0.00497
  760    0.01323    0.00143   -0.00606
  761    0.01346    0.00149   -0.00664
  762    0.01424    0.00198   -0.00761
  763    0.01257    0.00187   -0.00632
  764    0.01211    0.00262   -0.00595
  765    0.01261    0.00373   -0.00643
  766    0.01129    0.00183   -0.00547
  767    0.01266    0.00099   -0.00575
  768    0.01318    0.00099   -0.00627
  769    0.01201   -0.00091   -0.00491
  770    0.01225    0.00012   -0.00476
  771    0.01288    0.00147   -0.00566
  772    0.01301    0.00155   -0.00629
  773    0.01281    0.00149   -0.00686
  774    0.01251    0.00133   -0.00575
  775    0.01146   -0.00169   -0.00461
  776    0.00960   -0.00315   -0.00297
  777    0.01105   -0.00308   -0.00396
  778    0.01030   -0.00281   -0.00376
  779    0.00730   -0.00521   -0.00075
  780    0.00496   -0.00547    0.00056
  781    0.00308   -0.00728    0.00314
  782    0.00193   -0.00916    0.00656
  783    0.00278   -0.00648    0.00341
  784    0.01249   -0.00215   -0.00542
  785    0.01376   -0.00101   -0.00726
  786    0.01414    0.00031   -0.00748
  787    0.01571    0.00093   -0.00875
  788    0.01497   -0.00002   -0.01040
  789    0.01471    0.00057   -0.01000
  790    0.01530    0.00074   -0.01088
  791    0.01423    0.00090   -0.00938
  792    0.01367    0.00119   -0.00615
  793    0.01435    0.00164   -0.00632
  794    0.01355    0.00198   -0.00484
  795    0.01422    0.00284   -0.00493
  796    0.01388    0.00254   -0.00641
  797    0.01348    0.00251   -0.00777
  798    0.01300    0.00190   -0.00717
  799    0.01252    0.00162   -0.00800
  800    0.01281    0.00178   -0.00860
  801    0.01224    0.00096   -0.00370
  802    0.01159    0.00125   -0.00255
  803    0.00996    0.00028   -0.00155
  804    0.00879   -0.00148   -0.00202
  805    0.01042    0.00081   -0.00221
  806    0.01116    0.00135   -0.00276
  807    0.01231    0.00160   -0.00368
  808    0.00985    0.00109   -0.00220
  809    0.00951    0.00099   -0.00095
  810    0.00675   -0.00019    0.00047
  811    0.00322   -0.00043    0.00202
  812    0.00321    0.00026    0.00211
  813   -0.00063   -0.00324    0.00474
  814   -0.00490   -0.00391    0.00750
  815   -0.01060   -0.00441    0.00937
  816   -0.01208   -0.00642    0.01052
  817   -0.00428   -0.00775    0.00969
  818   -0.00193   -0.00599    0.00757
  819   -0.00254   -0.00494    0.00777
  820    0.00060   -0.00553    0.00557
  821   -0.00097   -0.00344    0.00590
  822    0.00206   -0.00502    0.00453
  823    0.00097   -0.00405    0.00475
  824   -0.01389   -0.00202    0.00884
  825   -0.02156   -0.00194    0.01004
  826   -0.02317   -0.00655    0.01280
  827   -0.01932   -0.00943    0.01428
  828   -0.02405    0.00137    0.00947
  829   -0.02323   -0.00019    0.00889
  830   -0.02668    0.00188    0.00801
  831   -0.03166    0.00410    0.00838
  832   -0.02382    0.00051    0.00759
  833   -0.03274   -0.00819    0.01534
  834   -0.03789   -0.01251    0.02150
  835   -0.03761   -0.01057    0.01881
  836   -0.04113   -0.00907    0.01620
  837   -0.05779   -0.01598    0.02843
  838   -0.07122   -0.01786    0.03962
  839   -0.06177   -0.01229    0.02957
  840   -0.10140   -0.03329    0.07045
  841   -0.03049   -0.01096    0.01913
  842   -0.02873   -0.00950    0.01788
  843   -0.02292   -0.00742    0.01486
  844   -0.02343   -0.00637    0.01325
  845   -0.01954   -0.00780    0.01485
  846   -0.01534   -0.00624    0.01240
  847   -0.01401   -0.00712    0.01252
  848   -0.01371   -0.00830    0.01401
  849   -0.01245   -0.00644    0.01180
  850   -0.00956   -0.00532    0.01005
  851   -0.01344   -0.00591    0.01084
  852   -0.01248   -0.00612    0.01084
  853   -0.01025   -0.00609    0.01069
  854   -0.01025   -0.00687    0.01175
  855   -0.01272   -0.00447    0.00933
  856   -0.01270   -0.00470    0.00957
  857   -0.01538   -0.00416    0.00917
  858   -0.00839   -0.00504    0.00940
  859   -0.00635   -0.00490    0.00899
  860   -0.00654   -0.00613    0.01075
  861   -0.00545   -0.00674    0.01118
  862   -0.00400   -0.00321    0.00721
  863   -0.00160   -0.00279    0.00611
  864   -0.00124   -0.00324    0.00630
  865   -0.00028   -0.00086    0.00407
  866   -0.00715   -0.00783    0.01174
  867   -0.00709   -0.00973    0.01355
  868   -0.00804   -0.01100    0.01469
  869   -0.00729   -0.01170    0.01522
  870   -0.00842   -0.01150    0.01410
  871   -0.00859   -0.01461    0.01651
  872   -0.01296   -0.01918    0.01961
  873   -0.01400   -0.01947    0.02003
  874   -0.02103   -0.02435    0.02458
  875   -0.00975   -0.01062    0.01501
  876   -0.01086   -0.01152    0.01570
  877   -0.00842   -0.01104    0.01566
  878   -0.00814   -0.01142    0.01658
  879   -0.01276   -0.01050    0.01581
  880   -0.01346   -0.01186    0.01738
  881   -0.01502   -0.01360    0.01912
  882   -0.01466   -0.01462    0.02015
  883   -0.01787   -0.01424    0.02033
  884   -0.00764   -0.00927    0.01438
  885   -0.00597   -0.00835    0.01402
  886   -0.00427   -0.00916    0.01382
  887   -0.00331   -0.00991    0.01489
  888   -0.00514   -0.00676    0.01224
  889   -0.00347   -0.00629    0.01196
  890   -0.00423   -0.00676    0.01279
  891   -0.00117   -0.00606    0.01071
  892   -0.00275   -0.00678    0.01257
  893    0.00048   -0.00510    0.00992
  894   -0.00032   -0.00583    0.01073
  895   -0.00347   -0.00898    0.01208
  896   -0.00162   -0.00959    0.01147
  897   -0.00259   -0.01124    0.01363
  898   -0.00151   -0.01205    0.01415
  899   -0.00136   -0.00879    0.01010
  900   -0.00065   -0.00672    0.00859
  901    0.00055   -0.00518    0.00623
  902    0.00171   -0.00468    0.00630
  903   -0.00419   -0.01189    0.01450
  904   -0.00512   -0.01366    0.01748
  905   -0.00527   -0.01356    0.01876
  906   -0.00508   -0.01438    0.02004
  907   -0.00701   -0.01397    0.01811
  908   -0.00914   -0.01431    0.02057
  909   -0.00537   -0.01273    0.01843
  910   -0.00542   -0.01335    0.01961
  911   -0.00349   -0.01322    0.01949
  912   -0.00307   -0.01454    0.02095
  913   -0.00614   -0.01349    0.01925
  914   -0.00850   -0.01450    0.02042
  915   -0.01003   -0.01421    0.02049
  916   -0.00908   -0.01271    0.01854
  917   -0.01214   -0.01594    0.02228
  918   -0.00213   -0.01218    0.01772
  919   -0.00040   -0.01177    0.01723
  920    0.00065   -0.01202    0.01649
  921    0.00186   -0.01074    0.01563
  922   -0.00003   -0.00953    0.01509
  923   -0.00025   -0.00841    0.01331
  924   -0.00092   -0.00979    0.01573
  925    0.00048   -0.01302    0.01659
  926    0.00057   -0.01119    0.01570
  927    0.00151   -0.01214    0.01762
  928    0.00221   -0.00722    0.01594
  929    0.00100   -0.01485    0.01728
  930   -0.00010   -0.00763    0.01366
  931   -0.00007   -0.01239    0.01650
  932   -0.00128   -0.01639    0.01999
  933   -0.00322   -0.00379    0.01109
  934    0.00213   -0.01531    0.02020
  935    0.00407   -0.01809    0.02144
  936    0.00593   -0.01879    0.02053
  937    0.00813   -0.02128    0.02108
  938    0.00286   -0.02236    0.02426
  939    0.00472   -0.01631    0.01907
  940    0.00590   -0.01703    0.01874
  941    0.00865   -0.01651    0.01662
  942    0.00906   -0.01452    0.01519
  943    0.00433   -0.01523    0.01854
  944    0.00276   -0.01679    0.02086
  945    0.00131   -0.01518    0.02046
  946    0.00014   -0.01713    0.02438
  947    0.00987   -0.01730    0.01692
  948    0.01170   -0.01676    0.01480
  949    0.01097   -0.01378    0.01237
  950    0.00936   -0.01314    0.01312
  951    0.01380   -0.01978    0.01629
  952    0.01248   -0.01973    0.01720
  953    0.01247   -0.01172    0.00958
  954    0.01195   -0.00809    0.00694
  955    0.01152   -0.00995    0.00844
  956    0.01068   -0.00930    0.00819
  957    0.01288   -0.00630    0.00359
  958    0.01227   -0.00765    0.00276
  959    0.01266   -0.01108    0.00711
  960    0.01252   -0.01258    0.01032
  961    0.01262   -0.01330    0.01167
  962    0.01055   -0.01377    0.01382
  963    0.00980   -0.01350    0.01384
  964    0.01488   -0.01588    0.01296
  965    0.01604   -0.01383    0.01163
  966    0.01623   -0.01065    0.01146
  967    0.01916   -0.00476    0.01470
  968    0.01519   -0.01051    0.01069
  969    0.00948   -0.01476    0.01529
  970    0.00706   -0.01467    0.01726
  971    0.00534   -0.01242    0.01591
  972    0.00370   -0.01237    0.01735
  973    0.00707   -0.01644    0.01938
  974    0.00837   -0.01908    0.02193
  975    0.01016   -0.02016    0.02210
  976    0.00801   -0.02155    0.02431
  977    0.00573   -0.01090    0.01398
  978    0.00451   -0.00926    0.01290
  979    0.00429   -0.00816    0.01193
  980    0.00269   -0.00765    0.01180
  981    0.00537   -0.00796    0.01089
  982    0.00485   -0.00876    0.01207
  983    0.00636   -0.00805    0.01013
  984    0.00605   -0.00913    0.01189
  985    0.00798   -0.00798    0.00991
  986    0.00973   -0.00673    0.00698
  987    0.00744   -0.00724    0.01153
  988    0.00608   -0.00850    0.01097
  989    0.00652   -0.00823    0.01009
  990    0.00508   -0.00904    0.01254
  991    0.00396   -0.00812    0.01214
  992    0.00905   -0.00815    0.00900
  993    0.00513   -0.01072    0.01460
  994    0.00433   -0.01236    0.01752
  995    0.00171   -0.01161    0.01805
  996    0.00073   -0.01163    0.01909
  997    0.00621   -0.01548    0.02091
  998    0.00936   -0.01819    0.02184
  999    0.01106   -0.02131    0.02614
 1000    0.01529   -0.02623    0.03134
 1001    0.01891   -0.02968    0.02942
 1002    0.00051   -0.01093    0.01768
 1003   -0.00210   -0.01022    0.01798
 1004   -0.00295   -0.00843    0.01573
 1005   -0.00505   -0.00830    0.01615
 1006   -0.00247   -0.01012    0.01761
 1007   -0.00151   -0.01227    0.01979
 1008   -0.00132   -0.00743    0.01356
 1009   -0.00166   -0.00610    0.01154
 1010   -0.00219   -0.00600    0.01158
 1011   -0.00406   -0.00485    0.01088
 1012    0.00080   -0.00486    0.00907
 1013    0.00053   -0.00348    0.00699
 1014   -0.00079   -0.00287    0.00659
 1015    0.00142   -0.00288    0.00569
 1016   -0.00115   -0.00217    0.00494
 1017    0.00094   -0.00174    0.00389
 1018   -0.00024   -0.00121    0.00342
 1019   -0.00078   -0.00695    0.01205
 1020   -0.00097   -0.00690    0.01215
 1021   -0.00339   -0.00718    0.01339
 1022   -0.00485   -0.00637    0.01230
 1023    0.00127   -0.00844    0.01314
 1024    0.00391   -0.00791    0.01151
 1025    0.00644   -0.00996    0.01292
 1026    0.00802   -0.01072    0.01327
 1027    0.00632   -0.01104    0.01400
 1028   -0.00421   -0.00838    0.01597
 1029   -0.00657   -0.00908    0.01787
 1030   -0.00893   -0.00859    0.01650
 1031   -0.01129   -0.00950    0.01845
 1032   -0.00624   -0.01144    0.02187
 1033   -0.00271   -0.01322    0.02414
 1034   -0.00038   -0.01478    0.03095
 1035    0.00437   -0.01740    0.03267
 1036    0.00555   -0.02017    0.03887
 1037   -0.00848   -0.00693    0.01426
 1038   -0.01033   -0.00584    0.01342
 1039   -0.01110   -0.00430    0.01100
 1040   -0.00945   -0.00305    0.00921
 1041   -0.00907   -0.00579    0.01264
 1042   -0.01047   -0.00548    0.01239
 1043   -0.01124   -0.00478    0.01102
 1044   -0.01053   -0.00681    0.01348
 1045   -0.01332   -0.00449    0.01111
 1046   -0.01401   -0.00303    0.00897
 1047   -0.01480   -0.00224    0.00822
 1048   -0.01402   -0.00068    0.00641
 1049   -0.01648   -0.00363    0.00990
 1050   -0.01729   -0.00551    0.01201
 1051   -0.01431   -0.00566    0.01199
 1052   -0.01193   -0.00509    0.01108
 1053   -0.01572   -0.00591    0.01286
 1054   -0.01608   -0.00325    0.00969
 1055   -0.01669   -0.00283    0.00881
 1056   -0.01402   -0.00119    0.00691
 1057   -0.01381    0.00004    0.00518
 1058   -0.01753   -0.00422    0.01006
 1059   -0.01198   -0.00150    0.00734
 1060   -0.00974   -0.00054    0.00576
 1061   -0.00917    0.00031    0.00420
 1062   -0.00859    0.00150    0.00266
 1063   -0.00822   -0.00136    0.00699
 1064   -0.00817   -0.00242    0.00793
 1065   -0.00558   -0.00088    0.00514
 1066   -0.00657   -0.00357    0.00876
 1067   -0.00969    0.00021    0.00482
 1068   -0.00902    0.00124    0.00307
 1069   -0.01037    0.00263    0.00149
 1070   -0.00968    0.00347   -0.00033
 1071   -0.00875    0.00046    0.00357
 1072   -0.00681   -0.00095    0.00456
 1073   -0.00673   -0.00211    0.00560
 1074   -0.00664   -0.00078    0.00508
 1075   -0.00620   -0.00328    0.00804
 1076   -0.01235    0.00223    0.00191
 1077   -0.01373    0.00248    0.00011
 1078   -0.01305    0.00283   -0.00010
 1079   -0.01328    0.00379   -0.00137
 1080   -0.01622    0.00170    0.00122
 1081   -0.01211    0.00207    0.00086
 1082   -0.01122    0.00264    0.00045
 1083   -0.00960    0.00358   -0.00045
 1084   -0.00860    0.00358   -0.00073
 1085   -0.01050    0.00164    0.00172
 1086   -0.00864    0.00390   -0.00042
 1087   -0.00694    0.00465   -0.00132
 1088   -0.00786    0.00559   -0.00192
 1089   -0.00698    0.00594   -0.00235
 1090   -0.00585    0.00417   -0.00105
 1091   -0.00424    0.00515   -0.00154
 1092   -0.00183    0.00471   -0.00205
 1093   -0.00442    0.00600   -0.00195
 1094   -0.00085    0.00535   -0.00236
 1095   -0.00234    0.00629   -0.00227
 1096   -0.00941    0.00545   -0.00216
 1097   -0.01024    0.00664   -0.00296
 1098   -0.01115    0.00716   -0.00342
 1099   -0.01137    0.00875   -0.00362
 1100   -0.01134    0.00705   -0.00317
 1101   -0.01014    0.00712   -0.00285
 1102   -0.01088    0.00753   -0.00277
 1103   -0.00850    0.00730   -0.00271
 1104   -0.01158    0.00620   -0.00323
 1105   -0.01183    0.00619   -0.00310
 1106   -0.00992    0.00657   -0.00262
 1107   -0.01000    0.00718   -0.00255
 1108   -0.01306    0.00492   -0.00236
 1109   -0.00839    0.00650   -0.00213
 1110   -0.00640    0.00694   -0.00160
 1111   -0.00603    0.00816   -0.00154
 1112   -0.00483    0.00853   -0.00043
 1113   -0.00485    0.00565   -0.00125
 1114   -0.00290    0.00570   -0.00073
 1115   -0.00540    0.00475   -0.00114
 1116   -0.00708    0.00797   -0.00209
 1117   -0.00712    0.00877   -0.00200
 1118   -0.00852    0.01060   -0.00131
 1119   -0.00860    0.01009   -0.00053
 1120   -0.00769    0.00862   -0.00257
 1121   -0.00978    0.01172   -0.00151
 1122   -0.01225    0.01377   -0.00113
 1123   -0.00906    0.01216    0.00308
 1124   -0.00880    0.01124    0.01019
 1125   -0.01640    0.01672   -0.00305
 1126   -0.01617    0.01572   -0.00412
 1127   -0.01320    0.01187   -0.00333
 1128   -0.01215    0.01051   -0.00308
 1129   -0.01383    0.01142   -0.00448
 1130   -0.00751    0.01069    0.00282
 1131   -0.00494    0.01065    0.00629
 1132   -0.00283    0.01158    0.01018
 1133    0.00032    0.01303    0.01491
 1134   -0.00566    0.00888    0.00305
 1135   -0.00574    0.00893    0.00349
 1136   -0.00393    0.00964    0.00462
 1137   -0.00300    0.00919    0.00406
 1138   -0.00263    0.01024    0.00635
 1139   -0.00320    0.01250    0.00766
 1140   -0.00222    0.01328    0.00883
 1141   -0.00397    0.01669    0.01726
 1142   -0.00255    0.02057    0.02238
 1143   -0.00616    0.01624    0.01753
 1144   -0.01192    0.01998    0.02898
 1145   -0.01937    0.00931    0.03726
 1146   -0.01161    0.00745    0.01955
 1147   -0.00921    0.02073    0.02259
 1148   -0.00558    0.01327    0.01099
 1149   -0.00599    0.00737    0.01088
 1150   -0.00663    0.00139    0.01347
 1151   -0.00543    0.00689    0.00508
 1152   -0.03671    0.01382    0.06027
 1153   -0.04352   -0.00182    0.06134
 1154   -0.01030   -0.00667    0.03078
 1155   -0.02322    0.01272    0.04184
 1156   -0.17968    0.03157    0.21668
 1157    0.01471   -0.02405    0.01431
 1158    0.01484   -0.02751    0.00632
 1159    0.03045   -0.05048   -0.00078
 1160    0.05786   -0.05745    0.00531
 1161    0.00391   -0.02311    0.00686
 1162   -0.00927   -0.00785    0.00870
 1163   -0.01354   -0.00551    0.00290
 1164   -0.00919    0.00617   -0.00043
 1165   -0.00656    0.00554   -0.00142
 1166   -0.00737    0.00021   -0.00108
 1167   -0.00100    0.01187   -0.00259
 1168    0.01490   -0.05427   -0.00605
 1169    0.02314   -0.08836   -0.01496
 1170    0.01640   -0.07426   -0.00412
 1171    0.01832   -0.07423   -0.00270
 1172    0.01010   -0.11255   -0.03623
 1173    0.00454   -0.04967    0.00140
 1174   -0.00167   -0.02901    0.01027
 1175    0.01209   -0.02520    0.01477
 1176    0.00154   -0.01587    0.01770
 1177   -0.00518   -0.01525    0.00988
 1178   -0.00528   -0.00231    0.01246
 1179   -0.00953    0.00030    0.01907
 1180   -0.00431    0.00265    0.00965
 1181    0.02665   -0.02948    0.01691
 1182    0.03249   -0.01414    0.01140
 1183    0.01202    0.00677   -0.00217
 1184    0.01074    0.01375   -0.01229
 1185    0.06915   -0.04662    0.01965
 1186   -0.00015    0.01075    0.00141
 1187   -0.01747    0.03043   -0.00543
 1188   -0.01790    0.02547    0.00306
 1189   -0.01388    0.02631   -0.00564
 1190   -0.03482    0.04541    0.00435
 1191   -0.06086    0.07694   -0.00386
 1192   -0.06058    0.07015    0.00642
 1193   -0.07248    0.07308    0.03316
 1194   -0.06365    0.05375    0.02533
 1195   -0.02332    0.02114    0.01894
 1196   -0.02319    0.02001    0.02504
 1197   -0.01562    0.01654    0.01395
 1198   -0.01204    0.01359    0.01243
 1199   -0.02178    0.01330    0.04258
 1200   -0.01972    0.01637    0.03325
 1201   -0.03331    0.01196    0.05930
 1202   -0.01689    0.01861    0.00614
 1203   -0.01261    0.01455   -0.00006
 1204   -0.00887    0.01281    0.00071
 1205   -0.00877    0.01403    0.00185
 1206   -0.01562    0.01365   -0.00256
 1207   -0.01500    0.01567   -0.00729
 1208   -0.00882    0.01461   -0.00794
 1209   -0.01858    0.02134   -0.00737
 1210   -0.00496    0.01048   -0.00102
 1211   -0.00132    0.00954   -0.00224
 1212    0.00159    0.00700   -0.00492
 1213    0.00057    0.00647   -0.00569
 1214    0.00208    0.00917   -0.00292
 1215   -0.00032    0.01205    0.00024
 1216    0.00050    0.01392   -0.00047
 1217   -0.00378    0.01335    0.00262
 1218   -0.00152    0.01719    0.00269
 1219   -0.00593    0.01381    0.01000
 1220   -0.00421    0.01634    0.00650
 1221    0.00337    0.00487   -0.00547
 1222    0.00335    0.00351   -0.00648
 1223    0.00571    0.00224   -0.00686
 1224    0.00664    0.00250   -0.00659
 1225    0.00387    0.00229   -0.00622
 1226    0.00529    0.00143   -0.00702
 1227    0.00593    0.00198   -0.00683
 1228    0.00623    0.00091   -0.00724
 1229    0.00726    0.00105   -0.00663
 1230    0.00757    0.00048   -0.00685
 1231    0.00679    0.00225   -0.00732
 1232    0.00798    0.00143   -0.00705
 1233    0.00869    0.00086   -0.00700
 1234    0.00830    0.00064   -0.00689
 1235    0.00756    0.00173   -0.00650
 1236    0.00744    0.00162   -0.00640
 1237    0.00642    0.00321   -0.00551
 1238    0.00858    0.00036   -0.00657
 1239    0.00598    0.00351   -0.00514
 1240    0.00852    0.00029   -0.00579
 1241    0.00736    0.00150   -0.00560
 1242    0.00918    0.00019   -0.00696
 1243    0.00937   -0.00013   -0.00670
 1244    0.00999   -0.00054   -0.00628
 1245    0.01015   -0.00089   -0.00603
 1246    0.00921   -0.00013   -0.00655
 1247    0.00909    0.00031   -0.00605
 1248    0.00875    0.00009   -0.00683
 1249    0.00823    0.00019   -0.00534
 1250    0.01005   -0.00064   -0.00625
 1251    0.01010   -0.00103   -0.00591
 1252    0.00957   -0.00104   -0.00559
 1253    0.00930   -0.00070   -0.00588
 1254    0.01057   -0.00049   -0.00568
 1255    0.01090   -0.00054   -0.00550
 1256    0.01109   -0.00056   -0.00528
 1257    0.01119   -0.00007   -0.00550
 1258    0.00914   -0.00156   -0.00520
 1259    0.00796   -0.00106   -0.00467
 1260    0.00856   -0.00088   -0.00507
 1261    0.00905   -0.00124   -0.00473
 1262    0.00669   -0.00142   -0.00351
 1263    0.00620   -0.00120   -0.00319
 1264    0.00704   -0.00192   -0.00355
 1265    0.00477   -0.00046   -0.00259
 1266    0.00733   -0.00103   -0.00353
 1267    0.00458   -0.00035   -0.00222
 1268    0.00577   -0.00052   -0.00279
 1269    0.00827   -0.00022   -0.00556
 1270    0.00917    0.00033   -0.00612
 1271    0.00793    0.00104   -0.00660
 1272    0.00671    0.00178   -0.00691
 1273    0.01053    0.00078   -0.00642
 1274    0.01153    0.00116   -0.00676
 1275    0.01198    0.00096   -0.00631
 1276    0.01149    0.00174   -0.00758
 1277    0.00816    0.00138   -0.00692
 1278    0.00689    0.00267   -0.00766
 1279    0.00867    0.00390   -0.00906
 1280    0.01122    0.00363   -0.00910
 1281    0.00658    0.00225   -0.00744
 1282    0.00434    0.00346   -0.00794
 1283    0.00443    0.00501   -0.00938
 1284    0.00230    0.00221   -0.00696
 1285    0.00791    0.00502   -0.01012
 1286    0.00862    0.00636   -0.01215
 1287    0.00664    0.00804   -0.01474
 1288    0.00414    0.00848   -0.01443
 1289    0.00873    0.00620   -0.01242
 1290    0.00992    0.00789   -0.01494
 1291    0.01014    0.00479   -0.01027
 1292    0.00796    0.00857   -0.01596
 1293    0.00704    0.01136   -0.01967
 1294    0.00371    0.01088   -0.01692
 1295    0.00125    0.01312   -0.01822
 1296    0.00612    0.01255   -0.02235
 1297    0.00746    0.01615   -0.02838
 1298    0.00967    0.01895   -0.03197
 1299    0.00725    0.01754   -0.03076
 1300    0.00383    0.00956   -0.01444
 1301    0.00100    0.00852   -0.01269
 1302   -0.00110    0.00798   -0.01085
 1303   -0.00359    0.00759   -0.00983
 1304   -0.00026    0.00796   -0.01070
 1305   -0.00190    0.00733   -0.00951
 1306   -0.00031    0.00550   -0.00826
 1307    0.00224    0.00497   -0.00885
 1308   -0.00275    0.00898   -0.01104
 1309   -0.00562    0.01090   -0.01179
 1310   -0.00867    0.01120   -0.01086
 1311   -0.00584    0.01275   -0.01365
 1312   -0.01068    0.01334   -0.01217
 1313   -0.00897    0.01454   -0.01380
 1314   -0.00209    0.00458   -0.00624
 1315   -0.00062    0.00297   -0.00539
 1316    0.00018    0.00309   -0.00632
 1317   -0.00134    0.00386   -0.00664
 1318   -0.00266    0.00146   -0.00312
 1319   -0.00166    0.00043   -0.00195
 1320    0.00052   -0.00022   -0.00218
 1321   -0.00317   -0.00020    0.00050
 1322    0.00263    0.00267   -0.00662
 1323    0.00397    0.00254   -0.00758
 1324    0.00499    0.00112   -0.00673
 1325    0.00628    0.00053   -0.00632
 1326    0.00524    0.00313   -0.00898
 1327    0.00348    0.00534   -0.01030
 1328    0.00179    0.00617   -0.01108
 1329    0.00298    0.00674   -0.01109
 1330   -0.00003    0.00884   -0.01274
 1331    0.00144    0.00845   -0.01284
 1332    0.00001    0.00962   -0.01361
 1333   -0.00168    0.01186   -0.01564
 1334    0.00444    0.00104   -0.00663
 1335    0.00548   -0.00022   -0.00633
 1336    0.00712    0.00008   -0.00705
 1337    0.00676    0.00053   -0.00752
 1338    0.00409   -0.00017   -0.00559
 1339    0.00537   -0.00047   -0.00560
 1340    0.00448   -0.00069   -0.00514
 1341    0.00503   -0.00038   -0.00570
 1342    0.00329   -0.00021   -0.00410
 1343    0.00862   -0.00030   -0.00678
 1344    0.00955   -0.00016   -0.00678
 1345    0.00986   -0.00050   -0.00663
 1346    0.00992   -0.00047   -0.00654
 1347    0.01018    0.00023   -0.00650
 1348    0.00997    0.00073   -0.00680
 1349    0.01058    0.00075   -0.00624
 1350    0.00965    0.00131   -0.00754
 1351    0.01000   -0.00048   -0.00661
 1352    0.01002   -0.00064   -0.00670
 1353    0.01083   -0.00061   -0.00627
 1354    0.01150   -0.00053   -0.00624
 1355    0.00920   -0.00087   -0.00701
 1356    0.00898   -0.00061   -0.00722
 1357    0.00815   -0.00048   -0.00736
 1358    0.00954   -0.00037   -0.00695
 1359    0.01073   -0.00037   -0.00559
 1360    0.01137   -0.00061   -0.00483
 1361    0.01229   -0.00122   -0.00455
 1362    0.01280   -0.00163   -0.00357
 1363    0.01144   -0.00095   -0.00532
 1364    0.01116   -0.00091   -0.00572
 1365    0.01128   -0.00067   -0.00577
 1366    0.01121   -0.00018   -0.00522
 1367    0.00998   -0.00045   -0.00573
 1368    0.00927    0.00011   -0.00517
 1369    0.00692    0.00131   -0.00550
 1370    0.00660    0.00140   -0.00433
 1371    0.00456    0.00218   -0.00362
 1372    0.00442    0.00157   -0.00452
 1373    0.00296    0.00229   -0.00308
 1374    0.01143   -0.00057   -0.00696
 1375    0.01105   -0.00025   -0.00750
 1376    0.01247   -0.00008   -0.00648
 1377    0.01405   -0.00086   -0.00515
 1378    0.00997   -0.00020   -0.00822
 1379    0.00811   -0.00045   -0.00856
 1380    0.00579   -0.00018   -0.00902
 1381    0.00448    0.00078   -0.00975
 1382    0.01240    0.00121   -0.00664
 1383    0.01500    0.00041   -0.00387
 1384    0.01370   -0.00027   -0.00433
 1385    0.01268   -0.00021   -0.00322
 1386    0.01360    0.00446   -0.00493
 1387    0.00889    0.00676   -0.00791
 1388    0.00971    0.00419   -0.00763
 1389    0.01186    0.00177   -0.00693
 1390    0.01056    0.00264   -0.00771
 1391    0.00850    0.00246   -0.00850
 1392    0.00779    0.00221   -0.00901
 1393    0.00760    0.00894   -0.01134
 1394    0.00574    0.01272   -0.01231
 1395    0.00360    0.01073   -0.01268
 1396    0.00497    0.01540   -0.01019
 1397    0.00090    0.01224   -0.01242
 1398    0.00188    0.01977   -0.01083
 1399    0.00032    0.01702   -0.01138
 1400    0.00752    0.00297   -0.00887
 1401    0.00620    0.00308   -0.00920
 1402    0.00314    0.00518   -0.01041
 1403    0.00103    0.00735   -0.01180
 1404    0.00562    0.00408   -0.01027
 1405    0.00665    0.00402   -0.01034
 1406    0.00715    0.00404   -0.00962
 1407    0.00272    0.00314   -0.00927
 1408   -0.00059    0.00267   -0.00844
 1409   -0.00191    0.00371   -0.00809
 1410   -0.00018    0.00296   -0.00788
 1411   -0.00014    0.00156   -0.00726
 1412   -0.00323    0.00104   -0.00597
 1413    0.00182    0.00042   -0.00791
 1414   -0.00478    0.00574   -0.00849
 1415   -0.00624    0.00645   -0.00823
 1416   -0.00786    0.00639   -0.00693
 1417   -0.01172    0.00761   -0.00608
 1418   -0.00819    0.00907   -0.00917
 1419   -0.00774    0.01070   -0.01005
 1420   -0.00627    0.00883   -0.00946
 1421   -0.01035    0.01334   -0.00985
 1422   -0.00659    0.00478   -0.00592
 1423   -0.00675    0.00344   -0.00421
 1424   -0.00948    0.00444   -0.00415
 1425   -0.00943    0.00334   -0.00314
 1426   -0.00452    0.00197   -0.00232
 1427   -0.00347    0.00163   -0.00264
 1428   -0.00382    0.00187   -0.00134
 1429   -0.00130    0.00038   -0.00343
 1430   -0.00231    0.00138   -0.00206
 1431   -0.00028    0.00021   -0.00315
 1432   -0.01223    0.00638   -0.00542
 1433   -0.01302    0.00724   -0.00591
 1434   -0.01164    0.00670   -0.00623
 1435   -0.00852    0.00653   -0.00634
 1436   -0.01341    0.00738   -0.00621
 1437   -0.01143    0.00692   -0.00679
 1438   -0.01021    0.00445   -0.00515
 1439   -0.01170    0.00309   -0.00373
 1440   -0.01474    0.00846   -0.00755
 1441   -0.00728    0.00413   -0.00582
 1442   -0.00584    0.00196   -0.00497
 1443   -0.00359    0.00222   -0.00588
 1444   -0.00215    0.00362   -0.00741
 1445   -0.00531    0.00102   -0.00433
 1446   -0.00484   -0.00036   -0.00305
 1447   -0.00456    0.00114   -0.00536
 1448   -0.00177    0.00120   -0.00580
 1449   -0.00003   -0.00012   -0.00569
 1450   -0.00113   -0.00120   -0.00448
 1451   -0.00285    0.00065   -0.00514
 1452   -0.00044    0.00039   -0.00565
 1453    0.00319    0.00073   -0.00651
 1454    0.00530   -0.00004   -0.00645
 1455    0.00425   -0.00195   -0.00502
 1456    0.00497   -0.00249   -0.00455
 1457    0.00695    0.00057   -0.00779
 1458    0.00799    0.00204   -0.00968
 1459    0.00953    0.00193   -0.00930
 1460    0.00933    0.00117   -0.00830
 1461    0.01080    0.00206   -0.01024
 1462    0.00321   -0.00275   -0.00397
 1463    0.00411   -0.00320   -0.00234
 1464    0.00241   -0.00535   -0.00047
 1465    0.00091   -0.00709    0.00112
 1466    0.00380   -0.00395   -0.00226
 1467    0.00748   -0.00276   -0.00358
 1468    0.00804   -0.00295   -0.00449
 1469    0.00878   -0.00344   -0.00362
 1470   -0.00090   -0.00506   -0.00052
 1471   -0.00405   -0.00702    0.00203
 1472   -0.00390   -0.00567    0.00094
 1473   -0.00676   -0.00612    0.00344
 1474   -0.00861   -0.00520    0.00169
 1475   -0.00804   -0.00263   -0.00104
 1476   -0.00944   -0.00535    0.00132
 1477   -0.00034   -0.00456   -0.00098
 1478    0.00055   -0.00394   -0.00141
 1479   -0.00154   -0.00565    0.00136
 1480   -0.00174   -0.00501    0.00161
 1481    0.00338   -0.00315   -0.00294
 1482    0.00465   -0.00232   -0.00374
 1483    0.00338   -0.00088   -0.00393
 1484    0.00676   -0.00147   -0.00492
 1485   -0.00268   -0.00750    0.00269
 1486   -0.00486   -0.00929    0.00462
 1487   -0.00959   -0.01080    0.00681
 1488   -0.00780   -0.01079    0.00611
 1489   -0.00911   -0.01078    0.00416
 1490   -0.00644   -0.00789    0.00245
 1491   -0.00864   -0.00900    0.00180
 1492   -0.00354   -0.01026    0.00077
 1493   -0.01393   -0.01258    0.01060
 1494   -0.01713   -0.01496    0.01301
 1495   -0.01482   -0.00873    0.01304
 1496   -0.01557   -0.00870    0.01434
 1497   -0.02303   -0.01871    0.01676
 1498   -0.02763   -0.01966    0.02047
 1499   -0.03471   -0.02420    0.02799
 1500   -0.03671   -0.03169    0.02587
 1501   -0.04546   -0.04500    0.05533
 1502   -0.01119   -0.00573    0.00954
 1503   -0.00856   -0.00336    0.00725
 1504   -0.00557   -0.00320    0.00604
 1505   -0.00505   -0.00199    0.00677
 1506   -0.00691   -0.00270    0.00383
 1507   -0.00953   -0.00168    0.00442
 1508   -0.00953   -0.00046    0.00208
 1509   -0.01265   -0.00258    0.00717
 1510   -0.00337   -0.00447    0.00440
 1511   -0.00013   -0.00405    0.00253
 1512   -0.00065   -0.00492    0.00315
 1513    0.00145   -0.00346    0.00224
 1514    0.00195   -0.00380    0.00071
 1515   -0.00409   -0.00764    0.00509
 1516   -0.00411   -0.00909    0.00426
 1517   -0.00435   -0.00714    0.00645
 1518   -0.00153   -0.00617    0.00534
 1519   -0.00737   -0.01421    0.00471
 1520   -0.00688   -0.00654    0.00933
 1521   -0.00622   -0.00368    0.01133
 1522   -0.00110   -0.00011    0.00927
 1523    0.00205    0.00199    0.01044
 1524   -0.00896   -0.00228    0.01511
 1525   -0.01028    0.00014    0.01897
 1526   -0.01327    0.00096    0.02013
 1527   -0.02166    0.00515    0.02606
 1528   -0.02921    0.00316    0.03291
 1529   -0.00018    0.00016    0.00715
 1530    0.00209    0.00203    0.00532
 1531    0.00477    0.00134    0.00295
 1532    0.00723    0.00308    0.00203
 1533    0.00152    0.00147    0.00388
 1534    0.00246    0.00166    0.00158
 1535   -0.00087    0.00152    0.00542
 1536    0.00429   -0.00065    0.00170
 1537    0.00645   -0.00045   -0.00095
 1538    0.00759    0.00114   -0.00141
 1539    0.00923    0.00280   -0.00324
 1540    0.00591   -0.00329   -0.00176
 1541    0.00696   -0.00322   -0.00242
 1542    0.00592    0.00082    0.00082
 1543    0.00683    0.00286    0.00084
 1544    0.01083    0.00668    0.00079
 1545    0.01283    0.00929   -0.00065
 1546    0.00203   -0.00142    0.00495
 1547   -0.00203   -0.00760    0.00490
 1548   -0.00672   -0.01093    0.00773
 1549   -0.00859   -0.00943    0.01201
 1550   -0.01367   -0.01362    0.01390
 1551   -0.01579   -0.01806    0.01258
 1552   -0.01608   -0.01131    0.01898
 1553    0.01081    0.00562    0.00203
 1554    0.01383    0.00757    0.00166
 1555    0.01344    0.00902   -0.00083
 1556    0.01423    0.01024   -0.00119
 1557    0.01257    0.00702    0.00333
 1558    0.01103    0.00671    0.00702
 1559    0.00951    0.00567    0.00800
 1560    0.00804    0.00457    0.00435
 1561    0.00801    0.00636    0.01049
 1562    0.01184    0.00692   -0.00165
 1563    0.01057    0.00730   -0.00264
 1564    0.01197    0.00944   -0.00328
 1565    0.01127    0.01069   -0.00309
 1566    0.00958    0.00579   -0.00337
 1567    0.00844    0.00430   -0.00316
 1568    0.00825    0.00341   -0.00253
 1569    0.00774    0.00395   -0.00365
 1570    0.00688    0.00225   -0.00282
 1571    0.00711    0.00272   -0.00412
 1572    0.00662    0.00186   -0.00399
 1573    0.01268    0.00960   -0.00399
 1574    0.01447    0.01302   -0.00359
 1575    0.01584    0.01629   -0.00366
 1576    0.01523    0.01827   -0.00340
 1577    0.01370    0.01334   -0.00367
 1578    0.01235    0.00886   -0.00498
 1579    0.01637    0.01977   -0.00301
 1580    0.01685    0.01538   -0.00344
 1581    0.01980    0.01660   -0.00310
 1582    0.01873    0.01632   -0.00308
 1583    0.02010    0.01742   -0.00277
 1584    0.02080    0.01533   -0.00186
 1585    0.02122    0.01627   -0.00157
 1586    0.02111    0.01376    0.00145
 1587    0.02487    0.01425    0.00383
 1588    0.01554    0.01074    0.00364
 1589    0.01494    0.01435   -0.00247
 1590    0.01260    0.01343   -0.00255
 1591    0.01106    0.01467   -0.00200
 1592    0.00985    0.01419   -0.00180
 1593    0.01118    0.01042   -0.00251
 1594    0.01297    0.00930   -0.00219
 1595    0.00963    0.00659   -0.00319
 1596    0.00815    0.00506   -0.00304
 1597    0.00853    0.00445   -0.00235
 1598    0.01027    0.00425   -0.00099
 1599    0.00767    0.00363   -0.00264
 1600    0.01140    0.01524   -0.00171
 1601    0.00917    0.01703   -0.00037
 1602    0.01150    0.02017   -0.00044
 1603    0.01275    0.02075   -0.00093
 1604    0.00718    0.01614   -0.00005
 1605    0.00552    0.01342   -0.00067
 1606    0.00385    0.01287   -0.00013
 1607    0.00388    0.01070   -0.00096
 1608    0.00239    0.01474    0.00133
 1609    0.01315    0.02202    0.00007
 1610    0.01683    0.02518   -0.00221
 1611    0.01664    0.02978    0.00262
 1612    0.01927    0.03340    0.00141
 1613    0.01928    0.02578   -0.00183
 1614    0.01262    0.03093    0.00628
 1615    0.01182    0.03902    0.01532
 1616    0.01065    0.03743    0.01515
 1617    0.01394    0.04996    0.02880
 1618    0.00886    0.03077    0.00913
 1619    0.00710    0.03026    0.00973
 1620    0.01127    0.03043    0.00913
 1621    0.01633    0.02904    0.00735
 1622    0.00530    0.02559    0.00698
 1623    0.00360    0.02479    0.00731
 1624    0.00073    0.02924    0.01265
 1625    0.00005    0.03369    0.01602
 1626   -0.00195    0.02827    0.01421
 1627    0.01028    0.03385    0.01313
 1628    0.01528    0.03451    0.01349
 1629    0.01333    0.02991    0.01031
 1630    0.01761    0.02839    0.00998
 1631    0.02255    0.05857    0.03060
 1632    0.04949    0.11282    0.05013
 1633    0.03204    0.07465    0.04292
 1634    0.00814    0.02973    0.00950
 1635    0.00657    0.02725    0.00633
 1636    0.00733    0.02002    0.00257
 1637    0.00561    0.01791    0.00099
 1638    0.00192    0.02815    0.00743
 1639    0.01074    0.01651    0.00243
 1640    0.01185    0.01079   -0.00033
 1641    0.01250    0.00708   -0.00148
 1642    0.01080    0.00065   -0.00217
 1643    0.01418    0.00904   -0.00051
 1644    0.01298    0.01095   -0.00164
 1645    0.01339    0.01454   -0.00007
 1646    0.01192    0.00873   -0.00296
 1647    0.01208    0.01533   -0.00089
 1648    0.00990    0.01011   -0.00291
 1649    0.01048    0.01262   -0.00245
 1650    0.01085    0.00301   -0.00276
 1651    0.01117   -0.00419   -0.00584
 1652    0.01166   -0.00528   -0.00578
 1653    0.01065   -0.00095   -0.00465
 1654    0.00906    0.00133   -0.00485
 1655    0.00805    0.00190   -0.00420
 1656    0.01251   -0.01006   -0.00553
 1657    0.01272   -0.00922   -0.00447
 1658    0.01327   -0.00913   -0.00468
 1659    0.01264   -0.01106   -0.00455
 1660    0.01159   -0.00896   -0.00305
 1661    0.01236   -0.00630   -0.00441
 1662    0.01236   -0.00641   -0.00440
 1663    0.01161   -0.00586   -0.00423
 1664    0.01136   -0.00530   -0.00426
 1665    0.01333   -0.00574   -0.00464
 1666    0.01313   -0.00570   -0.00468
 1667    0.01304   -0.00491   -0.00488
 1668    0.01084   -0.00642   -0.00420
 1669    0.01024   -0.00590   -0.00395
 1670    0.01166   -0.00429   -0.00415
 1671    0.01223   -0.00488   -0.00405
 1672    0.00816   -0.00817   -0.00368
 1673    0.01186   -0.00330   -0.00410
 1674    0.01238   -0.00218   -0.00391
 1675    0.01200   -0.00193   -0.00408
 1676    0.01103   -0.00146   -0.00427
 1677    0.01214   -0.00120   -0.00371
 1678    0.01222   -0.00016   -0.00346
 1679    0.01213   -0.00058   -0.00261
 1680    0.01220    0.00013   -0.00373
 1681    0.01269   -0.00198   -0.00399
 1682    0.01202   -0.00146   -0.00391
 1683    0.01316   -0.00045   -0.00356
 1684    0.01393   -0.00025   -0.00290
 1685    0.01038   -0.00290   -0.00383
 1686    0.01090   -0.00558   -0.00332
 1687    0.01309    0.00091   -0.00394
 1688    0.01451    0.00205   -0.00343
 1689    0.01473    0.00117   -0.00248
 1690    0.01292    0.00010   -0.00239
 1691    0.01409    0.00384   -0.00411
 1692    0.01529    0.00554   -0.00427
 1693    0.01443    0.00732   -0.00529
 1694    0.01631    0.00865   -0.00557
 1695    0.01857    0.01045   -0.00914
 1696    0.01694    0.00210   -0.00140
 1697    0.01740    0.00059   -0.00048
 1698    0.02013    0.00301    0.00038
 1699    0.01994    0.00223    0.00088
 1700    0.01690   -0.00036   -0.00070
 1701    0.02358    0.00434    0.00017
 1702    0.02968    0.00904    0.00186
 1703    0.00457   -0.03167   -0.01317
 1704   -0.07038   -0.09991   -0.03172
 1705    0.01261    0.00528   -0.00030
