    1   -0.02215   -0.02598    0.02280
    2   -0.03096   -0.00662    0.00105
    3   -0.01706   -0.00719    0.00118
    4   -0.00488   -0.01475    0.00828
    5   -0.05856   -0.00763    0.00034
    6   -0.07536    0.01694   -0.03071
    7   -0.19936    0.02194   -0.09076
    8   -0.11635    0.03374   -0.05036
    9   -0.01542    0.00140   -0.00465
   10   -0.00943    0.00107   -0.00370
   11   -0.01102    0.00234   -0.00396
   12   -0.01610    0.00610   -0.00499
   13   -0.00630    0.00839   -0.00657
   14   -0.00939    0.02407   -0.01348
   15    0.00057    0.03338   -0.01456
   16    0.00759    0.03805   -0.01763
   17    0.00225    0.02570   -0.01073
   18   -0.00814   -0.00023   -0.00345
   19   -0.00863    0.00088   -0.00403
   20   -0.00832    0.00662   -0.00452
   21   -0.01037    0.01146   -0.00552
   22   -0.00676   -0.00244   -0.00467
   23   -0.00553   -0.00655   -0.00407
   24   -0.00349   -0.00389   -0.00293
   25   -0.00728   -0.00923   -0.00460
   26   -0.00929    0.00704   -0.00483
   27   -0.00877    0.00866   -0.00663
   28   -0.00661    0.00784   -0.00657
   29   -0.00564    0.00570   -0.00596
   30   -0.01115    0.00974   -0.00620
   31   -0.01617    0.01239   -0.00559
   32   -0.01793    0.01322   -0.00531
   33   -0.02491    0.01526   -0.00484
   34   -0.03847    0.02343   -0.00600
   35   -0.00799    0.00905   -0.00632
   36   -0.00665    0.00688   -0.00584
   37   -0.00776    0.00825   -0.00763
   38   -0.01000    0.00908   -0.00712
   39   -0.01063    0.00396   -0.00208
   40   -0.01201    0.00295   -0.00044
   41   -0.00811    0.01237   -0.00610
   42   -0.00446    0.00521   -0.00612
   43   -0.00463    0.00622   -0.00675
   44   -0.00478    0.00547   -0.00606
   45   -0.00324    0.00405   -0.00547
   46   -0.00259    0.00427   -0.00611
   47   -0.00284    0.00391   -0.00683
   48   -0.00438    0.00512   -0.00710
   49   -0.00448    0.00376   -0.00698
   50   -0.00788    0.00780   -0.00732
   51   -0.01013    0.00822   -0.00763
   52   -0.00364    0.00632   -0.00625
   53   -0.00341    0.00548   -0.00637
   54   -0.01117    0.01232   -0.00918
   55   -0.00845    0.01213   -0.00810
   56   -0.00881    0.01807   -0.00918
   57   -0.01005    0.01905   -0.00991
   58   -0.00677    0.01863   -0.00707
   59   -0.00202    0.00450   -0.00522
   60   -0.00029    0.00288   -0.00472
   61   -0.00092    0.00450   -0.00458
   62   -0.00021    0.00506   -0.00361
   63    0.00228    0.00232   -0.00383
   64    0.00291    0.00203   -0.00319
   65    0.00120    0.00277   -0.00366
   66    0.00377    0.00074   -0.00246
   67   -0.00079    0.00414   -0.00499
   68   -0.00066    0.00534   -0.00523
   69   -0.00011    0.00421   -0.00596
   70   -0.00027    0.00390   -0.00664
   71   -0.00193    0.00924   -0.00563
   72   -0.00177    0.00968   -0.00511
   73   -0.00081    0.00705   -0.00517
   74   -0.00353    0.01350   -0.00410
   75    0.00055    0.00380   -0.00575
   76    0.00118    0.00241   -0.00612
   77    0.00117    0.00227   -0.00691
   78    0.00132    0.00120   -0.00728
   79    0.00145    0.00271   -0.00495
   80    0.00122    0.00339   -0.00425
   81    0.00079    0.00415   -0.00428
   82    0.00022    0.00312   -0.00692
   83    0.00020    0.00343   -0.00682
   84   -0.00024    0.00356   -0.00727
   85    0.00007    0.00218   -0.00749
   86    0.00001    0.00652   -0.00561
   87   -0.00009    0.00792   -0.00470
   88   -0.00126    0.01129   -0.00355
   89   -0.00053    0.01321   -0.00333
   90   -0.00251    0.01222   -0.00266
   91   -0.00109    0.00545   -0.00709
   92   -0.00199    0.00580   -0.00708
   93   -0.00139    0.00375   -0.00754
   94   -0.00158    0.00312   -0.00744
   95   -0.00307    0.00733   -0.00663
   96   -0.00464    0.00965   -0.00616
   97   -0.00691    0.01217   -0.00616
   98   -0.00813    0.01129   -0.00745
   99   -0.00078    0.00236   -0.00751
  100    0.00004    0.00103   -0.00769
  101    0.00052   -0.00013   -0.00844
  102    0.00068   -0.00072   -0.00856
  103    0.00048    0.00064   -0.00736
  104    0.00046    0.00092   -0.00694
  105   -0.00051    0.00229   -0.00696
  106    0.00125    0.00103   -0.00604
  107    0.00080   -0.00041   -0.00851
  108    0.00131   -0.00129   -0.00887
  109    0.00107   -0.00130   -0.00913
  110    0.00166   -0.00198   -0.00952
  111    0.00178   -0.00148   -0.00818
  112    0.00187   -0.00175   -0.00757
  113    0.00193   -0.00203   -0.00766
  114    0.00212   -0.00145   -0.00689
  115   -0.00013    0.00001   -0.00903
  116   -0.00061    0.00101   -0.00876
  117    0.00028    0.00079   -0.00859
  118    0.00067    0.00065   -0.00908
  119   -0.00204    0.00295   -0.00759
  120   -0.00260    0.00371   -0.00780
  121   -0.00209    0.00474   -0.00708
  122   -0.00385    0.00605   -0.00700
  123   -0.00342    0.00776   -0.00610
  124   -0.00017    0.00078   -0.00798
  125   -0.00024   -0.00004   -0.00723
  126    0.00091   -0.00072   -0.00760
  127    0.00119   -0.00082   -0.00690
  128   -0.00058    0.00020   -0.00719
  129   -0.00088    0.00003   -0.00659
  130   -0.00209    0.00155   -0.00752
  131    0.00161   -0.00124   -0.00834
  132    0.00229   -0.00176   -0.00902
  133    0.00311   -0.00175   -0.00903
  134    0.00376   -0.00134   -0.00835
  135    0.00235   -0.00211   -0.00911
  136    0.00212   -0.00200   -0.00856
  137    0.00208   -0.00237   -0.00848
  138    0.00226   -0.00162   -0.00797
  139    0.00269   -0.00194   -0.00943
  140    0.00379   -0.00227   -0.00947
  141    0.00449   -0.00146   -0.00903
  142    0.00617   -0.00115   -0.00881
  143    0.00340   -0.00237   -0.00997
  144    0.00309   -0.00374   -0.01009
  145    0.00191   -0.00281   -0.01022
  146    0.00360   -0.00485   -0.00946
  147    0.00131   -0.00449   -0.01019
  148    0.00307   -0.00655   -0.00929
  149    0.00256   -0.00611   -0.00964
  150    0.00227   -0.00666   -0.00908
  151    0.00334   -0.00084   -0.00915
  152    0.00288   -0.00053   -0.00758
  153    0.00352   -0.00034   -0.00527
  154    0.00360    0.00038   -0.00488
  155   -0.00149   -0.00008   -0.00626
  156   -0.00242    0.00107   -0.00771
  157   -0.00699    0.00219   -0.00706
  158   -0.00817    0.00387   -0.00793
  159   -0.01168    0.00481   -0.00767
  160   -0.01475    0.00453   -0.00681
  161   -0.01308    0.00646   -0.00818
  162    0.00395   -0.00046   -0.00489
  163    0.00468    0.00079   -0.00452
  164    0.00649    0.00098   -0.00428
  165    0.00708    0.00232   -0.00449
  166    0.00417    0.00023   -0.00498
  167    0.00268   -0.00029   -0.00501
  168    0.00288   -0.00062   -0.00548
  169    0.00203    0.00027   -0.00354
  170    0.00697    0.00005   -0.00567
  171    0.00749    0.00129   -0.00609
  172    0.00595    0.00132   -0.00639
  173    0.00600    0.00289   -0.00645
  174    0.00473    0.00019   -0.00744
  175    0.00386    0.00033   -0.00800
  176    0.00403   -0.00092   -0.00835
  177    0.00444   -0.00232   -0.00894
  178    0.00315   -0.00058   -0.00822
  179    0.00282   -0.00039   -0.00817
  180    0.00309    0.00021   -0.00727
  181    0.00365   -0.00023   -0.00843
  182    0.00373   -0.00189   -0.00882
  183    0.00284   -0.00225   -0.00876
  184    0.00285   -0.00107   -0.00873
  185    0.00431   -0.00031   -0.00808
  186    0.00227   -0.00508   -0.00838
  187    0.00168   -0.00620   -0.00767
  188    0.00156   -0.00913   -0.00863
  189    0.00195   -0.01003   -0.00978
  190    0.00152   -0.00961   -0.00758
  191    0.00128   -0.01125   -0.00759
  192    0.00143   -0.00974   -0.00724
  193    0.00138   -0.01095   -0.00684
  194    0.00070   -0.01364   -0.00634
  195    0.00011   -0.01570   -0.00637
  196   -0.00104   -0.01767   -0.00489
  197   -0.00226   -0.01872   -0.00424
  198   -0.00522   -0.02356   -0.00482
  199    0.00183   -0.00793   -0.00816
  200    0.00170   -0.00659   -0.00677
  201    0.00182   -0.00603   -0.00735
  202    0.00216   -0.00544   -0.00818
  203    0.00129   -0.00480   -0.00598
  204    0.00071   -0.00502   -0.00488
  205    0.00087   -0.00483   -0.00481
  206    0.00022   -0.00524   -0.00349
  207    0.00012   -0.00483   -0.00318
  208   -0.00027   -0.00533   -0.00244
  209    0.00011   -0.00514   -0.00312
  210   -0.00125   -0.00532   -0.00096
  211   -0.00060   -0.00507   -0.00189
  212   -0.00117   -0.00525   -0.00116
  213    0.00180   -0.00629   -0.00694
  214    0.00211   -0.00540   -0.00741
  215    0.00206   -0.00412   -0.00628
  216    0.00157   -0.00466   -0.00540
  217    0.00167   -0.00626   -0.00719
  218    0.00183   -0.00834   -0.00843
  219    0.00158   -0.00654   -0.00806
  220    0.00174   -0.00721   -0.00862
  221    0.00161   -0.00833   -0.00890
  222    0.00175   -0.00954   -0.00925
  223    0.00180   -0.00851   -0.00928
  224    0.00212   -0.00270   -0.00661
  225    0.00195   -0.00149   -0.00590
  226    0.00201   -0.00115   -0.00543
  227    0.00189   -0.00112   -0.00513
  228    0.00188   -0.00067   -0.00605
  229    0.00189   -0.00115   -0.00627
  230    0.00184   -0.00124   -0.00721
  231    0.00191   -0.00128   -0.00571
  232    0.00180   -0.00142   -0.00716
  233    0.00194   -0.00166   -0.00579
  234    0.00210   -0.00147   -0.00636
  235    0.00202   -0.00112   -0.00431
  236    0.00202   -0.00085   -0.00365
  237    0.00221    0.00064   -0.00299
  238    0.00220    0.00071   -0.00291
  239    0.00185   -0.00221   -0.00298
  240    0.00240   -0.00104   -0.00175
  241    0.00148   -0.00369   -0.00367
  242    0.00224    0.00194   -0.00237
  243    0.00250    0.00336   -0.00134
  244    0.00319    0.00331   -0.00057
  245    0.00349    0.00265   -0.00015
  246    0.00209    0.00408   -0.00110
  247    0.00133    0.00510   -0.00191
  248    0.00130    0.00597   -0.00215
  249    0.00097    0.00527   -0.00186
  250    0.00302    0.00399   -0.00023
  251    0.00346    0.00389    0.00084
  252    0.00373    0.00502    0.00240
  253    0.00316    0.00536    0.00205
  254    0.00295    0.00261    0.00036
  255    0.00293    0.00256    0.00111
  256    0.00285    0.00138   -0.00073
  257    0.00519    0.00596    0.00458
  258    0.00514    0.00720    0.00674
  259    0.00500    0.00715    0.00804
  260    0.00474    0.00744    0.00869
  261    0.00619    0.00839    0.00865
  262    0.00699    0.00830    0.00832
  263    0.00847    0.00917    0.00993
  264    0.00575    0.00859    0.00791
  265    0.00504    0.00649    0.00740
  266    0.00347    0.00721    0.00884
  267    0.00334    0.00568    0.00603
  268    0.00260    0.00451    0.00427
  269    0.00305    0.00503    0.00567
  270    0.00152    0.00363    0.00304
  271    0.00220    0.00369    0.00206
  272    0.00104    0.00199   -0.00009
  273    0.00034    0.00174    0.00226
  274    0.00004    0.00099    0.00264
  275    0.00123   -0.00043    0.00316
  276    0.00012   -0.00007    0.00120
  277    0.00361    0.00500    0.00422
  278    0.00569    0.00476    0.00412
  279    0.00771    0.00513    0.00369
  280    0.00794    0.00527    0.00443
  281    0.00889    0.00598    0.00649
  282    0.00718    0.00760    0.00951
  283    0.00859    0.00838    0.01086
  284    0.01097    0.00947    0.01202
  285    0.00699    0.00845    0.01082
  286    0.00904    0.00483    0.00248
  287    0.01192    0.00508    0.00208
  288    0.01573    0.00527    0.00473
  289    0.01624    0.00458    0.00441
  290    0.01378    0.00522    0.00100
  291    0.01084    0.00489   -0.00286
  292    0.00857    0.00448   -0.00338
  293    0.00894    0.00572   -0.00456
  294    0.00591    0.00345   -0.00357
  295    0.02142    0.00715    0.00708
  296    0.02371    0.00950    0.00935
  297    0.01805    0.00867    0.00858
  298    0.01882    0.00970    0.00924
  299    0.02755    0.01417    0.01434
  300    0.01457    0.00780    0.00804
  301    0.01174    0.00748    0.00754
  302    0.01061    0.00585    0.00565
  303    0.00962    0.00550    0.00551
  304    0.00949    0.00769    0.00863
  305    0.00959    0.00947    0.01098
  306    0.00962    0.00463    0.00479
  307    0.00932    0.00264    0.00345
  308    0.01093    0.00166    0.00352
  309    0.00969   -0.00047    0.00257
  310    0.00697    0.00145    0.00173
  311    0.00536    0.00211    0.00144
  312    0.00315    0.00050   -0.00155
  313    0.00372    0.00152    0.00135
  314    0.01490    0.00318    0.00400
  315    0.02014    0.00346    0.00346
  316    0.01826    0.00453    0.00504
  317    0.01827    0.00299    0.00422
  318    0.01431    0.00511    0.00554
  319    0.01222    0.00557    0.00535
  320    0.00903    0.00215    0.00349
  321    0.00731    0.00139    0.00279
  322    0.01185    0.00775    0.00639
  323    0.01041    0.00652    0.00572
  324    0.00778    0.00075    0.00314
  325    0.00513   -0.00137    0.00197
  326    0.00382   -0.00454    0.00217
  327    0.00506   -0.00519    0.00329
  328    0.00474   -0.00131    0.00183
  329    0.00319   -0.00257    0.00051
  330    0.00488    0.00040    0.00171
  331    0.00211   -0.00619    0.00132
  332    0.00140   -0.00930    0.00222
  333    0.00209   -0.00946    0.00319
  334    0.00214   -0.00749    0.00227
  335    0.00033   -0.00989    0.00063
  336    0.00027   -0.00767   -0.00101
  337    0.00146   -0.00502   -0.00011
  338    0.00233   -0.01104    0.00515
  339    0.00239   -0.01147    0.00663
  340    0.00093   -0.01268    0.00598
  341   -0.00091   -0.01778    0.00864
  342    0.00279   -0.01244    0.01075
  343   -0.00001   -0.01040    0.00471
  344   -0.00077   -0.00753    0.00236
  345   -0.00058   -0.00628    0.00093
  346    0.00011   -0.00702    0.00070
  347   -0.00167   -0.00593    0.00188
  348   -0.00141   -0.00724    0.00245
  349   -0.00050   -0.01083    0.00409
  350   -0.00113   -0.00520    0.00074
  351   -0.00079   -0.00435   -0.00017
  352   -0.00204   -0.00298   -0.00063
  353   -0.00341   -0.00246   -0.00023
  354    0.00033   -0.00399   -0.00020
  355   -0.00146   -0.00257   -0.00123
  356   -0.00231   -0.00156   -0.00189
  357   -0.00159   -0.00144   -0.00235
  358   -0.00219   -0.00061   -0.00244
  359   -0.00183   -0.00119   -0.00225
  360   -0.00070   -0.00158   -0.00330
  361   -0.00104   -0.00189   -0.00278
  362   -0.00050   -0.00180   -0.00323
  363    0.00051   -0.00209   -0.00338
  364    0.00100   -0.00214   -0.00327
  365    0.00015   -0.00176   -0.00393
  366    0.00052   -0.00228   -0.00357
  367    0.00113   -0.00222   -0.00369
  368    0.00159   -0.00263   -0.00409
  369    0.00168   -0.00287   -0.00422
  370    0.00074   -0.00232   -0.00348
  371    0.00115   -0.00212   -0.00340
  372    0.00131   -0.00159   -0.00299
  373    0.00037   -0.00229   -0.00333
  374    0.00205   -0.00224   -0.00411
  375    0.00249   -0.00237   -0.00421
  376    0.00281   -0.00228   -0.00370
  377    0.00313   -0.00196   -0.00308
  378    0.00264   -0.00222   -0.00433
  379    0.00280   -0.00235   -0.00457
  380    0.00275   -0.00262   -0.00496
  381    0.00268   -0.00161   -0.00510
  382    0.00340   -0.00343   -0.00359
  383    0.00356   -0.00354   -0.00312
  384    0.00367   -0.00415   -0.00346
  385    0.00319   -0.00421   -0.00381
  386    0.00327   -0.00384   -0.00321
  387    0.00318   -0.00403   -0.00281
  388    0.00283   -0.00322   -0.00116
  389    0.00261   -0.00430   -0.00286
  390    0.00397   -0.00380   -0.00302
  391    0.00307   -0.00399   -0.00324
  392    0.00254   -0.00445   -0.00244
  393    0.00302   -0.00438   -0.00134
  394    0.00304   -0.00248   -0.00327
  395    0.00192   -0.00146   -0.00335
  396    0.00160   -0.00041   -0.00358
  397    0.00105   -0.00257   -0.00316
  398    0.00123   -0.00466   -0.00225
  399    0.00010   -0.00476   -0.00128
  400   -0.00162   -0.00432   -0.00084
  401   -0.00143   -0.00425   -0.00150
  402    0.00051   -0.00501   -0.00142
  403    0.00066   -0.00500   -0.00216
  404   -0.00031   -0.00515   -0.00195
  405    0.00141   -0.00508   -0.00328
  406   -0.00013   -0.00557   -0.00234
  407    0.00139   -0.00537   -0.00365
  408    0.00093   -0.00564   -0.00318
  409   -0.00342   -0.00351    0.00031
  410   -0.00474   -0.00273   -0.00018
  411   -0.00362   -0.00307   -0.00049
  412   -0.00413   -0.00378   -0.00020
  413   -0.00665   -0.00214    0.00155
  414   -0.00538   -0.00234    0.00416
  415   -0.00370   -0.00364    0.00186
  416   -0.00190   -0.00417   -0.00137
  417   -0.00077   -0.00545   -0.00164
  418    0.00007   -0.00575   -0.00158
  419    0.00506   -0.00696   -0.00047
  420   -0.00085   -0.00590   -0.00222
  421   -0.00119   -0.00546   -0.00223
  422   -0.00033   -0.00573   -0.00279
  423   -0.00076   -0.00468   -0.00257
  424   -0.00308   -0.00476   -0.00022
  425   -0.00058   -0.00331    0.00148
  426   -0.00201   -0.00289    0.00113
  427   -0.00187   -0.00232    0.00051
  428   -0.00350   -0.00202    0.00349
  429   -0.00536   -0.00426    0.00280
  430   -0.00633   -0.00280    0.00352
  431   -0.00238   -0.00216    0.00111
  432   -0.00269   -0.00060    0.00105
  433   -0.00295   -0.00046    0.00226
  434   -0.00275    0.00063    0.00201
  435   -0.00303   -0.00005    0.00132
  436   -0.00370   -0.00179    0.00331
  437   -0.00411   -0.00242    0.00440
  438   -0.00339   -0.00258    0.00329
  439   -0.00288   -0.00218    0.00337
  440   -0.00535   -0.00386    0.00555
  441   -0.00652   -0.00438    0.00603
  442   -0.00697   -0.00289    0.00656
  443   -0.00671   -0.00116    0.00629
  444   -0.01001   -0.00421    0.00703
  445   -0.00303   -0.00330    0.00221
  446   -0.00261   -0.00369    0.00080
  447   -0.00177   -0.00289    0.00013
  448   -0.00092   -0.00307   -0.00002
  449   -0.00230   -0.00434    0.00035
  450   -0.00145   -0.00469   -0.00046
  451   -0.00067   -0.00501   -0.00147
  452   -0.00120   -0.00489   -0.00067
  453    0.00028   -0.00550   -0.00216
  454    0.00032   -0.00558   -0.00166
  455   -0.00182   -0.00225   -0.00040
  456   -0.00118   -0.00122   -0.00136
  457   -0.00148    0.00043   -0.00059
  458   -0.00113    0.00120   -0.00117
  459   -0.00118   -0.00028   -0.00183
  460    0.00016   -0.00029   -0.00305
  461    0.00054   -0.00190   -0.00334
  462    0.00080   -0.00205   -0.00397
  463   -0.00015   -0.00318   -0.00255
  464   -0.00181    0.00077    0.00076
  465   -0.00224    0.00242    0.00191
  466   -0.00157    0.00116    0.00261
  467   -0.00112    0.00242    0.00345
  468   -0.00304    0.00365    0.00389
  469   -0.00373    0.00703    0.00375
  470   -0.00499    0.01236    0.00486
  471   -0.00366    0.00554    0.00188
  472   -0.00154   -0.00073    0.00250
  473   -0.00083   -0.00190    0.00291
  474   -0.00024   -0.00161    0.00214
  475    0.00048   -0.00163    0.00343
  476   -0.00180   -0.00270    0.00223
  477   -0.00150   -0.00339    0.00184
  478   -0.00201   -0.00362    0.00154
  479   -0.00062   -0.00452    0.00127
  480   -0.00103   -0.00414    0.00171
  481   -0.00035   -0.00517    0.00114
  482   -0.00070   -0.00514    0.00148
  483   -0.00003   -0.00221    0.00062
  484    0.00106   -0.00301    0.00026
  485    0.00118   -0.00147    0.00107
  486    0.00169   -0.00170    0.00176
  487    0.00108   -0.00349   -0.00155
  488    0.00137   -0.00482   -0.00185
  489    0.00169   -0.00542   -0.00131
  490    0.00207   -0.00589   -0.00200
  491    0.00218   -0.00614   -0.00206
  492    0.00174   -0.00624   -0.00115
  493    0.00270   -0.00610   -0.00279
  494    0.00074    0.00056    0.00084
  495    0.00062    0.00318    0.00118
  496    0.00120    0.00302    0.00334
  497    0.00144    0.00347    0.00408
  498   -0.00013    0.00667    0.00091
  499   -0.00062    0.00727   -0.00170
  500   -0.00057    0.00835   -0.00364
  501   -0.00246    0.01133   -0.00973
  502   -0.00561    0.02414   -0.01754
  503    0.00123    0.00304    0.00462
  504    0.00168    0.00319    0.00690
  505    0.00203    0.00085    0.00720
  506    0.00226    0.00128    0.00887
  507    0.00192    0.00324    0.00817
  508    0.00177   -0.00074    0.00589
  509    0.00204   -0.00231    0.00606
  510    0.00243   -0.00209    0.00573
  511    0.00260   -0.00255    0.00672
  512    0.00148   -0.00357    0.00389
  513    0.00128   -0.00487    0.00341
  514    0.00110   -0.00600    0.00221
  515    0.00154   -0.00618    0.00124
  516    0.00075   -0.00639    0.00161
  517    0.00244   -0.00153    0.00446
  518    0.00311   -0.00099    0.00403
  519    0.00289    0.00018    0.00569
  520    0.00341    0.00007    0.00621
  521    0.00290   -0.00038    0.00246
  522    0.00294   -0.00186    0.00099
  523    0.00288    0.00058    0.00231
  524    0.00245   -0.00126   -0.00068
  525    0.00285    0.00182    0.00638
  526    0.00287    0.00350    0.00779
  527    0.00285    0.00309    0.00991
  528    0.00270    0.00491    0.01146
  529    0.00272    0.00598    0.00759
  530    0.00302    0.00724    0.00617
  531    0.00299    0.00565    0.00442
  532    0.00294    0.00498    0.00343
  533    0.00249    0.00571    0.00347
  534    0.00290    0.00108    0.01000
  535    0.00292    0.00056    0.01187
  536    0.00337   -0.00085    0.01136
  537    0.00274   -0.00081    0.01379
  538    0.00251   -0.00047    0.01316
  539    0.00261   -0.00076    0.01649
  540    0.00212   -0.00266    0.01447
  541    0.00188   -0.00339    0.01073
  542    0.00233   -0.00286    0.01623
  543    0.00395   -0.00193    0.00892
  544    0.00490   -0.00287    0.00733
  545    0.00472   -0.00207    0.00831
  546    0.00540   -0.00210    0.00744
  547    0.00520   -0.00374    0.00616
  548    0.00472   -0.00508    0.00539
  549    0.00368   -0.00512    0.00570
  550    0.00453   -0.00574    0.00386
  551    0.00379   -0.00060    0.01031
  552    0.00404    0.00093    0.01017
  553    0.00425    0.00019    0.01006
  554    0.00470    0.00042    0.00919
  555    0.00340    0.00314    0.01251
  556    0.00425    0.00020    0.01130
  557    0.00582   -0.00161    0.01204
  558    0.00666   -0.00404    0.01101
  559    0.00455    0.00039    0.01252
  560    0.00621   -0.00348    0.00986
  561    0.00539   -0.00298    0.00913
  562    0.00463   -0.00203    0.01027
  563    0.00482   -0.00076    0.01206
  564    0.00543   -0.00295    0.00786
  565    0.00634   -0.00370    0.00774
  566    0.00556   -0.00427    0.00624
  567    0.00461   -0.00410    0.00537
  568    0.00588   -0.00458    0.00545
  569    0.00182    0.00270    0.01075
  570    0.00080    0.00560    0.01284
  571    0.00079    0.00323    0.01134
  572   -0.00030    0.00281    0.00911
  573   -0.00265    0.00792    0.01311
  574   -0.00499    0.01063    0.01531
  575   -0.00361    0.01383    0.02040
  576   -0.00228    0.01766    0.02424
  577   -0.00378    0.01477    0.02151
  578    0.00245    0.00365    0.01258
  579    0.00251    0.00369    0.01163
  580    0.00216    0.00812    0.01509
  581    0.00345    0.01130    0.01938
  582    0.00481    0.00130    0.01029
  583    0.00562    0.00140    0.00767
  584    0.00554   -0.00073    0.00834
  585    0.00038    0.00814    0.01421
  586    0.00001    0.01125    0.01795
  587    0.00195    0.01203    0.01944
  588    0.00221    0.00840    0.01403
  589   -0.00357    0.00994    0.01635
  590   -0.00562    0.01127    0.01965
  591    0.00319    0.01688    0.02481
  592    0.00406    0.01558    0.02575
  593    0.00076    0.01226    0.02216
  594    0.00003    0.01081    0.01471
  595    0.00825    0.02529    0.04024
  596    0.00184    0.03049    0.04180
  597    0.00149    0.02305    0.03277
  598   -0.00316    0.01048    0.02105
  599   -0.00508    0.00905    0.01742
  600   -0.00305    0.00747    0.01006
  601   -0.00351    0.00671    0.00470
  602   -0.00816    0.01002    0.01896
  603   -0.01233    0.00876    0.02016
  604   -0.02742    0.00200    0.03217
  605   -0.01852    0.00886    0.02222
  606   -0.04128   -0.00822    0.04640
  607   -0.00089    0.00660    0.00870
  608    0.00066    0.00458    0.00349
  609    0.00274    0.00445   -0.00037
  610    0.00486    0.00484   -0.00095
  611    0.00192    0.00393    0.00380
  612    0.00278    0.00222    0.00087
  613   -0.00032    0.00446    0.00575
  614    0.00233    0.00369   -0.00264
  615    0.00373    0.00414   -0.00465
  616    0.00466    0.00211   -0.00413
  617    0.00403    0.00090   -0.00401
  618    0.00251    0.00437   -0.00500
  619    0.00382    0.00401   -0.00501
  620    0.00438    0.00255   -0.00466
  621    0.00428    0.00541   -0.00525
  622    0.00512    0.00207   -0.00399
  623    0.00546    0.00537   -0.00429
  624    0.00582    0.00356   -0.00346
  625    0.00642    0.00288   -0.00215
  626    0.00588    0.00156   -0.00419
  627    0.00554   -0.00149   -0.00397
  628    0.00531   -0.00264   -0.00420
  629    0.00537   -0.00233   -0.00432
  630    0.00626   -0.00158   -0.00305
  631    0.00546   -0.00310   -0.00352
  632    0.00467   -0.00385   -0.00339
  633    0.00576   -0.00475   -0.00358
  634    0.00488   -0.00475   -0.00319
  635    0.00566   -0.00562   -0.00328
  636    0.00543   -0.00605   -0.00344
  637    0.00542   -0.00346   -0.00382
  638    0.00531   -0.00473   -0.00310
  639    0.00531   -0.00616   -0.00321
  640    0.00542   -0.00608   -0.00390
  641    0.00542   -0.00439   -0.00231
  642    0.00523   -0.00387   -0.00271
  643    0.00498   -0.00311   -0.00174
  644    0.00524   -0.00485    0.00010
  645    0.00520   -0.00766   -0.00261
  646    0.00541   -0.00879   -0.00275
  647    0.00548   -0.00954   -0.00209
  648    0.00586   -0.00980   -0.00115
  649    0.00530   -0.00979   -0.00208
  650    0.00496   -0.00857   -0.00241
  651    0.00458   -0.00896   -0.00170
  652    0.00489   -0.00786   -0.00225
  653    0.00485   -0.00760   -0.00180
  654    0.00613   -0.00948   -0.00283
  655    0.00661   -0.00973   -0.00276
  656    0.00755   -0.01167   -0.00132
  657    0.00736   -0.01169   -0.00120
  658    0.00662   -0.00886   -0.00422
  659    0.00634   -0.00828   -0.00384
  660    0.00598   -0.00714   -0.00466
  661    0.00549   -0.00653   -0.00536
  662    0.00725   -0.00588   -0.00427
  663    0.00746   -0.01290    0.00063
  664    0.00862   -0.01486    0.00323
  665    0.00825   -0.01762    0.00355
  666    0.01074   -0.02069    0.00554
  667    0.00939   -0.01776    0.00539
  668    0.00784   -0.01529    0.00563
  669    0.00923   -0.01828    0.00473
  670    0.00669   -0.01489    0.00279
  671    0.00501   -0.01466    0.00289
  672    0.00669   -0.01134    0.00121
  673    0.00717   -0.00925   -0.00033
  674    0.00205   -0.01378    0.00181
  675    0.00148   -0.01546    0.00418
  676   -0.00109   -0.01454   -0.00013
  677    0.00156   -0.01316    0.00318
  678    0.00662   -0.00988    0.00069
  679    0.00596   -0.00435   -0.00061
  680    0.00307   -0.00162   -0.00163
  681    0.00054   -0.00230   -0.00156
  682    0.00460   -0.00127   -0.00199
  683    0.00317   -0.00020   -0.00287
  684    0.00177   -0.00079   -0.00372
  685    0.00015    0.00039   -0.00408
  686    0.00084    0.00235   -0.00301
  687    0.00074    0.00349   -0.00156
  688    0.00031    0.00304   -0.00066
  689   -0.00147    0.00945   -0.00156
  690    0.00297   -0.00339   -0.00287
  691    0.00184   -0.00414   -0.00352
  692    0.00294   -0.00423   -0.00388
  693    0.00272   -0.00417   -0.00417
  694    0.00262   -0.00644   -0.00234
  695    0.00461   -0.00799   -0.00217
  696    0.00382   -0.00396   -0.00461
  697    0.00398   -0.00412   -0.00514
  698    0.00342   -0.00322   -0.00514
  699    0.00356   -0.00356   -0.00541
  700    0.00365   -0.00374   -0.00532
  701    0.00337   -0.00249   -0.00511
  702    0.00195   -0.00246   -0.00483
  703    0.00171   -0.00184   -0.00532
  704    0.00187   -0.00209   -0.00566
  705    0.00225   -0.00211   -0.00586
  706    0.00138   -0.00219   -0.00534
  707    0.00178   -0.00226   -0.00543
  708    0.00245   -0.00270   -0.00487
  709    0.00281   -0.00229   -0.00505
  710    0.00018   -0.00240   -0.00480
  711   -0.00126   -0.00144   -0.00541
  712    0.00056   -0.00249   -0.00415
  713    0.00308   -0.00356   -0.00464
  714    0.00373   -0.00392   -0.00442
  715    0.00384   -0.00346   -0.00514
  716    0.00398   -0.00314   -0.00527
  717    0.00424   -0.00497   -0.00446
  718    0.00436   -0.00610   -0.00346
  719    0.00480   -0.00482   -0.00441
  720    0.00417   -0.00638   -0.00220
  721    0.00371   -0.00347   -0.00549
  722    0.00343   -0.00323   -0.00561
  723    0.00319   -0.00269   -0.00577
  724    0.00294   -0.00238   -0.00566
  725    0.00321   -0.00230   -0.00597
  726    0.00312   -0.00173   -0.00610
  727    0.00325   -0.00125   -0.00606
  728    0.00298   -0.00089   -0.00612
  729    0.00259   -0.00151   -0.00634
  730    0.00254   -0.00127   -0.00671
  731    0.00190   -0.00111   -0.00683
  732    0.00178   -0.00094   -0.00688
  733    0.00364   -0.00111   -0.00579
  734    0.00366   -0.00044   -0.00536
  735    0.00339   -0.00013   -0.00543
  736    0.00318    0.00092   -0.00530
  737    0.00413   -0.00067   -0.00456
  738    0.00413   -0.00075   -0.00387
  739    0.00429    0.00015   -0.00422
  740    0.00387   -0.00148   -0.00237
  741    0.00343   -0.00132   -0.00522
  742    0.00310   -0.00097   -0.00526
  743    0.00235   -0.00044   -0.00524
  744    0.00163    0.00014   -0.00512
  745    0.00329   -0.00189   -0.00529
  746    0.00396   -0.00222   -0.00504
  747    0.00402   -0.00334   -0.00512
  748    0.00428   -0.00215   -0.00474
  749    0.00448   -0.00388   -0.00473
  750    0.00478   -0.00303   -0.00452
  751    0.00234   -0.00099   -0.00545
  752    0.00172   -0.00100   -0.00527
  753    0.00152    0.00005   -0.00534
  754    0.00100    0.00032   -0.00497
  755    0.00174   -0.00159   -0.00544
  756    0.00210    0.00050   -0.00579
  757    0.00229    0.00152   -0.00565
  758    0.00238    0.00286   -0.00534
  759    0.00204    0.00367   -0.00523
  760    0.00290    0.00166   -0.00586
  761    0.00278    0.00293   -0.00586
  762    0.00276    0.00047   -0.00641
  763    0.00260    0.00304   -0.00536
  764    0.00252    0.00413   -0.00521
  765    0.00103    0.00383   -0.00445
  766    0.00030    0.00436   -0.00396
  767    0.00293    0.00331   -0.00482
  768    0.00044    0.00280   -0.00431
  769   -0.00138    0.00301   -0.00387
  770   -0.00222    0.00282   -0.00343
  771   -0.00404    0.00298   -0.00273
  772   -0.00100    0.00218   -0.00365
  773   -0.00019    0.00203   -0.00369
  774   -0.00100    0.00273   -0.00328
  775    0.00149    0.00130   -0.00420
  776   -0.00050    0.00306   -0.00415
  777   -0.00067    0.00287   -0.00386
  778    0.00076    0.00437   -0.00463
  779    0.00108    0.00398   -0.00469
  780   -0.00027    0.00168   -0.00410
  781   -0.00137    0.00088   -0.00349
  782   -0.00242    0.00149   -0.00273
  783   -0.00097    0.00004   -0.00372
  784    0.00107    0.00585   -0.00459
  785    0.00207    0.00696   -0.00515
  786    0.00177    0.00739   -0.00535
  787    0.00252    0.00756   -0.00541
  788    0.00280    0.00845   -0.00487
  789    0.00298    0.00813   -0.00490
  790    0.00356    0.00969   -0.00480
  791    0.00428    0.01170   -0.00517
  792    0.00320    0.00898   -0.00469
  793    0.00027    0.00749   -0.00525
  794   -0.00053    0.00790   -0.00498
  795   -0.00010    0.00571   -0.00426
  796   -0.00077    0.00562   -0.00417
  797   -0.00202    0.00842   -0.00485
  798   -0.00407    0.00624   -0.00189
  799   -0.00433    0.00606   -0.00217
  800   -0.00322    0.00512   -0.00212
  801    0.00011    0.00434   -0.00410
  802   -0.00010    0.00195   -0.00380
  803    0.00084    0.00140   -0.00443
  804    0.00113    0.00008   -0.00424
  805   -0.00044    0.00044   -0.00325
  806   -0.00155    0.00131   -0.00240
  807   -0.00210    0.00067   -0.00202
  808   -0.00363    0.00183   -0.00155
  809   -0.00397    0.00283   -0.00135
  810    0.00144    0.00237   -0.00493
  811    0.00237    0.00181   -0.00591
  812    0.00322    0.00305   -0.00606
  813    0.00267    0.00500   -0.00544
  814    0.00216    0.00168   -0.00614
  815    0.00209   -0.00025   -0.00629
  816    0.00124   -0.00010   -0.00526
  817    0.00223   -0.00038   -0.00661
  818    0.00330    0.00327   -0.00636
  819    0.00282    0.00553   -0.00588
  820    0.00353    0.00525   -0.00672
  821    0.00313    0.00394   -0.00769
  822    0.00406    0.00802   -0.00676
  823    0.00528    0.00820   -0.00664
  824    0.00709    0.00923   -0.00628
  825    0.00797    0.01175   -0.00619
  826    0.00619    0.00940   -0.00643
  827    0.00456    0.00845   -0.00626
  828    0.00404    0.00634   -0.00672
  829    0.00422    0.00883   -0.00609
  830    0.00360    0.00556   -0.00612
  831    0.00366    0.00772   -0.00580
  832    0.00316    0.00633   -0.00612
  833    0.00789    0.00729   -0.00631
  834    0.01126    0.00828   -0.00584
  835    0.01427    0.01186   -0.00465
  836    0.01328    0.01264   -0.00469
  837    0.01266    0.00490   -0.00700
  838    0.01281    0.00432   -0.00616
  839    0.01409    0.00278   -0.00667
  840    0.01535    0.00055   -0.00863
  841    0.01405    0.00248   -0.00634
  842    0.01946    0.01600   -0.00421
  843    0.02528    0.02154   -0.00428
  844    0.02626    0.01869   -0.00202
  845    0.03131    0.01669   -0.00116
  846    0.04164    0.03457   -0.00403
  847    0.02242    0.01808   -0.00124
  848    0.02383    0.01602   -0.00023
  849    0.01722    0.01140   -0.00155
  850    0.01818    0.00989   -0.00100
  851    0.01411    0.01004   -0.00296
  852    0.01132    0.00736   -0.00358
  853    0.01158    0.00765   -0.00269
  854    0.01147    0.00943   -0.00254
  855    0.00855    0.00726   -0.00476
  856    0.00732    0.00550   -0.00512
  857    0.01077    0.00597   -0.00255
  858    0.01071    0.00531   -0.00194
  859    0.00959    0.00495   -0.00224
  860    0.01011    0.00521   -0.00185
  861    0.01004    0.00423   -0.00031
  862    0.00632    0.00422    0.00089
  863    0.01039    0.00473    0.00030
  864    0.00814    0.00388   -0.00310
  865    0.00752    0.00394   -0.00352
  866    0.00736    0.00618   -0.00358
  867    0.00745    0.00679   -0.00323
  868    0.00571    0.00314   -0.00453
  869    0.00522    0.00316   -0.00448
  870    0.00531    0.00250   -0.00427
  871    0.00421    0.00156   -0.00567
  872    0.00729    0.00779   -0.00406
  873    0.00665    0.01080   -0.00437
  874    0.00867    0.01254   -0.00238
  875    0.00876    0.01436   -0.00172
  876    0.00782    0.01245   -0.00462
  877    0.00783    0.01586   -0.00456
  878    0.01009    0.01994   -0.00361
  879    0.01003    0.01994   -0.00523
  880    0.01365    0.02670   -0.00480
  881    0.01029    0.01203   -0.00153
  882    0.01218    0.01256    0.00012
  883    0.01177    0.01136    0.00002
  884    0.01160    0.01281    0.00159
  885    0.01381    0.01227    0.00002
  886    0.01637    0.01386    0.00250
  887    0.01888    0.01862    0.00528
  888    0.01791    0.02157    0.00551
  889    0.02577    0.02318    0.01182
  890    0.01069    0.00872   -0.00014
  891    0.00971    0.00707    0.00054
  892    0.00944    0.00820    0.00011
  893    0.00957    0.00858    0.00082
  894    0.00889    0.00378    0.00077
  895    0.00763    0.00306    0.00160
  896    0.00756    0.00159    0.00423
  897    0.00703    0.00240   -0.00010
  898    0.00659    0.00006    0.00437
  899    0.00649    0.00118    0.00050
  900    0.00656   -0.00049    0.00245
  901    0.00887    0.00849   -0.00183
  902    0.00784    0.00966   -0.00271
  903    0.00818    0.01245   -0.00181
  904    0.00766    0.01298   -0.00266
  905    0.00660    0.00943   -0.00391
  906    0.00603    0.00652   -0.00416
  907    0.00495    0.00623   -0.00477
  908    0.00596    0.00499   -0.00388
  909    0.00906    0.01452   -0.00122
  910    0.00908    0.01795   -0.00072
  911    0.01040    0.01805    0.00121
  912    0.01006    0.01993    0.00141
  913    0.00978    0.02020    0.00036
  914    0.01053    0.02449    0.00163
  915    0.01175    0.01582    0.00232
  916    0.01303    0.01533    0.00382
  917    0.01222    0.01325    0.00263
  918    0.01223    0.01270    0.00305
  919    0.01417    0.01284    0.00488
  920    0.01604    0.01550    0.00638
  921    0.01590    0.01295    0.00657
  922    0.01420    0.00969    0.00652
  923    0.01883    0.01509    0.00813
  924    0.01069    0.01150    0.00094
  925    0.00909    0.00863    0.00011
  926    0.00823    0.00931   -0.00203
  927    0.00735    0.00708   -0.00320
  928    0.00883    0.00567    0.00031
  929    0.00826    0.00621   -0.00079
  930    0.00892    0.00427    0.00258
  931    0.00750    0.01230   -0.00280
  932    0.00747    0.01248   -0.00474
  933    0.00691    0.01215   -0.00656
  934    0.00598    0.01136   -0.00818
  935    0.00690    0.01642   -0.00486
  936    0.00635    0.01515   -0.00596
  937    0.00476    0.02230   -0.00778
  938    0.00240    0.03125   -0.00953
  939    0.00499    0.02056   -0.00705
  940    0.00680    0.01429   -0.00582
  941    0.00545    0.01556   -0.00724
  942    0.00592    0.01061   -0.00712
  943    0.00432    0.01089   -0.00865
  944    0.00587    0.02241   -0.00589
  945    0.00695    0.00822   -0.00508
  946    0.00673    0.00381   -0.00428
  947    0.00505    0.00218   -0.00587
  948    0.00455    0.00423   -0.00728
  949    0.00734    0.00244   -0.00146
  950    0.00898    0.00459    0.00094
  951    0.00918    0.00222    0.00397
  952    0.01191    0.00596    0.00701
  953    0.00477   -0.00220   -0.00606
  954    0.00414   -0.00544   -0.00755
  955    0.00416   -0.00641   -0.00532
  956    0.00476   -0.00597   -0.00303
  957    0.00412   -0.01014   -0.00821
  958    0.00411   -0.01112   -0.00446
  959    0.00365   -0.00663   -0.00589
  960    0.00403   -0.00729   -0.00435
  961    0.00461   -0.01006   -0.00316
  962    0.00515   -0.00967   -0.00159
  963    0.00433   -0.00763   -0.00470
  964    0.00436   -0.00589   -0.00519
  965    0.00381   -0.00648   -0.00668
  966    0.00372   -0.01267   -0.00282
  967    0.00472   -0.01465   -0.00050
  968    0.00552   -0.01338    0.00200
  969    0.00632   -0.01422    0.00400
  970    0.00377   -0.01832   -0.00111
  971    0.00124   -0.02000   -0.00305
  972   -0.00013   -0.01929   -0.00669
  973   -0.00081   -0.01795   -0.00647
  974    0.00112   -0.01671   -0.00733
  975    0.00528   -0.01147    0.00168
  976    0.00616   -0.00958    0.00463
  977    0.00617   -0.00732    0.00512
  978    0.00645   -0.00696    0.00768
  979    0.00637   -0.00759    0.00382
  980    0.00671   -0.01027    0.00430
  981    0.00783   -0.01388    0.00834
  982    0.00622   -0.00952    0.00212
  983    0.00597   -0.00626    0.00239
  984    0.00611   -0.00473    0.00244
  985    0.00613   -0.00659    0.00364
  986    0.00609   -0.00613    0.00436
  987    0.00584   -0.00333   -0.00035
  988    0.00619   -0.00068   -0.00168
  989    0.00578   -0.00003   -0.00381
  990    0.00580    0.00340   -0.00487
  991    0.00533    0.00556   -0.00625
  992    0.00580    0.00472   -0.00636
  993    0.00523    0.00809   -0.00759
  994    0.00594   -0.00904    0.00313
  995    0.00614   -0.01112    0.00371
  996    0.00680   -0.01230    0.00704
  997    0.00666   -0.01222    0.00799
  998    0.00652   -0.01314    0.00291
  999    0.00707   -0.01278    0.00897
 1000    0.00809   -0.01389    0.01333
 1001    0.00777   -0.01139    0.01454
 1002    0.00821   -0.01206    0.01725
 1003    0.01060   -0.01650    0.01661
 1004    0.01187   -0.02060    0.01613
 1005    0.01373   -0.02320    0.02039
 1006    0.02102   -0.03374    0.02769
 1007    0.02096   -0.03603    0.02153
 1008    0.00629   -0.00836    0.01260
 1009    0.00545   -0.00527    0.01370
 1010    0.00432   -0.00544    0.01237
 1011    0.00298   -0.00465    0.01455
 1012    0.00554   -0.00241    0.01058
 1013    0.00673   -0.00154    0.01068
 1014    0.00432   -0.00641    0.00939
 1015    0.00339   -0.00648    0.00784
 1016    0.00338   -0.00816    0.00903
 1017    0.00232   -0.00760    0.00849
 1018    0.00408   -0.00669    0.00494
 1019    0.00321   -0.00671    0.00316
 1020    0.00244   -0.00499    0.00230
 1021    0.00300   -0.00797    0.00253
 1022    0.00106   -0.00498    0.00018
 1023    0.00214   -0.00746    0.00106
 1024    0.00123   -0.00586   -0.00009
 1025    0.00502   -0.01036    0.01022
 1026    0.00575   -0.01215    0.01245
 1027    0.00626   -0.01119    0.01541
 1028    0.00609   -0.01166    0.01576
 1029    0.00856   -0.01501    0.01410
 1030    0.00829   -0.01614    0.01134
 1031    0.01033   -0.01925    0.01375
 1032    0.01052   -0.01961    0.01205
 1033    0.01117   -0.02378    0.01731
 1034    0.00473   -0.00986    0.01706
 1035    0.00463   -0.00862    0.02164
 1036    0.00199   -0.00632    0.01995
 1037    0.00122   -0.00527    0.02288
 1038    0.00492   -0.00871    0.02664
 1039    0.00986   -0.01150    0.03054
 1040    0.01086   -0.01114    0.03563
 1041    0.02106   -0.01427    0.04892
 1042    0.02678   -0.01030    0.07115
 1043    0.00068   -0.00541    0.01580
 1044   -0.00182   -0.00272    0.01383
 1045   -0.00285   -0.00271    0.01112
 1046   -0.00237   -0.00244    0.00844
 1047    0.00039   -0.00200    0.01105
 1048    0.00106   -0.00056    0.01054
 1049   -0.00007    0.00041    0.00901
 1050    0.00366    0.00102    0.00996
 1051   -0.00375   -0.00295    0.01356
 1052   -0.00404   -0.00297    0.01249
 1053   -0.00691   -0.00090    0.01035
 1054   -0.00776   -0.00002    0.00746
 1055   -0.00265   -0.00371    0.01890
 1056    0.00274   -0.00611    0.02470
 1057    0.00503   -0.00978    0.02218
 1058    0.00453   -0.01042    0.01686
 1059    0.02191   -0.01923    0.04033
 1060   -0.00793    0.00073    0.01191
 1061   -0.00816    0.00113    0.00847
 1062   -0.00695    0.00172    0.00395
 1063   -0.00743    0.00204    0.00159
 1064   -0.00701    0.00208    0.00934
 1065   -0.00444    0.00131    0.00372
 1066   -0.00356    0.00092    0.00083
 1067   -0.00443   -0.00079    0.00012
 1068   -0.00530   -0.00126   -0.00208
 1069   -0.00217   -0.00003    0.00200
 1070    0.00113    0.00052    0.00205
 1071   -0.00089   -0.00175   -0.00010
 1072    0.00273    0.00054    0.00193
 1073   -0.00583   -0.00234    0.00159
 1074   -0.00549   -0.00343   -0.00037
 1075   -0.00717   -0.00096   -0.00190
 1076   -0.00772   -0.00072   -0.00368
 1077   -0.00442   -0.00457    0.00129
 1078   -0.00327   -0.00738    0.00155
 1079   -0.00276   -0.00991    0.00324
 1080   -0.00879   -0.01323   -0.00041
 1081    0.00027   -0.00933    0.00648
 1082   -0.00790    0.00042   -0.00077
 1083   -0.00949    0.00173   -0.00213
 1084   -0.01044    0.00180   -0.00396
 1085   -0.01288    0.00275   -0.00576
 1086   -0.01059    0.00240    0.00068
 1087   -0.00893    0.00134   -0.00363
 1088   -0.00837    0.00165   -0.00481
 1089   -0.00887    0.00155   -0.00582
 1090   -0.00863    0.00239   -0.00643
 1091   -0.00578    0.00068   -0.00425
 1092   -0.00782    0.00075   -0.00571
 1093   -0.00721    0.00069   -0.00599
 1094   -0.00851    0.00229   -0.00650
 1095   -0.00858    0.00352   -0.00692
 1096   -0.00583   -0.00054   -0.00546
 1097   -0.00514    0.00015   -0.00531
 1098   -0.00334    0.00023   -0.00541
 1099   -0.00579    0.00103   -0.00526
 1100   -0.00320    0.00109   -0.00544
 1101   -0.00443    0.00205   -0.00526
 1102   -0.00984    0.00223   -0.00621
 1103   -0.01174    0.00419   -0.00630
 1104   -0.01348    0.00617   -0.00687
 1105   -0.01420    0.00818   -0.00675
 1106   -0.01276    0.00393   -0.00648
 1107   -0.01253    0.00156   -0.00681
 1108   -0.01445    0.00234   -0.00639
 1109   -0.01030    0.00120   -0.00620
 1110   -0.01367    0.00532   -0.00716
 1111   -0.01515    0.00666   -0.00825
 1112   -0.01376    0.00741   -0.00787
 1113   -0.01416    0.00932   -0.00778
 1114   -0.01495    0.00583   -0.00743
 1115   -0.01142    0.00630   -0.00725
 1116   -0.00980    0.00672   -0.00723
 1117   -0.00997    0.00852   -0.00707
 1118   -0.01039    0.01052   -0.00719
 1119   -0.00723    0.00488   -0.00720
 1120   -0.00578    0.00573   -0.00719
 1121   -0.00575    0.00346   -0.00700
 1122   -0.01025    0.00800   -0.00686
 1123   -0.01091    0.00953   -0.00663
 1124   -0.01326    0.01237   -0.00664
 1125   -0.01181    0.01418   -0.00583
 1126   -0.00991    0.00838   -0.00646
 1127   -0.01491    0.01364   -0.00685
 1128   -0.01484    0.01681   -0.00496
 1129   -0.01403    0.01893   -0.00367
 1130   -0.01455    0.02019   -0.00117
 1131   -0.01694    0.01793   -0.00557
 1132   -0.01758    0.01708   -0.00471
 1133   -0.01875    0.01581   -0.00705
 1134   -0.01743    0.01583   -0.00609
 1135   -0.01832    0.01397   -0.00757
 1136   -0.01313    0.01722   -0.00450
 1137   -0.01314    0.01743   -0.00517
 1138   -0.01193    0.01817   -0.00350
 1139   -0.01196    0.01978   -0.00229
 1140   -0.01216    0.01452   -0.00658
 1141   -0.01296    0.01423   -0.00602
 1142   -0.01164    0.01536   -0.00532
 1143   -0.00994    0.01480   -0.00512
 1144   -0.01310    0.01805   -0.00523
 1145   -0.01151    0.01802   -0.00413
 1146   -0.01160    0.01888   -0.00450
 1147   -0.01313    0.02223    0.00018
 1148   -0.01260    0.02366    0.00320
 1149   -0.01521    0.02273    0.00171
 1150   -0.01967    0.02313    0.00785
 1151   -0.02308    0.02107    0.01126
 1152   -0.01822    0.02257    0.00413
 1153   -0.01938    0.02147    0.00723
 1154   -0.01815    0.02092    0.00285
 1155   -0.01770    0.02089   -0.00111
 1156   -0.02171    0.02233    0.00064
 1157   -0.01557    0.01875   -0.00519
 1158   -0.03434    0.01757    0.02843
 1159   -0.03978    0.01184    0.03431
 1160   -0.01707    0.00748    0.01389
 1161   -0.00277   -0.01201    0.00992
 1162    0.07656   -0.01013   -0.05022
 1163   -0.02896    0.01596    0.01495
 1164   -0.04073    0.01139    0.01364
 1165   -0.00919   -0.00699    0.00716
 1166    0.04440   -0.01596    0.00293
 1167   -0.07312    0.01977    0.01764
 1168   -0.05367    0.00715    0.01136
 1169   -0.07623   -0.00171    0.01466
 1170   -0.05354    0.00012    0.00743
 1171   -0.02513    0.01552   -0.00731
 1172   -0.01992    0.01758    0.00164
 1173   -0.01513    0.02209    0.00386
 1174   -0.03048   -0.01062    0.00711
 1175    0.00981   -0.07331   -0.01689
 1176   -0.05264    0.05028    0.02242
 1177   -0.07959    0.13604    0.04707
 1178    0.03290   -0.52165   -0.19938
 1179   -0.06838    0.05293    0.01931
 1180   -0.05655    0.04322    0.01326
 1181   -0.05217    0.04553    0.01550
 1182   -0.03665    0.03165    0.00595
 1183   -0.04369    0.03226    0.01645
 1184   -0.03611    0.02268    0.01413
 1185   -0.03934    0.02357    0.00559
 1186   -0.03230    0.01616    0.01651
 1187   -0.04719    0.03756    0.02080
 1188   -0.02760    0.01223    0.02522
 1189   -0.01384   -0.00797    0.03063
 1190   -0.01517   -0.01077    0.03869
 1191   -0.03347    0.02054    0.01446
 1192   -0.00133   -0.01864    0.01974
 1193    0.01611   -0.04401    0.02140
 1194    0.00249   -0.02486    0.01694
 1195   -0.00293   -0.02376    0.02643
 1196    0.03288   -0.05839   -0.00682
 1197    0.05635   -0.08389   -0.01941
 1198    0.05487   -0.05388   -0.03912
 1199    0.14169   -0.11932   -0.13835
 1200    0.10256   -0.05691   -0.11167
 1201    0.00114   -0.01002   -0.00572
 1202    0.00024   -0.00577   -0.01220
 1203   -0.00591   -0.00344    0.00031
 1204   -0.01241    0.00223    0.00165
 1205   -0.00210    0.00759   -0.03314
 1206   -0.00139    0.00197   -0.02761
 1207    0.00866    0.01424   -0.06247
 1208   -0.00055   -0.00981    0.00510
 1209   -0.00418   -0.00678    0.00700
 1210   -0.00370   -0.00432    0.00147
 1211   -0.00152   -0.00568   -0.00061
 1212    0.00232   -0.00753    0.00846
 1213    0.00277   -0.01602    0.01969
 1214   -0.00789   -0.01056    0.02022
 1215    0.01718   -0.02561    0.02231
 1216   -0.00527   -0.00207    0.00066
 1217   -0.00330   -0.00208   -0.00149
 1218   -0.00111   -0.00269   -0.00267
 1219   -0.00137   -0.00209   -0.00276
 1220   -0.00333   -0.00085   -0.00254
 1221   -0.00391   -0.00083   -0.00245
 1222   -0.00334   -0.00169   -0.00233
 1223   -0.00680    0.00299   -0.00445
 1224   -0.00443    0.00032   -0.00569
 1225   -0.00910    0.00816   -0.01568
 1226   -0.00690    0.00545   -0.01813
 1227    0.00005   -0.00400   -0.00304
 1228    0.00066   -0.00417   -0.00378
 1229    0.00144   -0.00454   -0.00440
 1230    0.00144   -0.00456   -0.00388
 1231    0.00114   -0.00517   -0.00393
 1232    0.00186   -0.00539   -0.00458
 1233    0.00243   -0.00487   -0.00507
 1234    0.00207   -0.00586   -0.00464
 1235    0.00316   -0.00563   -0.00533
 1236    0.00288   -0.00603   -0.00507
 1237    0.00248   -0.00389   -0.00499
 1238    0.00284   -0.00380   -0.00526
 1239    0.00315   -0.00458   -0.00522
 1240    0.00311   -0.00454   -0.00526
 1241    0.00305   -0.00336   -0.00541
 1242    0.00286   -0.00220   -0.00481
 1243    0.00248   -0.00153   -0.00470
 1244    0.00285   -0.00185   -0.00430
 1245    0.00178   -0.00029   -0.00445
 1246    0.00257   -0.00098   -0.00434
 1247    0.00215   -0.00020   -0.00422
 1248    0.00301   -0.00442   -0.00489
 1249    0.00321   -0.00439   -0.00477
 1250    0.00291   -0.00390   -0.00473
 1251    0.00266   -0.00372   -0.00452
 1252    0.00304   -0.00496   -0.00485
 1253    0.00267   -0.00463   -0.00440
 1254    0.00304   -0.00535   -0.00459
 1255    0.00220   -0.00495   -0.00392
 1256    0.00278   -0.00369   -0.00486
 1257    0.00227   -0.00316   -0.00480
 1258    0.00167   -0.00313   -0.00426
 1259    0.00170   -0.00318   -0.00391
 1260    0.00230   -0.00276   -0.00481
 1261    0.00154   -0.00230   -0.00466
 1262    0.00168   -0.00225   -0.00471
 1263    0.00130   -0.00161   -0.00463
 1264    0.00110   -0.00296   -0.00422
 1265   -0.00002   -0.00270   -0.00379
 1266   -0.00089   -0.00205   -0.00342
 1267   -0.00081   -0.00205   -0.00366
 1268   -0.00023   -0.00284   -0.00369
 1269    0.00039   -0.00311   -0.00382
 1270    0.00096   -0.00348   -0.00403
 1271    0.00007   -0.00330   -0.00367
 1272    0.00115   -0.00380   -0.00405
 1273    0.00034   -0.00372   -0.00391
 1274    0.00069   -0.00407   -0.00384
 1275   -0.00173   -0.00135   -0.00299
 1276   -0.00245   -0.00049   -0.00242
 1277   -0.00368    0.00080   -0.00146
 1278   -0.00342    0.00078   -0.00088
 1279   -0.00155   -0.00017   -0.00278
 1280   -0.00166    0.00005   -0.00289
 1281   -0.00066   -0.00020   -0.00351
 1282   -0.00266    0.00099   -0.00211
 1283   -0.00474    0.00142   -0.00089
 1284   -0.00636    0.00248    0.00004
 1285   -0.00796    0.00373    0.00080
 1286   -0.00724    0.00346    0.00028
 1287   -0.00783    0.00275    0.00066
 1288   -0.00966    0.00348    0.00089
 1289   -0.01045    0.00451    0.00196
 1290   -0.00940    0.00271    0.00073
 1291   -0.00868    0.00450    0.00164
 1292   -0.00869    0.00553    0.00293
 1293   -0.00968    0.00688    0.00584
 1294   -0.00896    0.00696    0.00651
 1295   -0.00651    0.00524    0.00344
 1296   -0.00709    0.00624    0.00585
 1297   -0.00503    0.00384    0.00059
 1298   -0.01171    0.00869    0.00683
 1299   -0.01334    0.01016    0.01104
 1300   -0.01252    0.01024    0.00786
 1301   -0.01309    0.01048    0.01014
 1302   -0.01257    0.00970    0.01491
 1303   -0.01515    0.00965    0.02191
 1304   -0.02085    0.00832    0.02596
 1305   -0.01363    0.01016    0.02478
 1306   -0.01305    0.00932    0.00566
 1307   -0.01396    0.00912    0.00435
 1308   -0.01241    0.00720    0.00321
 1309   -0.01285    0.00701    0.00256
 1310   -0.01075    0.00645    0.00347
 1311   -0.00929    0.00510    0.00257
 1312   -0.00829    0.00386    0.00155
 1313   -0.00762    0.00374    0.00177
 1314   -0.00821    0.00544    0.00426
 1315   -0.00905    0.00654    0.00523
 1316   -0.00919    0.00586    0.00454
 1317   -0.01036    0.00815    0.00733
 1318   -0.01026    0.00703    0.00607
 1319   -0.01101    0.00855    0.00774
 1320   -0.00669    0.00258    0.00025
 1321   -0.00561    0.00096   -0.00063
 1322   -0.00373    0.00031   -0.00059
 1323   -0.00325    0.00008   -0.00065
 1324   -0.00557    0.00005   -0.00156
 1325   -0.00378   -0.00129   -0.00246
 1326   -0.00375   -0.00118   -0.00224
 1327   -0.00348   -0.00221   -0.00301
 1328   -0.00273    0.00024   -0.00061
 1329   -0.00120   -0.00053   -0.00064
 1330   -0.00024   -0.00177   -0.00196
 1331   -0.00068   -0.00185   -0.00235
 1332   -0.00069   -0.00002    0.00045
 1333   -0.00115    0.00159    0.00213
 1334   -0.00015    0.00107    0.00287
 1335   -0.00313    0.00308    0.00329
 1336   -0.00048    0.00219    0.00497
 1337   -0.00388    0.00427    0.00533
 1338   -0.00236    0.00417    0.00646
 1339   -0.00308    0.00530    0.00871
 1340    0.00095   -0.00302   -0.00207
 1341    0.00175   -0.00385   -0.00259
 1342    0.00265   -0.00376   -0.00259
 1343    0.00319   -0.00382   -0.00196
 1344    0.00166   -0.00419   -0.00275
 1345    0.00216   -0.00474   -0.00311
 1346    0.00178   -0.00508   -0.00292
 1347    0.00221   -0.00554   -0.00287
 1348    0.00101   -0.00492   -0.00271
 1349    0.00282   -0.00353   -0.00364
 1350    0.00337   -0.00362   -0.00369
 1351    0.00373   -0.00433   -0.00418
 1352    0.00341   -0.00426   -0.00456
 1353    0.00310   -0.00281   -0.00396
 1354    0.00252   -0.00163   -0.00329
 1355    0.00232   -0.00098   -0.00379
 1356    0.00283   -0.00141   -0.00197
 1357    0.00403   -0.00487   -0.00410
 1358    0.00435   -0.00559   -0.00442
 1359    0.00481   -0.00577   -0.00403
 1360    0.00490   -0.00591   -0.00357
 1361    0.00419   -0.00583   -0.00393
 1362    0.00400   -0.00624   -0.00424
 1363    0.00333   -0.00618   -0.00392
 1364    0.00432   -0.00623   -0.00454
 1365    0.00499   -0.00575   -0.00428
 1366    0.00563   -0.00664   -0.00419
 1367    0.00583   -0.00783   -0.00436
 1368    0.00548   -0.00850   -0.00380
 1369    0.00532   -0.00711   -0.00432
 1370    0.00508   -0.00696   -0.00406
 1371    0.00518   -0.00614   -0.00349
 1372    0.00487   -0.00541   -0.00298
 1373    0.00471   -0.00645   -0.00411
 1374    0.00463   -0.00699   -0.00425
 1375    0.00399   -0.00583   -0.00430
 1376    0.00386   -0.00528   -0.00381
 1377    0.00283   -0.00419   -0.00359
 1378    0.00193   -0.00446   -0.00324
 1379    0.00235   -0.00286   -0.00386
 1380    0.00555   -0.00597   -0.00315
 1381    0.00550   -0.00554   -0.00219
 1382    0.00559   -0.00515   -0.00200
 1383    0.00571   -0.00567   -0.00254
 1384    0.00518   -0.00569   -0.00218
 1385    0.00437   -0.00571   -0.00215
 1386    0.00358   -0.00516   -0.00173
 1387    0.00391   -0.00503   -0.00008
 1388    0.00607   -0.00444   -0.00126
 1389    0.00671   -0.00453   -0.00111
 1390    0.00666   -0.00550   -0.00116
 1391    0.00638   -0.00572   -0.00142
 1392    0.00688   -0.00343   -0.00061
 1393    0.00509   -0.00267   -0.00027
 1394    0.00554   -0.00320   -0.00120
 1395    0.00668   -0.00501   -0.00085
 1396    0.00622   -0.00471   -0.00046
 1397    0.00509   -0.00410   -0.00007
 1398    0.00535   -0.00468   -0.00039
 1399    0.00755   -0.00378    0.00203
 1400    0.00659   -0.00391    0.00222
 1401    0.00577   -0.00369    0.00265
 1402    0.00654   -0.00293    0.00263
 1403    0.00490   -0.00362    0.00287
 1404    0.00550   -0.00199    0.00264
 1405    0.00515   -0.00264    0.00289
 1406    0.00588   -0.00309    0.00050
 1407    0.00471   -0.00264    0.00034
 1408    0.00472   -0.00364    0.00163
 1409    0.00524   -0.00365    0.00286
 1410    0.00485   -0.00157    0.00087
 1411    0.00626   -0.00127    0.00097
 1412    0.00669   -0.00175    0.00148
 1413    0.00400   -0.00415    0.00080
 1414    0.00348   -0.00435    0.00126
 1415    0.00203   -0.00304    0.00098
 1416    0.00133   -0.00259   -0.00005
 1417    0.00315   -0.00521    0.00056
 1418    0.00218   -0.00582    0.00086
 1419    0.00356   -0.00560    0.00027
 1420    0.00162   -0.00250    0.00218
 1421   -0.00025   -0.00144    0.00222
 1422   -0.00102   -0.00183    0.00081
 1423   -0.00040   -0.00237    0.00149
 1424   -0.00067   -0.00028    0.00383
 1425   -0.00301    0.00181    0.00391
 1426   -0.00442    0.00177    0.00241
 1427   -0.00349    0.00333    0.00585
 1428   -0.00216   -0.00157   -0.00042
 1429   -0.00288   -0.00203   -0.00197
 1430   -0.00478   -0.00101   -0.00238
 1431   -0.00511   -0.00117   -0.00348
 1432   -0.00234   -0.00263   -0.00303
 1433   -0.00127   -0.00333   -0.00274
 1434   -0.00084   -0.00439   -0.00292
 1435   -0.00058   -0.00360   -0.00254
 1436   -0.00021   -0.00471   -0.00251
 1437    0.00017   -0.00434   -0.00254
 1438   -0.00567    0.00015   -0.00091
 1439   -0.00799    0.00141   -0.00064
 1440   -0.00969    0.00228   -0.00065
 1441   -0.00852    0.00243   -0.00035
 1442   -0.01180    0.00343   -0.00105
 1443   -0.01356    0.00467   -0.00098
 1444   -0.01202    0.00387   -0.00109
 1445   -0.01115    0.00249   -0.00184
 1446   -0.01657    0.00583   -0.00164
 1447   -0.01181    0.00439   -0.00014
 1448   -0.01082    0.00345    0.00012
 1449   -0.01224    0.00445    0.00076
 1450   -0.01249    0.00526    0.00119
 1451   -0.00861    0.00203   -0.00050
 1452   -0.00761    0.00111   -0.00051
 1453   -0.01099    0.00350    0.00167
 1454   -0.01262    0.00356    0.00182
 1455   -0.01104    0.00268    0.00162
 1456   -0.00899    0.00170    0.00123
 1457   -0.01354    0.00315    0.00247
 1458   -0.01677    0.00366    0.00276
 1459   -0.01291    0.00342    0.00199
 1460   -0.01099    0.00276    0.00152
 1461   -0.01018    0.00158    0.00166
 1462   -0.00889    0.00015    0.00101
 1463   -0.01161    0.00397    0.00264
 1464   -0.01123    0.00451    0.00300
 1465   -0.00929    0.00365    0.00169
 1466   -0.00907    0.00344    0.00146
 1467   -0.00766    0.00311    0.00079
 1468   -0.01200    0.00165    0.00154
 1469   -0.01378   -0.00053    0.00044
 1470   -0.01336   -0.00124   -0.00027
 1471   -0.01111   -0.00220   -0.00104
 1472   -0.01913   -0.00082    0.00024
 1473   -0.02329    0.00169    0.00039
 1474   -0.01840    0.00239    0.00122
 1475   -0.03779    0.00475   -0.00008
 1476   -0.01159    0.00049   -0.00010
 1477   -0.01047    0.00031   -0.00160
 1478   -0.00798   -0.00017   -0.00178
 1479   -0.00666   -0.00004   -0.00242
 1480   -0.01076    0.00044   -0.00136
 1481   -0.00997    0.00112   -0.00003
 1482   -0.01296    0.00071   -0.00065
 1483   -0.00766   -0.00117   -0.00125
 1484   -0.00624   -0.00126   -0.00120
 1485   -0.00491   -0.00203   -0.00280
 1486   -0.00420   -0.00239   -0.00286
 1487   -0.00584   -0.00106   -0.00117
 1488   -0.00435   -0.00125   -0.00164
 1489   -0.00476   -0.00050   -0.00142
 1490   -0.00344   -0.00138   -0.00187
 1491   -0.00412   -0.00244   -0.00365
 1492   -0.00137   -0.00300   -0.00399
 1493   -0.00058   -0.00271   -0.00450
 1494   -0.00044   -0.00248   -0.00419
 1495    0.00018   -0.00366   -0.00233
 1496    0.00087   -0.00391   -0.00143
 1497    0.00245   -0.00417   -0.00014
 1498    0.00135   -0.00253   -0.00122
 1499   -0.00087   -0.00190   -0.00549
 1500   -0.00034   -0.00059   -0.00599
 1501   -0.00098   -0.00146   -0.00565
 1502   -0.00076   -0.00138   -0.00570
 1503   -0.00026    0.00138   -0.00770
 1504    0.00168    0.00155   -0.00892
 1505   -0.00115    0.00214   -0.00959
 1506    0.00150    0.00596   -0.01277
 1507    0.00547    0.00786   -0.01653
 1508   -0.00394   -0.00188   -0.00462
 1509   -0.00398   -0.00181   -0.00448
 1510   -0.00297   -0.00262   -0.00407
 1511   -0.00259   -0.00293   -0.00420
 1512   -0.00561   -0.00115   -0.00315
 1513   -0.00697   -0.00012   -0.00277
 1514   -0.00743    0.00056   -0.00177
 1515   -0.00655   -0.00023   -0.00381
 1516   -0.00282   -0.00247   -0.00369
 1517   -0.00171   -0.00285   -0.00353
 1518   -0.00110   -0.00309   -0.00357
 1519   -0.00081   -0.00332   -0.00346
 1520   -0.00167   -0.00259   -0.00342
 1521   -0.00113   -0.00282   -0.00370
 1522   -0.00105   -0.00248   -0.00308
 1523   -0.00098   -0.00253   -0.00315
 1524   -0.00057   -0.00268   -0.00215
 1525   -0.00056   -0.00156   -0.00298
 1526   -0.00105   -0.00258   -0.00441
 1527   -0.00104   -0.00283   -0.00491
 1528   -0.00033   -0.00332   -0.00425
 1529   -0.00031   -0.00357   -0.00396
 1530   -0.00084   -0.00253   -0.00601
 1531   -0.00080   -0.00291   -0.00664
 1532   -0.00128   -0.00283   -0.00797
 1533   -0.00072   -0.00371   -0.00897
 1534    0.00036   -0.00371   -0.01142
 1535   -0.00080   -0.00350   -0.00422
 1536   -0.00043   -0.00404   -0.00391
 1537    0.00004   -0.00426   -0.00294
 1538   -0.00013   -0.00463   -0.00246
 1539   -0.00076   -0.00399   -0.00382
 1540   -0.00041   -0.00456   -0.00344
 1541   -0.00132   -0.00392   -0.00426
 1542    0.00012   -0.00390   -0.00266
 1543    0.00071   -0.00369   -0.00152
 1544    0.00036   -0.00393   -0.00071
 1545    0.00060   -0.00417    0.00016
 1546    0.00050   -0.00301   -0.00106
 1547    0.00096   -0.00305   -0.00230
 1548   -0.00003   -0.00350   -0.00093
 1549    0.00001   -0.00347   -0.00050
 1550   -0.00017   -0.00399   -0.00102
 1551    0.00006   -0.00398   -0.00048
 1552   -0.00066   -0.00321   -0.00078
 1553   -0.00056   -0.00224   -0.00019
 1554   -0.00001   -0.00163   -0.00014
 1555    0.00000   -0.00161   -0.00196
 1556   -0.00020   -0.00114   -0.00355
 1557   -0.00034   -0.00065   -0.00337
 1558   -0.00048   -0.00150   -0.00544
 1559   -0.00056   -0.00464   -0.00207
 1560   -0.00146   -0.00520   -0.00237
 1561   -0.00204   -0.00539   -0.00168
 1562   -0.00352   -0.00611   -0.00125
 1563   -0.00147   -0.00530   -0.00311
 1564   -0.00125   -0.00506   -0.00384
 1565   -0.00143   -0.00517   -0.00428
 1566   -0.00133   -0.00521   -0.00387
 1567   -0.00145   -0.00531   -0.00523
 1568   -0.00107   -0.00534   -0.00122
 1569   -0.00114   -0.00551   -0.00075
 1570   -0.00124   -0.00533    0.00078
 1571   -0.00278   -0.00546    0.00184
 1572   -0.00011   -0.00517   -0.00079
 1573   -0.00008   -0.00513   -0.00180
 1574    0.00003   -0.00494   -0.00202
 1575   -0.00022   -0.00530   -0.00203
 1576    0.00035   -0.00508   -0.00225
 1577    0.00013   -0.00524   -0.00221
 1578    0.00066   -0.00526   -0.00218
 1579    0.00020   -0.00522    0.00183
 1580    0.00142   -0.00479    0.00443
 1581   -0.00020   -0.00452    0.00455
 1582   -0.00179   -0.00492    0.00724
 1583    0.00363   -0.00392    0.00619
 1584    0.00358   -0.00407    0.00552
 1585    0.00842    0.00189    0.00874
 1586   -0.00079   -0.00469    0.00227
 1587   -0.00201   -0.00510    0.00200
 1588   -0.00590   -0.00705    0.00284
 1589   -0.00851   -0.00776    0.00399
 1590   -0.00210   -0.00542    0.00014
 1591   -0.00010   -0.00358    0.00006
 1592    0.00011   -0.00380   -0.00234
 1593    0.00131   -0.00420   -0.00339
 1594   -0.00099   -0.00434   -0.00301
 1595   -0.00599   -0.00744    0.00230
 1596   -0.00828   -0.00826    0.00315
 1597   -0.01088   -0.00824    0.00543
 1598   -0.01342   -0.01028    0.00717
 1599   -0.00747   -0.00731    0.00192
 1600   -0.00717   -0.00738    0.00043
 1601   -0.00516   -0.00669    0.00124
 1602   -0.00400   -0.00585    0.00043
 1603   -0.00336   -0.00583   -0.00082
 1604   -0.00359   -0.00609   -0.00150
 1605   -0.00266   -0.00570   -0.00134
 1606   -0.00978   -0.00704    0.00628
 1607   -0.01121   -0.00686    0.00921
 1608   -0.01022   -0.00589    0.01239
 1609   -0.00776   -0.00428    0.01396
 1610   -0.00980   -0.00627    0.00790
 1611   -0.00980   -0.00641    0.00529
 1612   -0.01106   -0.00648    0.00595
 1613   -0.00853   -0.00583    0.00383
 1614   -0.01313   -0.00644    0.00867
 1615   -0.01156   -0.00690    0.01350
 1616   -0.01002   -0.00453    0.01786
 1617   -0.00697   -0.00035    0.02349
 1618   -0.00099    0.00371    0.02308
 1619   -0.01531   -0.00565    0.02148
 1620   -0.01294    0.00139    0.03486
 1621   -0.01247    0.01525    0.05670
 1622   -0.00955    0.01114    0.04906
 1623   -0.00250    0.02833    0.07482
 1624   -0.00998    0.00319    0.03273
 1625   -0.00954    0.00343    0.03293
 1626   -0.00148    0.00248    0.03102
 1627    0.00493    0.00113    0.02510
 1628   -0.01194    0.00081    0.02382
 1629   -0.01114    0.00112    0.02156
 1630   -0.01477    0.00244    0.02654
 1631   -0.01423    0.00852    0.03938
 1632   -0.01818    0.00446    0.02845
 1633   -0.00138    0.00604    0.03786
 1634    0.00646    0.00498    0.03634
 1635    0.00393    0.00015    0.02709
 1636    0.00929   -0.00366    0.02445
 1637    0.01984    0.04084    0.07311
 1638    0.04634    0.09087    0.09439
 1639    0.06985    0.11232    0.13932
 1640   -0.00198    0.00095    0.02473
 1641   -0.00271   -0.00322    0.01429
 1642    0.00021   -0.00483    0.00856
 1643   -0.00208   -0.00460    0.00544
 1644   -0.00514    0.00062    0.01354
 1645    0.00451   -0.00552    0.00981
 1646    0.00642   -0.00502    0.00557
 1647    0.00822   -0.00496    0.00585
 1648    0.00903   -0.00512    0.01014
 1649    0.00835   -0.00439    0.00600
 1650    0.00607   -0.00492    0.00560
 1651    0.00430   -0.00472    0.00840
 1652    0.00350   -0.00493    0.00280
 1653    0.00073   -0.00485    0.00790
 1654    0.00057   -0.00501    0.00268
 1655   -0.00018   -0.00531    0.00439
 1656    0.00731   -0.00358    0.00177
 1657    0.00586   -0.00122    0.00228
 1658    0.00485    0.00003    0.00077
 1659    0.00476   -0.00206   -0.00105
 1660    0.00391    0.00003    0.00061
 1661    0.00364   -0.00119    0.00171
 1662    0.00366    0.00205    0.00042
 1663    0.00319    0.00160   -0.00125
 1664    0.00234    0.00240   -0.00166
 1665    0.00240    0.00307   -0.00139
 1666    0.00227    0.00035   -0.00045
 1667    0.00264    0.00147   -0.00249
 1668    0.00207    0.00128   -0.00296
 1669    0.00218    0.00014   -0.00317
 1670    0.00199   -0.00077   -0.00339
 1671    0.00192    0.00129   -0.00340
 1672    0.00168    0.00249   -0.00330
 1673    0.00205    0.00050   -0.00395
 1674    0.00198   -0.00037   -0.00313
 1675    0.00176   -0.00145   -0.00295
 1676    0.00170   -0.00194   -0.00355
 1677    0.00163   -0.00228   -0.00372
 1678    0.00160   -0.00167   -0.00184
 1679    0.00149   -0.00231   -0.00369
 1680    0.00127   -0.00292   -0.00412
 1681    0.00112   -0.00360   -0.00332
 1682    0.00077   -0.00332   -0.00261
 1683    0.00138   -0.00256   -0.00460
 1684    0.00141   -0.00270   -0.00511
 1685    0.00175   -0.00293   -0.00609
 1686    0.00135   -0.00211   -0.00520
 1687    0.00124   -0.00468   -0.00341
 1688    0.00098   -0.00578   -0.00245
 1689    0.00099   -0.00741   -0.00307
 1690    0.00125   -0.00761   -0.00473
 1691    0.00117   -0.00584   -0.00148
 1692    0.00100   -0.00527   -0.00200
 1693    0.00047   -0.00858   -0.00164
 1694   -0.00000   -0.01027   -0.00224
 1695   -0.00060   -0.01224   -0.00182
 1696   -0.00123   -0.01340   -0.00001
 1697   -0.00078   -0.01078   -0.00116
 1698   -0.00110   -0.01202   -0.00172
 1699   -0.00178   -0.01244   -0.00071
 1700   -0.00194   -0.01306   -0.00146
 1701   -0.00219   -0.01309   -0.00060
 1702   -0.00064   -0.01295   -0.00353
 1703   -0.00196   -0.01536   -0.00405
 1704   -0.00347   -0.01978   -0.00387
 1705   -0.00859   -0.02728   -0.00497
 1706   -0.00211   -0.01563   -0.00556
 1707   -0.00396   -0.02037   -0.00406
 1708   -0.01137   -0.02943   -0.00417
 1709   -0.04632   -0.09697   -0.02075
 1710    0.05727    0.06590    0.01430
 1711   -0.01226   -0.02820   -0.00166
