    1    0.03246   -0.04190    0.04211
    2    0.02825   -0.03754    0.03325
    3    0.01768   -0.02894    0.01932
    4    0.01315   -0.02544    0.01462
    5    0.03516   -0.03454    0.03941
    6    0.04197   -0.04023    0.04349
    7    0.07331   -0.03800    0.06406
    8    0.04815   -0.03737    0.04333
    9    0.01631   -0.02761    0.01697
   10    0.01147   -0.02367    0.01094
   11    0.00951   -0.01897    0.00892
   12    0.01128   -0.02038    0.01146
   13    0.01192   -0.03076    0.00832
   14    0.01450   -0.03982    0.01117
   15    0.01152   -0.04847    0.00905
   16    0.01117   -0.05787    0.01301
   17    0.01122   -0.03765    0.00064
   18    0.00688   -0.01482    0.00613
   19    0.00556   -0.01184    0.00538
   20    0.00530   -0.01447    0.00232
   21    0.00588   -0.01869    0.00097
   22    0.00394   -0.00858    0.00385
   23    0.00552   -0.00702    0.00572
   24    0.00351   -0.00653    0.00300
   25    0.00853   -0.00584    0.00895
   26    0.00368   -0.01177    0.00157
   27    0.00314   -0.01149   -0.00114
   28    0.00097   -0.01070   -0.00400
   29    0.00003   -0.00940   -0.00361
   30    0.00342   -0.00957   -0.00161
   31    0.00524   -0.01134    0.00021
   32    0.00399   -0.00911   -0.00127
   33    0.00540   -0.00983    0.00099
   34    0.01001   -0.01420    0.00175
   35    0.00131   -0.01134   -0.00654
   36   -0.00100   -0.01053   -0.00900
   37   -0.00111   -0.00795   -0.00941
   38    0.00096   -0.00598   -0.00924
   39   -0.00551   -0.01148   -0.01623
   40   -0.00789   -0.01260   -0.02028
   41    0.00178   -0.01111   -0.00886
   42   -0.00254   -0.00751   -0.00744
   43   -0.00284   -0.00502   -0.00670
   44   -0.00193   -0.00445   -0.00642
   45   -0.00327   -0.00568   -0.00564
   46   -0.00394   -0.00532   -0.00491
   47   -0.00438   -0.00411   -0.00436
   48   -0.00321   -0.00241   -0.00408
   49   -0.00276   -0.00342   -0.00287
   50    0.00053   -0.00171   -0.00732
   51    0.00127   -0.00101   -0.00710
   52   -0.00201   -0.00091   -0.00373
   53   -0.00308   -0.00094   -0.00357
   54    0.00061    0.00043   -0.00784
   55   -0.00084    0.00104   -0.00732
   56   -0.00242    0.00272   -0.01115
   57   -0.00135    0.00346   -0.01530
   58   -0.00294    0.00354   -0.01197
   59   -0.00292    0.00048   -0.00214
   60   -0.00581    0.00074   -0.00085
   61   -0.00605    0.00242   -0.00017
   62   -0.00606    0.00358    0.00095
   63   -0.00772    0.00170    0.00018
   64   -0.00943    0.00374    0.00226
   65   -0.00693    0.00284    0.00156
   66   -0.01114    0.00360    0.00251
   67   -0.00594    0.00232   -0.00104
   68   -0.00518    0.00251   -0.00201
   69   -0.00537    0.00221   -0.00201
   70   -0.00520    0.00172   -0.00232
   71   -0.00476    0.00227   -0.00462
   72   -0.00481    0.00219   -0.00615
   73   -0.00445    0.00177   -0.00457
   74   -0.00522    0.00202   -0.00893
   75   -0.00648    0.00310   -0.00068
   76   -0.00647    0.00212   -0.00040
   77   -0.00492    0.00055   -0.00216
   78   -0.00487   -0.00006   -0.00190
   79   -0.00593    0.00162   -0.00054
   80   -0.00610    0.00399   -0.00019
   81   -0.00586    0.00407    0.00038
   82   -0.00489    0.00058   -0.00350
   83   -0.00407   -0.00064   -0.00470
   84   -0.00308   -0.00140   -0.00468
   85   -0.00266   -0.00183   -0.00433
   86   -0.00436   -0.00136   -0.00614
   87   -0.00370   -0.00258   -0.00679
   88   -0.00500   -0.00242   -0.00876
   89   -0.00639   -0.00286   -0.00941
   90   -0.00478   -0.00262   -0.00944
   91   -0.00338   -0.00058   -0.00535
   92   -0.00296   -0.00041   -0.00537
   93   -0.00309   -0.00077   -0.00399
   94   -0.00244   -0.00114   -0.00371
   95   -0.00268   -0.00009   -0.00579
   96   -0.00274    0.00052   -0.00735
   97   -0.00298    0.00121   -0.00852
   98   -0.00183    0.00058   -0.00781
   99   -0.00390   -0.00043   -0.00304
  100   -0.00430   -0.00052   -0.00213
  101   -0.00390   -0.00088   -0.00208
  102   -0.00340   -0.00147   -0.00181
  103   -0.00547    0.00029   -0.00123
  104   -0.00584    0.00042   -0.00110
  105   -0.00503   -0.00113   -0.00205
  106   -0.00679    0.00155   -0.00028
  107   -0.00400   -0.00132   -0.00235
  108   -0.00315   -0.00241   -0.00264
  109   -0.00135   -0.00231   -0.00351
  110   -0.00004   -0.00241   -0.00406
  111   -0.00351   -0.00301   -0.00258
  112   -0.00461   -0.00254   -0.00166
  113   -0.00495   -0.00203   -0.00094
  114   -0.00444   -0.00276   -0.00137
  115   -0.00186   -0.00182   -0.00395
  116   -0.00064   -0.00178   -0.00437
  117    0.00098   -0.00092   -0.00336
  118    0.00225   -0.00043   -0.00354
  119   -0.00110   -0.00108   -0.00444
  120   -0.00142   -0.00108   -0.00536
  121   -0.00199   -0.00143   -0.00669
  122   -0.00325   -0.00166   -0.00767
  123   -0.00364   -0.00249   -0.00847
  124   -0.00013   -0.00077   -0.00280
  125    0.00018   -0.00102   -0.00179
  126    0.00065   -0.00095   -0.00185
  127    0.00224   -0.00044   -0.00170
  128   -0.00104   -0.00177   -0.00153
  129   -0.00025   -0.00173   -0.00124
  130   -0.00163   -0.00180   -0.00208
  131   -0.00021   -0.00116   -0.00223
  132    0.00033   -0.00110   -0.00288
  133    0.00257   -0.00137   -0.00343
  134    0.00418   -0.00094   -0.00361
  135   -0.00113   -0.00179   -0.00249
  136   -0.00264   -0.00185   -0.00146
  137   -0.00384   -0.00211   -0.00121
  138   -0.00321   -0.00120   -0.00144
  139    0.00260   -0.00158   -0.00381
  140    0.00493   -0.00172   -0.00406
  141    0.00744   -0.00042   -0.00387
  142    0.00996   -0.00022   -0.00440
  143    0.00481   -0.00217   -0.00454
  144    0.00356   -0.00391   -0.00494
  145    0.00154   -0.00338   -0.00537
  146    0.00399   -0.00515   -0.00438
  147   -0.00091   -0.00520   -0.00544
  148    0.00282   -0.00674   -0.00418
  149    0.00054   -0.00615   -0.00465
  150   -0.00049   -0.00698   -0.00438
  151    0.00654   -0.00003   -0.00357
  152    0.00822    0.00049   -0.00264
  153    0.00906    0.00124   -0.00174
  154    0.01041    0.00244   -0.00154
  155    0.00560    0.00008   -0.00136
  156    0.00476    0.00006   -0.00109
  157    0.00187   -0.00011   -0.00058
  158    0.00045    0.00033   -0.00132
  159   -0.00046    0.00061   -0.00055
  160   -0.00065    0.00097    0.00125
  161   -0.00297    0.00174   -0.00156
  162    0.00786    0.00122   -0.00148
  163    0.00798    0.00242   -0.00174
  164    0.00979    0.00228   -0.00241
  165    0.01043    0.00431   -0.00346
  166    0.00610    0.00153   -0.00138
  167    0.00492    0.00092   -0.00092
  168    0.00274   -0.00009   -0.00130
  169    0.00660    0.00233   -0.00024
  170    0.01036    0.00066   -0.00352
  171    0.01142    0.00157   -0.00470
  172    0.00912    0.00107   -0.00433
  173    0.00931    0.00255   -0.00486
  174    0.00625   -0.00035   -0.00373
  175    0.00445   -0.00027   -0.00350
  176    0.00417   -0.00193   -0.00305
  177    0.00447   -0.00313   -0.00323
  178    0.00172   -0.00072   -0.00308
  179   -0.00011   -0.00099   -0.00258
  180    0.00171    0.00022   -0.00299
  181    0.00346   -0.00138   -0.00330
  182    0.00325   -0.00315   -0.00359
  183    0.00120   -0.00368   -0.00320
  184    0.00020   -0.00259   -0.00318
  185    0.00513   -0.00194   -0.00412
  186    0.00051   -0.00620   -0.00319
  187   -0.00088   -0.00718   -0.00242
  188   -0.00098   -0.00836   -0.00229
  189   -0.00058   -0.00834   -0.00263
  190   -0.00149   -0.00842   -0.00046
  191   -0.00142   -0.00840    0.00096
  192   -0.00198   -0.00727    0.00163
  193   -0.00177   -0.00696    0.00306
  194    0.00000   -0.00999    0.00146
  195    0.00054   -0.01155    0.00079
  196    0.00551   -0.01374    0.00055
  197    0.00880   -0.01320    0.00127
  198    0.00833   -0.01544   -0.00093
  199   -0.00239   -0.00678    0.00022
  200   -0.00315   -0.00572    0.00059
  201   -0.00362   -0.00492    0.00060
  202   -0.00331   -0.00454   -0.00048
  203   -0.00381   -0.00523    0.00028
  204   -0.00307   -0.00584    0.00024
  205   -0.00222   -0.00634   -0.00041
  206   -0.00283   -0.00641    0.00081
  207   -0.00181   -0.00687    0.00021
  208   -0.00195   -0.00724    0.00071
  209   -0.00291   -0.00607    0.00148
  210   -0.00125   -0.00714    0.00176
  211   -0.00212   -0.00640    0.00202
  212   -0.00110   -0.00705    0.00193
  213   -0.00438   -0.00413    0.00179
  214   -0.00515   -0.00317    0.00172
  215   -0.00580   -0.00189    0.00241
  216   -0.00519   -0.00182    0.00357
  217   -0.00460   -0.00357    0.00139
  218   -0.00316   -0.00503    0.00053
  219   -0.00255   -0.00519   -0.00154
  220   -0.00157   -0.00599   -0.00200
  221   -0.00077   -0.00687   -0.00253
  222   -0.00033   -0.00791   -0.00257
  223   -0.00053   -0.00704   -0.00297
  224   -0.00619   -0.00148    0.00158
  225   -0.00675   -0.00014    0.00211
  226   -0.00638    0.00073    0.00264
  227   -0.00575   -0.00008    0.00147
  228   -0.00735    0.00056    0.00152
  229   -0.00748    0.00018    0.00104
  230   -0.00657   -0.00045    0.00059
  231   -0.00807    0.00045    0.00143
  232   -0.00677   -0.00053    0.00002
  233   -0.00840   -0.00018    0.00088
  234   -0.00780   -0.00068   -0.00003
  235   -0.00590    0.00205    0.00413
  236   -0.00440    0.00442    0.00541
  237   -0.00456    0.00584    0.00611
  238   -0.00523    0.00494    0.00627
  239   -0.00201    0.00493    0.00673
  240    0.00133    0.00978    0.00814
  241   -0.00184    0.00381    0.00532
  242   -0.00404    0.00832    0.00652
  243   -0.00373    0.01140    0.00676
  244   -0.00010    0.01610    0.01077
  245    0.00358    0.01729    0.01251
  246   -0.00268    0.01315    0.00640
  247   -0.00455    0.01234    0.00478
  248   -0.00420    0.01272    0.00248
  249   -0.00646    0.01065    0.00461
  250   -0.00176    0.01677    0.01091
  251    0.00216    0.01933    0.01315
  252    0.00377    0.02391    0.01518
  253    0.00006    0.02273    0.01268
  254   -0.00101    0.01472    0.00937
  255    0.00272    0.01578    0.01213
  256   -0.00095    0.01063    0.00824
  257    0.01062    0.02864    0.02182
  258    0.01165    0.03388    0.02902
  259    0.01223    0.03407    0.03215
  260    0.01052    0.03701    0.03420
  261    0.01599    0.03877    0.03505
  262    0.01786    0.03875    0.03445
  263    0.02318    0.04226    0.03822
  264    0.01261    0.03859    0.03657
  265    0.01325    0.03188    0.02849
  266    0.01018    0.03323    0.03210
  267    0.00920    0.02791    0.02401
  268    0.00794    0.02367    0.01962
  269    0.00802    0.02622    0.02047
  270    0.00436    0.02095    0.01314
  271    0.01022    0.02082    0.01201
  272    0.00822    0.01621    0.00590
  273   -0.00200    0.01409    0.00997
  274   -0.00839    0.01029    0.00788
  275   -0.01198    0.00512    0.00539
  276   -0.00795    0.00771    0.00576
  277    0.01654    0.02639    0.01742
  278    0.02401    0.02692    0.01568
  279    0.02993    0.02810    0.01379
  280    0.02853    0.02791    0.01574
  281    0.03220    0.03229    0.02169
  282    0.02661    0.03780    0.03042
  283    0.02959    0.03991    0.03377
  284    0.03738    0.04460    0.03495
  285    0.02362    0.03953    0.03475
  286    0.03614    0.02750    0.01013
  287    0.04312    0.02807    0.00843
  288    0.05134    0.03053    0.01510
  289    0.05117    0.02874    0.01474
  290    0.05071    0.02772    0.00569
  291    0.04516    0.02425   -0.00415
  292    0.04163    0.02340   -0.00451
  293    0.04759    0.02749   -0.00648
  294    0.03166    0.02072   -0.00300
  295    0.06439    0.03727    0.02082
  296    0.06959    0.04503    0.02652
  297    0.05387    0.04257    0.02597
  298    0.05559    0.04655    0.02797
  299    0.08030    0.05865    0.03734
  300    0.04431    0.03896    0.02512
  301    0.03576    0.03739    0.02470
  302    0.03202    0.03155    0.01974
  303    0.02876    0.03091    0.02007
  304    0.02921    0.03736    0.02842
  305    0.02950    0.04362    0.03495
  306    0.03025    0.02654    0.01662
  307    0.02843    0.02039    0.01294
  308    0.03405    0.02004    0.01304
  309    0.03040    0.01441    0.01068
  310    0.02492    0.01664    0.00894
  311    0.01945    0.01732    0.00835
  312    0.01704    0.01271    0.00189
  313    0.01253    0.01385    0.00872
  314    0.04419    0.02541    0.01435
  315    0.05748    0.02833    0.01335
  316    0.05289    0.03259    0.01786
  317    0.05373    0.03008    0.01514
  318    0.04254    0.03353    0.01959
  319    0.03741    0.03616    0.01990
  320    0.02809    0.02489    0.01489
  321    0.02402    0.02400    0.01374
  322    0.03573    0.04262    0.02360
  323    0.03131    0.03622    0.02169
  324    0.02402    0.01887    0.01336
  325    0.01578    0.01250    0.01110
  326    0.01451    0.00654    0.01033
  327    0.01975    0.00677    0.01275
  328    0.01299    0.00978    0.01087
  329    0.00693    0.00456    0.00857
  330    0.01178    0.01321    0.01178
  331    0.01082    0.00478    0.01015
  332    0.01150    0.00081    0.01167
  333    0.01288   -0.00180    0.01141
  334    0.00998   -0.00190    0.00965
  335    0.00770   -0.00042    0.00990
  336    0.00691    0.00398    0.00866
  337    0.00736    0.00681    0.00873
  338    0.01592   -0.00279    0.01255
  339    0.01753   -0.00497    0.01298
  340    0.01463   -0.00636    0.01058
  341    0.01510   -0.00745    0.01106
  342    0.02212   -0.00589    0.01816
  343    0.01121   -0.00602    0.00804
  344    0.00844   -0.00497    0.00638
  345    0.00535   -0.00409    0.00507
  346    0.00447   -0.00508    0.00520
  347    0.00709   -0.00532    0.00496
  348    0.00748   -0.00669    0.00501
  349    0.01069   -0.00770    0.00671
  350    0.00410   -0.00295    0.00494
  351    0.00129   -0.00270    0.00404
  352   -0.00184   -0.00226    0.00312
  353   -0.00234   -0.00196    0.00328
  354    0.00255   -0.00148    0.00453
  355   -0.00408   -0.00296    0.00272
  356   -0.00544   -0.00309    0.00195
  357   -0.00699   -0.00277    0.00182
  358   -0.00809   -0.00267    0.00147
  359   -0.00546   -0.00345    0.00145
  360   -0.00624   -0.00358    0.00122
  361   -0.00723   -0.00235    0.00202
  362   -0.00855   -0.00217    0.00151
  363   -0.00827   -0.00134    0.00179
  364   -0.00727   -0.00094    0.00235
  365   -0.00928   -0.00256    0.00105
  366   -0.00882   -0.00140    0.00155
  367   -0.00889   -0.00050    0.00174
  368   -0.01009   -0.00083    0.00158
  369   -0.01044   -0.00176    0.00142
  370   -0.00765   -0.00008    0.00135
  371   -0.00701    0.00131    0.00199
  372   -0.00581    0.00287    0.00273
  373   -0.00616    0.00145    0.00132
  374   -0.01043   -0.00064    0.00167
  375   -0.01115   -0.00122    0.00152
  376   -0.01142   -0.00043    0.00176
  377   -0.01146    0.00081    0.00164
  378   -0.01072   -0.00121    0.00139
  379   -0.01011   -0.00166    0.00101
  380   -0.01070   -0.00285    0.00081
  381   -0.00910   -0.00068    0.00031
  382   -0.01147   -0.00160    0.00151
  383   -0.01167   -0.00159    0.00138
  384   -0.01091   -0.00318    0.00077
  385   -0.01079   -0.00406    0.00136
  386   -0.01121   -0.00257    0.00090
  387   -0.01088   -0.00312    0.00057
  388   -0.01193   -0.00108    0.00176
  389   -0.01059   -0.00421    0.00073
  390   -0.01083   -0.00264    0.00051
  391   -0.01009   -0.00372    0.00026
  392   -0.00988   -0.00535   -0.00058
  393   -0.01026   -0.00500   -0.00094
  394   -0.00991   -0.00222    0.00026
  395   -0.00920   -0.00283   -0.00048
  396   -0.00859   -0.00319   -0.00137
  397   -0.00866   -0.00368   -0.00117
  398   -0.00885   -0.00668   -0.00093
  399   -0.00759   -0.00743   -0.00205
  400   -0.00577   -0.00800   -0.00221
  401   -0.00613   -0.00799   -0.00165
  402   -0.00777   -0.00758   -0.00182
  403   -0.00735   -0.00719   -0.00096
  404   -0.00561   -0.00800   -0.00154
  405   -0.00829   -0.00664   -0.00003
  406   -0.00487   -0.00777   -0.00070
  407   -0.00789   -0.00673    0.00027
  408   -0.00633   -0.00723    0.00046
  409   -0.00325   -0.00843   -0.00319
  410   -0.00043   -0.00771   -0.00421
  411   -0.00027   -0.00866   -0.00450
  412    0.00026   -0.00933   -0.00465
  413    0.00216   -0.00678   -0.00555
  414   -0.00115   -0.00889   -0.00681
  415   -0.00333   -0.00899   -0.00470
  416   -0.00032   -0.00830   -0.00381
  417   -0.00060   -0.00945   -0.00359
  418    0.00272   -0.00903   -0.00415
  419    0.00546   -0.00817   -0.00396
  420   -0.00263   -0.00999   -0.00252
  421   -0.00299   -0.01035   -0.00146
  422   -0.00338   -0.00963   -0.00060
  423   -0.00522   -0.01089   -0.00083
  424    0.00466   -0.00972   -0.00523
  425    0.00935   -0.00982   -0.00700
  426    0.00903   -0.01129   -0.00605
  427    0.00859   -0.01002   -0.00378
  428    0.00848   -0.01106   -0.00891
  429    0.00629   -0.01178   -0.00806
  430    0.00941   -0.00697   -0.00832
  431    0.01324   -0.01372   -0.00796
  432    0.01639   -0.01415   -0.00671
  433    0.01432   -0.01327   -0.00642
  434    0.01554   -0.01269   -0.00458
  435    0.02075   -0.01687   -0.00851
  436    0.01235   -0.01298   -0.00794
  437    0.01047   -0.01217   -0.00753
  438    0.00823   -0.01073   -0.00530
  439    0.00794   -0.00964   -0.00382
  440    0.00930   -0.01297   -0.00914
  441    0.00765   -0.01280   -0.00820
  442    0.00933   -0.01356   -0.00832
  443    0.01225   -0.01386   -0.00833
  444    0.00773   -0.01486   -0.00908
  445    0.00687   -0.01030   -0.00502
  446    0.00507   -0.00912   -0.00236
  447    0.00697   -0.00837   -0.00080
  448    0.00580   -0.00681    0.00086
  449    0.00318   -0.00902   -0.00267
  450    0.00100   -0.00778   -0.00098
  451    0.00060   -0.00706   -0.00000
  452   -0.00080   -0.00722   -0.00014
  453   -0.00154   -0.00624    0.00114
  454   -0.00249   -0.00614    0.00115
  455    0.00951   -0.00865   -0.00081
  456    0.01121   -0.00766    0.00141
  457    0.01292   -0.00678    0.00238
  458    0.01347   -0.00457    0.00412
  459    0.01394   -0.00787    0.00142
  460    0.01211   -0.00660    0.00134
  461    0.00718   -0.00670    0.00019
  462    0.00569   -0.00651    0.00172
  463    0.00481   -0.00767   -0.00009
  464    0.01353   -0.00774    0.00087
  465    0.01418   -0.00713    0.00152
  466    0.01053   -0.00559    0.00245
  467    0.01038   -0.00370    0.00448
  468    0.01519   -0.00992   -0.00139
  469    0.01933   -0.01211   -0.00174
  470    0.02160   -0.01414   -0.00131
  471    0.02088   -0.01342   -0.00216
  472    0.00819   -0.00620    0.00137
  473    0.00481   -0.00489    0.00239
  474    0.00490   -0.00239    0.00472
  475    0.00476   -0.00051    0.00694
  476    0.00286   -0.00632    0.00118
  477    0.00029   -0.00538    0.00252
  478   -0.00016   -0.00507    0.00294
  479   -0.00089   -0.00494    0.00306
  480   -0.00225   -0.00453    0.00363
  481   -0.00248   -0.00480    0.00394
  482   -0.00276   -0.00436    0.00418
  483    0.00539   -0.00256    0.00438
  484    0.00436    0.00043    0.00559
  485    0.00586    0.00302    0.00694
  486    0.00480    0.00477    0.00853
  487    0.00424   -0.00130    0.00536
  488    0.00099   -0.00272    0.00369
  489   -0.00114   -0.00276    0.00450
  490   -0.00347   -0.00381    0.00389
  491   -0.00505   -0.00423    0.00364
  492   -0.00459   -0.00363    0.00388
  493   -0.00668   -0.00480    0.00326
  494    0.00840    0.00282    0.00638
  495    0.01052    0.00516    0.00744
  496    0.00889    0.00752    0.00921
  497    0.00869    0.00951    0.01050
  498    0.01391    0.00232    0.00775
  499    0.01687   -0.00011    0.00808
  500    0.01822    0.00260    0.00874
  501    0.02482   -0.00448    0.01663
  502    0.03398   -0.01027    0.01979
  503    0.00853    0.00582    0.01026
  504    0.00816    0.00659    0.01362
  505    0.00682    0.00605    0.01506
  506    0.00740    0.00663    0.01809
  507    0.00787    0.00610    0.01446
  508    0.00570    0.00424    0.01290
  509    0.00462    0.00306    0.01318
  510    0.00451    0.00330    0.01374
  511    0.00486    0.00153    0.01564
  512    0.00261    0.00165    0.01006
  513    0.00099   -0.00018    0.00956
  514   -0.00089   -0.00186    0.00780
  515   -0.00139   -0.00128    0.00681
  516   -0.00242   -0.00324    0.00715
  517    0.00435    0.00472    0.01195
  518    0.00394    0.00380    0.01132
  519    0.00567    0.00413    0.01365
  520    0.00555    0.00133    0.01416
  521    0.00449    0.00446    0.00916
  522    0.00337    0.00321    0.00761
  523    0.00475    0.00351    0.00882
  524    0.00476    0.00353    0.00657
  525    0.00685    0.00692    0.01435
  526    0.00802    0.00837    0.01645
  527    0.00933    0.00771    0.02034
  528    0.01061    0.00999    0.02288
  529    0.00861    0.01241    0.01600
  530    0.00870    0.01353    0.01356
  531    0.00911    0.01182    0.01067
  532    0.00830    0.00865    0.01042
  533    0.01029    0.01295    0.00986
  534    0.00913    0.00477    0.02056
  535    0.01247    0.00315    0.02388
  536    0.01470   -0.00077    0.02370
  537    0.01866   -0.00334    0.02752
  538    0.01090    0.00277    0.02552
  539    0.01336    0.00202    0.03034
  540    0.01285   -0.00088    0.02671
  541    0.00918   -0.00125    0.02077
  542    0.01893   -0.00119    0.02823
  543    0.01183   -0.00150    0.01989
  544    0.01284   -0.00457    0.01735
  545    0.01115   -0.00695    0.01835
  546    0.00917   -0.00995    0.01598
  547    0.00925   -0.00393    0.01497
  548    0.00934   -0.00405    0.01355
  549    0.00926   -0.00369    0.01418
  550    0.00345   -0.00454    0.01161
  551    0.01246   -0.00587    0.02101
  552    0.01218   -0.00858    0.01884
  553    0.01248   -0.01927    0.01566
  554    0.00962   -0.02630    0.01305
  555    0.01539   -0.00714    0.02345
  556    0.01724   -0.02502    0.01573
  557    0.02971   -0.06460    0.00919
  558    0.03256   -0.05275    0.00970
  559    0.08782   -0.12979   -0.01560
  560    0.01829   -0.02425    0.01543
  561    0.01915   -0.02170    0.01437
  562    0.01438   -0.02469    0.01642
  563    0.01158   -0.03013    0.01890
  564    0.01463   -0.01419    0.01476
  565    0.00881   -0.01408    0.01531
  566    0.00560   -0.01053    0.01375
  567    0.00675   -0.00897    0.01247
  568    0.00202   -0.01015    0.01311
  569    0.01202   -0.02070    0.01514
  570    0.00851   -0.01967    0.01750
  571    0.00428   -0.01612    0.01723
  572    0.00350   -0.01323    0.01395
  573    0.00783   -0.01855    0.01610
  574    0.00389   -0.01575    0.01886
  575    0.00364   -0.01569    0.02494
  576    0.00658   -0.01890    0.02833
  577    0.00133   -0.01287    0.02608
  578    0.00260   -0.01754    0.01846
  579   -0.00043   -0.01519    0.01708
  580   -0.00124   -0.01419    0.01938
  581   -0.00012   -0.01621    0.02278
  582   -0.00121   -0.01596    0.01687
  583   -0.00242   -0.01018    0.01288
  584   -0.00010   -0.01366    0.01520
  585   -0.00250   -0.01176    0.01802
  586   -0.00234   -0.01024    0.02165
  587   -0.00289   -0.00951    0.02307
  588   -0.00437   -0.00756    0.01815
  589   -0.00483   -0.00962    0.02019
  590   -0.00640   -0.01024    0.02362
  591   -0.00341   -0.00990    0.02664
  592   -0.00204   -0.00510    0.02898
  593   -0.00606   -0.00492    0.02670
  594   -0.00934    0.00104    0.01996
  595    0.00117   -0.00379    0.03969
  596   -0.00327   -0.00722    0.04016
  597   -0.00182   -0.00769    0.03340
  598   -0.00909   -0.00778    0.02567
  599   -0.01184   -0.00757    0.02217
  600   -0.01169   -0.00555    0.01417
  601   -0.01417   -0.00301    0.00859
  602   -0.01286   -0.01125    0.02299
  603   -0.01782   -0.01506    0.02402
  604   -0.03149   -0.02605    0.03641
  605   -0.01981   -0.01607    0.02619
  606   -0.03816   -0.03518    0.04879
  607   -0.00974   -0.00534    0.01313
  608   -0.01021   -0.00381    0.00789
  609   -0.01148   -0.00205    0.00364
  610   -0.01100   -0.00045    0.00377
  611   -0.00824   -0.00454    0.00782
  612   -0.00932   -0.00335    0.00499
  613   -0.00796   -0.00626    0.00973
  614   -0.01214   -0.00172    0.00047
  615   -0.01272    0.00241   -0.00351
  616   -0.01117    0.00068   -0.00228
  617   -0.01104   -0.00074   -0.00143
  618   -0.01222    0.00222   -0.00485
  619   -0.00920    0.00390   -0.00617
  620   -0.00852    0.00327   -0.00547
  621   -0.00691    0.00769   -0.00833
  622   -0.00590    0.00391   -0.00597
  623   -0.00406    0.00871   -0.00918
  624   -0.00348    0.00713   -0.00757
  625   -0.00070    0.00777   -0.00745
  626   -0.01098    0.00209   -0.00266
  627   -0.01102   -0.00005   -0.00189
  628   -0.01081    0.00040   -0.00364
  629   -0.01048    0.00239   -0.00537
  630   -0.01125   -0.00066    0.00017
  631   -0.01235   -0.00169   -0.00038
  632   -0.01241   -0.00287    0.00030
  633   -0.01263   -0.00147   -0.00050
  634   -0.01176   -0.00320    0.00074
  635   -0.01293   -0.00236   -0.00025
  636   -0.01268   -0.00311    0.00040
  637   -0.01000   -0.00066   -0.00335
  638   -0.00888    0.00012   -0.00433
  639   -0.00956   -0.00209   -0.00294
  640   -0.00985   -0.00283   -0.00224
  641   -0.00670    0.00122   -0.00440
  642   -0.00660   -0.00063   -0.00323
  643   -0.00424    0.00010   -0.00293
  644   -0.00226    0.00048   -0.00281
  645   -0.00936   -0.00174   -0.00322
  646   -0.01009   -0.00306   -0.00250
  647   -0.00822   -0.00379   -0.00234
  648   -0.00656   -0.00316   -0.00249
  649   -0.01116   -0.00254   -0.00331
  650   -0.01292   -0.00197   -0.00400
  651   -0.01433   -0.00164   -0.00544
  652   -0.01544   -0.00155   -0.00601
  653   -0.01807   -0.00158   -0.00798
  654   -0.00847   -0.00508   -0.00199
  655   -0.00687   -0.00633   -0.00167
  656   -0.00634   -0.00709   -0.00157
  657   -0.00748   -0.00739   -0.00142
  658   -0.00728   -0.00757   -0.00154
  659   -0.00621   -0.00848   -0.00125
  660   -0.00688   -0.00935   -0.00124
  661   -0.00774   -0.00908   -0.00130
  662   -0.00618   -0.01106   -0.00109
  663   -0.00426   -0.00743   -0.00089
  664   -0.00323   -0.00819    0.00007
  665   -0.00064   -0.01124    0.00120
  666    0.00028   -0.01451    0.00238
  667   -0.00283   -0.00715    0.00005
  668   -0.00117   -0.00558    0.00017
  669   -0.00558   -0.00561   -0.00163
  670    0.00048   -0.01042    0.00184
  671    0.00252   -0.01244    0.00342
  672    0.00120   -0.01462    0.00207
  673   -0.00045   -0.01299    0.00010
  674    0.00437   -0.00932    0.00489
  675    0.00602   -0.00710    0.00625
  676    0.00633   -0.00992    0.00650
  677    0.00754   -0.00511    0.00653
  678    0.00294   -0.01982    0.00307
  679    0.00342   -0.02263    0.00011
  680    0.00277   -0.02037   -0.00091
  681    0.00347   -0.01789    0.00112
  682   -0.00074   -0.01698   -0.00501
  683   -0.00110   -0.01436   -0.00527
  684   -0.00124   -0.01194   -0.00361
  685   -0.00102   -0.01094   -0.00375
  686    0.00069   -0.01557   -0.00542
  687    0.00075   -0.01650   -0.00881
  688   -0.00286   -0.01609   -0.01056
  689    0.00238   -0.02095   -0.00914
  690   -0.00210   -0.01083   -0.00257
  691   -0.00225   -0.00876   -0.00166
  692   -0.00429   -0.00767   -0.00203
  693   -0.00451   -0.00613   -0.00181
  694   -0.00069   -0.00834    0.00002
  695   -0.00184   -0.00891   -0.00022
  696   -0.00552   -0.00853   -0.00256
  697   -0.00687   -0.00780   -0.00206
  698   -0.00694   -0.00693   -0.00218
  699   -0.00762   -0.00576   -0.00136
  700   -0.00779   -0.00813   -0.00171
  701   -0.00697   -0.00860   -0.00278
  702   -0.00594   -0.00663   -0.00295
  703   -0.00609   -0.00547   -0.00247
  704   -0.00565   -0.00500   -0.00190
  705   -0.00672   -0.00420   -0.00170
  706   -0.00470   -0.00482   -0.00203
  707   -0.00441   -0.00373   -0.00155
  708   -0.00528   -0.00346   -0.00147
  709   -0.00495   -0.00269   -0.00176
  710   -0.00191   -0.00368   -0.00107
  711   -0.00123   -0.00376   -0.00078
  712   -0.00016   -0.00245   -0.00095
  713   -0.00579   -0.00406   -0.00147
  714   -0.00678   -0.00384   -0.00116
  715   -0.00813   -0.00400   -0.00103
  716   -0.00838   -0.00346   -0.00124
  717   -0.00718   -0.00511   -0.00119
  718   -0.00541   -0.00554   -0.00129
  719   -0.00791   -0.00459   -0.00107
  720   -0.00388   -0.00395   -0.00099
  721   -0.00847   -0.00457   -0.00097
  722   -0.00952   -0.00412   -0.00040
  723   -0.00922   -0.00347   -0.00078
  724   -0.00984   -0.00326   -0.00039
  725   -0.00792   -0.00316   -0.00137
  726   -0.00734   -0.00238   -0.00158
  727   -0.00713   -0.00201   -0.00178
  728   -0.00736   -0.00174   -0.00165
  729   -0.00598   -0.00237   -0.00166
  730   -0.00604   -0.00211   -0.00172
  731   -0.00688   -0.00176   -0.00180
  732   -0.00429   -0.00172   -0.00159
  733   -0.00610   -0.00181   -0.00222
  734   -0.00581   -0.00118   -0.00218
  735   -0.00761   -0.00130   -0.00202
  736   -0.00752   -0.00053   -0.00233
  737   -0.00446   -0.00075   -0.00243
  738   -0.00186   -0.00003   -0.00230
  739   -0.00417    0.00087   -0.00340
  740   -0.00039    0.00060   -0.00194
  741   -0.00869   -0.00224   -0.00137
  742   -0.00993   -0.00212   -0.00120
  743   -0.01026   -0.00223   -0.00077
  744   -0.01102   -0.00226   -0.00067
  745   -0.01049   -0.00275   -0.00070
  746   -0.01044   -0.00280   -0.00089
  747   -0.01049   -0.00335   -0.00075
  748   -0.01040   -0.00242   -0.00150
  749   -0.01052   -0.00349   -0.00089
  750   -0.01042   -0.00266   -0.00146
  751   -0.01000   -0.00247   -0.00050
  752   -0.00982   -0.00272   -0.00027
  753   -0.00887   -0.00219   -0.00059
  754   -0.00888   -0.00229   -0.00032
  755   -0.00975   -0.00287   -0.00013
  756   -0.00792   -0.00157   -0.00126
  757   -0.00683   -0.00056   -0.00159
  758   -0.00712    0.00082   -0.00215
  759   -0.00664    0.00128   -0.00240
  760   -0.00482    0.00033   -0.00243
  761   -0.00342    0.00190   -0.00321
  762   -0.00442   -0.00054   -0.00192
  763   -0.00755    0.00142   -0.00273
  764   -0.00770    0.00281   -0.00347
  765   -0.00985    0.00102   -0.00192
  766   -0.01075    0.00045   -0.00192
  767   -0.00776    0.00192   -0.00369
  768   -0.01109   -0.00085   -0.00088
  769   -0.01227   -0.00159   -0.00054
  770   -0.01207   -0.00211    0.00017
  771   -0.01290   -0.00228    0.00097
  772   -0.01242   -0.00210    0.00004
  773   -0.01243   -0.00237   -0.00020
  774   -0.01314   -0.00286    0.00001
  775   -0.01167   -0.00205   -0.00067
  776   -0.00989   -0.00132   -0.00033
  777   -0.00820   -0.00159   -0.00035
  778   -0.00564    0.00072   -0.00191
  779   -0.00481    0.00081   -0.00161
  780   -0.00778   -0.00201   -0.00004
  781   -0.00872   -0.00269    0.00074
  782   -0.00868   -0.00252    0.00110
  783   -0.00914   -0.00302    0.00066
  784   -0.00579    0.00287   -0.00248
  785   -0.00348    0.00436   -0.00391
  786   -0.00276    0.00442   -0.00424
  787   -0.00094    0.00471   -0.00437
  788   -0.00282    0.00663   -0.00463
  789   -0.00320    0.00770   -0.00464
  790   -0.00182    0.01083   -0.00580
  791    0.00069    0.01408   -0.00787
  792   -0.00305    0.01034   -0.00618
  793   -0.00407    0.00396   -0.00403
  794   -0.00370    0.00282   -0.00303
  795   -0.00264    0.00115   -0.00189
  796   -0.00158   -0.00026   -0.00208
  797   -0.00455    0.00263   -0.00266
  798   -0.00696    0.00062    0.00107
  799   -0.00578    0.00027    0.00082
  800   -0.00726   -0.00031    0.00097
  801   -0.00251    0.00038   -0.00135
  802   -0.00223   -0.00179   -0.00088
  803   -0.00217   -0.00168   -0.00101
  804   -0.00115   -0.00287   -0.00108
  805   -0.00281   -0.00344   -0.00024
  806   -0.00273   -0.00283    0.00022
  807   -0.00360   -0.00318    0.00055
  808   -0.00420   -0.00276    0.00116
  809   -0.00627   -0.00226    0.00187
  810   -0.00247   -0.00027   -0.00151
  811   -0.00201   -0.00062   -0.00207
  812   -0.00069    0.00107   -0.00266
  813   -0.00062    0.00319   -0.00247
  814   -0.00317   -0.00053   -0.00178
  815   -0.00374   -0.00234   -0.00137
  816   -0.00470   -0.00242   -0.00058
  817   -0.00440   -0.00210   -0.00121
  818   -0.00015    0.00156   -0.00223
  819    0.00088    0.00418   -0.00231
  820    0.00263    0.00418   -0.00347
  821    0.00165    0.00276   -0.00397
  822    0.00467    0.00749   -0.00445
  823    0.00753    0.00833   -0.00566
  824    0.01087    0.00896   -0.00590
  825    0.01179    0.01134   -0.00609
  826    0.00805    0.01066   -0.00609
  827    0.00541    0.00959   -0.00576
  828    0.00484    0.00724   -0.00563
  829    0.00396    0.01006   -0.00579
  830    0.00287    0.00611   -0.00493
  831    0.00260    0.00839   -0.00526
  832    0.00168    0.00697   -0.00512
  833    0.01274    0.00680   -0.00619
  834    0.01776    0.00735   -0.00683
  835    0.02112    0.01205   -0.00699
  836    0.01967    0.01425   -0.00691
  837    0.02003    0.00333   -0.00737
  838    0.01966    0.00351   -0.00671
  839    0.02117    0.00123   -0.00677
  840    0.02290   -0.00202   -0.00857
  841    0.02085    0.00151   -0.00622
  842    0.02750    0.01549   -0.00782
  843    0.03375    0.02149   -0.00922
  844    0.03540    0.01952   -0.00717
  845    0.04040    0.01643   -0.00656
  846    0.04915    0.03013   -0.01132
  847    0.03218    0.02073   -0.00705
  848    0.03411    0.01945   -0.00621
  849    0.02623    0.01451   -0.00635
  850    0.02728    0.01316   -0.00564
  851    0.02195    0.01309   -0.00668
  852    0.01774    0.01046   -0.00610
  853    0.01772    0.01171   -0.00549
  854    0.01836    0.01450   -0.00618
  855    0.01368    0.00999   -0.00634
  856    0.01110    0.00819   -0.00581
  857    0.01748    0.01015   -0.00438
  858    0.01795    0.01025   -0.00378
  859    0.01564    0.01010   -0.00400
  860    0.01591    0.01155   -0.00420
  861    0.01765    0.00884   -0.00107
  862    0.01675    0.00896   -0.00009
  863    0.01961    0.00859   -0.00018
  864    0.01242    0.00833   -0.00379
  865    0.01032    0.00781   -0.00397
  866    0.00998    0.01025   -0.00545
  867    0.00922    0.01140   -0.00590
  868    0.00659    0.00545   -0.00372
  869    0.00392    0.00482   -0.00381
  870    0.00344    0.00467   -0.00398
  871    0.00207    0.00191   -0.00371
  872    0.01027    0.01222   -0.00605
  873    0.00999    0.01561   -0.00750
  874    0.01238    0.01894   -0.00745
  875    0.01168    0.02148   -0.00808
  876    0.01126    0.01740   -0.00775
  877    0.01125    0.02092   -0.00858
  878    0.01478    0.02552   -0.00858
  879    0.01469    0.02444   -0.00918
  880    0.01960    0.03055   -0.01002
  881    0.01514    0.01924   -0.00673
  882    0.01780    0.02146   -0.00643
  883    0.01572    0.02045   -0.00644
  884    0.01527    0.02234   -0.00662
  885    0.02137    0.02104   -0.00611
  886    0.02384    0.02341   -0.00535
  887    0.02632    0.02881   -0.00480
  888    0.02440    0.03201   -0.00529
  889    0.03293    0.03231   -0.00178
  890    0.01419    0.01666   -0.00573
  891    0.01213    0.01486   -0.00553
  892    0.00995    0.01548   -0.00696
  893    0.00896    0.01652   -0.00759
  894    0.01099    0.01105   -0.00406
  895    0.00881    0.00964   -0.00401
  896    0.00960    0.00995   -0.00316
  897    0.00586    0.00861   -0.00464
  898    0.00750    0.00896   -0.00332
  899    0.00346    0.00659   -0.00430
  900    0.00466    0.00706   -0.00373
  901    0.00852    0.01490   -0.00717
  902    0.00554    0.01606   -0.00841
  903    0.00642    0.02013   -0.00961
  904    0.00493    0.02152   -0.01107
  905    0.00404    0.01453   -0.00830
  906    0.00266    0.00956   -0.00703
  907    0.00089    0.00763   -0.00605
  908    0.00026    0.00710   -0.00614
  909    0.00881    0.02292   -0.00880
  910    0.00956    0.02794   -0.01073
  911    0.01057    0.02857   -0.01086
  912    0.00976    0.03157   -0.01224
  913    0.01199    0.03036   -0.00993
  914    0.01331    0.03544   -0.01061
  915    0.01208    0.02635   -0.00951
  916    0.01308    0.02678   -0.00957
  917    0.01035    0.02473   -0.01092
  918    0.00996    0.02573   -0.01183
  919    0.01534    0.02453   -0.00833
  920    0.01931    0.02787   -0.00741
  921    0.02109    0.02528   -0.00611
  922    0.01961    0.02202   -0.00496
  923    0.02636    0.02779   -0.00560
  924    0.00805    0.02187   -0.01094
  925    0.00524    0.01947   -0.01170
  926    0.00281    0.02001   -0.01317
  927    0.00067    0.01686   -0.01362
  928    0.00478    0.01500   -0.00991
  929    0.00433    0.01382   -0.00901
  930    0.00663    0.01435   -0.00839
  931    0.00224    0.02370   -0.01398
  932    0.00195    0.02106   -0.01496
  933    0.00019    0.02065   -0.01769
  934   -0.00199    0.01563   -0.01758
  935    0.00152    0.02705   -0.01586
  936    0.00125    0.02119   -0.01414
  937   -0.00037    0.03296   -0.01842
  938   -0.00301    0.04580   -0.02270
  939    0.00026    0.02985   -0.01643
  940   -0.00068    0.02721   -0.01895
  941   -0.00393    0.03140   -0.02095
  942   -0.00402    0.02719   -0.02053
  943   -0.00803    0.03192   -0.02237
  944   -0.00317    0.04388   -0.02179
  945   -0.00233    0.02315   -0.01796
  946   -0.00354    0.02216   -0.01699
  947   -0.00709    0.01974   -0.01685
  948   -0.00821    0.01805   -0.01665
  949   -0.00088    0.01931   -0.01477
  950    0.00242    0.02180   -0.01493
  951    0.00440    0.01878   -0.01211
  952    0.00829    0.02311   -0.01235
  953   -0.00861    0.01890   -0.01706
  954   -0.01084    0.01589   -0.01640
  955   -0.00970    0.01189   -0.01336
  956   -0.00725    0.01142   -0.01253
  957   -0.01276    0.01681   -0.01790
  958   -0.01074    0.01552   -0.01667
  959   -0.01176    0.00897   -0.01185
  960   -0.01100    0.00500   -0.00889
  961   -0.00976    0.00494   -0.00893
  962   -0.00834    0.00414   -0.00777
  963   -0.01232    0.00321   -0.00707
  964   -0.01282    0.00491   -0.00705
  965   -0.01265    0.00870   -0.01072
  966   -0.01115    0.00588   -0.01036
  967   -0.01013    0.00505   -0.00985
  968   -0.00716    0.00645   -0.00958
  969   -0.00536    0.00496   -0.00779
  970   -0.01304    0.00572   -0.01137
  971   -0.01577    0.00272   -0.01164
  972   -0.01639    0.00283   -0.01273
  973   -0.01989   -0.00144   -0.01469
  974   -0.01518    0.00522   -0.01302
  975   -0.00624    0.00921   -0.01113
  976   -0.00293    0.01085   -0.01084
  977   -0.00081    0.00996   -0.00921
  978    0.00180    0.01037   -0.00806
  979   -0.00265    0.01439   -0.01317
  980   -0.00457    0.01608   -0.01508
  981   -0.00461    0.01534   -0.01481
  982   -0.00614    0.01906   -0.01776
  983   -0.00207    0.00873   -0.00924
  984   -0.00072    0.00769   -0.00791
  985   -0.00053    0.00527   -0.00597
  986    0.00149    0.00526   -0.00461
  987   -0.00247    0.00698   -0.00827
  988   -0.00207    0.00962   -0.01005
  989   -0.00470    0.00906   -0.01006
  990   -0.00483    0.01146   -0.01195
  991   -0.00796    0.01063   -0.01205
  992   -0.00973    0.00932   -0.01016
  993   -0.00801    0.01203   -0.01395
  994   -0.00234    0.00351   -0.00571
  995   -0.00214    0.00140   -0.00408
  996    0.00043    0.00168   -0.00309
  997    0.00193    0.00030   -0.00139
  998   -0.00468   -0.00007   -0.00427
  999    0.00086    0.00354   -0.00397
 1000    0.00332    0.00422   -0.00282
 1001    0.00598    0.00566   -0.00174
 1002    0.00823    0.00487    0.00039
 1003    0.00272    0.00645   -0.00456
 1004    0.00013    0.00504   -0.00531
 1005   -0.00028    0.00785   -0.00727
 1006   -0.00238    0.00692   -0.00784
 1007   -0.00720    0.00643   -0.00989
 1008    0.00596    0.00764   -0.00303
 1009    0.00815    0.00919   -0.00209
 1010    0.00868    0.00708   -0.00031
 1011    0.01044    0.00746    0.00155
 1012    0.00808    0.01130   -0.00410
 1013    0.00796    0.01463   -0.00635
 1014    0.00651    0.00483   -0.00070
 1015    0.00636    0.00289    0.00056
 1016    0.00786    0.00116    0.00235
 1017    0.00917    0.00052    0.00360
 1018    0.00334    0.00127   -0.00027
 1019    0.00320   -0.00026    0.00048
 1020    0.00302    0.00044    0.00017
 1021    0.00277   -0.00263    0.00122
 1022    0.00220   -0.00070    0.00021
 1023    0.00264   -0.00360    0.00154
 1024    0.00208   -0.00275    0.00088
 1025    0.00776    0.00036    0.00237
 1026    0.00958   -0.00157    0.00467
 1027    0.01307   -0.00031    0.00641
 1028    0.01516   -0.00167    0.00877
 1029    0.00897   -0.00263    0.00440
 1030    0.00650   -0.00373    0.00369
 1031    0.00474   -0.00470    0.00283
 1032    0.00185   -0.00443    0.00109
 1033    0.00738   -0.00533    0.00435
 1034    0.01360    0.00283    0.00586
 1035    0.01699    0.00532    0.00832
 1036    0.01740    0.00680    0.00871
 1037    0.02046    0.00927    0.01101
 1038    0.01751    0.00844    0.00736
 1039    0.01754    0.00760    0.00766
 1040    0.01691    0.01092    0.00519
 1041    0.01747    0.01077    0.00591
 1042    0.01864    0.01539    0.00537
 1043    0.01451    0.00540    0.00657
 1044    0.01387    0.00637    0.00624
 1045    0.01417    0.00443    0.00730
 1046    0.01221    0.00270    0.00660
 1047    0.01240    0.00703    0.00368
 1048    0.01339    0.00817    0.00335
 1049    0.01311    0.00733    0.00408
 1050    0.01499    0.01028    0.00167
 1051    0.01705    0.00491    0.01013
 1052    0.01737    0.00288    0.01132
 1053    0.01460    0.00359    0.00972
 1054    0.01295    0.00196    0.00898
 1055    0.02259    0.00297    0.01628
 1056    0.02806    0.00274    0.01982
 1057    0.02724   -0.00218    0.01833
 1058    0.02304   -0.00377    0.01441
 1059    0.04323   -0.00869    0.03116
 1060    0.01436    0.00583    0.00956
 1061    0.01251    0.00523    0.00758
 1062    0.00970    0.00367    0.00521
 1063    0.00873    0.00241    0.00479
 1064    0.01357    0.00653    0.00737
 1065    0.00989    0.00391    0.00397
 1066    0.00774    0.00287    0.00260
 1067    0.00725    0.00019    0.00325
 1068    0.00557   -0.00133    0.00269
 1069    0.00702    0.00320    0.00200
 1070    0.00857    0.00504    0.00122
 1071    0.00493    0.00143    0.00112
 1072    0.00800    0.00605   -0.00036
 1073    0.00825   -0.00089    0.00484
 1074    0.00879   -0.00348    0.00547
 1075    0.00874   -0.00311    0.00595
 1076    0.00779   -0.00438    0.00553
 1077    0.01069   -0.00376    0.00700
 1078    0.01001   -0.00353    0.00680
 1079    0.01281   -0.00387    0.00934
 1080    0.01713   -0.00436    0.01354
 1081    0.01221   -0.00368    0.00701
 1082    0.00982   -0.00143    0.00625
 1083    0.01000   -0.00074    0.00665
 1084    0.00677   -0.00126    0.00426
 1085    0.00448   -0.00167    0.00339
 1086    0.01141    0.00098    0.00780
 1087    0.00618   -0.00069    0.00351
 1088    0.00462   -0.00086    0.00199
 1089    0.00282   -0.00231    0.00120
 1090    0.00117   -0.00215    0.00032
 1091    0.00517   -0.00001    0.00106
 1092    0.00310   -0.00294    0.00133
 1093    0.00185   -0.00384    0.00055
 1094    0.00181   -0.00419    0.00066
 1095    0.00071   -0.00388   -0.00061
 1096    0.00219   -0.00451    0.00078
 1097    0.00090   -0.00552   -0.00007
 1098   -0.00103   -0.00547   -0.00161
 1099    0.00108   -0.00664   -0.00055
 1100   -0.00170   -0.00649   -0.00271
 1101   -0.00034   -0.00734   -0.00198
 1102    0.00328   -0.00433    0.00244
 1103    0.00325   -0.00456    0.00274
 1104    0.00177   -0.00354    0.00202
 1105    0.00133   -0.00367    0.00116
 1106    0.00542   -0.00521    0.00587
 1107    0.00553   -0.00635    0.00721
 1108    0.00699   -0.00819    0.00980
 1109    0.00428   -0.00636    0.00421
 1110    0.00142   -0.00271    0.00223
 1111   -0.00102   -0.00112    0.00038
 1112   -0.00215   -0.00124   -0.00155
 1113   -0.00265   -0.00031   -0.00275
 1114   -0.00060   -0.00021    0.00040
 1115   -0.00170   -0.00187   -0.00170
 1116   -0.00209   -0.00169   -0.00318
 1117   -0.00174   -0.00185   -0.00405
 1118   -0.00287   -0.00069   -0.00583
 1119   -0.00170   -0.00163   -0.00304
 1120   -0.00205   -0.00092   -0.00430
 1121   -0.00084   -0.00135   -0.00246
 1122   -0.00079   -0.00256   -0.00378
 1123   -0.00054   -0.00252   -0.00506
 1124   -0.00138   -0.00217   -0.00695
 1125   -0.00395   -0.00417   -0.01060
 1126    0.00063   -0.00412   -0.00397
 1127   -0.00241   -0.00169   -0.00595
 1128   -0.00703   -0.00091   -0.01079
 1129   -0.00614    0.00168   -0.01358
 1130   -0.00545    0.00464   -0.01627
 1131   -0.00870    0.00168   -0.00994
 1132   -0.00903    0.00488   -0.01270
 1133   -0.00466    0.00221   -0.00513
 1134   -0.00518    0.00303   -0.00682
 1135   -0.00259    0.00114   -0.00186
 1136   -0.00541    0.00177   -0.01178
 1137   -0.00562    0.00398   -0.01300
 1138   -0.00430    0.00434   -0.01259
 1139   -0.00431    0.00658   -0.01211
 1140   -0.00558    0.00240   -0.01135
 1141   -0.00722    0.00242   -0.01165
 1142   -0.00705    0.00279   -0.01240
 1143   -0.00658    0.00251   -0.01204
 1144   -0.00946    0.00406   -0.01407
 1145   -0.00446    0.00301   -0.01323
 1146   -0.00368    0.00436   -0.01441
 1147   -0.00297    0.00858   -0.01565
 1148   -0.00279    0.01499   -0.01487
 1149   -0.00274    0.00744   -0.01621
 1150   -0.00243    0.01363   -0.01541
 1151   -0.00173    0.00783   -0.01754
 1152   -0.00484   -0.00065   -0.01579
 1153    0.00064    0.01798   -0.02083
 1154    0.00389    0.00999   -0.02598
 1155    0.00071    0.00240   -0.02246
 1156    0.00125   -0.00142   -0.02548
 1157   -0.00029    0.00114   -0.01964
 1158   -0.01018    0.01615   -0.00836
 1159   -0.01818    0.00390   -0.00529
 1160   -0.00412    0.00910   -0.02085
 1161   -0.03729    0.04008   -0.00131
 1162   -0.27594    0.03628    0.21503
 1163    0.01654   -0.00442   -0.03281
 1164    0.01943   -0.00473   -0.03482
 1165    0.01767   -0.01520   -0.03431
 1166    0.02112   -0.01018   -0.03217
 1167    0.02021   -0.00378   -0.03418
 1168    0.01360    0.00964   -0.03275
 1169    0.01818    0.00882   -0.03510
 1170    0.01800    0.01778   -0.03946
 1171    0.01214    0.00837   -0.03816
 1172    0.00743    0.00179   -0.02913
 1173    0.01037    0.01306   -0.04176
 1174    0.00187   -0.01458   -0.02697
 1175   -0.00804   -0.01637   -0.02228
 1176   -0.01437   -0.00764   -0.02308
 1177   -0.05961    0.08414    0.00260
 1178   -0.02132    0.01308    0.00297
 1179   -0.00272   -0.02000   -0.03158
 1180   -0.01570   -0.00025   -0.03290
 1181   -0.03571    0.02392   -0.03483
 1182   -0.04371    0.04178   -0.02351
 1183   -0.00384   -0.02177   -0.04482
 1184   -0.00591   -0.01889   -0.04389
 1185   -0.00893   -0.00807   -0.03285
 1186   -0.00527   -0.01805   -0.04380
 1187   -0.05257    0.02838   -0.05263
 1188   -0.09616    0.06287   -0.07137
 1189   -0.06571    0.04620   -0.05537
 1190   -0.05027    0.02665   -0.05581
 1191   -0.15275    0.13817   -0.04899
 1192   -0.07195    0.06600   -0.04262
 1193   -0.05774    0.05938   -0.03836
 1194   -0.03467    0.03285   -0.03186
 1195   -0.02903    0.01476   -0.02894
 1196   -0.05034    0.07834   -0.02247
 1197   -0.03318    0.07134   -0.01755
 1198   -0.02517    0.05869   -0.01009
 1199   -0.01474    0.09669    0.00411
 1200   -0.00576    0.06586   -0.01278
 1201   -0.02639    0.03114   -0.02227
 1202   -0.01609    0.01607   -0.01431
 1203   -0.01303    0.00233   -0.01514
 1204   -0.01294   -0.00389   -0.01801
 1205   -0.01050    0.01122   -0.00598
 1206   -0.00434    0.01034   -0.00332
 1207   -0.01600    0.02404   -0.00404
 1208   -0.01277    0.00004   -0.01362
 1209   -0.01271   -0.00661   -0.00983
 1210   -0.00793   -0.00825   -0.00626
 1211   -0.00380   -0.00751   -0.00402
 1212   -0.01303   -0.00967   -0.00869
 1213   -0.02209   -0.00695   -0.01329
 1214   -0.02780   -0.01335   -0.01677
 1215   -0.02521   -0.00231   -0.01450
 1216   -0.00892   -0.01022   -0.00652
 1217   -0.00759   -0.00969   -0.00380
 1218   -0.00783   -0.01082   -0.00355
 1219   -0.00890   -0.01071   -0.00404
 1220   -0.00836   -0.00845   -0.00286
 1221   -0.00651   -0.00884   -0.00252
 1222   -0.00499   -0.00883   -0.00133
 1223   -0.00608   -0.00968   -0.00553
 1224   -0.00328   -0.00887   -0.00015
 1225   -0.00486   -0.00879   -0.00156
 1226   -0.00302   -0.00905    0.00386
 1227   -0.00812   -0.00870   -0.00142
 1228   -0.00848   -0.00896   -0.00055
 1229   -0.00886   -0.00661    0.00050
 1230   -0.00942   -0.00612    0.00064
 1231   -0.00752   -0.00818    0.00006
 1232   -0.00771   -0.00721    0.00086
 1233   -0.00843   -0.00847    0.00042
 1234   -0.00727   -0.00683    0.00157
 1235   -0.00838   -0.00765    0.00070
 1236   -0.00807   -0.00666    0.00129
 1237   -0.00899   -0.00668    0.00039
 1238   -0.00933   -0.00502    0.00053
 1239   -0.00997   -0.00559    0.00093
 1240   -0.00977   -0.00572    0.00095
 1241   -0.00864   -0.00524   -0.00030
 1242   -0.00818   -0.00414   -0.00031
 1243   -0.00719   -0.00566   -0.00187
 1244   -0.00900   -0.00208    0.00085
 1245   -0.00692   -0.00560   -0.00263
 1246   -0.00836   -0.00118    0.00016
 1247   -0.00748   -0.00226   -0.00094
 1248   -0.01050   -0.00484    0.00128
 1249   -0.01050   -0.00463    0.00148
 1250   -0.01104   -0.00404    0.00150
 1251   -0.01125   -0.00369    0.00138
 1252   -0.01015   -0.00488    0.00145
 1253   -0.01019   -0.00461    0.00141
 1254   -0.00967   -0.00578    0.00158
 1255   -0.00967   -0.00488    0.00138
 1256   -0.01119   -0.00373    0.00138
 1257   -0.01119   -0.00307    0.00128
 1258   -0.01083   -0.00309    0.00146
 1259   -0.01068   -0.00331    0.00154
 1260   -0.01137   -0.00321    0.00103
 1261   -0.01115   -0.00295    0.00092
 1262   -0.01083   -0.00277    0.00095
 1263   -0.01126   -0.00287    0.00066
 1264   -0.01054   -0.00274    0.00128
 1265   -0.00965   -0.00296    0.00115
 1266   -0.00974   -0.00298    0.00130
 1267   -0.00944   -0.00285    0.00097
 1268   -0.00869   -0.00316    0.00058
 1269   -0.00899   -0.00331    0.00057
 1270   -0.00950   -0.00284    0.00083
 1271   -0.00817   -0.00369    0.00020
 1272   -0.00983   -0.00342    0.00084
 1273   -0.00819   -0.00372    0.00027
 1274   -0.00897   -0.00392    0.00067
 1275   -0.00993   -0.00305    0.00154
 1276   -0.01027   -0.00309    0.00175
 1277   -0.00950   -0.00308    0.00221
 1278   -0.00891   -0.00360    0.00295
 1279   -0.01142   -0.00289    0.00161
 1280   -0.01147   -0.00304    0.00143
 1281   -0.01101   -0.00284    0.00102
 1282   -0.01138   -0.00310    0.00197
 1283   -0.00937   -0.00334    0.00242
 1284   -0.00875   -0.00392    0.00289
 1285   -0.01087   -0.00425    0.00379
 1286   -0.01152   -0.00400    0.00358
 1287   -0.00790   -0.00378    0.00326
 1288   -0.00647   -0.00450    0.00370
 1289   -0.00677   -0.00561    0.00473
 1290   -0.00506   -0.00395    0.00300
 1291   -0.01063   -0.00482    0.00499
 1292   -0.01104   -0.00562    0.00649
 1293   -0.00975   -0.00634    0.00984
 1294   -0.00792   -0.00688    0.01040
 1295   -0.01108   -0.00511    0.00746
 1296   -0.01178   -0.00619    0.00999
 1297   -0.01211   -0.00398    0.00436
 1298   -0.01079   -0.00612    0.01048
 1299   -0.01089   -0.00855    0.01545
 1300   -0.00726   -0.00823    0.01189
 1301   -0.00573   -0.01019    0.01393
 1302   -0.01013   -0.00977    0.01936
 1303   -0.01195   -0.01323    0.02648
 1304   -0.01643   -0.01654    0.03026
 1305   -0.01105   -0.01422    0.02891
 1306   -0.00699   -0.00746    0.00888
 1307   -0.00510   -0.00638    0.00742
 1308   -0.00364   -0.00667    0.00630
 1309   -0.00200   -0.00650    0.00540
 1310   -0.00464   -0.00681    0.00652
 1311   -0.00342   -0.00673    0.00581
 1312   -0.00449   -0.00579    0.00482
 1313   -0.00622   -0.00538    0.00512
 1314   -0.00320   -0.00750    0.00771
 1315   -0.00106   -0.00854    0.00860
 1316    0.00088   -0.00905    0.00796
 1317   -0.00115   -0.00934    0.01065
 1318    0.00195   -0.01026    0.00937
 1319    0.00075   -0.01048    0.01106
 1320   -0.00322   -0.00531    0.00333
 1321   -0.00420   -0.00469    0.00288
 1322   -0.00503   -0.00469    0.00354
 1323   -0.00407   -0.00507    0.00376
 1324   -0.00352   -0.00385    0.00141
 1325   -0.00379   -0.00348    0.00038
 1326   -0.00490   -0.00336    0.00066
 1327   -0.00305   -0.00301   -0.00110
 1328   -0.00668   -0.00429    0.00361
 1329   -0.00740   -0.00440    0.00411
 1330   -0.00794   -0.00401    0.00305
 1331   -0.00855   -0.00366    0.00249
 1332   -0.00805   -0.00460    0.00516
 1333   -0.00671   -0.00539    0.00641
 1334   -0.00532   -0.00621    0.00720
 1335   -0.00677   -0.00603    0.00717
 1336   -0.00389   -0.00784    0.00937
 1337   -0.00579   -0.00712    0.00917
 1338   -0.00433   -0.00797    0.01031
 1339   -0.00320   -0.00913    0.01280
 1340   -0.00769   -0.00398    0.00333
 1341   -0.00811   -0.00365    0.00304
 1342   -0.00921   -0.00369    0.00312
 1343   -0.00855   -0.00391    0.00356
 1344   -0.00747   -0.00365    0.00284
 1345   -0.00820   -0.00379    0.00268
 1346   -0.00745   -0.00407    0.00292
 1347   -0.00750   -0.00444    0.00319
 1348   -0.00705   -0.00390    0.00255
 1349   -0.01031   -0.00342    0.00219
 1350   -0.01087   -0.00350    0.00184
 1351   -0.01086   -0.00375    0.00148
 1352   -0.01098   -0.00392    0.00135
 1353   -0.01132   -0.00342    0.00133
 1354   -0.01125   -0.00320    0.00170
 1355   -0.01157   -0.00275    0.00086
 1356   -0.01057   -0.00358    0.00273
 1357   -0.01074   -0.00390    0.00137
 1358   -0.01013   -0.00443    0.00156
 1359   -0.01038   -0.00431    0.00110
 1360   -0.01071   -0.00394    0.00118
 1361   -0.00938   -0.00452    0.00229
 1362   -0.00892   -0.00542    0.00236
 1363   -0.00805   -0.00564    0.00252
 1364   -0.00901   -0.00551    0.00194
 1365   -0.01028   -0.00447    0.00044
 1366   -0.01017   -0.00455   -0.00012
 1367   -0.01015   -0.00506   -0.00044
 1368   -0.01074   -0.00485   -0.00091
 1369   -0.00942   -0.00517    0.00058
 1370   -0.00833   -0.00551    0.00101
 1371   -0.00810   -0.00436    0.00140
 1372   -0.00710   -0.00386    0.00088
 1373   -0.00765   -0.00610    0.00150
 1374   -0.00784   -0.00779    0.00135
 1375   -0.00654   -0.00878    0.00167
 1376   -0.00539   -0.00894    0.00145
 1377   -0.00394   -0.00871    0.00091
 1378   -0.00318   -0.00795    0.00120
 1379   -0.00196   -0.00928    0.00060
 1380   -0.00892   -0.00350    0.00182
 1381   -0.00843   -0.00283    0.00251
 1382   -0.01010   -0.00245    0.00161
 1383   -0.01183   -0.00203    0.00008
 1384   -0.00810   -0.00308    0.00354
 1385   -0.00663   -0.00317    0.00414
 1386   -0.00348   -0.00199    0.00557
 1387   -0.00283   -0.00162    0.00649
 1388   -0.00984   -0.00184    0.00193
 1389   -0.01244   -0.00119    0.00050
 1390   -0.01188   -0.00090    0.00060
 1391   -0.01138   -0.00113   -0.00037
 1392   -0.01093   -0.00134    0.00138
 1393   -0.00490   -0.00148    0.00417
 1394   -0.00645   -0.00153    0.00364
 1395   -0.01076   -0.00234    0.00289
 1396   -0.00989   -0.00300    0.00353
 1397   -0.00886   -0.00351    0.00440
 1398   -0.00823   -0.00357    0.00468
 1399   -0.00677   -0.00576    0.00688
 1400   -0.00423   -0.00664    0.00829
 1401   -0.00357   -0.00619    0.00927
 1402   -0.00379   -0.00878    0.00806
 1403   -0.00121   -0.00525    0.01015
 1404   -0.00172   -0.00818    0.00874
 1405   -0.00029   -0.00545    0.00999
 1406   -0.00847   -0.00378    0.00473
 1407   -0.00779   -0.00419    0.00524
 1408   -0.00500   -0.00582    0.00739
 1409   -0.00321   -0.00681    0.00876
 1410   -0.00734   -0.00480    0.00597
 1411   -0.00746   -0.00442    0.00573
 1412   -0.00773   -0.00418    0.00539
 1413   -0.00508   -0.00511    0.00649
 1414   -0.00297   -0.00467    0.00691
 1415   -0.00229   -0.00542    0.00632
 1416   -0.00400   -0.00498    0.00566
 1417   -0.00358   -0.00447    0.00630
 1418   -0.00217   -0.00443    0.00675
 1419   -0.00443   -0.00337    0.00655
 1420   -0.00018   -0.00641    0.00747
 1421    0.00023   -0.00698    0.00731
 1422    0.00108   -0.00698    0.00589
 1423    0.00399   -0.00783    0.00741
 1424    0.00263   -0.00804    0.00811
 1425    0.00119   -0.00920    0.00828
 1426    0.00084   -0.00826    0.00673
 1427    0.00156   -0.00969    0.00890
 1428   -0.00086   -0.00596    0.00466
 1429   -0.00118   -0.00507    0.00293
 1430    0.00117   -0.00587    0.00211
 1431    0.00060   -0.00508    0.00072
 1432   -0.00249   -0.00460    0.00147
 1433   -0.00341   -0.00426    0.00205
 1434   -0.00305   -0.00478    0.00204
 1435   -0.00449   -0.00348    0.00249
 1436   -0.00436   -0.00428    0.00264
 1437   -0.00494   -0.00362    0.00270
 1438    0.00187   -0.00656    0.00334
 1439    0.00263   -0.00716    0.00320
 1440    0.00212   -0.00648    0.00307
 1441    0.00033   -0.00592    0.00301
 1442    0.00345   -0.00686    0.00285
 1443    0.00280   -0.00636    0.00321
 1444    0.00214   -0.00472    0.00194
 1445    0.00319   -0.00411    0.00089
 1446    0.00468   -0.00688    0.00292
 1447    0.00049   -0.00408    0.00235
 1448    0.00064   -0.00332    0.00204
 1449   -0.00118   -0.00284    0.00243
 1450   -0.00182   -0.00364    0.00345
 1451    0.00042   -0.00306    0.00170
 1452    0.00064   -0.00288    0.00133
 1453    0.00131   -0.00290    0.00281
 1454    0.00002   -0.00312    0.00302
 1455   -0.00069   -0.00272    0.00311
 1456   -0.00000   -0.00227    0.00286
 1457    0.00177   -0.00277    0.00286
 1458    0.00011   -0.00227    0.00266
 1459   -0.00326   -0.00238    0.00352
 1460   -0.00316   -0.00220    0.00342
 1461   -0.00131   -0.00099    0.00289
 1462   -0.00156   -0.00112    0.00293
 1463   -0.00364   -0.00244    0.00440
 1464   -0.00484   -0.00334    0.00510
 1465   -0.00564   -0.00328    0.00421
 1466   -0.00765   -0.00367    0.00401
 1467   -0.00423   -0.00251    0.00291
 1468   -0.00068   -0.00049    0.00237
 1469   -0.00160   -0.00004    0.00184
 1470   -0.00120    0.00027    0.00107
 1471    0.00279    0.00145    0.00059
 1472   -0.00186   -0.00068    0.00186
 1473   -0.00117    0.00006    0.00193
 1474   -0.00040    0.00015    0.00207
 1475   -0.00054   -0.00018    0.00218
 1476    0.00016    0.00026    0.00089
 1477    0.00174    0.00094   -0.00059
 1478    0.00193    0.00071   -0.00048
 1479    0.00345    0.00070   -0.00274
 1480    0.00399   -0.00014   -0.00086
 1481    0.00374   -0.00147    0.00060
 1482    0.00450    0.00017   -0.00058
 1483   -0.00034   -0.00036    0.00094
 1484   -0.00166   -0.00067    0.00131
 1485   -0.00002    0.00017   -0.00086
 1486   -0.00054   -0.00032   -0.00152
 1487   -0.00353   -0.00104    0.00183
 1488   -0.00463   -0.00159    0.00183
 1489   -0.00546   -0.00267    0.00179
 1490   -0.00549   -0.00147    0.00199
 1491    0.00187    0.00161   -0.00104
 1492    0.00514    0.00185   -0.00189
 1493    0.00781    0.00196   -0.00368
 1494    0.00530    0.00314   -0.00332
 1495    0.00923    0.00175    0.00051
 1496    0.00830    0.00087    0.00238
 1497    0.01244    0.00174    0.00432
 1498    0.00366    0.00186    0.00319
 1499    0.01109    0.00342   -0.00650
 1500    0.01307    0.00524   -0.00822
 1501    0.00928    0.00154   -0.00878
 1502    0.00773    0.00114   -0.00860
 1503    0.01781    0.00831   -0.01158
 1504    0.02251    0.00850   -0.01538
 1505    0.02145    0.00766   -0.01787
 1506    0.02988    0.01573   -0.02219
 1507    0.03917    0.02095   -0.02724
 1508    0.00506   -0.00053   -0.00630
 1509    0.00232   -0.00158   -0.00545
 1510   -0.00071   -0.00161   -0.00450
 1511   -0.00212   -0.00277   -0.00480
 1512    0.00121   -0.00208   -0.00382
 1513    0.00283   -0.00239   -0.00422
 1514    0.00297   -0.00240   -0.00244
 1515    0.00558   -0.00212   -0.00747
 1516   -0.00192   -0.00096   -0.00288
 1517   -0.00456   -0.00153   -0.00185
 1518   -0.00447   -0.00112   -0.00171
 1519   -0.00648   -0.00207   -0.00100
 1520   -0.00562   -0.00164   -0.00066
 1521   -0.00127    0.00063   -0.00249
 1522   -0.00155    0.00176   -0.00113
 1523   -0.00290   -0.00026   -0.00243
 1524   -0.00570   -0.00086   -0.00142
 1525    0.00268    0.00559   -0.00022
 1526   -0.00055   -0.00069   -0.00473
 1527   -0.00244   -0.00233   -0.00580
 1528   -0.00693   -0.00463   -0.00514
 1529   -0.00844   -0.00593   -0.00491
 1530   -0.00091   -0.00313   -0.00847
 1531   -0.00197   -0.00487   -0.01029
 1532    0.00086   -0.00559   -0.01412
 1533    0.00032   -0.00660   -0.01527
 1534    0.00457   -0.00610   -0.01863
 1535   -0.00650   -0.00484   -0.00400
 1536   -0.00825   -0.00596   -0.00305
 1537   -0.00993   -0.00571   -0.00126
 1538   -0.01068   -0.00664   -0.00071
 1539   -0.00704   -0.00524   -0.00253
 1540   -0.00727   -0.00515   -0.00075
 1541   -0.00544   -0.00508   -0.00367
 1542   -0.00952   -0.00408   -0.00061
 1543   -0.01122   -0.00367    0.00064
 1544   -0.01180   -0.00488    0.00078
 1545   -0.01218   -0.00495    0.00076
 1546   -0.01118   -0.00142    0.00162
 1547   -0.01018   -0.00126    0.00137
 1548   -0.01134   -0.00539    0.00024
 1549   -0.01139   -0.00689   -0.00056
 1550   -0.01269   -0.00859   -0.00110
 1551   -0.01330   -0.01048   -0.00180
 1552   -0.00983   -0.00555   -0.00130
 1553   -0.00705   -0.00208    0.00084
 1554   -0.00366    0.00047    0.00101
 1555   -0.00239    0.00001   -0.00351
 1556    0.00283    0.00361   -0.00527
 1557    0.00627    0.00777   -0.00249
 1558    0.00474    0.00295   -0.00878
 1559   -0.01228   -0.00793   -0.00143
 1560   -0.01228   -0.00881   -0.00158
 1561   -0.01105   -0.00876   -0.00125
 1562   -0.00982   -0.00979   -0.00167
 1563   -0.01168   -0.00862   -0.00203
 1564   -0.01184   -0.00819   -0.00394
 1565   -0.01092   -0.00779   -0.00404
 1566   -0.00993   -0.00721   -0.00194
 1567   -0.01067   -0.00832   -0.00547
 1568   -0.01068   -0.00826   -0.00049
 1569   -0.00909   -0.00829   -0.00124
 1570   -0.00944   -0.00885   -0.00216
 1571   -0.00715   -0.00963   -0.00415
 1572   -0.00942   -0.00727   -0.00032
 1573   -0.00869   -0.00675   -0.00005
 1574   -0.00923   -0.00626    0.00053
 1575   -0.00736   -0.00692   -0.00010
 1576   -0.00865   -0.00589    0.00098
 1577   -0.00724   -0.00648    0.00071
 1578   -0.00792   -0.00575    0.00120
 1579   -0.01161   -0.00870   -0.00206
 1580   -0.01227   -0.00962   -0.00471
 1581   -0.01150   -0.01276   -0.00622
 1582   -0.00968   -0.01357   -0.00950
 1583   -0.01405   -0.00885   -0.00510
 1584   -0.01399   -0.00550   -0.00186
 1585   -0.01596   -0.01341   -0.00794
 1586   -0.01188   -0.01281   -0.00494
 1587   -0.01184   -0.01366   -0.00561
 1588   -0.00819   -0.01353   -0.00688
 1589   -0.00648   -0.01440   -0.00863
 1590   -0.01379   -0.01335   -0.00438
 1591   -0.01608   -0.01488   -0.00409
 1592   -0.01740   -0.01379   -0.00316
 1593   -0.02199   -0.01451   -0.00353
 1594   -0.01392   -0.01078   -0.00393
 1595   -0.00650   -0.01265   -0.00594
 1596   -0.00328   -0.01240   -0.00601
 1597   -0.00042   -0.01310   -0.00852
 1598    0.00235   -0.01344   -0.00989
 1599   -0.00313   -0.01117   -0.00428
 1600   -0.00481   -0.01088   -0.00271
 1601   -0.00370   -0.00942   -0.00193
 1602   -0.00415   -0.00872   -0.00122
 1603   -0.00592   -0.00806   -0.00009
 1604   -0.00732   -0.00781    0.00017
 1605   -0.00633   -0.00763    0.00031
 1606   -0.00159   -0.01284   -0.00948
 1607    0.00011   -0.01401   -0.01212
 1608   -0.00174   -0.01573   -0.01480
 1609   -0.00393   -0.01574   -0.01592
 1610   -0.00060   -0.01356   -0.01113
 1611    0.00051   -0.01257   -0.00889
 1612    0.00345   -0.01286   -0.01027
 1613    0.00359   -0.01193   -0.00842
 1614    0.00562   -0.01440   -0.01259
 1615   -0.00119   -0.01683   -0.01686
 1616   -0.00365   -0.01914   -0.02130
 1617   -0.00557   -0.02195   -0.02648
 1618   -0.01044   -0.02228   -0.02719
 1619   -0.00094   -0.02259   -0.02662
 1620   -0.00119   -0.02559   -0.03364
 1621   -0.00224   -0.03372   -0.04629
 1622   -0.00393   -0.02787   -0.03842
 1623   -0.00861   -0.03655   -0.05181
 1624   -0.00292   -0.02207   -0.02764
 1625   -0.00303   -0.02065   -0.02553
 1626   -0.00869   -0.01843   -0.02462
 1627   -0.01252   -0.01648   -0.02181
 1628   -0.00076   -0.01856   -0.01983
 1629   -0.00067   -0.01655   -0.01676
 1630    0.00110   -0.01531   -0.01882
 1631   -0.00088   -0.01806   -0.02309
 1632    0.00463   -0.01634   -0.02171
 1633   -0.00873   -0.01978   -0.02718
 1634   -0.01413   -0.01836   -0.02699
 1635   -0.01207   -0.01401   -0.01975
 1636   -0.01489   -0.01071   -0.01813
 1637   -0.02084   -0.03736   -0.04549
 1638   -0.03150   -0.05198   -0.05126
 1639   -0.03837   -0.05956   -0.06936
 1640   -0.00771   -0.01387   -0.01606
 1641   -0.00621   -0.00927   -0.00857
 1642   -0.00784   -0.00834   -0.00659
 1643   -0.00575   -0.00758   -0.00472
 1644   -0.00448   -0.01137   -0.00717
 1645   -0.01073   -0.00712   -0.00802
 1646   -0.01185   -0.00484   -0.00466
 1647   -0.01288   -0.00000   -0.00252
 1648   -0.01132    0.01040    0.00058
 1649   -0.01359   -0.00493   -0.00536
 1650   -0.01219   -0.00708   -0.00604
 1651   -0.01130   -0.00883   -0.00863
 1652   -0.01096   -0.00695   -0.00358
 1653   -0.00906   -0.01062   -0.00903
 1654   -0.00870   -0.00820   -0.00397
 1655   -0.00791   -0.01003   -0.00641
 1656   -0.01160    0.00075   -0.00049
 1657   -0.01230    0.00843    0.00372
 1658   -0.01225    0.00599    0.00335
 1659   -0.01116    0.00081    0.00140
 1660   -0.00929    0.00463    0.00304
 1661   -0.00927    0.00449    0.00233
 1662   -0.01325    0.00956    0.00457
 1663   -0.01215    0.00692    0.00332
 1664   -0.01165    0.00752    0.00405
 1665   -0.01008    0.00948    0.00470
 1666   -0.01191    0.00587    0.00351
 1667   -0.01044    0.00474    0.00327
 1668   -0.00886    0.00430    0.00365
 1669   -0.00774    0.00329    0.00349
 1670   -0.00846    0.00240    0.00314
 1671   -0.00959    0.00432    0.00334
 1672   -0.00952    0.00536    0.00390
 1673   -0.00993    0.00343    0.00235
 1674   -0.00609    0.00311    0.00451
 1675   -0.00515    0.00184    0.00446
 1676   -0.00555    0.00061    0.00386
 1677   -0.00549    0.00102    0.00435
 1678   -0.00268    0.00266    0.00554
 1679   -0.00611   -0.00060    0.00308
 1680   -0.00615   -0.00158    0.00278
 1681   -0.00430   -0.00240    0.00345
 1682   -0.00356   -0.00275    0.00319
 1683   -0.00710   -0.00213    0.00166
 1684   -0.00665   -0.00257    0.00105
 1685   -0.00642   -0.00235    0.00078
 1686   -0.00738   -0.00292    0.00059
 1687   -0.00339   -0.00283    0.00412
 1688   -0.00124   -0.00383    0.00460
 1689   -0.00085   -0.00493    0.00456
 1690   -0.00184   -0.00438    0.00423
 1691    0.00083   -0.00274    0.00613
 1692   -0.00050   -0.00042    0.00702
 1693    0.00079   -0.00628    0.00461
 1694    0.00161   -0.00726    0.00413
 1695    0.00363   -0.00690    0.00563
 1696    0.00582   -0.00673    0.00639
 1697    0.00284   -0.00851    0.00323
 1698    0.00377   -0.00959    0.00249
 1699    0.00575   -0.01047    0.00174
 1700    0.00642   -0.01146    0.00084
 1701    0.00740   -0.01238    0.00005
 1702    0.00309   -0.00626    0.00625
 1703    0.00524   -0.00531    0.00850
 1704    0.00758   -0.00662    0.00832
 1705    0.01128   -0.00557    0.00989
 1706    0.00514   -0.00405    0.00850
 1707    0.00696   -0.00851    0.00670
 1708    0.01061   -0.00836    0.00596
 1709    0.02023   -0.00349    0.01146
 1710    0.07641    0.07903    0.02683
 1711    0.01684   -0.00472    0.00503
