    1   -0.01318    0.01624   -0.02257
    2   -0.01233    0.01488   -0.01863
    3   -0.01009    0.01158   -0.01388
    4   -0.00997    0.01079   -0.01395
    5   -0.01080    0.01316   -0.02038
    6   -0.01195    0.01293   -0.01988
    7   -0.01251    0.01142   -0.02474
    8   -0.00991    0.01022   -0.01995
    9   -0.00918    0.01223   -0.01152
   10   -0.00823    0.01080   -0.00866
   11   -0.00577    0.00807   -0.00675
   12   -0.00572    0.00786   -0.00727
   13   -0.00917    0.01275   -0.00666
   14   -0.00956    0.01350   -0.00649
   15   -0.00851    0.01427   -0.00581
   16   -0.01223    0.02008   -0.00646
   17   -0.00938    0.01105   -0.00293
   18   -0.00464    0.00643   -0.00543
   19   -0.00333    0.00464   -0.00427
   20   -0.00326    0.00428   -0.00227
   21   -0.00392    0.00512   -0.00095
   22   -0.00268    0.00396   -0.00360
   23   -0.00306    0.00392   -0.00531
   24   -0.00294    0.00397   -0.00392
   25   -0.00322    0.00366   -0.00693
   26   -0.00168    0.00271   -0.00147
   27   -0.00129    0.00098    0.00065
   28   -0.00159    0.00120    0.00171
   29   -0.00145    0.00184    0.00152
   30    0.00188   -0.00146    0.00037
   31    0.00256   -0.00148    0.00005
   32    0.00898   -0.00576    0.00018
   33    0.00725   -0.00479   -0.00005
   34    0.01395   -0.00828    0.00173
   35   -0.00104    0.00083    0.00275
   36   -0.00124    0.00057    0.00419
   37   -0.00026   -0.00028    0.00364
   38    0.00153   -0.00159    0.00281
   39   -0.00052   -0.00126    0.00417
   40   -0.00164   -0.00151    0.00446
   41   -0.00139   -0.00039    0.00260
   42   -0.00113    0.00015    0.00426
   43   -0.00130   -0.00038    0.00407
   44   -0.00212   -0.00195    0.00496
   45   -0.00186   -0.00178    0.00646
   46   -0.00167    0.00049    0.00382
   47   -0.00195    0.00027    0.00368
   48   -0.00150   -0.00050    0.00309
   49   -0.00070    0.00086    0.00206
   50   -0.00289   -0.00332    0.00439
   51   -0.00535   -0.00499    0.00475
   52   -0.00589   -0.00391    0.00476
   53   -0.00552   -0.00334    0.00437
   54   -0.00445   -0.00742    0.00409
   55   -0.00559   -0.01087    0.00287
   56   -0.00395   -0.01500    0.00001
   57   -0.00207   -0.01485   -0.00218
   58   -0.00309   -0.01887   -0.00213
   59   -0.00573   -0.00331    0.00541
   60   -0.00440   -0.00187    0.00518
   61   -0.00504   -0.00148    0.00516
   62   -0.00374   -0.00122    0.00621
   63   -0.00128   -0.00206    0.00715
   64   -0.00069   -0.00045    0.00757
   65   -0.00226   -0.00452    0.00735
   66    0.00110   -0.00077    0.00833
   67   -0.00517   -0.00095    0.00511
   68   -0.00390    0.00013    0.00466
   69   -0.00327    0.00189    0.00447
   70   -0.00323    0.00200    0.00450
   71   -0.00506   -0.00381    0.00209
   72   -0.00359   -0.00311    0.00111
   73   -0.00252    0.00061    0.00243
   74   -0.00304   -0.00518   -0.00050
   75   -0.00304    0.00281    0.00457
   76   -0.00245    0.00356    0.00505
   77   -0.00196    0.00348    0.00467
   78   -0.00200    0.00398    0.00490
   79   -0.00127    0.00385    0.00563
   80   -0.00132    0.00315    0.00443
   81   -0.00234    0.00232    0.00507
   82   -0.00187    0.00337    0.00392
   83   -0.00180    0.00269    0.00342
   84   -0.00209    0.00110    0.00222
   85   -0.00174    0.00191    0.00230
   86   -0.00253    0.00010    0.00161
   87   -0.00210   -0.00111    0.00098
   88   -0.00211   -0.00312   -0.00040
   89   -0.00274   -0.00301   -0.00055
   90   -0.00226   -0.00377   -0.00217
   91   -0.00229    0.00046    0.00213
   92   -0.00238   -0.00020    0.00216
   93   -0.00237    0.00173    0.00281
   94   -0.00188    0.00188    0.00205
   95   -0.00326   -0.00205    0.00274
   96   -0.00272   -0.00347    0.00156
   97   -0.00258   -0.00592    0.00169
   98   -0.00120   -0.00434    0.00287
   99   -0.00257    0.00240    0.00369
  100   -0.00261    0.00293    0.00400
  101   -0.00255    0.00395    0.00377
  102   -0.00251    0.00405    0.00293
  103   -0.00270    0.00360    0.00503
  104   -0.00280    0.00273    0.00446
  105   -0.00303    0.00146    0.00429
  106   -0.00278    0.00279    0.00541
  107   -0.00236    0.00415    0.00408
  108   -0.00196    0.00423    0.00373
  109   -0.00153    0.00414    0.00295
  110   -0.00133    0.00409    0.00233
  111   -0.00186    0.00456    0.00346
  112   -0.00159    0.00526    0.00438
  113   -0.00134    0.00545    0.00499
  114   -0.00163    0.00504    0.00441
  115   -0.00164    0.00326    0.00223
  116   -0.00128    0.00263    0.00134
  117   -0.00154    0.00301    0.00076
  118   -0.00163    0.00320    0.00002
  119   -0.00070    0.00199    0.00104
  120   -0.00061    0.00163    0.00118
  121   -0.00017    0.00080    0.00041
  122   -0.00002    0.00018    0.00016
  123   -0.00075   -0.00081   -0.00024
  124   -0.00180    0.00317    0.00065
  125   -0.00184    0.00328    0.00006
  126   -0.00208    0.00316   -0.00044
  127   -0.00207    0.00289   -0.00167
  128   -0.00204    0.00321    0.00071
  129   -0.00160    0.00270   -0.00014
  130   -0.00168    0.00271    0.00134
  131   -0.00230    0.00350    0.00077
  132   -0.00209    0.00361    0.00076
  133   -0.00178    0.00307   -0.00057
  134   -0.00184    0.00265   -0.00158
  135   -0.00191    0.00394    0.00222
  136   -0.00207    0.00424    0.00290
  137   -0.00197    0.00455    0.00361
  138   -0.00199    0.00391    0.00206
  139   -0.00152    0.00308   -0.00030
  140   -0.00134    0.00302   -0.00092
  141   -0.00179    0.00262   -0.00177
  142   -0.00265    0.00212   -0.00266
  143   -0.00099    0.00318   -0.00030
  144   -0.00113    0.00250   -0.00004
  145   -0.00219    0.00295   -0.00158
  146   -0.00258    0.00273   -0.00295
  147   -0.00311    0.00221   -0.00498
  148   -0.00370    0.00150   -0.00572
  149   -0.00094    0.00312   -0.00266
  150   -0.00059    0.00247   -0.00103
  151    0.00111    0.00208   -0.00117
  152    0.00178    0.00125   -0.00040
  153    0.00363    0.00073   -0.00041
  154    0.00422    0.00074   -0.00120
  155    0.00469    0.00010    0.00063
  156   -0.00299    0.00252   -0.00500
  157   -0.00368    0.00174   -0.00573
  158   -0.00393    0.00099   -0.00603
  159   -0.00467   -0.00006   -0.00648
  160   -0.00343    0.00086   -0.00448
  161   -0.00318    0.00110   -0.00396
  162   -0.00277    0.00097   -0.00306
  163   -0.00339    0.00027   -0.00563
  164   -0.00333    0.00137   -0.00479
  165   -0.00301    0.00041   -0.00493
  166   -0.00174    0.00027   -0.00435
  167   -0.00127   -0.00097   -0.00474
  168   -0.00127    0.00113   -0.00311
  169   -0.00060    0.00117   -0.00226
  170   -0.00052    0.00186   -0.00149
  171   -0.00057    0.00289   -0.00096
  172   -0.00098    0.00197   -0.00060
  173   -0.00078    0.00203    0.00045
  174   -0.00101    0.00117   -0.00114
  175   -0.00019    0.00115   -0.00169
  176   -0.00013    0.00209   -0.00164
  177    0.00039    0.00238   -0.00137
  178    0.00028    0.00173   -0.00075
  179    0.00038   -0.00016   -0.00316
  180    0.00073    0.00394   -0.00141
  181    0.00187    0.00557   -0.00086
  182    0.00308    0.00994    0.00189
  183    0.00213    0.00905    0.00121
  184    0.00276    0.01036    0.00262
  185    0.00407    0.01297    0.00459
  186    0.00295    0.01140    0.00406
  187    0.00309    0.01337    0.00428
  188    0.00502    0.01540    0.00427
  189    0.00528    0.01382    0.00169
  190    0.00778    0.01630    0.00100
  191    0.00883    0.02095    0.00270
  192    0.00984    0.01610   -0.00061
  193    0.00212    0.00905    0.00332
  194    0.00157    0.00874    0.00300
  195    0.00090    0.00807    0.00385
  196    0.00016    0.00726    0.00407
  197    0.00139    0.00695    0.00223
  198    0.00197    0.00750    0.00136
  199    0.00217    0.00676    0.00052
  200    0.00231    0.00796    0.00074
  201    0.00269    0.00687   -0.00038
  202    0.00287    0.00741   -0.00047
  203    0.00225    0.00818    0.00084
  204    0.00329    0.00760   -0.00111
  205    0.00259    0.00807   -0.00006
  206    0.00314    0.00808   -0.00095
  207    0.00054    0.00884    0.00437
  208   -0.00015    0.00808    0.00501
  209   -0.00051    0.00782    0.00506
  210    0.00006    0.00837    0.00454
  211    0.00012    0.00941    0.00517
  212    0.00076    0.01085    0.00525
  213    0.00199    0.01337    0.00570
  214    0.00334    0.01529    0.00584
  215    0.00360    0.01584    0.00460
  216    0.00478    0.01839    0.00463
  217    0.00279    0.01464    0.00302
  218   -0.00113    0.00604    0.00574
  219   -0.00106    0.00549    0.00566
  220   -0.00107    0.00594    0.00581
  221   -0.00071    0.00579    0.00551
  222   -0.00205    0.00456    0.00602
  223   -0.00151    0.00465    0.00569
  224   -0.00186    0.00462    0.00538
  225   -0.00102    0.00470    0.00532
  226   -0.00158    0.00453    0.00496
  227   -0.00073    0.00465    0.00524
  228   -0.00100    0.00429    0.00476
  229   -0.00053    0.00687    0.00571
  230    0.00007    0.00795    0.00581
  231   -0.00035    0.00676    0.00578
  232   -0.00045    0.00610    0.00537
  233    0.00116    0.01039    0.00519
  234    0.00205    0.01293    0.00499
  235    0.00129    0.01162    0.00465
  236   -0.00005    0.00669    0.00576
  237   -0.00009    0.00620    0.00612
  238    0.00090    0.00950    0.00608
  239    0.00183    0.01157    0.00502
  240    0.00066    0.00655    0.00642
  241    0.00039    0.00589    0.00700
  242    0.00042    0.00603    0.00587
  243   -0.00025    0.00492    0.00725
  244    0.00078    0.00837    0.00595
  245    0.00126    0.00894    0.00460
  246    0.00155    0.00846    0.00485
  247    0.00095    0.00655    0.00580
  248    0.00055    0.00752    0.00322
  249    0.00070    0.00750    0.00136
  250    0.00034    0.00776    0.00318
  251    0.00225    0.00951    0.00407
  252    0.00210    0.00860    0.00446
  253    0.00119    0.00644    0.00234
  254    0.00062    0.00448    0.00241
  255    0.00283    0.01108    0.00480
  256    0.00422    0.01366    0.00648
  257    0.00534    0.01602    0.00580
  258    0.00396    0.01344    0.00994
  259    0.00094    0.00678   -0.00018
  260    0.00026    0.00468   -0.00295
  261   -0.00028    0.00475   -0.00411
  262    0.00011    0.00653   -0.00403
  263   -0.00094    0.00301   -0.00585
  264   -0.00109    0.00327   -0.00690
  265   -0.00182    0.00483   -0.01037
  266   -0.00187    0.00521   -0.01144
  267   -0.00124    0.00103   -0.00613
  268   -0.00049    0.00013   -0.00299
  269   -0.00122   -0.00229   -0.00230
  270   -0.00009    0.00174   -0.00213
  271   -0.00175    0.00502   -0.01254
  272   -0.00175    0.00627   -0.01656
  273   -0.00157    0.01062   -0.01570
  274   -0.00083    0.01161   -0.01266
  275   -0.00328    0.00460   -0.02012
  276   -0.00269    0.00599   -0.01907
  277   -0.00192    0.00453   -0.01500
  278   -0.00220    0.00168   -0.01660
  279   -0.00068    0.00574   -0.01130
  280   -0.00173    0.01279   -0.01855
  281   -0.00231    0.01671   -0.01925
  282   -0.00173    0.01861   -0.01745
  283   -0.00132    0.02050   -0.01574
  284   -0.00431    0.01880   -0.02401
  285   -0.00410    0.01886   -0.02496
  286   -0.00211    0.01448   -0.02361
  287   -0.00195    0.01252   -0.02615
  288   -0.00175    0.01377   -0.02017
  289   -0.00144    0.01839   -0.01856
  290   -0.00021    0.02186   -0.01777
  291    0.00174    0.02141   -0.01311
  292    0.00376    0.02558   -0.01216
  293    0.00042    0.02204   -0.02122
  294   -0.00343    0.02471   -0.03158
  295   -0.00849    0.02333   -0.04832
  296   -0.00943    0.01455   -0.05135
  297   -0.03357    0.04844   -0.11413
  298    0.00111    0.01793   -0.01092
  299    0.00219    0.01777   -0.00724
  300    0.00208    0.01819   -0.00658
  301    0.00306    0.01858   -0.00469
  302    0.00153    0.01354   -0.00546
  303    0.00169    0.01303   -0.00476
  304    0.00097    0.01714   -0.00834
  305    0.00114    0.01692   -0.00771
  306    0.00206    0.01928   -0.00851
  307    0.00266    0.01897   -0.00761
  308   -0.00001    0.01508   -0.00922
  309   -0.00044    0.01206   -0.00832
  310   -0.00087    0.01100   -0.01007
  311   -0.00010    0.01003   -0.00585
  312    0.00236    0.02200   -0.01132
  313    0.00600    0.02374   -0.01446
  314    0.00871    0.02567   -0.01186
  315    0.01263    0.02831   -0.01412
  316    0.00794    0.02562   -0.00898
  317    0.00833    0.02799   -0.00625
  318    0.00689    0.02439   -0.00423
  319    0.00633    0.02332   -0.00331
  320    0.00817    0.02845   -0.00467
  321    0.00592    0.02426   -0.00438
  322    0.00518    0.02068   -0.00526
  323    0.00384    0.01819   -0.00368
  324    0.00365    0.01715   -0.00405
  325    0.00442    0.01723   -0.00580
  326    0.00243    0.01519   -0.00251
  327    0.00100    0.01282   -0.00107
  328    0.00195    0.01422   -0.00098
  329    0.00301    0.01708   -0.00309
  330    0.00312    0.01725   -0.00279
  331    0.00311    0.01584   -0.00307
  332    0.00236    0.01390   -0.00247
  333    0.00310    0.01674   -0.00138
  334    0.00313    0.01785   -0.00094
  335    0.00290    0.01764   -0.00125
  336    0.00397    0.01618   -0.00392
  337    0.00346    0.01394   -0.00339
  338    0.00445    0.01432   -0.00345
  339    0.00644    0.01686   -0.00490
  340    0.00300    0.01380   -0.00334
  341    0.00398    0.01279   -0.00292
  342    0.00298    0.01130   -0.00203
  343    0.00246    0.01051   -0.00156
  344    0.00262    0.01045   -0.00096
  345    0.00297    0.01137   -0.00216
  346    0.00408    0.01176   -0.00255
  347    0.00493    0.01298   -0.00338
  348    0.00182    0.00987   -0.00173
  349    0.00165    0.00905   -0.00103
  350    0.00091    0.00860   -0.00033
  351    0.00020    0.00904   -0.00075
  352    0.00075    0.00953   -0.00138
  353    0.00099    0.00792    0.00054
  354    0.00106    0.00697    0.00132
  355    0.00066    0.00617    0.00178
  356    0.00051    0.00583    0.00235
  357    0.00166    0.00572    0.00139
  358    0.00104    0.00540    0.00174
  359    0.00034    0.00628    0.00217
  360    0.00023    0.00571    0.00290
  361   -0.00005    0.00585    0.00303
  362    0.00003    0.00609    0.00325
  363    0.00041    0.00426    0.00341
  364   -0.00001    0.00584    0.00278
  365   -0.00015    0.00593    0.00315
  366   -0.00007    0.00499    0.00403
  367    0.00016    0.00466    0.00421
  368   -0.00033    0.00618    0.00202
  369   -0.00023    0.00554    0.00170
  370   -0.00015    0.00593    0.00218
  371   -0.00028    0.00542    0.00003
  372    0.00008    0.00456    0.00474
  373    0.00044    0.00373    0.00561
  374    0.00045    0.00296    0.00586
  375    0.00062    0.00248    0.00604
  376    0.00013    0.00346    0.00611
  377   -0.00003    0.00295    0.00651
  378    0.00032    0.00343    0.00602
  379   -0.00063    0.00254    0.00663
  380    0.00067    0.00236    0.00590
  381    0.00087    0.00112    0.00614
  382    0.00133    0.00034    0.00714
  383    0.00129    0.00088    0.00716
  384    0.00043    0.00123    0.00519
  385    0.00019   -0.00021    0.00496
  386    0.00003   -0.00076    0.00478
  387   -0.00065   -0.00057    0.00366
  388    0.00192   -0.00118    0.00774
  389    0.00246   -0.00232    0.00813
  390    0.00220   -0.00324    0.00779
  391    0.00199   -0.00414    0.00795
  392    0.00313   -0.00272    0.00865
  393    0.00346   -0.00359    0.00837
  394    0.00322   -0.00322    0.00842
  395    0.00464   -0.00609    0.00845
  396    0.00208   -0.00374    0.00761
  397    0.00123   -0.00544    0.00729
  398    0.00168   -0.00629    0.00776
  399    0.00280   -0.00535    0.00776
  400   -0.00013   -0.00492    0.00646
  401    0.00028   -0.00329    0.00612
  402    0.00040   -0.00393    0.00604
  403    0.00091   -0.00158    0.00623
  404    0.00080   -0.00230    0.00623
  405    0.00093   -0.00009    0.00664
  406    0.00092   -0.00038    0.00665
  407    0.00135   -0.00876    0.00817
  408    0.00210   -0.00889    0.00820
  409    0.00188   -0.00713    0.00715
  410    0.00053   -0.00848    0.00620
  411   -0.00134   -0.01230    0.00876
  412   -0.00246   -0.01382    0.00851
  413   -0.00043   -0.01112    0.00834
  414    0.00403   -0.00587    0.00720
  415    0.00449   -0.00492    0.00733
  416    0.00474   -0.00580    0.00684
  417    0.00696   -0.00627    0.00627
  418    0.00576   -0.00381    0.00787
  419    0.00538   -0.00273    0.00763
  420    0.00378   -0.00107    0.00773
  421    0.00595   -0.00193    0.00695
  422    0.00366   -0.00711    0.00644
  423    0.00413   -0.00919    0.00593
  424    0.00531   -0.00958    0.00626
  425    0.00572   -0.00762    0.00694
  426    0.00217   -0.01342    0.00499
  427    0.00058   -0.01249    0.00410
  428    0.00125   -0.01392    0.00578
  429    0.00674   -0.01170    0.00550
  430    0.00901   -0.01231    0.00495
  431    0.00718   -0.01150    0.00472
  432    0.00757   -0.01023    0.00575
  433    0.01176   -0.01612    0.00421
  434    0.00565   -0.01220    0.00331
  435    0.00367   -0.01199    0.00277
  436    0.00266   -0.00935    0.00353
  437    0.00268   -0.00801    0.00355
  438    0.00153   -0.01398    0.00164
  439   -0.00172   -0.01375    0.00186
  440   -0.00236   -0.01354    0.00223
  441   -0.00126   -0.01516    0.00200
  442   -0.00327   -0.01140    0.00244
  443    0.00255   -0.00882    0.00411
  444    0.00190   -0.00634    0.00465
  445    0.00350   -0.00429    0.00573
  446    0.00312   -0.00264    0.00593
  447    0.00187   -0.00578    0.00511
  448    0.00141   -0.00305    0.00573
  449    0.00205   -0.00164    0.00682
  450    0.00059   -0.00205    0.00527
  451    0.00182    0.00024    0.00697
  452    0.00090    0.00027    0.00626
  453    0.00506   -0.00506    0.00686
  454    0.00623   -0.00350    0.00842
  455    0.00722   -0.00427    0.00816
  456    0.00789   -0.00344    0.00903
  457    0.00765   -0.00477    0.00941
  458    0.00729   -0.00348    0.01017
  459    0.00547   -0.00280    0.00980
  460    0.00515   -0.00113    0.00904
  461    0.00670   -0.00359    0.00837
  462    0.00764   -0.00688    0.00653
  463    0.00836   -0.00813    0.00570
  464    0.00643   -0.00637    0.00513
  465    0.00736   -0.00664    0.00554
  466    0.00758   -0.00965    0.00435
  467    0.01171   -0.01515    0.00396
  468    0.01415   -0.01537    0.00568
  469    0.00963   -0.01500    0.00351
  470    0.00451   -0.00456    0.00409
  471    0.00285   -0.00292    0.00359
  472    0.00342   -0.00036    0.00509
  473    0.00400    0.00036    0.00538
  474    0.00021   -0.00281    0.00304
  475   -0.00130   -0.00114    0.00277
  476   -0.00167   -0.00081    0.00152
  477   -0.00088    0.00018    0.00356
  478   -0.00136    0.00033    0.00212
  479   -0.00034    0.00117    0.00378
  480   -0.00101    0.00126    0.00291
  481    0.00362    0.00022    0.00649
  482    0.00359    0.00245    0.00811
  483    0.00453    0.00259    0.01003
  484    0.00433    0.00349    0.01086
  485    0.00370    0.00247    0.00893
  486    0.00260    0.00270    0.00792
  487    0.00208    0.00395    0.00777
  488    0.00161    0.00389    0.00744
  489    0.00117    0.00421    0.00680
  490    0.00133    0.00435    0.00624
  491    0.00081    0.00361    0.00636
  492    0.00585    0.00006    0.01024
  493    0.00752   -0.00182    0.01148
  494    0.00773   -0.00231    0.01042
  495    0.00798   -0.00255    0.01135
  496    0.00949   -0.00535    0.01199
  497    0.00996   -0.00469    0.01412
  498    0.01460   -0.01191    0.01815
  499    0.01938   -0.01504    0.02867
  500    0.04848   -0.07004    0.07965
  501    0.00830   -0.00309    0.00857
  502    0.00892   -0.00236    0.00839
  503    0.00836   -0.00025    0.00795
  504    0.00966   -0.00117    0.00795
  505    0.00946   -0.00392    0.00585
  506    0.01068   -0.00712    0.00533
  507    0.01319   -0.00927    0.00505
  508    0.01818   -0.01640    0.00234
  509    0.02000   -0.03363   -0.01527
  510    0.00679    0.00147    0.00756
  511    0.00567    0.00331    0.00748
  512    0.00629    0.00312    0.00928
  513    0.00686    0.00264    0.00908
  514    0.00408    0.00470    0.00661
  515    0.00381    0.00552    0.00604
  516    0.00264    0.00560    0.00614
  517    0.00217    0.00492    0.00678
  518    0.00255    0.00473    0.00538
  519    0.00539    0.00318    0.01061
  520    0.00524    0.00222    0.01142
  521    0.00722   -0.00082    0.01132
  522    0.00822   -0.00161    0.01156
  523    0.00582    0.00145    0.01169
  524    0.00471    0.00295    0.01217
  525    0.00633   -0.00046    0.01161
  526    0.00572    0.00266    0.01320
  527    0.00854   -0.00235    0.01064
  528    0.01127   -0.00651    0.01062
  529    0.01336   -0.00656    0.00918
  530    0.01573   -0.00975    0.00896
  531    0.01253   -0.00820    0.01018
  532    0.01353   -0.01194    0.01270
  533    0.01133   -0.00922    0.01331
  534    0.00977   -0.00580    0.01354
  535    0.01362   -0.01394    0.01510
  536    0.01302   -0.00397    0.00803
  537    0.01625   -0.00394    0.00594
  538    0.01623   -0.00371    0.00649
  539    0.01919   -0.00510    0.00500
  540    0.01523   -0.00170    0.00494
  541    0.01947   -0.00196    0.00158
  542    0.02513   -0.00164   -0.00162
  543    0.02345    0.00010   -0.00040
  544    0.02870   -0.00490   -0.00403
  545    0.01311   -0.00192    0.00810
  546    0.01263   -0.00144    0.00862
  547    0.01298   -0.00399    0.01006
  548    0.01400   -0.00422    0.00986
  549    0.00988    0.00149    0.00955
  550    0.00902    0.00314    0.00833
  551    0.00930    0.00304    0.00652
  552    0.00655    0.00370    0.00876
  553    0.01320   -0.00659    0.01125
  554    0.01485   -0.01039    0.01214
  555    0.01339   -0.00915    0.01363
  556    0.01148   -0.00668    0.01428
  557    0.01864   -0.01456    0.00999
  558    0.02097   -0.01466    0.00799
  559    0.02656   -0.02052    0.00375
  560    0.02934   -0.01763    0.00088
  561    0.02919   -0.01787    0.00239
  562    0.01480   -0.01067    0.01375
  563    0.01416   -0.01001    0.01534
  564    0.01371   -0.00726    0.01408
  565    0.01578   -0.01261    0.01309
  566    0.01288   -0.00369    0.01330
  567    0.01230   -0.00254    0.01245
  568    0.01035   -0.00211    0.01390
  569    0.00980   -0.00188    0.01482
  570    0.01197   -0.00117    0.01095
  571    0.01034    0.00042    0.01132
  572    0.00886    0.00152    0.01029
  573    0.00746    0.00189    0.01055
  574    0.00915    0.00189    0.00894
  575    0.01036   -0.00250    0.01351
  576    0.00930   -0.00194    0.01490
  577    0.00768   -0.00117    0.01432
  578    0.00728   -0.00051    0.01268
  579    0.00898   -0.00208    0.01526
  580    0.00713   -0.00156    0.01601
  581    0.00685   -0.00178    0.01792
  582    0.00774   -0.00172    0.01952
  583    0.00586   -0.00149    0.01825
  584    0.00707   -0.00140    0.01511
  585    0.00582   -0.00086    0.01426
  586    0.00499   -0.00090    0.01525
  587    0.00549   -0.00127    0.01676
  588    0.00550   -0.00061    0.01432
  589    0.00473    0.00017    0.01281
  590    0.00622    0.00005    0.01363
  591    0.00412   -0.00070    0.01443
  592    0.00360   -0.00069    0.01563
  593    0.00317   -0.00070    0.01601
  594    0.00312   -0.00058    0.01448
  595    0.00205   -0.00046    0.01483
  596    0.00090   -0.00083    0.01621
  597    0.00326   -0.00098    0.01780
  598    0.00286   -0.00190    0.01801
  599    0.00129   -0.00279    0.01701
  600    0.00281   -0.00615    0.01476
  601    0.00342   -0.00108    0.02192
  602    0.00413    0.00040    0.02341
  603    0.00318   -0.00109    0.01983
  604   -0.00017   -0.00254    0.01695
  605   -0.00039   -0.00257    0.01483
  606    0.00015   -0.00198    0.01186
  607    0.00065   -0.00304    0.00930
  608   -0.00245   -0.00051    0.01615
  609   -0.00610   -0.00244    0.02009
  610   -0.00737   -0.00349    0.02080
  611   -0.00301    0.00215    0.01573
  612   -0.00286    0.00366    0.01526
  613    0.00111   -0.00167    0.01171
  614    0.00142   -0.00095    0.00963
  615    0.00261   -0.00199    0.00780
  616    0.00322   -0.00226    0.00762
  617    0.00181    0.00028    0.00967
  618    0.00199    0.00091    0.00851
  619    0.00156    0.00068    0.01048
  620    0.00223   -0.00200    0.00582
  621    0.00295   -0.00274    0.00398
  622    0.00232   -0.00084    0.00431
  623    0.00174   -0.00004    0.00422
  624    0.00212   -0.00338    0.00262
  625    0.00144   -0.00319    0.00091
  626    0.00050   -0.00187    0.00070
  627    0.00123   -0.00495   -0.00097
  628   -0.00075   -0.00168   -0.00092
  629   -0.00049   -0.00459   -0.00268
  630   -0.00144   -0.00321   -0.00287
  631   -0.00307   -0.00352   -0.00506
  632    0.00257   -0.00033    0.00425
  633    0.00179    0.00075    0.00455
  634    0.00071    0.00106    0.00314
  635    0.00029    0.00058    0.00213
  636    0.00221    0.00142    0.00605
  637    0.00146    0.00268    0.00647
  638    0.00134    0.00315    0.00661
  639    0.00123    0.00330    0.00656
  640    0.00123    0.00406    0.00693
  641    0.00088    0.00421    0.00681
  642    0.00091    0.00458    0.00714
  643    0.00014    0.00191    0.00284
  644   -0.00111    0.00250    0.00125
  645   -0.00137    0.00373    0.00203
  646   -0.00093    0.00413    0.00334
  647   -0.00171    0.00210    0.00000
  648   -0.00318    0.00205   -0.00247
  649   -0.00392    0.00182   -0.00394
  650   -0.00306    0.00125   -0.00259
  651   -0.00218    0.00455    0.00100
  652   -0.00266    0.00578    0.00153
  653   -0.00348    0.00644    0.00046
  654   -0.00435    0.00630   -0.00158
  655   -0.00370    0.00695   -0.00002
  656   -0.00329    0.00789    0.00048
  657   -0.00244    0.00734    0.00146
  658   -0.00106    0.00695    0.00369
  659   -0.00128    0.00769    0.00364
  660   -0.00314    0.00705    0.00147
  661   -0.00385    0.00739    0.00078
  662   -0.00566    0.00934   -0.00137
  663   -0.00453    0.00969   -0.00083
  664   -0.00285    0.00710    0.00278
  665   -0.00386    0.00745    0.00229
  666   -0.00204    0.00663    0.00408
  667   -0.00095    0.00609    0.00495
  668   -0.00269    0.00700    0.00343
  669   -0.00700    0.00960   -0.00406
  670   -0.00898    0.01155   -0.00659
  671   -0.00976    0.01244   -0.00757
  672   -0.01136    0.01525   -0.00932
  673   -0.01035    0.01250   -0.00888
  674   -0.00955    0.01022   -0.00947
  675   -0.00949    0.01240   -0.00791
  676   -0.00874    0.01078   -0.00694
  677   -0.00871    0.01098   -0.00752
  678   -0.00841    0.01073   -0.00469
  679   -0.00724    0.00934   -0.00219
  680   -0.00788    0.00900   -0.00770
  681   -0.00873    0.00821   -0.01084
  682   -0.00768    0.00814   -0.00799
  683   -0.00865    0.00655   -0.01058
  684   -0.00915    0.01182   -0.00475
  685   -0.00821    0.01181   -0.00232
  686   -0.00593    0.00890   -0.00079
  687   -0.00591    0.00848   -0.00250
  688   -0.00437    0.00745    0.00213
  689   -0.00322    0.00508    0.00323
  690   -0.00332    0.00496    0.00197
  691   -0.00296    0.00434    0.00165
  692   -0.00347    0.00479    0.00297
  693   -0.00418    0.00426    0.00347
  694   -0.00237    0.00401    0.00312
  695   -0.00526    0.00266    0.00305
  696   -0.00362    0.00530    0.00129
  697   -0.00330    0.00496    0.00037
  698   -0.00235    0.00370    0.00225
  699   -0.00210    0.00343    0.00194
  700   -0.00452    0.00592   -0.00162
  701   -0.00502    0.00655   -0.00096
  702   -0.00180    0.00383    0.00375
  703   -0.00111    0.00383    0.00478
  704   -0.00097    0.00293    0.00491
  705   -0.00054    0.00293    0.00521
  706    0.00016    0.00369    0.00609
  707    0.00028    0.00250    0.00651
  708   -0.00126    0.00199    0.00533
  709   -0.00138    0.00153    0.00530
  710   -0.00160    0.00236    0.00436
  711   -0.00128    0.00240    0.00459
  712   -0.00150    0.00253    0.00301
  713   -0.00137    0.00269    0.00204
  714   -0.00124    0.00267    0.00221
  715   -0.00132    0.00270    0.00197
  716   -0.00135    0.00248    0.00015
  717   -0.00116    0.00247    0.00054
  718   -0.00183    0.00226   -0.00136
  719   -0.00117    0.00288    0.00243
  720   -0.00099    0.00294    0.00275
  721   -0.00051    0.00273    0.00360
  722   -0.00055    0.00265    0.00311
  723   -0.00085    0.00324    0.00316
  724   -0.00209    0.00396    0.00165
  725   -0.00311    0.00419   -0.00001
  726   -0.00213    0.00417    0.00172
  727   -0.00041    0.00271    0.00465
  728   -0.00030    0.00293    0.00501
  729   -0.00060    0.00291    0.00441
  730   -0.00041    0.00302    0.00435
  731   -0.00085    0.00283    0.00404
  732   -0.00110    0.00304    0.00339
  733   -0.00123    0.00265    0.00258
  734   -0.00098    0.00242    0.00249
  735   -0.00154    0.00320    0.00300
  736   -0.00141    0.00358    0.00356
  737   -0.00153    0.00327    0.00418
  738   -0.00215    0.00357    0.00263
  739   -0.00093    0.00209    0.00179
  740   -0.00105    0.00144    0.00077
  741   -0.00064    0.00143    0.00157
  742   -0.00036    0.00088    0.00145
  743   -0.00168    0.00160   -0.00031
  744   -0.00215    0.00154   -0.00150
  745   -0.00177    0.00081   -0.00126
  746   -0.00286    0.00117   -0.00334
  747   -0.00041    0.00185    0.00259
  748    0.00001    0.00195    0.00326
  749    0.00011    0.00211    0.00332
  750    0.00022    0.00188    0.00342
  751    0.00030    0.00251    0.00403
  752    0.00031    0.00268    0.00417
  753    0.00023    0.00305    0.00455
  754    0.00052    0.00207    0.00386
  755    0.00029    0.00321    0.00467
  756    0.00030    0.00268    0.00394
  757   -0.00024    0.00249    0.00342
  758   -0.00029    0.00268    0.00369
  759   -0.00009    0.00221    0.00298
  760    0.00021    0.00202    0.00259
  761   -0.00041    0.00324    0.00385
  762   -0.00030    0.00178    0.00241
  763   -0.00010    0.00098    0.00151
  764    0.00062   -0.00031    0.00110
  765    0.00096   -0.00044    0.00082
  766   -0.00020    0.00075    0.00053
  767    0.00028   -0.00009   -0.00042
  768   -0.00070    0.00173    0.00109
  769    0.00052   -0.00062    0.00089
  770    0.00057   -0.00187    0.00096
  771    0.00067   -0.00216    0.00195
  772    0.00137   -0.00374    0.00159
  773    0.00058   -0.00195    0.00088
  774    0.00023   -0.00055    0.00263
  775   -0.00019   -0.00012    0.00282
  776   -0.00067    0.00039    0.00281
  777   -0.00113    0.00134    0.00320
  778    0.00003    0.00088    0.00370
  779    0.00015    0.00068    0.00425
  780   -0.00021    0.00015    0.00481
  781    0.00069    0.00095    0.00440
  782    0.00001    0.00015    0.00206
  783    0.00066    0.00079    0.00168
  784    0.00091    0.00014    0.00116
  785    0.00091    0.00004    0.00106
  786    0.00088    0.00198    0.00170
  787    0.00095    0.00268    0.00208
  788    0.00084    0.00317    0.00233
  789    0.00060    0.00325    0.00238
  790    0.00112   -0.00157    0.00089
  791    0.00132   -0.00185   -0.00010
  792    0.00110   -0.00188   -0.00001
  793    0.00061   -0.00219   -0.00044
  794    0.00099   -0.00316   -0.00101
  795    0.00137   -0.00405   -0.00055
  796    0.00108   -0.00578   -0.00183
  797    0.00059   -0.00652   -0.00399
  798    0.00166   -0.00712   -0.00142
  799    0.00162   -0.00175   -0.00004
  800    0.00232   -0.00210   -0.00040
  801    0.00223   -0.00120   -0.00053
  802    0.00242   -0.00059   -0.00022
  803    0.00119   -0.00118    0.00039
  804    0.00082   -0.00011    0.00160
  805    0.00047    0.00110    0.00202
  806    0.00072   -0.00003    0.00189
  807    0.00183   -0.00008   -0.00041
  808    0.00207    0.00132   -0.00026
  809    0.00209    0.00037   -0.00019
  810    0.00207    0.00073   -0.00080
  811    0.00191    0.00318   -0.00031
  812    0.00266    0.00371   -0.00068
  813    0.00269    0.00339    0.00008
  814    0.00260    0.00438    0.00038
  815    0.00081    0.00469    0.00274
  816    0.00165    0.00019    0.00023
  817    0.00083    0.00049    0.00004
  818    0.00050   -0.00063   -0.00081
  819    0.00078   -0.00163   -0.00088
  820    0.00050    0.00115    0.00076
  821    0.00007    0.00261    0.00132
  822    0.00059    0.00294    0.00132
  823   -0.00049    0.00298    0.00174
  824    0.00012   -0.00088   -0.00167
  825    0.00078   -0.00287   -0.00315
  826    0.00030   -0.00262   -0.00304
  827    0.00028   -0.00124   -0.00211
  828    0.00046   -0.00453   -0.00469
  829   -0.00027   -0.00403   -0.00503
  830   -0.00022   -0.00512   -0.00611
  831    0.00014   -0.00692   -0.00666
  832   -0.00119   -0.00470   -0.00568
  833   -0.00093   -0.00393   -0.00508
  834   -0.00083   -0.00286   -0.00456
  835   -0.00039   -0.00457   -0.00502
  836   -0.00023   -0.00260   -0.00372
  837    0.00027   -0.00404   -0.00405
  838    0.00068   -0.00330   -0.00354
  839   -0.00080   -0.00390   -0.00605
  840   -0.00131   -0.00468   -0.00698
  841   -0.00336   -0.00635   -0.00859
  842   -0.00395   -0.00643   -0.00859
  843   -0.00181   -0.00289   -0.00607
  844   -0.00382   -0.00216   -0.00661
  845   -0.00433   -0.00129   -0.00596
  846   -0.00398   -0.00056   -0.00514
  847   -0.00512   -0.00098   -0.00597
  848   -0.00406   -0.00802   -0.01006
  849   -0.00598   -0.01070   -0.01226
  850   -0.00856   -0.00990   -0.01249
  851   -0.00920   -0.00906   -0.01253
  852   -0.00679   -0.01542   -0.01450
  853   -0.00287   -0.01667   -0.01422
  854   -0.00027   -0.02916   -0.02085
  855    0.00076   -0.01426   -0.01267
  856   -0.00855   -0.00967   -0.01240
  857   -0.01041   -0.00892   -0.01243
  858   -0.00925   -0.00642   -0.01096
  859   -0.01021   -0.00539   -0.01037
  860   -0.00701   -0.00523   -0.00965
  861   -0.00588   -0.00343   -0.00831
  862   -0.00714   -0.00389   -0.00888
  863   -0.00712   -0.00544   -0.00933
  864   -0.00403   -0.00330   -0.00739
  865   -0.00378   -0.00214   -0.00651
  866   -0.00743   -0.00291   -0.00861
  867   -0.00804   -0.00303   -0.00901
  868   -0.00737   -0.00274   -0.00861
  869   -0.00822   -0.00355   -0.00914
  870   -0.00787   -0.00255   -0.00940
  871   -0.00692   -0.00307   -0.01028
  872   -0.00795   -0.00273   -0.01029
  873   -0.00586   -0.00203   -0.00771
  874   -0.00527   -0.00216   -0.00697
  875   -0.00466   -0.00363   -0.00735
  876   -0.00454   -0.00430   -0.00743
  877   -0.00379   -0.00132   -0.00554
  878   -0.00295   -0.00143   -0.00467
  879   -0.00317   -0.00089   -0.00453
  880   -0.00170   -0.00033   -0.00270
  881   -0.00441   -0.00440   -0.00772
  882   -0.00347   -0.00633   -0.00825
  883   -0.00466   -0.00823   -0.00937
  884   -0.00415   -0.00995   -0.00941
  885   -0.00369   -0.00679   -0.00834
  886   -0.00260   -0.00850   -0.00870
  887   -0.00303   -0.01119   -0.01021
  888   -0.00275   -0.00965   -0.00986
  889   -0.00289   -0.01269   -0.01178
  890   -0.00648   -0.00828   -0.01012
  891   -0.00799   -0.00998   -0.01109
  892   -0.00808   -0.00963   -0.01118
  893   -0.00862   -0.01206   -0.01262
  894   -0.01012   -0.01101   -0.01264
  895   -0.01263   -0.01382   -0.01530
  896   -0.01323   -0.01823   -0.01755
  897   -0.01132   -0.02010   -0.01731
  898   -0.01988   -0.02316   -0.02234
  899   -0.00802   -0.00717   -0.01023
  900   -0.00741   -0.00660   -0.01028
  901   -0.00619   -0.00732   -0.00954
  902   -0.00609   -0.00802   -0.00966
  903   -0.00726   -0.00422   -0.00988
  904   -0.00695   -0.00364   -0.00995
  905   -0.00773   -0.00334   -0.01158
  906   -0.00554   -0.00285   -0.00856
  907   -0.00703   -0.00257   -0.01144
  908   -0.00506   -0.00227   -0.00779
  909   -0.00646   -0.00185   -0.00933
  910   -0.00474   -0.00677   -0.00790
  911   -0.00305   -0.00745   -0.00666
  912   -0.00312   -0.01032   -0.00777
  913   -0.00170   -0.01151   -0.00717
  914   -0.00138   -0.00632   -0.00565
  915   -0.00138   -0.00362   -0.00453
  916   -0.00048   -0.00293   -0.00333
  917   -0.00140   -0.00271   -0.00333
  918   -0.00437   -0.01208   -0.00962
  919   -0.00444   -0.01551   -0.01092
  920   -0.00598   -0.01671   -0.01202
  921   -0.00573   -0.01960   -0.01261
  922   -0.00518   -0.01715   -0.01196
  923   -0.00510   -0.02187   -0.01434
  924   -0.00799   -0.01505   -0.01261
  925   -0.01010   -0.01609   -0.01408
  926   -0.00995   -0.01506   -0.01282
  927   -0.01076   -0.01660   -0.01364
  928   -0.01159   -0.01363   -0.01460
  929   -0.01347   -0.01535   -0.01631
  930   -0.01335   -0.01258   -0.01605
  931   -0.01243   -0.01000   -0.01523
  932   -0.01678   -0.01444   -0.01813
  933   -0.00780   -0.01245   -0.01133
  934   -0.00653   -0.01069   -0.01030
  935   -0.00421   -0.01113   -0.00845
  936   -0.00288   -0.00924   -0.00699
  937   -0.00634   -0.00762   -0.00941
  938   -0.00504   -0.00707   -0.00844
  939   -0.00756   -0.00666   -0.01112
  940   -0.00319   -0.01340   -0.00862
  941   -0.00037   -0.01418   -0.00758
  942    0.00098   -0.01445   -0.00736
  943    0.00241   -0.01195   -0.00537
  944    0.00102   -0.01795   -0.00848
  945    0.00221   -0.01680   -0.00722
  946    0.00320   -0.02033   -0.00734
  947    0.00572   -0.02626   -0.00954
  948    0.00279   -0.01917   -0.00620
  949    0.00036   -0.01812   -0.00866
  950    0.00297   -0.02206   -0.00827
  951    0.00027   -0.01724   -0.00757
  952    0.00122   -0.01916   -0.00716
  953    0.00332   -0.03030   -0.01134
  954   -0.00148   -0.03169   -0.01388
  955   -0.00163   -0.04962   -0.01902
  956   -0.01054   -0.05613   -0.02229
  957   -0.01475   -0.06898   -0.01824
  958   -0.00255   -0.01217   -0.00728
  959   -0.00367   -0.01027   -0.00771
  960   -0.00247   -0.00663   -0.00490
  961   -0.00061   -0.00612   -0.00264
  962   -0.00594   -0.00875   -0.00909
  963   -0.00852   -0.01124   -0.01159
  964   -0.01015   -0.00904   -0.01302
  965   -0.01287   -0.01314   -0.01536
  966   -0.00297   -0.00526   -0.00567
  967   -0.00234   -0.00226   -0.00367
  968   -0.00263   -0.00061   -0.00330
  969   -0.00375   -0.00095   -0.00504
  970   -0.00298   -0.00092   -0.00427
  971   -0.00466   -0.00023   -0.00647
  972   -0.00178    0.00108   -0.00111
  973   -0.00189    0.00210   -0.00064
  974   -0.00342    0.00381   -0.00255
  975   -0.00407    0.00435   -0.00326
  976   -0.00071    0.00321    0.00181
  977    0.00046    0.00208    0.00318
  978   -0.00018    0.00132    0.00146
  979   -0.00410    0.00484   -0.00351
  980   -0.00589    0.00680   -0.00579
  981   -0.00710    0.00528   -0.00834
  982   -0.00805    0.00593   -0.00987
  983   -0.00652    0.00846   -0.00621
  984   -0.00519    0.01006   -0.00425
  985   -0.00238    0.00857   -0.00127
  986   -0.00185    0.00826    0.00007
  987   -0.00208    0.00693   -0.00097
  988   -0.00692    0.00297   -0.00893
  989   -0.00788    0.00116   -0.01133
  990   -0.00765    0.00006   -0.01108
  991   -0.00852   -0.00061   -0.01327
  992   -0.00799   -0.00122   -0.01197
  993   -0.00924   -0.00060   -0.01367
  994   -0.01026    0.00235   -0.01431
  995   -0.01039   -0.00305   -0.01600
  996   -0.00638   -0.00004   -0.00886
  997   -0.00592   -0.00072   -0.00861
  998   -0.00647    0.00102   -0.00887
  999   -0.00676    0.00035   -0.00998
 1000   -0.00429   -0.00109   -0.00609
 1001   -0.00382   -0.00302   -0.00598
 1002   -0.00164   -0.00309   -0.00373
 1003   -0.00076   -0.00458   -0.00369
 1004    0.00082   -0.00376   -0.00116
 1005    0.00177   -0.00235    0.00095
 1006    0.00162   -0.00568   -0.00135
 1007   -0.00635    0.00292   -0.00795
 1008   -0.00694    0.00459   -0.00829
 1009   -0.00869    0.00510   -0.01119
 1010   -0.00900    0.00519   -0.01199
 1011   -0.00702    0.00671   -0.00714
 1012   -0.00957    0.00494   -0.01304
 1013   -0.01138    0.00541   -0.01636
 1014   -0.01166    0.00338   -0.01785
 1015   -0.01287    0.00408   -0.01950
 1016   -0.01320    0.00603   -0.01846
 1017   -0.01410    0.00902   -0.01795
 1018   -0.01566    0.00959   -0.02039
 1019   -0.01771    0.01356   -0.02073
 1020   -0.01356    0.01167   -0.01496
 1021   -0.01018    0.00084   -0.01671
 1022   -0.00953   -0.00147   -0.01758
 1023   -0.00885   -0.00057   -0.01663
 1024   -0.00882   -0.00085   -0.01823
 1025   -0.00877   -0.00352   -0.01586
 1026   -0.00948   -0.00564   -0.01714
 1027   -0.00810    0.00051   -0.01399
 1028   -0.00722    0.00130   -0.01258
 1029   -0.00866    0.00284   -0.01401
 1030   -0.00823    0.00273   -0.01409
 1031   -0.00628    0.00196   -0.00974
 1032   -0.00587    0.00257   -0.00843
 1033   -0.00485    0.00156   -0.00808
 1034   -0.00589    0.00407   -0.00746
 1035   -0.00373    0.00207   -0.00657
 1036   -0.00515    0.00430   -0.00613
 1037   -0.00418    0.00308   -0.00572
 1038   -0.01023    0.00447   -0.01447
 1039   -0.01214    0.00601   -0.01626
 1040   -0.01343    0.00540   -0.01880
 1041   -0.01436    0.00634   -0.01966
 1042   -0.01395    0.00834   -0.01716
 1043   -0.01238    0.00903   -0.01524
 1044   -0.01397    0.01194   -0.01660
 1045   -0.01372    0.01296   -0.01552
 1046   -0.01672    0.01407   -0.01969
 1047   -0.01241    0.00329   -0.02005
 1048   -0.01356    0.00158   -0.02361
 1049   -0.01132    0.00013   -0.02250
 1050   -0.01188   -0.00127   -0.02507
 1051   -0.01379    0.00018   -0.02662
 1052   -0.01762    0.00166   -0.02913
 1053   -0.01901   -0.00123   -0.03630
 1054   -0.02534    0.00013   -0.04225
 1055   -0.03786   -0.00970   -0.07279
 1056   -0.00913    0.00034   -0.01926
 1057   -0.00684   -0.00095   -0.01764
 1058   -0.00651   -0.00016   -0.01632
 1059   -0.00583    0.00049   -0.01428
 1060   -0.00640   -0.00147   -0.01573
 1061   -0.00559   -0.00199   -0.01521
 1062   -0.00436   -0.00228   -0.01476
 1063   -0.00666   -0.00260   -0.01437
 1064   -0.00746   -0.00031   -0.01849
 1065   -0.00790    0.00070   -0.01841
 1066   -0.00452   -0.00027   -0.01586
 1067   -0.00293   -0.00010   -0.01277
 1068   -0.01029    0.00033   -0.02363
 1069   -0.01666    0.00110   -0.02950
 1070   -0.02047    0.00545   -0.02933
 1071   -0.01723    0.00612   -0.02281
 1072   -0.03602    0.01011   -0.04543
 1073   -0.00292   -0.00142   -0.01670
 1074   -0.00112   -0.00103   -0.01459
 1075   -0.00102   -0.00055   -0.01074
 1076    0.00004   -0.00097   -0.00903
 1077   -0.00044   -0.00130   -0.01556
 1078   -0.00193   -0.00133   -0.01061
 1079   -0.00185   -0.00068   -0.00839
 1080   -0.00148    0.00110   -0.00746
 1081   -0.00104    0.00131   -0.00615
 1082   -0.00216   -0.00069   -0.00913
 1083   -0.00353   -0.00158   -0.00970
 1084   -0.00242    0.00038   -0.00667
 1085   -0.00410   -0.00172   -0.00967
 1086   -0.00214    0.00169   -0.00885
 1087   -0.00300    0.00292   -0.00794
 1088   -0.00211    0.00207   -0.00693
 1089   -0.00150    0.00235   -0.00541
 1090   -0.00516    0.00369   -0.00990
 1091   -0.00580    0.00412   -0.01026
 1092   -0.00812    0.00494   -0.01281
 1093   -0.00932    0.00576   -0.01337
 1094   -0.00921    0.00471   -0.01370
 1095   -0.00204    0.00124   -0.00740
 1096   -0.00109    0.00065   -0.00597
 1097    0.00130    0.00115   -0.00379
 1098    0.00403    0.00123   -0.00154
 1099   -0.00092   -0.00015   -0.00759
 1100    0.00083    0.00120   -0.00453
 1101    0.00143    0.00116   -0.00339
 1102    0.00186    0.00168   -0.00223
 1103    0.00255    0.00217   -0.00102
 1104    0.00057    0.00147   -0.00391
 1105    0.00106    0.00192   -0.00238
 1106    0.00118    0.00208   -0.00121
 1107    0.00198    0.00180   -0.00108
 1108    0.00225    0.00154    0.00008
 1109   -0.00021    0.00235   -0.00183
 1110   -0.00047    0.00251   -0.00087
 1111   -0.00098    0.00250    0.00020
 1112   -0.00052    0.00237   -0.00065
 1113   -0.00124    0.00257    0.00095
 1114   -0.00128    0.00242    0.00029
 1115    0.00260    0.00223   -0.00190
 1116    0.00385    0.00121   -0.00202
 1117    0.00558   -0.00013   -0.00070
 1118    0.00643   -0.00184   -0.00052
 1119    0.00366    0.00097   -0.00391
 1120    0.00205    0.00150   -0.00462
 1121    0.00200    0.00183   -0.00541
 1122    0.00098    0.00180   -0.00351
 1123    0.00603    0.00036   -0.00022
 1124    0.00785   -0.00070    0.00145
 1125    0.00661   -0.00068    0.00190
 1126    0.00724   -0.00248    0.00238
 1127    0.00849    0.00028    0.00156
 1128    0.00495    0.00016    0.00130
 1129    0.00365   -0.00059    0.00161
 1130    0.00339   -0.00207    0.00186
 1131    0.00330   -0.00402    0.00194
 1132    0.00198    0.00073    0.00130
 1133    0.00032    0.00012    0.00177
 1134    0.00132    0.00181    0.00058
 1135    0.00341   -0.00174    0.00169
 1136    0.00381   -0.00310    0.00236
 1137    0.00752   -0.00587    0.00308
 1138    0.00892   -0.00669    0.00395
 1139    0.00328   -0.00182    0.00171
 1140    0.00870   -0.00684    0.00234
 1141    0.01474   -0.01128    0.00509
 1142    0.01144   -0.01222    0.00353
 1143    0.01277   -0.01614    0.00290
 1144    0.01928   -0.01339    0.00759
 1145    0.02386   -0.01906    0.01146
 1146    0.01910   -0.01337    0.00785
 1147    0.02055   -0.01325    0.00829
 1148    0.02087   -0.01103    0.00726
 1149    0.00814   -0.00949    0.00215
 1150    0.00387   -0.01099   -0.00208
 1151    0.00187   -0.01228   -0.00437
 1152   -0.00066   -0.01228   -0.00695
 1153    0.00474   -0.00590    0.00085
 1154    0.00570   -0.00675    0.00140
 1155    0.00434   -0.00618   -0.00013
 1156    0.00255   -0.00553   -0.00116
 1157    0.00571   -0.00910   -0.00022
 1158    0.00400   -0.01307   -0.00168
 1159    0.00214   -0.01453   -0.00307
 1160    0.00365   -0.02361   -0.01207
 1161    0.00034   -0.03325   -0.02131
 1162    0.00732   -0.02417   -0.01200
 1163    0.01387   -0.03736   -0.02644
 1164    0.02797   -0.02802   -0.03561
 1165    0.02344   -0.01868   -0.02085
 1166    0.00920   -0.04006   -0.02367
 1167    0.00563   -0.02328   -0.01226
 1168    0.00152   -0.01491   -0.00265
 1169   -0.00278   -0.01753    0.00013
 1170    0.00526   -0.00925   -0.00087
 1171    0.04800   -0.04369   -0.06519
 1172    0.10684   -0.04501   -0.11918
 1173    0.10803   -0.06470   -0.10625
 1174    0.13997   -0.09278   -0.13340
 1175    0.16778   -0.08270   -0.19707
 1176    0.05296   -0.03954   -0.06347
 1177    0.05300   -0.04323   -0.05894
 1178    0.02633   -0.03872   -0.03363
 1179   -0.01527    0.00201   -0.02634
 1180   -0.03136    0.00756   -0.04228
 1181    0.01426   -0.03316   -0.01497
 1182    0.01076   -0.05558   -0.01011
 1183    0.00106   -0.04410   -0.00295
 1184   -0.01011   -0.06045   -0.00077
 1185   -0.00870   -0.04854    0.00174
 1186   -0.00467   -0.03025    0.00137
 1187   -0.00476   -0.04706   -0.00343
 1188   -0.01262    0.01381   -0.01512
 1189   -0.04504    0.04773   -0.02038
 1190   -0.02275    0.04137   -0.01537
 1191   -0.01204    0.04424   -0.01954
 1192   -0.08440    0.10966   -0.01422
 1193   -0.05262    0.14628    0.01606
 1194   -0.18220    0.19892   -0.04915
 1195   -0.00506    0.02505   -0.00700
 1196    0.01645    0.00399   -0.00478
 1197    0.00819    0.00556   -0.01074
 1198    0.01161    0.00458   -0.01276
 1199    0.01981   -0.00394    0.00013
 1200    0.00424    0.00540   -0.00213
 1201    0.00220    0.00854   -0.00364
 1202   -0.00056    0.00800   -0.00165
 1203   -0.00176    0.00980   -0.01226
 1204    0.00319   -0.00008   -0.00268
 1205    0.00941   -0.00521    0.00129
 1206    0.00602   -0.00305    0.00388
 1207    0.00996   -0.00854   -0.00504
 1208    0.00220   -0.00924    0.00486
 1209    0.21801   -0.14955    0.14562
 1210    0.01721   -0.02157    0.01704
 1211    0.01675   -0.01222   -0.00113
 1212    0.01924   -0.01368    0.00063
 1213    0.01544   -0.00824   -0.00221
 1214    0.01354   -0.00661   -0.00043
 1215    0.02761   -0.02676   -0.00066
 1216    0.03117   -0.03272   -0.01253
 1217    0.02340   -0.02409   -0.00740
 1218    0.02538   -0.01940   -0.01344
 1219    0.01729   -0.01647   -0.00603
 1220    0.01272   -0.00516   -0.00661
 1221    0.00555   -0.00109   -0.00523
 1222    0.00812   -0.00459   -0.00229
 1223    0.00774   -0.00499   -0.00181
 1224    0.00699   -0.00368   -0.00928
 1225    0.00574   -0.00131   -0.00401
 1226    0.00935   -0.00263   -0.00940
 1227    0.00818   -0.00487    0.00001
 1228    0.00759   -0.00324    0.00212
 1229    0.00692   -0.00478    0.00484
 1230    0.00599   -0.00572    0.00632
 1231    0.00853   -0.00219    0.00247
 1232    0.00839   -0.00138    0.00135
 1233    0.01367    0.00101    0.00050
 1234    0.00426   -0.00004    0.00419
 1235    0.00510   -0.00406    0.00523
 1236    0.00489   -0.00506    0.00683
 1237    0.00330   -0.00153    0.00697
 1238    0.00332   -0.00039    0.00653
 1239    0.00488   -0.00580    0.00682
 1240    0.00650   -0.00894    0.00798
 1241    0.00531   -0.01075    0.00966
 1242    0.01000   -0.01029    0.00611
 1243    0.00640   -0.01347    0.01126
 1244    0.01115   -0.01313    0.00827
 1245    0.00868   -0.01318    0.00980
 1246    0.00333   -0.00195    0.00753
 1247    0.00338    0.00016    0.00763
 1248    0.00278    0.00052    0.00771
 1249    0.00255   -0.00038    0.00777
 1250    0.00322    0.00011    0.00755
 1251    0.00270    0.00211    0.00765
 1252    0.00276    0.00366    0.00743
 1253    0.00228    0.00269    0.00761
 1254    0.00210    0.00457    0.00718
 1255    0.00199    0.00390    0.00731
 1256    0.00195    0.00194    0.00788
 1257    0.00136    0.00211    0.00762
 1258    0.00134    0.00273    0.00717
 1259    0.00143    0.00331    0.00694
 1260    0.00067    0.00203    0.00774
 1261   -0.00003    0.00114    0.00812
 1262   -0.00001    0.00078    0.00830
 1263   -0.00015    0.00101    0.00767
 1264   -0.00010   -0.00017    0.00809
 1265   -0.00064    0.00044    0.00752
 1266   -0.00057   -0.00006    0.00773
 1267    0.00116    0.00264    0.00698
 1268    0.00101    0.00303    0.00661
 1269    0.00078    0.00324    0.00602
 1270    0.00072    0.00315    0.00601
 1271    0.00072    0.00321    0.00647
 1272    0.00068    0.00182    0.00580
 1273    0.00105    0.00304    0.00681
 1274    0.00034    0.00181    0.00499
 1275    0.00081    0.00371    0.00581
 1276    0.00070    0.00393    0.00549
 1277    0.00061    0.00417    0.00495
 1278    0.00077    0.00412    0.00520
 1279    0.00049    0.00369    0.00529
 1280    0.00042    0.00377    0.00483
 1281    0.00023    0.00386    0.00482
 1282    0.00023    0.00331    0.00462
 1283    0.00038    0.00457    0.00434
 1284    0.00023    0.00477    0.00358
 1285    0.00007    0.00499    0.00356
 1286    0.00006    0.00526    0.00332
 1287   -0.00003    0.00490    0.00223
 1288    0.00004    0.00402    0.00204
 1289    0.00009    0.00377    0.00250
 1290    0.00024    0.00374    0.00180
 1291   -0.00003    0.00285    0.00254
 1292    0.00004    0.00317    0.00141
 1293   -0.00009    0.00285    0.00177
 1294    0.00014    0.00475    0.00391
 1295   -0.00001    0.00452    0.00431
 1296   -0.00006    0.00468    0.00439
 1297    0.00012    0.00466    0.00498
 1298    0.00052    0.00348    0.00472
 1299    0.00054    0.00298    0.00419
 1300    0.00004    0.00333    0.00454
 1301    0.00033    0.00291    0.00414
 1302   -0.00075    0.00519    0.00439
 1303   -0.00098    0.00531    0.00465
 1304   -0.00153    0.00466    0.00559
 1305   -0.00164    0.00425    0.00547
 1306   -0.00196    0.00642    0.00401
 1307   -0.00235    0.00684    0.00393
 1308   -0.00171    0.00649    0.00328
 1309   -0.00328    0.00714    0.00478
 1310   -0.00108    0.00399    0.00640
 1311   -0.00136    0.00354    0.00721
 1312   -0.00125    0.00302    0.00898
 1313   -0.00032    0.00287    0.00941
 1314   -0.00052    0.00220    0.00829
 1315   -0.00115    0.00179    0.00934
 1316   -0.00051    0.00226    0.00696
 1317   -0.00201    0.00337    0.00926
 1318   -0.00223    0.00254    0.01116
 1319   -0.00148    0.00345    0.00990
 1320   -0.00113    0.00299    0.01145
 1321   -0.00179    0.00065    0.01378
 1322   -0.00273   -0.00032    0.01614
 1323   -0.00353    0.00005    0.01658
 1324   -0.00262   -0.00082    0.01753
 1325   -0.00176    0.00539    0.00811
 1326   -0.00136    0.00571    0.00673
 1327   -0.00018    0.00489    0.00635
 1328    0.00046    0.00457    0.00581
 1329    0.00020    0.00469    0.00649
 1330    0.00132    0.00405    0.00623
 1331    0.00116    0.00434    0.00529
 1332    0.00053    0.00418    0.00590
 1333    0.00188    0.00308    0.00782
 1334    0.00269    0.00275    0.00869
 1335    0.00380    0.00239    0.00795
 1336    0.00227    0.00241    0.01021
 1337    0.00415    0.00201    0.00912
 1338    0.00313    0.00197    0.01062
 1339    0.00137    0.00433    0.00413
 1340    0.00112    0.00460    0.00373
 1341    0.00162    0.00413    0.00461
 1342    0.00234    0.00371    0.00485
 1343    0.00098    0.00488    0.00167
 1344    0.00050    0.00508    0.00090
 1345   -0.00024    0.00560    0.00034
 1346    0.00045    0.00501   -0.00111
 1347    0.00124    0.00408    0.00513
 1348    0.00141    0.00398    0.00599
 1349    0.00131    0.00419    0.00546
 1350    0.00091    0.00439    0.00495
 1351    0.00187    0.00302    0.00709
 1352    0.00233    0.00257    0.00804
 1353    0.00328    0.00215    0.00887
 1354    0.00190    0.00250    0.00854
 1355    0.00376    0.00148    0.00995
 1356    0.00228    0.00180    0.00967
 1357    0.00331    0.00111    0.01037
 1358    0.00375    0.00031    0.01183
 1359    0.00161    0.00423    0.00548
 1360    0.00159    0.00435    0.00548
 1361    0.00173    0.00413    0.00639
 1362    0.00220    0.00409    0.00698
 1363    0.00188    0.00420    0.00499
 1364    0.00145    0.00393    0.00474
 1365    0.00126    0.00401    0.00433
 1366    0.00108    0.00382    0.00501
 1367    0.00127    0.00384    0.00321
 1368    0.00159    0.00414    0.00633
 1369    0.00155    0.00408    0.00660
 1370    0.00151    0.00430    0.00669
 1371    0.00123    0.00417    0.00649
 1372    0.00139    0.00359    0.00624
 1373    0.00141    0.00314    0.00621
 1374    0.00116    0.00268    0.00557
 1375    0.00179    0.00282    0.00700
 1376    0.00154    0.00461    0.00687
 1377    0.00126    0.00510    0.00689
 1378    0.00094    0.00545    0.00664
 1379    0.00118    0.00573    0.00680
 1380    0.00150    0.00517    0.00698
 1381    0.00152    0.00507    0.00723
 1382    0.00165    0.00447    0.00765
 1383    0.00127    0.00539    0.00707
 1384    0.00053    0.00529    0.00610
 1385   -0.00016    0.00588    0.00560
 1386   -0.00035    0.00711    0.00548
 1387   -0.00085    0.00771    0.00452
 1388    0.00057    0.00705    0.00615
 1389    0.00122    0.00757    0.00604
 1390    0.00174    0.00717    0.00659
 1391    0.00261    0.00603    0.00772
 1392    0.00127    0.00706    0.00609
 1393    0.00095    0.00742    0.00565
 1394    0.00159    0.00644    0.00578
 1395    0.00282    0.00529    0.00509
 1396    0.00371    0.00139    0.00657
 1397    0.00385    0.00158    0.00719
 1398    0.00542    0.00012    0.00616
 1399    0.00148    0.00703    0.00684
 1400    0.00208    0.00638    0.00805
 1401    0.00178    0.00661    0.00773
 1402    0.00083    0.00641    0.00700
 1403    0.00214    0.00587    0.00826
 1404    0.00234    0.00533    0.00853
 1405    0.00294    0.00516    0.00957
 1406    0.00300    0.00554    0.00929
 1407    0.00241    0.00600    0.00823
 1408    0.00198    0.00647    0.00803
 1409    0.00238    0.00621    0.00827
 1410    0.00245    0.00629    0.00816
 1411    0.00380    0.00547    0.00892
 1412    0.00547    0.00402    0.00985
 1413    0.00414    0.00487    0.00958
 1414    0.00293    0.00490    0.00932
 1415    0.00326    0.00415    0.00965
 1416    0.00300    0.00414    0.00916
 1417    0.00283    0.00463    0.00897
 1418    0.00451    0.00291    0.01097
 1419    0.00493    0.00203    0.01156
 1420    0.00475    0.00272    0.01116
 1421    0.00644    0.00111    0.01166
 1422    0.00497    0.00263    0.01174
 1423    0.00667    0.00006    0.01211
 1424    0.00594    0.00146    0.01231
 1425    0.00329    0.00333    0.00943
 1426    0.00319    0.00334    0.00930
 1427    0.00382    0.00336    0.00929
 1428    0.00456    0.00279    0.01013
 1429    0.00294    0.00267    0.00944
 1430    0.00321    0.00214    0.00966
 1431    0.00348    0.00263    0.00990
 1432    0.00365    0.00387    0.00827
 1433    0.00441    0.00374    0.00777
 1434    0.00449    0.00331    0.00725
 1435    0.00353    0.00358    0.00677
 1436    0.00385    0.00415    0.00694
 1437    0.00430    0.00389    0.00606
 1438    0.00305    0.00475    0.00762
 1439    0.00543    0.00273    0.00775
 1440    0.00553    0.00243    0.00776
 1441    0.00552    0.00252    0.00628
 1442    0.00680    0.00227    0.00613
 1443    0.00644    0.00159    0.00908
 1444    0.00593    0.00114    0.00872
 1445    0.00481    0.00183    0.00781
 1446    0.00684    0.00038    0.00931
 1447    0.00437    0.00294    0.00487
 1448    0.00378    0.00332    0.00334
 1449    0.00454    0.00334    0.00264
 1450    0.00329    0.00368    0.00123
 1451    0.00243    0.00415    0.00153
 1452    0.00237    0.00366    0.00207
 1453    0.00200    0.00324    0.00128
 1454    0.00222    0.00399    0.00305
 1455    0.00188    0.00304    0.00184
 1456    0.00164    0.00400    0.00236
 1457    0.00517    0.00289    0.00399
 1458    0.00582    0.00273    0.00366
 1459    0.00473    0.00343    0.00350
 1460    0.00357    0.00360    0.00374
 1461    0.00499    0.00359    0.00268
 1462    0.00354    0.00461    0.00271
 1463    0.00212    0.00528    0.00093
 1464    0.00169    0.00580   -0.00100
 1465    0.00370    0.00466    0.00206
 1466    0.00081    0.00568    0.00121
 1467   -0.00028    0.00660   -0.00018
 1468   -0.00165    0.00746    0.00027
 1469   -0.00166    0.00727    0.00210
 1470    0.00005    0.00630    0.00031
 1471   -0.00091    0.00687   -0.00106
 1472   -0.00283    0.00862   -0.00120
 1473   -0.00414    0.00991   -0.00075
 1474   -0.00432    0.00984   -0.00063
 1475   -0.00384    0.00942   -0.00130
 1476   -0.00532    0.01148   -0.00257
 1477   -0.00520    0.01160   -0.00288
 1478   -0.00499    0.01077    0.00013
 1479   -0.00429    0.01091   -0.00011
 1480   -0.00405    0.01196   -0.00239
 1481   -0.00346    0.01141   -0.00274
 1482   -0.00384    0.01177    0.00027
 1483   -0.00427    0.01000    0.00274
 1484   -0.00199    0.00904    0.00269
 1485   -0.00192    0.00796    0.00343
 1486    0.00012    0.00860    0.00138
 1487   -0.00538    0.01305   -0.00335
 1488   -0.00642    0.01387   -0.00513
 1489   -0.00549    0.01257   -0.00603
 1490   -0.00457    0.01248   -0.00665
 1491   -0.00765    0.01503   -0.00640
 1492   -0.00814    0.01667   -0.00573
 1493   -0.00742    0.01728   -0.00425
 1494   -0.01279    0.01846   -0.00713
 1495   -0.00492    0.01163   -0.00577
 1496   -0.00382    0.01115   -0.00675
 1497   -0.00295    0.00984   -0.00556
 1498   -0.00214    0.00941   -0.00658
 1499   -0.00326    0.01048   -0.00743
 1500   -0.00309    0.00973   -0.00543
 1501   -0.00417    0.01169   -0.00929
 1502   -0.00324    0.00957   -0.00383
 1503   -0.00248    0.00864   -0.00259
 1504   -0.00189    0.00855   -0.00335
 1505   -0.00134    0.00763   -0.00337
 1506   -0.00246    0.00874   -0.00115
 1507   -0.00185    0.00836    0.00019
 1508   -0.00141    0.00729    0.00090
 1509   -0.00163    0.00849    0.00113
 1510   -0.00177    0.00925   -0.00412
 1511   -0.00133    0.00931   -0.00476
 1512   -0.00144    0.00945   -0.00652
 1513   -0.00108    0.00837   -0.00642
 1514   -0.00085    0.01009   -0.00566
 1515    0.00026    0.00901   -0.00441
 1516    0.00039    0.01036   -0.00514
 1517    0.00023    0.00859   -0.00245
 1518   -0.00156    0.01058   -0.00855
 1519   -0.00109    0.00997   -0.01059
 1520   -0.00085    0.00767   -0.01001
 1521   -0.00059    0.00643   -0.01088
 1522   -0.00132    0.01094   -0.01190
 1523   -0.00092    0.01041   -0.01457
 1524   -0.00033    0.01086   -0.01653
 1525   -0.00144    0.01317   -0.01753
 1526   -0.00132    0.01630   -0.02573
 1527   -0.00086    0.00772   -0.00838
 1528   -0.00084    0.00668   -0.00737
 1529   -0.00083    0.00583   -0.00621
 1530   -0.00110    0.00493   -0.00669
 1531   -0.00054    0.00639   -0.00579
 1532   -0.00065    0.00655   -0.00697
 1533   -0.00067    0.00673   -0.00562
 1534   -0.00066    0.00687   -0.00932
 1535   -0.00097    0.00609   -0.00498
 1536   -0.00104    0.00538   -0.00349
 1537   -0.00119    0.00494   -0.00444
 1538   -0.00127    0.00370   -0.00406
 1539   -0.00081    0.00566   -0.00190
 1540   -0.00068    0.00545   -0.00587
 1541   -0.00081    0.00465   -0.00639
 1542   -0.00123    0.00317   -0.00777
 1543   -0.00196    0.00198   -0.00761
 1544   -0.00084    0.00565   -0.00741
 1545   -0.00147    0.00344   -0.00890
 1546   -0.00255    0.00220   -0.01008
 1547   -0.00368    0.00081   -0.00901
 1548   -0.00541   -0.00086   -0.00983
 1549   -0.00281    0.00238   -0.01136
 1550   -0.00354    0.00118   -0.01398
 1551   -0.00454   -0.00080   -0.01407
 1552   -0.00313   -0.00085   -0.01320
 1553   -0.00189    0.00023   -0.01453
 1554   -0.00283    0.00181   -0.00737
 1555   -0.00283    0.00071   -0.00618
 1556   -0.00340   -0.00008   -0.00516
 1557   -0.00501   -0.00156   -0.00454
 1558   -0.00148    0.00162   -0.00428
 1559   -0.00123    0.00136   -0.00232
 1560   -0.00119    0.00254   -0.00500
 1561   -0.00248    0.00049   -0.00420
 1562   -0.00252   -0.00042   -0.00265
 1563   -0.00369   -0.00226   -0.00297
 1564   -0.00417   -0.00401   -0.00168
 1565   -0.00135    0.00059   -0.00198
 1566   -0.00074    0.00198   -0.00013
 1567   -0.00419   -0.00221   -0.00494
 1568   -0.00583   -0.00404   -0.00534
 1569   -0.00835   -0.00635   -0.00550
 1570   -0.01021   -0.00909   -0.00455
 1571   -0.00526   -0.00294   -0.00836
 1572   -0.00374   -0.00076   -0.00856
 1573   -0.00418    0.00017   -0.01146
 1574   -0.00393    0.00065   -0.01355
 1575   -0.00288    0.00253   -0.01443
 1576   -0.00223    0.00414   -0.01378
 1577   -0.00266    0.00292   -0.01608
 1578   -0.00872   -0.00546   -0.00623
 1579   -0.01186   -0.00702   -0.00611
 1580   -0.01139   -0.00821   -0.00385
 1581   -0.01329   -0.01064   -0.00353
 1582   -0.01098   -0.00532   -0.00642
 1583   -0.01175   -0.00429   -0.00897
 1584   -0.01028   -0.00330   -0.00918
 1585   -0.00942   -0.00214   -0.00616
 1586   -0.00969   -0.00293   -0.01083
 1587   -0.00850   -0.00648   -0.00257
 1588   -0.00744   -0.00715   -0.00053
 1589   -0.00851   -0.00965    0.00036
 1590   -0.00949   -0.01180    0.00118
 1591   -0.00484   -0.00534    0.00091
 1592   -0.00370   -0.00352    0.00113
 1593   -0.00383   -0.00190    0.00002
 1594   -0.00270   -0.00302    0.00251
 1595   -0.00209   -0.00048    0.00115
 1596   -0.00174   -0.00147    0.00308
 1597   -0.00098   -0.00007    0.00312
 1598   -0.00841   -0.01009    0.00004
 1599   -0.00955   -0.01298    0.00086
 1600   -0.01289   -0.01646    0.00042
 1601   -0.01307   -0.01992    0.00187
 1602   -0.00883   -0.01193    0.00032
 1603   -0.00588   -0.00883    0.00067
 1604   -0.00877   -0.01411    0.00200
 1605   -0.01474   -0.01582   -0.00166
 1606   -0.01893   -0.01794   -0.00250
 1607   -0.02056   -0.01944   -0.00135
 1608   -0.02426   -0.02233   -0.00130
 1609   -0.02039   -0.01637   -0.00559
 1610   -0.01975   -0.01579   -0.00649
 1611   -0.01705   -0.01228   -0.00860
 1612   -0.01662   -0.01065   -0.00935
 1613   -0.01344   -0.01004   -0.00984
 1614   -0.01684   -0.01699   -0.00145
 1615   -0.01600   -0.01764   -0.00047
 1616   -0.01624   -0.01984    0.00116
 1617   -0.01718   -0.02195    0.00188
 1618   -0.01317   -0.01290   -0.00078
 1619   -0.01474   -0.01125   -0.00233
 1620   -0.01109   -0.00842   -0.00102
 1621   -0.00822   -0.00617   -0.00036
 1622   -0.00774   -0.00398   -0.00085
 1623   -0.00962   -0.00313   -0.00206
 1624   -0.00579   -0.00300    0.00022
 1625   -0.01416   -0.01929    0.00182
 1626   -0.01263   -0.02194    0.00360
 1627   -0.01410   -0.02587    0.00507
 1628   -0.01242   -0.02465    0.00592
 1629   -0.00960   -0.01986    0.00449
 1630   -0.00771   -0.01702    0.00392
 1631   -0.00654   -0.01771    0.00368
 1632   -0.00491   -0.01524    0.00266
 1633   -0.00662   -0.02125    0.00466
 1634   -0.01714   -0.02922    0.00381
 1635   -0.02015   -0.03248    0.00487
 1636   -0.01787   -0.03426    0.00756
 1637   -0.01603   -0.03092    0.00753
 1638   -0.02537   -0.03723    0.00341
 1639   -0.03103   -0.04013    0.00495
 1640   -0.03111   -0.06229   -0.01784
 1641   -0.05862   -0.03159    0.05648
 1642   -0.05682   -0.03718    0.03215
 1643   -0.01813   -0.03978    0.00865
 1644   -0.01746   -0.04204    0.01129
 1645   -0.01404   -0.03896    0.01234
 1646   -0.01392   -0.03969    0.01625
 1647   -0.01196   -0.03416    0.01169
 1648   -0.00915   -0.03172    0.01365
 1649   -0.00746   -0.02713    0.01301
 1650   -0.00773   -0.02327    0.01051
 1651   -0.00984   -0.02832    0.01186
 1652   -0.00822   -0.02615    0.01290
 1653   -0.01076   -0.03062    0.01892
 1654   -0.00918   -0.03131    0.02273
 1655   -0.01228   -0.03439    0.02060
 1656   -0.00637   -0.02774    0.01663
 1657   -0.00233   -0.02125    0.02027
 1658    0.00064   -0.01629    0.02100
 1659    0.00450   -0.01032    0.02106
 1660   -0.00092   -0.02082    0.02760
 1661    0.00065   -0.02274    0.03681
 1662    0.00691   -0.01126    0.03087
 1663    0.00036   -0.01913    0.02050
 1664    0.00398   -0.01596    0.02012
 1665    0.00501   -0.01267    0.01590
 1666    0.00393   -0.01245    0.01290
 1667    0.00350   -0.01918    0.02140
 1668    0.00515   -0.02340    0.03089
 1669    0.00140   -0.02617    0.03472
 1670    0.00575   -0.02749    0.05143
 1671   -0.00289   -0.04069    0.09890
 1672   -0.00859   -0.04729    0.09597
 1673    0.01856   -0.09297    0.31234
 1674    0.00357   -0.01157    0.01422
 1675    0.00285   -0.00890    0.01066
 1676    0.00356   -0.00788    0.01131
 1677    0.00401   -0.00773    0.01308
 1678    0.00094   -0.00801    0.00877
 1679   -0.00089   -0.01000    0.00821
 1680   -0.00246   -0.01334    0.00906
 1681   -0.00148   -0.00869    0.00665
 1682   -0.00467   -0.01548    0.00809
 1683   -0.00319   -0.01026    0.00593
 1684   -0.00464   -0.01359    0.00663
 1685    0.00370   -0.00475    0.00922
 1686    0.00270   -0.00252    0.00949
 1687    0.00197   -0.00103    0.00833
 1688    0.00168   -0.00114    0.00772
 1689    0.00272   -0.00334    0.01020
 1690    0.00247   -0.00414    0.01076
 1691    0.00123    0.00064    0.00788
 1692    0.00055    0.00190    0.00648
 1693   -0.00008    0.00298    0.00640
 1694   -0.00013    0.00364    0.00654
 1695    0.00043    0.00253    0.00511
 1696   -0.00016    0.00319    0.00612
 1697   -0.00057    0.00399    0.00594
 1698   -0.00044    0.00455    0.00520
 1699   -0.00012    0.00475    0.00504
 1700   -0.00119    0.00352    0.00631
 1701   -0.00140    0.00350    0.00672
 1702   -0.00120    0.00323    0.00665
 1703   -0.00026    0.00584    0.00454
 1704    0.00010    0.00658    0.00359
 1705   -0.00010    0.00669    0.00388
 1706   -0.00013    0.00726    0.00444
 1707    0.00040    0.00817    0.00232
 1708    0.00007    0.00662    0.00362
 1709   -0.00001    0.00684    0.00354
 1710    0.00045    0.00786    0.00259
 1711    0.00063    0.00747    0.00175
 1712    0.00003    0.00557    0.00349
 1713    0.00013    0.00543    0.00336
 1714   -0.00034    0.00558    0.00368
 1715   -0.00025    0.00457    0.00325
 1716    0.00048    0.00890    0.00266
 1717    0.00129    0.00984    0.00149
 1718    0.00168    0.01095    0.00161
 1719    0.00150    0.01110    0.00255
 1720    0.00139    0.01071    0.00102
 1721    0.00143    0.01113    0.00225
 1722    0.00261    0.01171    0.00009
 1723    0.00377    0.01275   -0.00026
 1724    0.00440    0.01437    0.00019
 1725    0.00461    0.01488   -0.00069
 1726    0.00489    0.01283   -0.00199
 1727    0.00608    0.01324   -0.00238
 1728    0.00781    0.01443   -0.00403
 1729    0.00988    0.01466   -0.00503
 1730    0.00710    0.01230   -0.00352
 1731    0.00490    0.01518    0.00130
 1732    0.00583    0.01721    0.00236
 1733    0.00755    0.01931    0.00168
 1734    0.00996    0.02223    0.00129
 1735    0.00559    0.01865    0.00492
 1736    0.00825    0.01932    0.00171
 1737    0.01405    0.02559    0.00104
 1738    0.01713    0.03709    0.00426
 1739    0.02856    0.05235    0.00413
 1740    0.01658    0.02503   -0.00161
 1741    0.01559    0.04050    0.00920
