    1   -0.01286    0.02051   -0.01712
    2   -0.01483    0.02207   -0.01892
    3   -0.01088    0.01866   -0.01408
    4   -0.00980    0.01565   -0.01348
    5   -0.02131    0.02190   -0.02468
    6   -0.02219    0.02523   -0.02659
    7   -0.03904    0.02791   -0.03871
    8   -0.03912    0.03328   -0.03731
    9   -0.01080    0.02129   -0.01354
   10   -0.00915    0.01934   -0.01014
   11   -0.00924    0.01668   -0.00973
   12   -0.01071    0.01805   -0.01141
   13   -0.00856    0.02276   -0.00862
   14   -0.00842    0.02714   -0.01062
   15   -0.00457    0.03108   -0.01002
   16   -0.00292    0.03354   -0.00954
   17   -0.00438    0.02951   -0.00818
   18   -0.00791    0.01436   -0.00799
   19   -0.00802    0.01268   -0.00802
   20   -0.00771    0.01465   -0.00672
   21   -0.00748    0.01679   -0.00611
   22   -0.00697    0.01018   -0.00694
   23   -0.00714    0.00881   -0.00814
   24   -0.00550    0.00782   -0.00631
   25   -0.00876    0.00819   -0.01020
   26   -0.00779    0.01346   -0.00649
   27   -0.00715    0.01418   -0.00511
   28   -0.00571    0.01377   -0.00329
   29   -0.00540    0.01228   -0.00308
   30   -0.00775    0.01329   -0.00495
   31   -0.00954    0.01446   -0.00608
   32   -0.00992    0.01423   -0.00528
   33   -0.01200    0.01519   -0.00695
   34   -0.01440    0.01733   -0.00775
   35   -0.00579    0.01442   -0.00234
   36   -0.00469    0.01154    0.00016
   37   -0.00429    0.01233    0.00005
   38   -0.00460    0.01298   -0.00058
   39   -0.00517    0.00802   -0.00014
   40   -0.00789    0.00712   -0.00214
   41   -0.00611    0.01448   -0.00245
   42   -0.00293    0.00969    0.00207
   43   -0.00242    0.00996    0.00209
   44   -0.00150    0.00832    0.00466
   45    0.00026    0.00698    0.00715
   46   -0.00183    0.00836    0.00239
   47   -0.00122    0.00763    0.00298
   48   -0.00217    0.00802    0.00183
   49   -0.00277    0.00741   -0.00008
   50   -0.00233    0.00965    0.00385
   51   -0.00229    0.00975    0.00480
   52   -0.00083    0.00833    0.00703
   53   -0.00092    0.00784    0.00655
   54   -0.00332    0.01151    0.00411
   55   -0.00295    0.01113    0.00494
   56   -0.00313    0.01288    0.00296
   57   -0.00432    0.01283    0.00081
   58   -0.00178    0.01280    0.00201
   59    0.00021    0.00638    0.00891
   60    0.00119    0.00582    0.00936
   61    0.00053    0.00656    0.00951
   62    0.00080    0.00670    0.01033
   63    0.00273    0.00524    0.00983
   64    0.00392    0.00498    0.01010
   65    0.00248    0.00522    0.01139
   66    0.00431    0.00393    0.00983
   67    0.00139    0.00678    0.00913
   68    0.00193    0.00748    0.00899
   69    0.00287    0.00714    0.00833
   70    0.00228    0.00685    0.00729
   71    0.00018    0.00850    0.00711
   72    0.00156    0.00844    0.00779
   73    0.00262    0.00867    0.00903
   74    0.00113    0.00829    0.00674
   75    0.00425    0.00681    0.00915
   76    0.00516    0.00622    0.00906
   77    0.00486    0.00608    0.00804
   78    0.00484    0.00559    0.00727
   79    0.00688    0.00633    0.01049
   80    0.00633    0.00677    0.01118
   81    0.00483    0.00696    0.01098
   82    0.00475    0.00646    0.00816
   83    0.00435    0.00598    0.00704
   84    0.00237    0.00618    0.00494
   85    0.00257    0.00557    0.00445
   86    0.00363    0.00621    0.00690
   87    0.00347    0.00626    0.00657
   88    0.00262    0.00690    0.00593
   89    0.00139    0.00805    0.00517
   90    0.00398    0.00658    0.00706
   91    0.00140    0.00673    0.00528
   92    0.00011    0.00677    0.00402
   93    0.00029    0.00627    0.00342
   94   -0.00006    0.00576    0.00159
   95   -0.00091    0.00759    0.00450
   96   -0.00179    0.00887    0.00381
   97   -0.00318    0.01036    0.00383
   98   -0.00312    0.00999    0.00262
   99    0.00103    0.00604    0.00481
  100    0.00163    0.00552    0.00438
  101    0.00206    0.00493    0.00370
  102    0.00150    0.00432    0.00228
  103    0.00262    0.00572    0.00583
  104    0.00237    0.00577    0.00583
  105    0.00151    0.00620    0.00628
  106    0.00340    0.00539    0.00684
  107    0.00299    0.00469    0.00426
  108    0.00359    0.00368    0.00368
  109    0.00244    0.00332    0.00241
  110    0.00225    0.00219    0.00140
  111    0.00507    0.00373    0.00445
  112    0.00648    0.00408    0.00525
  113    0.00675    0.00394    0.00496
  114    0.00724    0.00450    0.00637
  115    0.00154    0.00384    0.00180
  116    0.00014    0.00323   -0.00002
  117   -0.00095    0.00285   -0.00188
  118   -0.00165    0.00208   -0.00337
  119   -0.00056    0.00391   -0.00056
  120   -0.00170    0.00381   -0.00226
  121   -0.00138    0.00216   -0.00290
  122   -0.00252    0.00188   -0.00482
  123   -0.00260    0.00030   -0.00566
  124   -0.00103    0.00351   -0.00158
  125   -0.00187    0.00316   -0.00229
  126   -0.00110    0.00193   -0.00260
  127   -0.00202    0.00131   -0.00418
  128   -0.00183    0.00426   -0.00151
  129   -0.00223    0.00368   -0.00236
  130   -0.00208    0.00551   -0.00093
  131    0.00010    0.00194   -0.00089
  132    0.00095    0.00098   -0.00089
  133    0.00044   -0.00013   -0.00234
  134    0.00020   -0.00096   -0.00330
  135    0.00266    0.00139    0.00087
  136    0.00316    0.00216    0.00190
  137    0.00457    0.00218    0.00277
  138    0.00299    0.00162    0.00151
  139    0.00037   -0.00001   -0.00223
  140   -0.00004   -0.00077   -0.00318
  141   -0.00192   -0.00142   -0.00530
  142   -0.00271   -0.00242   -0.00652
  143    0.00009   -0.00031   -0.00269
  144   -0.00067    0.00053   -0.00281
  145   -0.00266   -0.00050   -0.00596
  146   -0.00427   -0.00044   -0.00805
  147   -0.00468   -0.00091   -0.00924
  148   -0.00607   -0.00180   -0.01085
  149   -0.00445    0.00112   -0.00803
  150   -0.00472    0.00133   -0.00740
  151   -0.00459    0.00280   -0.00747
  152   -0.00486    0.00331   -0.00724
  153   -0.00585    0.00349   -0.00818
  154   -0.00669    0.00320   -0.00941
  155   -0.00618    0.00403   -0.00775
  156   -0.00370   -0.00062   -0.00800
  157   -0.00382   -0.00134   -0.00847
  158   -0.00379   -0.00264   -0.00897
  159   -0.00449   -0.00397   -0.00966
  160   -0.00273   -0.00125   -0.00633
  161   -0.00298   -0.00027   -0.00570
  162   -0.00163    0.00048   -0.00372
  163   -0.00422   -0.00027   -0.00749
  164   -0.00287   -0.00300   -0.00775
  165   -0.00269   -0.00512   -0.00765
  166   -0.00030   -0.00553   -0.00598
  167    0.00020   -0.00764   -0.00582
  168    0.00097   -0.00405   -0.00452
  169    0.00291   -0.00429   -0.00317
  170    0.00405   -0.00449   -0.00298
  171    0.00387   -0.00318   -0.00296
  172    0.00347   -0.00281   -0.00155
  173    0.00550   -0.00277   -0.00044
  174    0.00248   -0.00240   -0.00157
  175    0.00530   -0.00578   -0.00309
  176    0.00664   -0.00590   -0.00299
  177    0.00854   -0.00549   -0.00195
  178    0.00906   -0.00454   -0.00142
  179    0.00614   -0.00907   -0.00424
  180    0.01024   -0.00376   -0.00150
  181    0.01205   -0.00248   -0.00104
  182    0.01223   -0.00045    0.00031
  183    0.01162    0.00009    0.00083
  184    0.01373   -0.00074    0.00000
  185    0.01495   -0.00083   -0.00005
  186    0.01393    0.00061    0.00090
  187    0.01472    0.00185    0.00040
  188    0.01634   -0.00059    0.00096
  189    0.01911   -0.00124    0.00052
  190    0.01514   -0.00080    0.00154
  191    0.00922   -0.00002    0.00300
  192    0.01691   -0.00170    0.00112
  193    0.01215    0.00122    0.00170
  194    0.01168    0.00226    0.00221
  195    0.01084    0.00265    0.00266
  196    0.00987    0.00214    0.00214
  197    0.01064    0.00222    0.00263
  198    0.01114    0.00213    0.00227
  199    0.01113    0.00043    0.00168
  200    0.01121    0.00313    0.00265
  201    0.01111    0.00107    0.00191
  202    0.01114    0.00231    0.00242
  203    0.01099    0.00403    0.00342
  204    0.01132    0.00260    0.00252
  205    0.01103    0.00428    0.00344
  206    0.01126    0.00363    0.00294
  207    0.01079    0.00370    0.00360
  208    0.00986    0.00390    0.00458
  209    0.00932    0.00466    0.00550
  210    0.00978    0.00520    0.00612
  211    0.01056    0.00380    0.00488
  212    0.01113    0.00295    0.00387
  213    0.00977    0.00274    0.00328
  214    0.00987    0.00179    0.00211
  215    0.01031    0.00120    0.00171
  216    0.01074    0.00195    0.00270
  217    0.00988    0.00011    0.00082
  218    0.00846    0.00434    0.00588
  219    0.00782    0.00496    0.00735
  220    0.00838    0.00529    0.00870
  221    0.00856    0.00531    0.00875
  222    0.00641    0.00492    0.00734
  223    0.00595    0.00488    0.00663
  224    0.00536    0.00447    0.00582
  225    0.00583    0.00500    0.00664
  226    0.00502    0.00427    0.00523
  227    0.00552    0.00493    0.00613
  228    0.00514    0.00458    0.00559
  229    0.00879    0.00609    0.00944
  230    0.00951    0.00652    0.01101
  231    0.00877    0.00638    0.01114
  232    0.00800    0.00606    0.01013
  233    0.01089    0.00769    0.01043
  234    0.01225    0.00854    0.01216
  235    0.01125    0.00801    0.00922
  236    0.00893    0.00616    0.01263
  237    0.00837    0.00565    0.01280
  238    0.00840    0.00547    0.01279
  239    0.00955    0.00654    0.01316
  240    0.00833    0.00525    0.01505
  241    0.00735    0.00572    0.01477
  242    0.00798    0.00598    0.01627
  243    0.00588    0.00600    0.01359
  244    0.00661    0.00402    0.01194
  245    0.00542    0.00312    0.01166
  246    0.00354    0.00056    0.01268
  247    0.00198   -0.00098    0.01223
  248    0.00376    0.00245    0.00894
  249    0.00219    0.00180    0.00780
  250    0.00498    0.00417    0.00810
  251    0.00400    0.00078    0.01498
  252    0.00254   -0.00174    0.01714
  253   -0.00059   -0.00423    0.01526
  254   -0.00187   -0.00782    0.01674
  255    0.00449    0.00024    0.02115
  256    0.00844    0.00289    0.02253
  257    0.01120    0.00403    0.02342
  258    0.00894    0.00326    0.02758
  259   -0.00113   -0.00375    0.01184
  260   -0.00403   -0.00573    0.00905
  261   -0.00379   -0.00458    0.00487
  262   -0.00202   -0.00198    0.00496
  263   -0.00604   -0.00687    0.00180
  264   -0.00696   -0.00652   -0.00107
  265   -0.00812   -0.00599   -0.00346
  266   -0.01005   -0.00689   -0.00591
  267   -0.00841   -0.00813   -0.00165
  268   -0.00754   -0.00647   -0.00007
  269   -0.00854   -0.00866   -0.00091
  270   -0.00551   -0.00397    0.00031
  271   -0.00730   -0.00493   -0.00331
  272   -0.00852   -0.00449   -0.00669
  273   -0.00667   -0.00045   -0.00656
  274   -0.00383    0.00100   -0.00343
  275   -0.01077   -0.00806   -0.00792
  276   -0.00988   -0.01113   -0.00475
  277   -0.00709   -0.00880   -0.00129
  278   -0.00626   -0.00677   -0.00180
  279   -0.00610   -0.00808    0.00360
  280   -0.00825    0.00181   -0.01010
  281   -0.00685    0.00601   -0.01093
  282   -0.00456    0.00742   -0.00822
  283   -0.00206    0.01007   -0.00715
  284   -0.01040    0.00810   -0.01613
  285   -0.01165    0.00989   -0.01963
  286   -0.01169    0.00576   -0.01846
  287   -0.01479    0.00474   -0.02141
  288   -0.00956    0.00338   -0.01433
  289   -0.00454    0.00514   -0.00697
  290   -0.00125    0.00697   -0.00436
  291    0.00250    0.00683    0.00053
  292    0.00588    0.00967    0.00282
  293   -0.00256    0.00427   -0.00463
  294   -0.00581    0.00739   -0.01175
  295   -0.01410    0.00370   -0.02276
  296   -0.01755   -0.00283   -0.02787
  297   -0.05480    0.01577   -0.07804
  298    0.00131    0.00417    0.00163
  299    0.00359    0.00404    0.00523
  300    0.00462    0.00630    0.00391
  301    0.00641    0.00722    0.00624
  302    0.00135    0.00014    0.00698
  303    0.00074   -0.00283    0.00884
  304    0.00249    0.00710    0.00063
  305    0.00330    0.00819   -0.00031
  306    0.00622    0.01117   -0.00139
  307    0.00751    0.01169   -0.00060
  308   -0.00020    0.00728   -0.00342
  309   -0.00196    0.00425   -0.00282
  310   -0.00460    0.00344   -0.00597
  311   -0.00068    0.00410   -0.00064
  312    0.00585    0.01233   -0.00354
  313    0.01190    0.01535   -0.00623
  314    0.01629    0.01766   -0.00214
  315    0.02174    0.02116   -0.00465
  316    0.01498    0.01637    0.00177
  317    0.01708    0.01831    0.00565
  318    0.01557    0.01624    0.00610
  319    0.01631    0.01583    0.00784
  320    0.01601    0.01640    0.00872
  321    0.01255    0.01179    0.00833
  322    0.01404    0.01457    0.00392
  323    0.01322    0.01263    0.00450
  324    0.01376    0.01248    0.00366
  325    0.01385    0.01217    0.00208
  326    0.01044    0.01030    0.00501
  327    0.00984    0.00889    0.00563
  328    0.00943    0.00919    0.00622
  329    0.01382    0.01256    0.00484
  330    0.01387    0.01165    0.00490
  331    0.01340    0.00967    0.00421
  332    0.01221    0.00887    0.00472
  333    0.01352    0.01055    0.00537
  334    0.01361    0.01211    0.00566
  335    0.01327    0.01259    0.00610
  336    0.01385    0.00861    0.00400
  337    0.01329    0.00668    0.00384
  338    0.01446    0.00515    0.00500
  339    0.01257    0.00114    0.00830
  340    0.01284    0.00641    0.00393
  341    0.01415    0.00594    0.00315
  342    0.01161    0.00679    0.00265
  343    0.01101    0.00637    0.00309
  344    0.01187    0.00567    0.00410
  345    0.01142    0.00760    0.00130
  346    0.01252    0.00728    0.00116
  347    0.01388    0.00383    0.00424
  348    0.00934    0.00674    0.00275
  349    0.00878    0.00660    0.00313
  350    0.00695    0.00699    0.00289
  351    0.00441    0.00777    0.00158
  352    0.00794    0.00701    0.00322
  353    0.00691    0.00694    0.00328
  354    0.00655    0.00740    0.00310
  355    0.00523    0.00684    0.00290
  356    0.00430    0.00705    0.00295
  357    0.00833    0.00579    0.00341
  358    0.00827    0.00532    0.00366
  359    0.00511    0.00652    0.00351
  360    0.00451    0.00600    0.00369
  361    0.00440    0.00572    0.00405
  362    0.00521    0.00558    0.00475
  363    0.00501    0.00519    0.00412
  364    0.00337    0.00533    0.00365
  365    0.00293    0.00455    0.00388
  366    0.00282    0.00402    0.00450
  367    0.00238    0.00380    0.00422
  368    0.00174    0.00425    0.00263
  369    0.00119    0.00304    0.00276
  370    0.00210    0.00343    0.00388
  371   -0.00066    0.00242    0.00059
  372    0.00337    0.00429    0.00551
  373    0.00316    0.00392    0.00595
  374    0.00270    0.00318    0.00599
  375    0.00277    0.00320    0.00654
  376    0.00376    0.00413    0.00661
  377    0.00363    0.00381    0.00696
  378    0.00361    0.00386    0.00647
  379    0.00376    0.00414    0.00708
  380    0.00229    0.00195    0.00589
  381    0.00184    0.00009    0.00565
  382    0.00201   -0.00069    0.00615
  383    0.00211   -0.00005    0.00636
  384    0.00063   -0.00097    0.00410
  385   -0.00039   -0.00326    0.00332
  386   -0.00137   -0.00376    0.00336
  387   -0.00154   -0.00415    0.00213
  388    0.00222   -0.00189    0.00646
  389    0.00282   -0.00312    0.00698
  390    0.00166   -0.00596    0.00629
  391    0.00110   -0.00712    0.00610
  392    0.00397   -0.00130    0.00771
  393    0.00412   -0.00271    0.00765
  394    0.00441   -0.00082    0.00860
  395    0.00462   -0.00650    0.00742
  396    0.00163   -0.00740    0.00590
  397    0.00056   -0.00994    0.00491
  398    0.00134   -0.01168    0.00568
  399    0.00231   -0.01071    0.00608
  400   -0.00051   -0.01011    0.00393
  401    0.00029   -0.00840    0.00377
  402    0.00072   -0.00965    0.00355
  403    0.00076   -0.00556    0.00420
  404    0.00147   -0.00829    0.00399
  405    0.00134   -0.00445    0.00470
  406    0.00175   -0.00556    0.00459
  407    0.00125   -0.01471    0.00583
  408    0.00252   -0.01511    0.00580
  409    0.00283   -0.01413    0.00449
  410    0.00178   -0.01589    0.00280
  411    0.00047   -0.01753    0.00579
  412   -0.00148   -0.02024    0.00390
  413   -0.00060   -0.01724    0.00486
  414    0.00506   -0.01283    0.00488
  415    0.00587   -0.01294    0.00504
  416    0.00715   -0.01444    0.00426
  417    0.00936   -0.01437    0.00457
  418    0.00616   -0.01261    0.00597
  419    0.00667   -0.01085    0.00643
  420    0.00547   -0.00901    0.00600
  421    0.00644   -0.00948    0.00683
  422    0.00656   -0.01658    0.00289
  423    0.00918   -0.02032    0.00136
  424    0.00973   -0.01905    0.00169
  425    0.00891   -0.01641    0.00285
  426    0.00555   -0.02366    0.00011
  427    0.00336   -0.02181    0.00005
  428    0.00443   -0.02447    0.00062
  429    0.01292   -0.02123    0.00079
  430    0.01460   -0.01960    0.00092
  431    0.01085   -0.01874    0.00102
  432    0.00981   -0.01546    0.00204
  433    0.01882   -0.02248   -0.00005
  434    0.00843   -0.02080   -0.00039
  435    0.00519   -0.01999    0.00017
  436    0.00376   -0.01677    0.00143
  437    0.00273   -0.01446    0.00297
  438    0.00254   -0.02309   -0.00154
  439   -0.00127   -0.02270   -0.00103
  440   -0.00214   -0.02143    0.00004
  441   -0.00036   -0.01851    0.00165
  442   -0.00656   -0.02426   -0.00149
  443    0.00413   -0.01675    0.00149
  444    0.00313   -0.01412    0.00246
  445    0.00501   -0.01142    0.00357
  446    0.00430   -0.00935    0.00452
  447    0.00311   -0.01414    0.00219
  448    0.00274   -0.01079    0.00319
  449    0.00398   -0.00935    0.00424
  450    0.00160   -0.00893    0.00316
  451    0.00355   -0.00687    0.00486
  452    0.00201   -0.00643    0.00422
  453    0.00683   -0.01174    0.00374
  454    0.00789   -0.00920    0.00425
  455    0.00775   -0.00765    0.00458
  456    0.00749   -0.00573    0.00481
  457    0.01060   -0.00996    0.00393
  458    0.01161   -0.00828    0.00416
  459    0.01065   -0.00849    0.00428
  460    0.01175   -0.00913    0.00568
  461    0.00892   -0.00892    0.00435
  462    0.00705   -0.00865    0.00437
  463    0.00677   -0.00250    0.00434
  464    0.00394   -0.00502    0.00701
  465    0.00291   -0.00140    0.00804
  466    0.00653   -0.00324    0.00517
  467    0.01047    0.00361    0.00408
  468    0.00883   -0.01407    0.00281
  469    0.01245    0.02025    0.00164
  470    0.00310   -0.00984    0.00807
  471    0.00131   -0.01098    0.01191
  472    0.00363   -0.00889    0.01140
  473    0.00594   -0.00802    0.01477
  474    0.00074   -0.00893    0.00488
  475   -0.00060   -0.00781    0.00428
  476   -0.00033   -0.00682    0.00360
  477    0.00020   -0.00698    0.00394
  478    0.00158   -0.00478    0.00289
  479    0.00036   -0.00561    0.00368
  480    0.00094   -0.00399    0.00270
  481    0.00420   -0.00618    0.00597
  482    0.00449   -0.00478    0.00594
  483    0.00437   -0.00398    0.00579
  484    0.00457   -0.00454    0.00541
  485    0.00497   -0.00443    0.00502
  486    0.00446   -0.00440    0.00496
  487    0.00370   -0.00303    0.00526
  488    0.00321   -0.00240    0.00535
  489    0.00232   -0.00168    0.00483
  490    0.00230   -0.00160    0.00373
  491    0.00192   -0.00158    0.00479
  492    0.00341   -0.00175    0.00438
  493    0.00079    0.00308    0.00067
  494    0.00116    0.00168    0.00375
  495    0.00026    0.00018    0.00218
  496   -0.00276    0.01408   -0.00524
  497    0.00273    0.00135    0.00044
  498    0.00148   -0.00261    0.00172
  499    0.00466   -0.00329    0.00274
  500    0.00581   -0.00367    0.00287
  501    0.00317    0.00058    0.00885
  502    0.00639   -0.00187    0.01386
  503    0.01074   -0.00674    0.01644
  504    0.01627   -0.00799    0.01682
  505    0.00542    0.00166    0.02328
  506    0.00121    0.00789    0.02261
  507    0.00203    0.01587    0.02819
  508   -0.04356    0.08950    0.06999
  509   -0.10418    0.41474    0.43198
  510    0.01067   -0.00820    0.01592
  511    0.01119   -0.00468    0.00858
  512    0.01099   -0.00748    0.00492
  513    0.01349   -0.00910    0.00250
  514    0.00841   -0.00207    0.00561
  515    0.00880   -0.00062    0.00268
  516    0.00577    0.00020    0.00222
  517    0.00471   -0.00080    0.00337
  518    0.00490    0.00103    0.00037
  519    0.00740   -0.00843    0.00436
  520    0.00617   -0.01253    0.00240
  521    0.00970   -0.01863    0.00122
  522    0.01179   -0.02248   -0.00026
  523    0.00358   -0.01304    0.00113
  524    0.00305   -0.00995    0.00319
  525    0.00151   -0.01795   -0.00052
  526    0.00262   -0.00870    0.00359
  527    0.00889   -0.01841    0.00043
  528    0.01180   -0.02346   -0.00166
  529    0.02155   -0.02415   -0.00159
  530    0.02759   -0.02969   -0.00365
  531    0.00343   -0.01678   -0.00251
  532   -0.01148   -0.01182   -0.00961
  533   -0.01581   -0.00236   -0.01106
  534   -0.00706   -0.01541   -0.00454
  535   -0.02103    0.01555   -0.01423
  536    0.02353   -0.01965   -0.00099
  537    0.03275   -0.01889   -0.00411
  538    0.03367   -0.02207   -0.00761
  539    0.04202   -0.02723   -0.01472
  540    0.03150   -0.01293    0.00181
  541    0.04085   -0.01296   -0.00335
  542    0.04596   -0.01135   -0.01452
  543    0.03715   -0.01051   -0.00994
  544    0.06042   -0.01179   -0.02235
  545    0.02688   -0.01940   -0.00485
  546    0.02559   -0.02003   -0.00499
  547    0.02647   -0.02824   -0.00525
  548    0.02959   -0.03060   -0.00634
  549    0.01826   -0.01310   -0.00147
  550    0.01570   -0.00736   -0.00086
  551    0.01814   -0.00680   -0.00280
  552    0.01021   -0.00484    0.00186
  553    0.02419   -0.03331   -0.00439
  554    0.02490   -0.04557   -0.00241
  555    0.02299   -0.04605    0.00038
  556    0.01736   -0.04119    0.00430
  557    0.03447   -0.05597   -0.00736
  558    0.03527   -0.05482   -0.00738
  559    0.04905   -0.06855   -0.01388
  560    0.05435   -0.06718   -0.01257
  561    0.07175   -0.09059   -0.03116
  562    0.02960   -0.05163   -0.00139
  563    0.02867   -0.05539    0.00139
  564    0.02931   -0.04385   -0.00148
  565    0.04480   -0.07091   -0.01152
  566    0.02265   -0.02782    0.00108
  567    0.02027   -0.01969   -0.00122
  568    0.01417   -0.01436    0.00311
  569    0.01271   -0.01570    0.00832
  570    0.01716   -0.01249    0.00004
  571    0.01232   -0.01004    0.00446
  572    0.00903   -0.00574    0.00406
  573    0.00975   -0.00400    0.00148
  574    0.00696   -0.00563    0.00589
  575    0.00955   -0.00710    0.00110
  576    0.00646   -0.00238    0.00471
  577    0.00508   -0.00007    0.00639
  578    0.00383    0.00184    0.00411
  579    0.00384   -0.00037    0.00109
  580    0.00156    0.00369    0.00431
  581    0.00265    0.00437    0.01011
  582    0.00416    0.00370    0.01249
  583    0.00220    0.00554    0.01166
  584    0.00527   -0.00090    0.01046
  585    0.00385    0.00021    0.01076
  586    0.00351    0.00278    0.01296
  587    0.00477    0.00212    0.01589
  588    0.00469   -0.00183    0.01243
  589    0.00463    0.00136    0.01147
  590    0.00576   -0.00323    0.01098
  591    0.00212    0.00503    0.01113
  592    0.00145    0.00716    0.01297
  593    0.00244    0.00718    0.01547
  594    0.00300    0.00613    0.01450
  595   -0.00062    0.00882    0.01139
  596   -0.00176    0.01066    0.01329
  597    0.00312    0.00826    0.01816
  598    0.00364    0.00797    0.02074
  599    0.00208    0.00802    0.02040
  600    0.00256    0.00522    0.02048
  601    0.00527    0.01059    0.02626
  602    0.00273    0.01276    0.02474
  603    0.00259    0.01007    0.02003
  604   -0.00023    0.00884    0.01888
  605   -0.00149    0.00903    0.01845
  606    0.00025    0.00796    0.01467
  607    0.00082    0.00768    0.01239
  608   -0.00322    0.01332    0.01752
  609   -0.00474    0.01370    0.01872
  610   -0.01056    0.01461    0.02069
  611   -0.00521    0.02036    0.01274
  612   -0.01056    0.02034    0.01543
  613    0.00142    0.00713    0.01349
  614    0.00229    0.00599    0.01097
  615    0.00408    0.00492    0.01074
  616    0.00457    0.00467    0.01179
  617    0.00230    0.00591    0.00989
  618    0.00301    0.00516    0.00870
  619    0.00126    0.00681    0.00905
  620    0.00414    0.00470    0.00905
  621    0.00515    0.00335    0.00853
  622    0.00505    0.00401    0.00796
  623    0.00451    0.00417    0.00714
  624    0.00483    0.00250    0.00718
  625    0.00407    0.00186    0.00645
  626    0.00404    0.00202    0.00583
  627    0.00334    0.00032    0.00651
  628    0.00331    0.00205    0.00495
  629    0.00273    0.00037    0.00548
  630    0.00258    0.00073    0.00440
  631    0.00181    0.00046    0.00263
  632    0.00543    0.00415    0.00841
  633    0.00504    0.00390    0.00817
  634    0.00488    0.00371    0.00804
  635    0.00487    0.00369    0.00818
  636    0.00507    0.00375    0.00926
  637    0.00453    0.00326    0.00888
  638    0.00429    0.00308    0.00833
  639    0.00474    0.00300    0.00921
  640    0.00443    0.00273    0.00831
  641    0.00463    0.00210    0.00922
  642    0.00440    0.00193    0.00887
  643    0.00478    0.00385    0.00726
  644    0.00460    0.00401    0.00643
  645    0.00483    0.00390    0.00666
  646    0.00468    0.00391    0.00680
  647    0.00397    0.00395    0.00518
  648    0.00368    0.00388    0.00495
  649    0.00236    0.00326    0.00303
  650    0.00179    0.00374    0.00109
  651    0.00498    0.00441    0.00633
  652    0.00508    0.00446    0.00661
  653    0.00445    0.00542    0.00547
  654    0.00358    0.00599    0.00378
  655    0.00540    0.00493    0.00624
  656    0.00569    0.00397    0.00678
  657    0.00637    0.00379    0.00628
  658    0.00638    0.00237    0.00709
  659    0.00662    0.00160    0.00667
  660    0.00450    0.00565    0.00558
  661    0.00342    0.00630    0.00421
  662    0.00309    0.00749    0.00297
  663    0.00403    0.00778    0.00284
  664    0.00383    0.00585    0.00531
  665    0.00323    0.00643    0.00430
  666    0.00388    0.00644    0.00517
  667    0.00416    0.00577    0.00611
  668    0.00396    0.00791    0.00475
  669    0.00149    0.00880    0.00029
  670    0.00046    0.01050   -0.00167
  671   -0.00144    0.01281   -0.00374
  672   -0.00230    0.01549   -0.00432
  673    0.00039    0.01238   -0.00359
  674    0.00046    0.01089   -0.00375
  675    0.00226    0.01185   -0.00135
  676   -0.00186    0.01177   -0.00389
  677   -0.00316    0.01319   -0.00535
  678   -0.00233    0.01296   -0.00312
  679   -0.00127    0.01065   -0.00068
  680   -0.00404    0.01079   -0.00652
  681   -0.00429    0.00987   -0.00840
  682   -0.00554    0.01123   -0.00762
  683   -0.00450    0.00875   -0.00951
  684   -0.00297    0.01528   -0.00351
  685   -0.00351    0.01748   -0.00187
  686   -0.00335    0.01510   -0.00179
  687   -0.00487    0.01530   -0.00406
  688   -0.00241    0.01255    0.00007
  689   -0.00244    0.01191   -0.00019
  690   -0.00191    0.01037   -0.00013
  691   -0.00226    0.00964   -0.00036
  692   -0.00380    0.01375   -0.00148
  693   -0.00370    0.01447   -0.00122
  694   -0.00363    0.00968   -0.00015
  695   -0.00550    0.01796   -0.00304
  696   -0.00134    0.00928    0.00033
  697   -0.00187    0.00867   -0.00090
  698    0.00071    0.00564    0.00247
  699    0.00079    0.00530    0.00203
  700   -0.00218    0.00886   -0.00201
  701   -0.00078    0.00797   -0.00015
  702    0.00194    0.00581    0.00424
  703    0.00286    0.00518    0.00528
  704    0.00254    0.00460    0.00548
  705    0.00301    0.00417    0.00580
  706    0.00376    0.00480    0.00643
  707    0.00277    0.00432    0.00578
  708    0.00197    0.00437    0.00539
  709    0.00188    0.00421    0.00558
  710    0.00174    0.00447    0.00447
  711    0.00247    0.00415    0.00463
  712    0.00098    0.00478    0.00262
  713    0.00081    0.00449    0.00164
  714    0.00169    0.00402    0.00269
  715    0.00184    0.00370    0.00229
  716   -0.00055    0.00429   -0.00024
  717   -0.00200    0.00503   -0.00123
  718   -0.00108    0.00340   -0.00162
  719    0.00206    0.00402    0.00351
  720    0.00266    0.00370    0.00439
  721    0.00317    0.00360    0.00505
  722    0.00315    0.00357    0.00488
  723    0.00294    0.00381    0.00461
  724    0.00201    0.00435    0.00337
  725    0.00367    0.00398    0.00549
  726    0.00130    0.00480    0.00207
  727    0.00337    0.00370    0.00562
  728    0.00346    0.00387    0.00579
  729    0.00350    0.00390    0.00529
  730    0.00364    0.00399    0.00520
  731    0.00328    0.00375    0.00467
  732    0.00314    0.00383    0.00412
  733    0.00310    0.00329    0.00359
  734    0.00334    0.00308    0.00372
  735    0.00259    0.00360    0.00331
  736    0.00273    0.00395    0.00360
  737    0.00295    0.00447    0.00448
  738    0.00146    0.00379    0.00218
  739    0.00282    0.00328    0.00306
  740    0.00263    0.00255    0.00282
  741    0.00307    0.00301    0.00388
  742    0.00321    0.00253    0.00393
  743    0.00207    0.00279    0.00212
  744    0.00117    0.00241    0.00054
  745    0.00206    0.00222    0.00227
  746    0.00052    0.00236   -0.00062
  747    0.00319    0.00333    0.00481
  748    0.00343    0.00380    0.00525
  749    0.00362    0.00397    0.00501
  750    0.00357    0.00425    0.00516
  751    0.00351    0.00407    0.00570
  752    0.00374    0.00408    0.00602
  753    0.00382    0.00391    0.00612
  754    0.00407    0.00397    0.00629
  755    0.00423    0.00382    0.00667
  756    0.00437    0.00381    0.00661
  757    0.00378    0.00393    0.00467
  758    0.00424    0.00414    0.00466
  759    0.00454    0.00346    0.00439
  760    0.00511    0.00342    0.00401
  761    0.00439    0.00420    0.00473
  762    0.00422    0.00274    0.00406
  763    0.00434    0.00148    0.00320
  764    0.00417    0.00063    0.00325
  765    0.00432    0.00035    0.00307
  766    0.00398    0.00050    0.00224
  767    0.00434   -0.00128    0.00103
  768    0.00389    0.00086    0.00219
  769    0.00393    0.00084    0.00344
  770    0.00368    0.00022    0.00360
  771    0.00382    0.00099    0.00400
  772    0.00374    0.00025    0.00417
  773    0.00330    0.00025    0.00442
  774    0.00357    0.00292    0.00443
  775    0.00297    0.00358    0.00447
  776    0.00306    0.00425    0.00441
  777    0.00265    0.00514    0.00448
  778    0.00259    0.00484    0.00491
  779    0.00229    0.00542    0.00606
  780    0.00192    0.00600    0.00664
  781    0.00296    0.00500    0.00610
  782    0.00441    0.00292    0.00371
  783    0.00644    0.00292    0.00264
  784    0.00701   -0.00009    0.00247
  785    0.00751   -0.00041    0.00247
  786    0.00698    0.00393    0.00295
  787    0.00671    0.00496    0.00333
  788    0.00655    0.00551    0.00323
  789    0.00625    0.00509    0.00346
  790    0.00617   -0.00115    0.00223
  791    0.00591   -0.00261    0.00172
  792    0.00684   -0.00340    0.00132
  793    0.00656   -0.00412    0.00049
  794    0.00466   -0.00403    0.00171
  795    0.00366   -0.00423    0.00189
  796    0.00269   -0.00571    0.00180
  797    0.00202   -0.00786    0.00153
  798    0.00218   -0.00534    0.00295
  799    0.00734   -0.00185    0.00114
  800    0.00840   -0.00190    0.00009
  801    0.00933   -0.00280    0.00051
  802    0.01012   -0.00273    0.00020
  803    0.00622    0.00085    0.00032
  804    0.00643    0.00186    0.00086
  805    0.00574    0.00294    0.00140
  806    0.00560    0.00271    0.00204
  807    0.00871   -0.00117    0.00148
  808    0.00997   -0.00236    0.00176
  809    0.01048   -0.00321    0.00144
  810    0.01090   -0.00375    0.00067
  811    0.00985    0.00078    0.00207
  812    0.00947    0.00257    0.00149
  813    0.00960    0.00445    0.00213
  814    0.00801    0.00654    0.00084
  815    0.00602    0.00628    0.00193
  816    0.00949   -0.00306    0.00224
  817    0.00944   -0.00321    0.00162
  818    0.00855   -0.00497    0.00016
  819    0.00794   -0.00630   -0.00042
  820    0.00843   -0.00233    0.00204
  821    0.00820   -0.00056    0.00212
  822    0.00846    0.00067    0.00263
  823    0.00697   -0.00020    0.00233
  824    0.00898   -0.00607   -0.00064
  825    0.00816   -0.00987   -0.00332
  826    0.00710   -0.00936   -0.00294
  827    0.00662   -0.00742   -0.00191
  828    0.00527   -0.01340   -0.00398
  829    0.00358   -0.01351   -0.00396
  830    0.00189   -0.01645   -0.00593
  831    0.00166   -0.02016   -0.00674
  832    0.00223   -0.01395   -0.00415
  833    0.00268   -0.01046   -0.00319
  834    0.00204   -0.00848   -0.00330
  835    0.00394   -0.00944   -0.00225
  836    0.00265   -0.00612   -0.00234
  837    0.00434   -0.00747   -0.00095
  838    0.00393   -0.00607   -0.00098
  839    0.00056   -0.01410   -0.00692
  840   -0.00148   -0.01603   -0.00938
  841   -0.00448   -0.01862   -0.01114
  842   -0.00460   -0.01822   -0.01018
  843   -0.00267   -0.01313   -0.00932
  844   -0.00519   -0.01138   -0.01059
  845   -0.00690   -0.01002   -0.01149
  846   -0.00676   -0.01084   -0.01119
  847   -0.00790   -0.00910   -0.01219
  848   -0.00688   -0.02210   -0.01387
  849   -0.01018   -0.02726   -0.01717
  850   -0.01313   -0.02384   -0.01829
  851   -0.01422   -0.02290   -0.01966
  852   -0.01331   -0.03612   -0.02035
  853   -0.00766   -0.04180   -0.01909
  854   -0.00372   -0.03662   -0.01589
  855   -0.00851   -0.05908   -0.02245
  856   -0.01304   -0.02318   -0.01819
  857   -0.01474   -0.02062   -0.01990
  858   -0.01187   -0.01581   -0.01765
  859   -0.01285   -0.01335   -0.01871
  860   -0.00886   -0.01445   -0.01454
  861   -0.00682   -0.01038   -0.01229
  862   -0.00712   -0.00916   -0.01241
  863   -0.00690   -0.01052   -0.01199
  864   -0.00414   -0.01056   -0.00959
  865   -0.00311   -0.00828   -0.00816
  866   -0.00744   -0.00708   -0.01257
  867   -0.00770   -0.00574   -0.01281
  868   -0.00624   -0.00520   -0.01079
  869   -0.00620   -0.00534   -0.01093
  870   -0.00857   -0.00373   -0.01361
  871   -0.00819   -0.00273   -0.01368
  872   -0.01006   -0.00480   -0.01498
  873   -0.00488   -0.00444   -0.00907
  874   -0.00347   -0.00394   -0.00719
  875   -0.00277   -0.00537   -0.00628
  876   -0.00225   -0.00529   -0.00510
  877   -0.00182   -0.00271   -0.00553
  878   -0.00030   -0.00205   -0.00315
  879   -0.00031   -0.00096   -0.00307
  880    0.00093   -0.00089   -0.00169
  881   -0.00281   -0.00758   -0.00676
  882   -0.00234   -0.00979   -0.00608
  883   -0.00310   -0.01099   -0.00645
  884   -0.00258   -0.01162   -0.00462
  885   -0.00253   -0.01266   -0.00662
  886   -0.00168   -0.01540   -0.00545
  887   -0.00302   -0.01978   -0.00708
  888   -0.00287   -0.02098   -0.00729
  889   -0.00457   -0.02604   -0.00904
  890   -0.00463   -0.01060   -0.00850
  891   -0.00560   -0.01156   -0.00942
  892   -0.00451   -0.00919   -0.00816
  893   -0.00406   -0.00960   -0.00740
  894   -0.00741   -0.01073   -0.01213
  895   -0.00833   -0.01068   -0.01391
  896   -0.01033   -0.01471   -0.01600
  897   -0.00944   -0.01708   -0.01465
  898   -0.01435   -0.01659   -0.02091
  899   -0.00391   -0.00675   -0.00752
  900   -0.00286   -0.00486   -0.00629
  901   -0.00165   -0.00503   -0.00374
  902   -0.00128   -0.00455   -0.00294
  903   -0.00297   -0.00314   -0.00618
  904   -0.00218   -0.00169   -0.00502
  905   -0.00269   -0.00127   -0.00606
  906   -0.00091   -0.00074   -0.00296
  907   -0.00184    0.00007   -0.00531
  908    0.00003    0.00033   -0.00198
  909   -0.00037    0.00049   -0.00300
  910   -0.00121   -0.00528   -0.00251
  911   -0.00011   -0.00549   -0.00034
  912   -0.00034   -0.00763    0.00039
  913    0.00012   -0.00734    0.00212
  914    0.00024   -0.00567    0.00056
  915    0.00050   -0.00356    0.00033
  916    0.00161   -0.00324    0.00040
  917    0.00124   -0.00119    0.00126
  918   -0.00109   -0.00974   -0.00147
  919   -0.00128   -0.01233   -0.00107
  920   -0.00154   -0.01069   -0.00138
  921   -0.00137   -0.01111   -0.00017
  922   -0.00229   -0.01513   -0.00296
  923   -0.00289   -0.01729   -0.00301
  924   -0.00185   -0.00880   -0.00303
  925   -0.00192   -0.00727   -0.00376
  926   -0.00029   -0.00498   -0.00120
  927    0.00225   -0.00343   -0.00096
  928   -0.00250   -0.00615   -0.00574
  929   -0.00463   -0.00829   -0.00851
  930   -0.00572   -0.00700   -0.01094
  931   -0.00578   -0.00573   -0.01110
  932   -0.00681   -0.00715   -0.01307
  933    0.00010   -0.00415   -0.00029
  934    0.00094   -0.00228    0.00144
  935    0.00146   -0.00261    0.00378
  936    0.00207   -0.00078    0.00534
  937    0.00092   -0.00111    0.00089
  938    0.00067   -0.00186    0.00069
  939    0.00006   -0.00080   -0.00122
  940    0.00125   -0.00482    0.00415
  941    0.00145   -0.00454    0.00642
  942    0.00193   -0.00317    0.00819
  943    0.00126    0.00008    0.01025
  944    0.00146   -0.00824    0.00703
  945    0.00082   -0.00575    0.00821
  946    0.00137   -0.01149    0.00983
  947    0.00149   -0.01454    0.00863
  948   -0.00065   -0.00692    0.00917
  949    0.00221   -0.00363    0.00761
  950    0.00185   -0.00149    0.00934
  951    0.00182    0.00144    0.00897
  952    0.00052    0.00519    0.01032
  953    0.00196   -0.00303    0.00860
  954    0.00316   -0.00176    0.00584
  955    0.00423    0.00049    0.00311
  956    0.00278    0.00424    0.00721
  957    0.02801    0.10852   -0.06576
  958    0.00269    0.00074    0.00739
  959    0.00299    0.00194    0.00684
  960    0.00319    0.00342    0.00782
  961    0.00301    0.00349    0.00891
  962    0.00313    0.00140    0.00487
  963    0.00327    0.00144    0.00349
  964    0.00288    0.00133    0.00084
  965    0.00271    0.00197   -0.00070
  966    0.00347    0.00433    0.00738
  967    0.00517    0.00456    0.00836
  968    0.00506    0.00442    0.00743
  969    0.00463    0.00404    0.00621
  970    0.00596    0.00574    0.00909
  971    0.00601    0.00570    0.00818
  972    0.00549    0.00492    0.00789
  973    0.00552    0.00460    0.00744
  974    0.00555    0.00560    0.00641
  975    0.00488    0.00568    0.00520
  976    0.00606    0.00445    0.00854
  977    0.00613    0.00465    0.00945
  978    0.00605    0.00501    0.00932
  979    0.00623    0.00671    0.00674
  980    0.00595    0.00756    0.00531
  981    0.00507    0.00704    0.00389
  982    0.00429    0.00757    0.00224
  983    0.00725    0.00886    0.00577
  984    0.00900    0.00933    0.00652
  985    0.00930    0.00784    0.00797
  986    0.01050    0.00668    0.00802
  987    0.00826    0.00675    0.00837
  988    0.00506    0.00607    0.00463
  989    0.00412    0.00498    0.00345
  990    0.00302    0.00388    0.00213
  991    0.00172    0.00347    0.00002
  992    0.00375    0.00437    0.00393
  993    0.00433    0.00476    0.00454
  994    0.00516    0.00620    0.00461
  995    0.00356    0.00443    0.00382
  996    0.00353    0.00376    0.00307
  997    0.00276    0.00306    0.00223
  998    0.00239    0.00384    0.00085
  999    0.00167    0.00300   -0.00074
 1000    0.00320    0.00282    0.00361
 1001    0.00302    0.00208    0.00419
 1002    0.00364    0.00222    0.00588
 1003    0.00343    0.00167    0.00679
 1004    0.00405    0.00286    0.00837
 1005    0.00479    0.00361    0.00920
 1006    0.00369    0.00220    0.00937
 1007    0.00291    0.00506    0.00124
 1008    0.00214    0.00633   -0.00033
 1009    0.00115    0.00670   -0.00271
 1010    0.00001    0.00706   -0.00436
 1011    0.00285    0.00746    0.00045
 1012    0.00146    0.00664   -0.00236
 1013    0.00004    0.00747   -0.00467
 1014   -0.00128    0.00583   -0.00606
 1015   -0.00301    0.00642   -0.00836
 1016    0.00035    0.00786   -0.00409
 1017    0.00046    0.01071   -0.00476
 1018    0.00067    0.01061   -0.00459
 1019   -0.00029    0.01398   -0.00729
 1020    0.00084    0.01757   -0.00673
 1021   -0.00123    0.00395   -0.00522
 1022   -0.00249    0.00243   -0.00661
 1023   -0.00316    0.00243   -0.00754
 1024   -0.00472    0.00185   -0.00932
 1025   -0.00203    0.00068   -0.00532
 1026   -0.00156    0.00022   -0.00435
 1027   -0.00192    0.00328   -0.00587
 1028   -0.00248    0.00390   -0.00634
 1029   -0.00360    0.00571   -0.00839
 1030   -0.00478    0.00540   -0.00982
 1031   -0.00093    0.00428   -0.00410
 1032   -0.00125    0.00463   -0.00401
 1033   -0.00152    0.00346   -0.00390
 1034   -0.00176    0.00603   -0.00426
 1035   -0.00167    0.00397   -0.00403
 1036   -0.00206    0.00605   -0.00424
 1037   -0.00189    0.00514   -0.00370
 1038   -0.00305    0.00707   -0.00849
 1039   -0.00445    0.00908   -0.01069
 1040   -0.00632    0.00833   -0.01312
 1041   -0.00788    0.00927   -0.01520
 1042   -0.00364    0.01059   -0.01071
 1043   -0.00226    0.01079   -0.00878
 1044   -0.00178    0.01266   -0.00840
 1045   -0.00009    0.01262   -0.00671
 1046   -0.00321    0.01439   -0.01015
 1047   -0.00646    0.00621   -0.01300
 1048   -0.00860    0.00469   -0.01555
 1049   -0.00923    0.00237   -0.01570
 1050   -0.01074    0.00051   -0.01749
 1051   -0.00897    0.00341   -0.01587
 1052   -0.00879    0.00593   -0.01633
 1053   -0.00772    0.00504   -0.01527
 1054   -0.00771    0.00776   -0.01598
 1055   -0.00626    0.00761   -0.01469
 1056   -0.00823    0.00309   -0.01425
 1057   -0.00864    0.00128   -0.01462
 1058   -0.00912    0.00239   -0.01535
 1059   -0.00820    0.00393   -0.01363
 1060   -0.00697    0.00032   -0.01227
 1061   -0.00711   -0.00133   -0.01245
 1062   -0.00772   -0.00096   -0.01314
 1063   -0.00712   -0.00236   -0.01206
 1064   -0.01136    0.00201   -0.01837
 1065   -0.01194    0.00332   -0.01881
 1066   -0.01093    0.00209   -0.01785
 1067   -0.01045    0.00322   -0.01659
 1068   -0.01561    0.00423   -0.02395
 1069   -0.01927    0.00367   -0.02824
 1070   -0.01813    0.00732   -0.02634
 1071   -0.01352    0.00754   -0.02122
 1072   -0.02532    0.01090   -0.03386
 1073   -0.01093   -0.00009   -0.01826
 1074   -0.00978   -0.00079   -0.01719
 1075   -0.00829    0.00002   -0.01413
 1076   -0.00803    0.00059   -0.01338
 1077   -0.00977   -0.00213   -0.01727
 1078   -0.00740    0.00025   -0.01271
 1079   -0.00628    0.00102   -0.01071
 1080   -0.00674    0.00284   -0.01045
 1081   -0.00639    0.00301   -0.00914
 1082   -0.00516    0.00043   -0.00956
 1083   -0.00511   -0.00093   -0.00964
 1084   -0.00404    0.00120   -0.00729
 1085   -0.00396   -0.00147   -0.00824
 1086   -0.00740    0.00396   -0.01148
 1087   -0.00791    0.00535   -0.01097
 1088   -0.00863    0.00618   -0.01121
 1089   -0.00865    0.00696   -0.00988
 1090   -0.00865    0.00749   -0.01228
 1091   -0.00760    0.00714   -0.01133
 1092   -0.00851    0.00847   -0.01307
 1093   -0.00965    0.00961   -0.01457
 1094   -0.00761    0.00839   -0.01302
 1095   -0.00944    0.00499   -0.01274
 1096   -0.00998    0.00521   -0.01274
 1097   -0.00863    0.00481   -0.01107
 1098   -0.00859    0.00563   -0.01022
 1099   -0.01098    0.00428   -0.01532
 1100   -0.00771    0.00371   -0.01056
 1101   -0.00669    0.00330   -0.00916
 1102   -0.00601    0.00461   -0.00738
 1103   -0.00539    0.00519   -0.00636
 1104   -0.00613    0.00204   -0.00890
 1105   -0.00599    0.00470   -0.00706
 1106   -0.00559    0.00569   -0.00533
 1107   -0.00615    0.00694   -0.00576
 1108   -0.00572    0.00797   -0.00438
 1109   -0.00529    0.00612   -0.00505
 1110   -0.00482    0.00729   -0.00392
 1111   -0.00331    0.00699   -0.00204
 1112   -0.00549    0.00847   -0.00427
 1113   -0.00331    0.00815   -0.00160
 1114   -0.00457    0.00915   -0.00303
 1115   -0.00741    0.00745   -0.00720
 1116   -0.00834    0.00890   -0.00746
 1117   -0.00832    0.00881   -0.00737
 1118   -0.00868    0.00997   -0.00668
 1119   -0.00979    0.00969   -0.00892
 1120   -0.00969    0.00926   -0.00957
 1121   -0.01073    0.01030   -0.01141
 1122   -0.00864    0.00948   -0.00771
 1123   -0.00802    0.00798   -0.00780
 1124   -0.00783    0.00783   -0.00765
 1125   -0.00687    0.00835   -0.00614
 1126   -0.00702    0.00881   -0.00589
 1127   -0.00748    0.00636   -0.00850
 1128   -0.00586    0.00788   -0.00504
 1129   -0.00489    0.00814   -0.00334
 1130   -0.00501    0.00914   -0.00237
 1131   -0.00470    0.00982   -0.00133
 1132   -0.00360    0.00708   -0.00248
 1133   -0.00288    0.00726   -0.00097
 1134   -0.00392    0.00621   -0.00407
 1135   -0.00563    0.00950   -0.00292
 1136   -0.00563    0.01051   -0.00229
 1137   -0.00624    0.01168   -0.00175
 1138   -0.00547    0.01203   -0.00041
 1139   -0.00631    0.01083   -0.00316
 1140   -0.00705    0.01190   -0.00263
 1141   -0.00698    0.01249   -0.00169
 1142   -0.00635    0.01273   -0.00069
 1143   -0.00628    0.01281    0.00172
 1144   -0.00842    0.01350   -0.00360
 1145   -0.00862    0.01291   -0.00392
 1146   -0.00917    0.01215   -0.00564
 1147   -0.00852    0.01143   -0.00533
 1148   -0.01028    0.01213   -0.00726
 1149   -0.00605    0.01204   -0.00119
 1150   -0.00558    0.01209   -0.00044
 1151   -0.00506    0.01260    0.00081
 1152   -0.00463    0.01337    0.00162
 1153   -0.00551    0.01078   -0.00186
 1154   -0.00521    0.01057   -0.00166
 1155   -0.00417    0.01059   -0.00074
 1156   -0.00356    0.00978   -0.00022
 1157   -0.00444    0.01135   -0.00035
 1158   -0.00514    0.01254    0.00097
 1159   -0.00516    0.01291    0.00157
 1160   -0.00550    0.01427    0.00111
 1161   -0.00533    0.01562   -0.00026
 1162   -0.00579    0.01405    0.00184
 1163   -0.00590    0.01427    0.00074
 1164   -0.00747    0.01116    0.00517
 1165   -0.00595    0.00988    0.00438
 1166   -0.00407    0.01325   -0.00447
 1167   -0.00393    0.01293   -0.00297
 1168   -0.00388    0.01188   -0.00091
 1169   -0.00232    0.00972   -0.00428
 1170   -0.00388    0.01270    0.00120
 1171   -0.00727    0.01064    0.00415
 1172   -0.00184    0.00326    0.00034
 1173    0.01817   -0.00673   -0.01992
 1174    0.00909   -0.00437   -0.01153
 1175   -0.01750    0.00680    0.01990
 1176   -0.01656    0.00616    0.02247
 1177    0.02304   -0.01001   -0.02239
 1178    0.01774   -0.01323   -0.02107
 1179    0.01207   -0.01536   -0.01772
 1180    0.01462   -0.01388   -0.01742
 1181    0.01173   -0.01058   -0.01771
 1182    0.00522   -0.00089   -0.01458
 1183    0.00612    0.00094   -0.01692
 1184    0.00343    0.00617   -0.01719
 1185    0.00343    0.00568   -0.01538
 1186   -0.00014    0.00051   -0.00887
 1187    0.00328    0.01042   -0.01427
 1188    0.00502   -0.01511   -0.01306
 1189   -0.00128   -0.01170   -0.00749
 1190   -0.00507   -0.00880   -0.00843
 1191   -0.01103    0.00381   -0.00540
 1192   -0.00346   -0.01517    0.00149
 1193   -0.00600   -0.01876    0.00376
 1194   -0.00983    0.00201    0.01483
 1195   -0.00249   -0.01496   -0.01213
 1196   -0.00394   -0.01193   -0.01268
 1197   -0.00849   -0.00485   -0.01629
 1198   -0.01159    0.00444   -0.01348
 1199   -0.00192   -0.01604   -0.01530
 1200   -0.00100   -0.01566   -0.01556
 1201   -0.00236   -0.01054   -0.01141
 1202   -0.00134   -0.01662   -0.01786
 1203   -0.00611   -0.00976   -0.02026
 1204   -0.01328   -0.00356   -0.03000
 1205   -0.01436   -0.00092   -0.03093
 1206   -0.01194   -0.00428   -0.03381
 1207   -0.02660    0.01451   -0.03256
 1208   -0.06010    0.03703   -0.06358
 1209   -0.09415    0.04505   -0.08959
 1210   -0.05850    0.04518   -0.05922
 1211   -0.01650    0.00918   -0.02531
 1212   -0.01477    0.01236   -0.02363
 1213   -0.00761    0.00450   -0.01554
 1214   -0.00841    0.00062   -0.01568
 1215   -0.02085    0.03038   -0.02153
 1216   -0.02316    0.03755   -0.02246
 1217   -0.01491    0.02921   -0.01333
 1218   -0.01492    0.03642   -0.00221
 1219   -0.01342    0.01924   -0.00114
 1220   -0.00708    0.00659   -0.00887
 1221   -0.00438    0.00141   -0.00115
 1222   -0.00264   -0.00525   -0.00318
 1223   -0.00251   -0.00784   -0.00629
 1224   -0.00240   -0.00346    0.00583
 1225   -0.00215   -0.00556    0.00951
 1226   -0.00674    0.00291    0.00625
 1227   -0.00206   -0.00589   -0.00127
 1228   -0.00310   -0.00592   -0.00177
 1229    0.00101   -0.00998    0.00475
 1230    0.00384   -0.01163    0.00779
 1231   -0.00466   -0.00376   -0.00646
 1232   -0.00940   -0.00174   -0.01174
 1233   -0.01041   -0.00362   -0.01033
 1234   -0.01102    0.00062   -0.01151
 1235    0.00077   -0.00771    0.00290
 1236    0.00342   -0.00951    0.00510
 1237    0.00232   -0.00423    0.00456
 1238    0.00218   -0.00223    0.00369
 1239    0.00331   -0.00974    0.00631
 1240    0.00484   -0.01382    0.00777
 1241    0.00423   -0.01500    0.00943
 1242    0.00524   -0.01516    0.00706
 1243    0.00418   -0.01737    0.01203
 1244    0.00659   -0.01767    0.01025
 1245    0.00500   -0.01794    0.01317
 1246    0.00295   -0.00669    0.00601
 1247    0.00303   -0.00279    0.00613
 1248    0.00308   -0.00256    0.00663
 1249    0.00266   -0.00312    0.00654
 1250    0.00327   -0.00527    0.00611
 1251    0.00373   -0.00196    0.00641
 1252    0.00432    0.00191    0.00652
 1253    0.00353   -0.00138    0.00627
 1254    0.00443    0.00255    0.00674
 1255    0.00379    0.00088    0.00639
 1256    0.00348    0.00158    0.00705
 1257    0.00305    0.00173    0.00679
 1258    0.00300    0.00183    0.00644
 1259    0.00330    0.00197    0.00642
 1260    0.00334    0.00296    0.00737
 1261    0.00313    0.00335    0.00793
 1262    0.00305    0.00363    0.00842
 1263    0.00336    0.00294    0.00797
 1264    0.00307    0.00404    0.00894
 1265    0.00337    0.00347    0.00815
 1266    0.00318    0.00384    0.00851
 1267    0.00258    0.00153    0.00606
 1268    0.00263    0.00204    0.00572
 1269    0.00250    0.00282    0.00539
 1270    0.00233    0.00276    0.00533
 1271    0.00190    0.00132    0.00525
 1272    0.00142   -0.00044    0.00449
 1273    0.00225    0.00079    0.00553
 1274    0.00062   -0.00119    0.00319
 1275    0.00261    0.00326    0.00526
 1276    0.00258    0.00364    0.00502
 1277    0.00210    0.00373    0.00424
 1278    0.00198    0.00383    0.00421
 1279    0.00316    0.00413    0.00527
 1280    0.00331    0.00449    0.00491
 1281    0.00387    0.00449    0.00516
 1282    0.00348    0.00456    0.00494
 1283    0.00154    0.00402    0.00344
 1284    0.00069    0.00439    0.00223
 1285    0.00089    0.00529    0.00254
 1286    0.00175    0.00534    0.00283
 1287   -0.00048    0.00422    0.00064
 1288   -0.00066    0.00261    0.00028
 1289   -0.00027    0.00170    0.00100
 1290   -0.00122    0.00234   -0.00066
 1291   -0.00083    0.00028    0.00088
 1292   -0.00156    0.00111   -0.00117
 1293   -0.00143    0.00013   -0.00041
 1294    0.00074    0.00557    0.00251
 1295    0.00085    0.00623    0.00293
 1296   -0.00009    0.00702    0.00210
 1297   -0.00062    0.00729    0.00170
 1298    0.00210    0.00568    0.00388
 1299    0.00275    0.00594    0.00388
 1300    0.00370    0.00559    0.00417
 1301    0.00209    0.00671    0.00377
 1302   -0.00068    0.00811    0.00192
 1303   -0.00209    0.00949    0.00104
 1304   -0.00229    0.01021    0.00243
 1305   -0.00159    0.01002    0.00326
 1306   -0.00300    0.01040    0.00032
 1307   -0.00547    0.01208   -0.00186
 1308   -0.00591    0.01334   -0.00139
 1309   -0.00633    0.01183   -0.00355
 1310   -0.00316    0.01050    0.00228
 1311   -0.00321    0.01161    0.00382
 1312   -0.00428    0.01277    0.00342
 1313   -0.00412    0.01178    0.00295
 1314   -0.00175    0.00982    0.00549
 1315   -0.00222    0.01092    0.00804
 1316   -0.00067    0.00845    0.00535
 1317   -0.00530    0.01469    0.00422
 1318   -0.00589    0.01676    0.00407
 1319   -0.00629    0.01703    0.00073
 1320   -0.00726    0.01703    0.00106
 1321   -0.00554    0.01473    0.00728
 1322   -0.00677    0.01634    0.00955
 1323   -0.00841    0.01864    0.00835
 1324   -0.00588    0.01563    0.01229
 1325   -0.00678    0.01755   -0.00070
 1326   -0.00797    0.01699   -0.00309
 1327   -0.00760    0.01414   -0.00364
 1328   -0.00849    0.01341   -0.00548
 1329   -0.00611    0.01274   -0.00231
 1330   -0.00539    0.01038   -0.00259
 1331   -0.00436    0.00929   -0.00225
 1332   -0.00371    0.00940   -0.00074
 1333   -0.00429    0.00952   -0.00139
 1334   -0.00488    0.00966   -0.00224
 1335   -0.00459    0.00800   -0.00401
 1336   -0.00561    0.01132   -0.00165
 1337   -0.00517    0.00851   -0.00466
 1338   -0.00594    0.01070   -0.00318
 1339   -0.00445    0.00785   -0.00335
 1340   -0.00372    0.00698   -0.00270
 1341   -0.00240    0.00602   -0.00140
 1342   -0.00201    0.00498   -0.00180
 1343   -0.00444    0.00588   -0.00451
 1344   -0.00414    0.00515   -0.00442
 1345   -0.00385    0.00574   -0.00355
 1346   -0.00538    0.00412   -0.00645
 1347   -0.00151    0.00595    0.00019
 1348   -0.00044    0.00539    0.00156
 1349    0.00025    0.00461    0.00185
 1350    0.00040    0.00493    0.00212
 1351    0.00048    0.00542    0.00345
 1352    0.00034    0.00574    0.00374
 1353    0.00134    0.00467    0.00446
 1354   -0.00073    0.00718    0.00363
 1355    0.00147    0.00462    0.00506
 1356   -0.00093    0.00744    0.00411
 1357    0.00032    0.00599    0.00486
 1358    0.00033    0.00599    0.00563
 1359    0.00057    0.00385    0.00180
 1360    0.00104    0.00321    0.00244
 1361    0.00206    0.00305    0.00405
 1362    0.00233    0.00269    0.00448
 1363    0.00059    0.00232    0.00153
 1364    0.00096    0.00138    0.00217
 1365    0.00049    0.00075    0.00137
 1366    0.00121    0.00006    0.00253
 1367   -0.00068    0.00035    0.00016
 1368    0.00241    0.00340    0.00478
 1369    0.00305    0.00342    0.00579
 1370    0.00328    0.00296    0.00607
 1371    0.00311    0.00316    0.00599
 1372    0.00320    0.00396    0.00607
 1373    0.00302    0.00435    0.00589
 1374    0.00315    0.00461    0.00600
 1375    0.00327    0.00416    0.00676
 1376    0.00354    0.00270    0.00636
 1377    0.00368    0.00272    0.00651
 1378    0.00409    0.00294    0.00718
 1379    0.00418    0.00251    0.00750
 1380    0.00346    0.00181    0.00610
 1381    0.00372    0.00150    0.00650
 1382    0.00366    0.00006    0.00643
 1383    0.00412    0.00190    0.00684
 1384    0.00433    0.00330    0.00710
 1385    0.00455    0.00384    0.00751
 1386    0.00467    0.00421    0.00743
 1387    0.00499    0.00441    0.00742
 1388    0.00466    0.00335    0.00710
 1389    0.00519    0.00288    0.00718
 1390    0.00531    0.00132    0.00704
 1391    0.00568    0.00024    0.00640
 1392    0.00511    0.00189    0.00685
 1393    0.00548    0.00385    0.00633
 1394    0.00640    0.00217    0.00601
 1395    0.00711    0.00115    0.00488
 1396    0.00789   -0.00447    0.00590
 1397    0.00747   -0.00416    0.00570
 1398    0.00971   -0.00569    0.00546
 1399    0.00445    0.00089    0.00752
 1400    0.00437    0.00015    0.00738
 1401    0.00486   -0.00000    0.00784
 1402    0.00471    0.00077    0.00799
 1403    0.00419    0.00025    0.00722
 1404    0.00417   -0.00057    0.00673
 1405    0.00440   -0.00203    0.00566
 1406    0.00460   -0.00273    0.00558
 1407    0.00475   -0.00179    0.00757
 1408    0.00481   -0.00146    0.00747
 1409    0.00492   -0.00004    0.00776
 1410    0.00572    0.00081    0.00836
 1411    0.00547   -0.00475    0.00721
 1412    0.00335   -0.00650    0.00517
 1413    0.00389   -0.00435    0.00609
 1414    0.00491   -0.00097    0.00804
 1415    0.00481   -0.00034    0.00840
 1416    0.00463    0.00047    0.00757
 1417    0.00431    0.00016    0.00710
 1418    0.00508   -0.00445    0.01028
 1419    0.00494   -0.00845    0.00964
 1420    0.00491   -0.00715    0.00818
 1421    0.00526   -0.01173    0.00740
 1422    0.00595   -0.01047    0.00612
 1423    0.00426   -0.01660    0.00469
 1424    0.00506   -0.01525    0.00370
 1425    0.00474    0.00119    0.00806
 1426    0.00405    0.00157    0.00709
 1427    0.00389    0.00068    0.00593
 1428    0.00447   -0.00065    0.00657
 1429    0.00379    0.00260    0.00786
 1430    0.00454    0.00263    0.00917
 1431    0.00486    0.00155    0.00922
 1432    0.00356    0.00139    0.00423
 1433    0.00429    0.00105    0.00237
 1434    0.00300    0.00173    0.00105
 1435    0.00159    0.00258    0.00087
 1436    0.00380    0.00046    0.00145
 1437    0.00475    0.00043   -0.00115
 1438    0.00439   -0.00013    0.00279
 1439    0.00378    0.00120    0.00011
 1440    0.00257    0.00229   -0.00131
 1441    0.00162    0.00133   -0.00392
 1442    0.00384   -0.00052   -0.00568
 1443    0.00320    0.00234   -0.00090
 1444    0.00093    0.00347   -0.00125
 1445   -0.00042    0.00475   -0.00182
 1446    0.00132    0.00323   -0.00240
 1447   -0.00030    0.00244   -0.00436
 1448   -0.00282    0.00201   -0.00639
 1449   -0.00423    0.00292   -0.00730
 1450   -0.00606    0.00367   -0.00813
 1451   -0.00454    0.00242   -0.00597
 1452   -0.00335    0.00147   -0.00470
 1453   -0.00351    0.00033   -0.00530
 1454   -0.00176    0.00196   -0.00288
 1455   -0.00209   -0.00006   -0.00409
 1456   -0.00169    0.00084   -0.00231
 1457   -0.00238    0.00266   -0.00802
 1458   -0.00441    0.00405   -0.00889
 1459   -0.00620    0.00621   -0.00818
 1460   -0.00580    0.00665   -0.00642
 1461   -0.00810    0.00741   -0.00980
 1462   -0.00926    0.00952   -0.00960
 1463   -0.00953    0.00933   -0.00998
 1464   -0.01004    0.00793   -0.01131
 1465   -0.01179    0.01125   -0.01180
 1466   -0.00927    0.01059   -0.00883
 1467   -0.00919    0.01032   -0.00857
 1468   -0.00940    0.01255   -0.00801
 1469   -0.00884    0.01396   -0.00679
 1470   -0.00756    0.00917   -0.00718
 1471   -0.00745    0.00895   -0.00733
 1472   -0.01004    0.01293   -0.00883
 1473   -0.01028    0.01503   -0.00849
 1474   -0.00850    0.01494   -0.00704
 1475   -0.00754    0.01300   -0.00681
 1476   -0.01194    0.01583   -0.01031
 1477   -0.01204    0.01788   -0.01012
 1478   -0.00813    0.01550   -0.00591
 1479   -0.00583    0.01484   -0.00483
 1480   -0.00497    0.01382   -0.00552
 1481   -0.00324    0.01199   -0.00442
 1482   -0.00453    0.01611   -0.00441
 1483   -0.00481    0.01553   -0.00222
 1484   -0.00170    0.01353   -0.00055
 1485   -0.00043    0.01276    0.00002
 1486   -0.00015    0.01116    0.00013
 1487   -0.00670    0.01513   -0.00712
 1488   -0.00785    0.01324   -0.00740
 1489   -0.00858    0.01165   -0.00815
 1490   -0.00712    0.01005   -0.00774
 1491   -0.00939    0.01500   -0.00892
 1492   -0.01056    0.01790   -0.00908
 1493   -0.00720    0.01917   -0.00788
 1494   -0.01552    0.02211   -0.01152
 1495   -0.00913    0.01229   -0.00915
 1496   -0.00919    0.01146   -0.01030
 1497   -0.00806    0.00941   -0.00866
 1498   -0.00819    0.00836   -0.00970
 1499   -0.01074    0.01117   -0.01179
 1500   -0.01050    0.01129   -0.01073
 1501   -0.01271    0.01257   -0.01325
 1502   -0.00684    0.00914   -0.00662
 1503   -0.00538    0.00852   -0.00526
 1504   -0.00491    0.00722   -0.00553
 1505   -0.00502    0.00596   -0.00541
 1506   -0.00345    0.00885   -0.00325
 1507   -0.00235    0.00860   -0.00155
 1508   -0.00303    0.00813   -0.00175
 1509   -0.00048    0.00948   -0.00015
 1510   -0.00396    0.00687   -0.00564
 1511   -0.00319    0.00587   -0.00537
 1512   -0.00530    0.00549   -0.00722
 1513   -0.00574    0.00408   -0.00689
 1514   -0.00144    0.00619   -0.00472
 1515    0.00220    0.00575   -0.00180
 1516    0.00361    0.00674   -0.00162
 1517    0.00275    0.00572    0.00040
 1518   -0.00634    0.00648   -0.00965
 1519   -0.00798    0.00525   -0.01149
 1520   -0.00892    0.00364   -0.01136
 1521   -0.00980    0.00130   -0.01168
 1522   -0.00861    0.00661   -0.01383
 1523   -0.01054    0.00445   -0.01540
 1524   -0.01121    0.00628   -0.01878
 1525   -0.01097    0.00820   -0.01953
 1526   -0.01214    0.01282   -0.03137
 1527   -0.00839    0.00507   -0.01059
 1528   -0.00870    0.00457   -0.01063
 1529   -0.00791    0.00330   -0.00922
 1530   -0.00852    0.00218   -0.00965
 1531   -0.00820    0.00546   -0.00984
 1532   -0.00950    0.00594   -0.01155
 1533   -0.00992    0.00675   -0.01150
 1534   -0.01037    0.00625   -0.01282
 1535   -0.00626    0.00347   -0.00753
 1536   -0.00553    0.00259   -0.00582
 1537   -0.00637    0.00079   -0.00571
 1538   -0.00613   -0.00055   -0.00515
 1539   -0.00337    0.00345   -0.00358
 1540   -0.00689    0.00047   -0.00611
 1541   -0.00762   -0.00156   -0.00594
 1542   -0.00980   -0.00357   -0.00728
 1543   -0.01086   -0.00564   -0.00703
 1544   -0.00740   -0.00106   -0.00632
 1545   -0.01099   -0.00272   -0.00920
 1546   -0.01269   -0.00415   -0.01077
 1547   -0.01282   -0.00519   -0.00965
 1548   -0.01517   -0.00680   -0.01048
 1549   -0.01333   -0.00280   -0.01279
 1550   -0.01612   -0.00373   -0.01482
 1551   -0.01609   -0.00197   -0.01622
 1552   -0.02101   -0.00223   -0.01807
 1553   -0.02353   -0.00381   -0.02119
 1554   -0.01046   -0.00353   -0.00857
 1555   -0.00957   -0.00384   -0.00736
 1556   -0.00969   -0.00527   -0.00611
 1557   -0.01046   -0.00680   -0.00562
 1558   -0.00692   -0.00164   -0.00640
 1559   -0.00574   -0.00194   -0.00461
 1560   -0.00717   -0.00031   -0.00800
 1561   -0.00821   -0.00504   -0.00530
 1562   -0.00782   -0.00594   -0.00402
 1563   -0.00994   -0.00898   -0.00405
 1564   -0.00951   -0.01041   -0.00329
 1565   -0.00643   -0.00456   -0.00270
 1566   -0.00366   -0.00226   -0.00090
 1567   -0.01178   -0.00955   -0.00563
 1568   -0.01378   -0.01220   -0.00623
 1569   -0.01560   -0.01401   -0.00647
 1570   -0.01709   -0.01713   -0.00677
 1571   -0.01549   -0.01296   -0.00798
 1572   -0.01407   -0.01222   -0.00746
 1573   -0.01619   -0.01229   -0.00943
 1574   -0.01706   -0.01009   -0.01166
 1575   -0.01615   -0.00747   -0.01292
 1576   -0.01439   -0.00608   -0.01197
 1577   -0.01745   -0.00613   -0.01533
 1578   -0.01577   -0.01214   -0.00666
 1579   -0.01707   -0.01292   -0.00684
 1580   -0.01437   -0.01467   -0.00542
 1581   -0.01505   -0.01697   -0.00553
 1582   -0.01621   -0.01091   -0.00695
 1583   -0.01779   -0.00969   -0.00882
 1584   -0.01697   -0.00679   -0.00875
 1585   -0.01352   -0.00574   -0.00658
 1586   -0.01815   -0.00627   -0.00981
 1587   -0.01158   -0.01257   -0.00413
 1588   -0.00881   -0.01342   -0.00288
 1589   -0.01018   -0.01598   -0.00318
 1590   -0.00924   -0.01826   -0.00283
 1591   -0.00645   -0.01109   -0.00157
 1592   -0.00486   -0.00855   -0.00115
 1593   -0.00567   -0.00667   -0.00185
 1594   -0.00298   -0.00811    0.00030
 1595   -0.00365   -0.00452   -0.00071
 1596   -0.00188   -0.00613    0.00113
 1597   -0.00169   -0.00431    0.00083
 1598   -0.01180   -0.01660   -0.00354
 1599   -0.01264   -0.01944   -0.00455
 1600   -0.01512   -0.02414   -0.00584
 1601   -0.01426   -0.02710   -0.00609
 1602   -0.01357   -0.01906   -0.00502
 1603   -0.01146   -0.01523   -0.00323
 1604   -0.01467   -0.02180   -0.00631
 1605   -0.01747   -0.02345   -0.00669
 1606   -0.02091   -0.02595   -0.00807
 1607   -0.01930   -0.02724   -0.00667
 1608   -0.02082   -0.03007   -0.00781
 1609   -0.02427   -0.02447   -0.00875
 1610   -0.02705   -0.02604   -0.00934
 1611   -0.03046   -0.02346   -0.00998
 1612   -0.03537   -0.02404   -0.01176
 1613   -0.02723   -0.02066   -0.01017
 1614   -0.01534   -0.02455   -0.00536
 1615   -0.01243   -0.02487   -0.00441
 1616   -0.01073   -0.02792   -0.00392
 1617   -0.00975   -0.02949   -0.00382
 1618   -0.01054   -0.02024   -0.00334
 1619   -0.01316   -0.01800   -0.00387
 1620   -0.00924   -0.01491   -0.00131
 1621   -0.00691   -0.01226   -0.00096
 1622   -0.00749   -0.01008   -0.00171
 1623   -0.01036   -0.00936   -0.00306
 1624   -0.00565   -0.00868   -0.00076
 1625   -0.01096   -0.02755   -0.00372
 1626   -0.00902   -0.03127   -0.00325
 1627   -0.01104   -0.03427   -0.00458
 1628   -0.01110   -0.03212   -0.00442
 1629   -0.00696   -0.02887   -0.00181
 1630   -0.00494   -0.02526   -0.00125
 1631   -0.00331   -0.02631   -0.00183
 1632   -0.00305   -0.02351   -0.00177
 1633   -0.00304   -0.03043   -0.00186
 1634   -0.01338   -0.03859   -0.00685
 1635   -0.01627   -0.04050   -0.00970
 1636   -0.01599   -0.04370   -0.01247
 1637   -0.01739   -0.04091   -0.01352
 1638   -0.02000   -0.04366   -0.01207
 1639   -0.02430   -0.04345   -0.01486
 1640   -0.02752   -0.04899   -0.02442
 1641   -0.02736   -0.05510   -0.02693
 1642   -0.03367   -0.04878   -0.02711
 1643   -0.01292   -0.04919   -0.01231
 1644   -0.01230   -0.05444   -0.01536
 1645   -0.01112   -0.04769   -0.00830
 1646   -0.01245   -0.04943   -0.00928
 1647   -0.00914   -0.04246   -0.00372
 1648   -0.00744   -0.03779    0.00127
 1649   -0.00799   -0.03245    0.00146
 1650   -0.01002   -0.03043   -0.00180
 1651   -0.00661   -0.03557    0.00215
 1652   -0.00473   -0.03236    0.00542
 1653   -0.00444   -0.03359    0.01018
 1654   -0.00410   -0.03266    0.01448
 1655   -0.00460   -0.03682    0.01022
 1656   -0.00629   -0.03061    0.00580
 1657   -0.00526   -0.02514    0.00697
 1658   -0.00283   -0.02163    0.00952
 1659   -0.00143   -0.01748    0.00900
 1660   -0.00343   -0.02421    0.01092
 1661    0.00021   -0.01519    0.01251
 1662   -0.00650   -0.02837    0.00622
 1663   -0.00163   -0.02348    0.01186
 1664    0.00097   -0.02041    0.01305
 1665    0.00116   -0.01763    0.01001
 1666    0.00147   -0.01669    0.00946
 1667    0.00090   -0.02231    0.01750
 1668    0.00168   -0.02524    0.02426
 1669   -0.00176   -0.02683    0.03033
 1670   -0.00099   -0.02315    0.02955
 1671   -0.00324   -0.02932    0.05503
 1672   -0.00514   -0.03621    0.05307
 1673    0.00046   -0.02983    0.08029
 1674    0.00006   -0.01569    0.00807
 1675   -0.00031   -0.01262    0.00667
 1676    0.00102   -0.00975    0.00798
 1677    0.00142   -0.00776    0.00886
 1678   -0.00276   -0.01282    0.00451
 1679   -0.00412   -0.01540    0.00324
 1680   -0.00567   -0.01881    0.00214
 1681   -0.00390   -0.01388    0.00264
 1682   -0.00650   -0.02146    0.00101
 1683   -0.00459   -0.01589    0.00130
 1684   -0.00563   -0.01964    0.00075
 1685    0.00215   -0.00517    0.00735
 1686    0.00252   -0.00117    0.00914
 1687    0.00225    0.00018    0.00831
 1688    0.00197   -0.00111    0.00730
 1689    0.00344    0.00074    0.01069
 1690    0.00339   -0.00091    0.01184
 1691    0.00249    0.00091    0.00890
 1692    0.00277    0.00157    0.00821
 1693    0.00382    0.00355    0.00872
 1694    0.00434    0.00362    0.00939
 1695    0.00150    0.00045    0.00708
 1696    0.00425    0.00447    0.00830
 1697    0.00531    0.00517    0.00856
 1698    0.00547    0.00512    0.00760
 1699    0.00477    0.00491    0.00694
 1700    0.00541    0.00541    0.00913
 1701    0.00538    0.00575    0.01009
 1702    0.00476    0.00513    0.00856
 1703    0.00640    0.00545    0.00773
 1704    0.00676    0.00554    0.00677
 1705    0.00756    0.00567    0.00674
 1706    0.00820    0.00588    0.00735
 1707    0.00698    0.00604    0.00640
 1708    0.00728    0.00558    0.00600
 1709    0.00794    0.00550    0.00544
 1710    0.00874    0.00574    0.00511
 1711    0.00864    0.00580    0.00465
 1712    0.00738    0.00518    0.00482
 1713    0.00779    0.00462    0.00427
 1714    0.00788    0.00412    0.00396
 1715    0.00685    0.00440    0.00409
 1716    0.00974    0.00577    0.00528
 1717    0.01075    0.00585    0.00490
 1718    0.01165    0.00541    0.00461
 1719    0.01188    0.00497    0.00427
 1720    0.01093    0.00643    0.00560
 1721    0.01055    0.00695    0.00657
 1722    0.01216    0.00500    0.00435
 1723    0.01276    0.00442    0.00389
 1724    0.01359    0.00465    0.00408
 1725    0.01360    0.00474    0.00510
 1726    0.01187    0.00324    0.00484
 1727    0.01097    0.00243    0.00446
 1728    0.00895    0.00135    0.00546
 1729    0.00860    0.00021    0.00492
 1730    0.01176    0.00050    0.00254
 1731    0.01391    0.00379    0.00260
 1732    0.01296    0.00374    0.00157
 1733    0.01195    0.00075    0.00221
 1734    0.01006   -0.00385    0.00403
 1735    0.01106    0.00265   -0.00257
 1736    0.01070   -0.00157    0.00044
 1737   -0.00174   -0.01440   -0.00153
 1738   -0.03271   -0.05952   -0.02426
 1739   -0.07078   -0.09351   -0.02527
 1740   -0.01531   -0.01696    0.00507
 1741   -0.02486   -0.07411   -0.04093
