    1    0.01556   -0.01739    0.01270
    2    0.01333   -0.01562    0.00866
    3    0.00949   -0.01284    0.00440
    4    0.00865   -0.01218    0.00383
    5    0.01504   -0.01453    0.01051
    6    0.01658   -0.01587    0.01059
    7    0.02275   -0.01482    0.01602
    8    0.01548   -0.01400    0.00929
    9    0.00870   -0.01213    0.00315
   10    0.00684   -0.01097    0.00126
   11    0.00552   -0.00922    0.00019
   12    0.00586   -0.00940    0.00056
   13    0.00733   -0.01302   -0.00007
   14    0.00829   -0.01513    0.00003
   15    0.00823   -0.01739   -0.00081
   16    0.00903   -0.02048    0.00054
   17    0.00832   -0.01265   -0.00429
   18    0.00433   -0.00808   -0.00050
   19    0.00336   -0.00695   -0.00110
   20    0.00334   -0.00718   -0.00284
   21    0.00352   -0.00819   -0.00380
   22    0.00263   -0.00621   -0.00129
   23    0.00354   -0.00619   -0.00022
   24    0.00268   -0.00611   -0.00088
   25    0.00491   -0.00596    0.00061
   26    0.00199   -0.00588   -0.00342
   27    0.00187   -0.00439   -0.00532
   28    0.00121   -0.00433   -0.00565
   29    0.00048   -0.00467   -0.00481
   30    0.00064   -0.00284   -0.00664
   31    0.00069   -0.00374   -0.00682
   32   -0.00387   -0.00074   -0.00853
   33   -0.00514   -0.00047   -0.00873
   34   -0.00505    0.00026   -0.01007
   35    0.00172   -0.00365   -0.00645
   36    0.00085   -0.00365   -0.00658
   37    0.00013   -0.00217   -0.00705
   38    0.00050   -0.00010   -0.00781
   39    0.00127   -0.00253   -0.00802
   40    0.00248   -0.00276   -0.00951
   41    0.00276   -0.00216   -0.00800
   42   -0.00047   -0.00354   -0.00481
   43   -0.00070   -0.00235   -0.00433
   44    0.00026   -0.00180   -0.00331
   45   -0.00038   -0.00295   -0.00192
   46   -0.00120   -0.00404   -0.00261
   47   -0.00149   -0.00424   -0.00173
   48   -0.00141   -0.00325   -0.00259
   49   -0.00153   -0.00463   -0.00259
   50    0.00239    0.00138   -0.00447
   51    0.00401    0.00231   -0.00353
   52    0.00194    0.00011   -0.00053
   53    0.00077   -0.00108   -0.00027
   54    0.00199    0.00515   -0.00541
   55    0.00197    0.00612   -0.00361
   56   -0.00089    0.01153   -0.00625
   57   -0.00105    0.01405   -0.01030
   58   -0.00134    0.01064   -0.00570
   59    0.00181    0.00022    0.00101
   60   -0.00043   -0.00062    0.00227
   61   -0.00043   -0.00055    0.00253
   62   -0.00073    0.00038    0.00306
   63   -0.00268    0.00007    0.00269
   64   -0.00380   -0.00031    0.00336
   65   -0.00185    0.00199    0.00288
   66   -0.00492   -0.00038    0.00354
   67   -0.00128   -0.00145    0.00174
   68   -0.00126   -0.00201    0.00140
   69   -0.00204   -0.00326    0.00179
   70   -0.00181   -0.00336    0.00125
   71   -0.00034    0.00026   -0.00015
   72   -0.00129   -0.00077   -0.00085
   73   -0.00165   -0.00358    0.00013
   74   -0.00209    0.00159   -0.00239
   75   -0.00339   -0.00307    0.00301
   76   -0.00395   -0.00392    0.00321
   77   -0.00255   -0.00540    0.00177
   78   -0.00254   -0.00577    0.00183
   79   -0.00460   -0.00443    0.00251
   80   -0.00473   -0.00244    0.00253
   81   -0.00357   -0.00242    0.00318
   82   -0.00234   -0.00566    0.00048
   83   -0.00149   -0.00697   -0.00103
   84   -0.00077   -0.00732   -0.00158
   85   -0.00030   -0.00799   -0.00137
   86   -0.00160   -0.00765   -0.00224
   87   -0.00081   -0.00961   -0.00338
   88   -0.00145   -0.00968   -0.00463
   89   -0.00197   -0.01021   -0.00378
   90   -0.00086   -0.01017   -0.00566
   91   -0.00092   -0.00562   -0.00214
   92   -0.00089   -0.00498   -0.00299
   93   -0.00094   -0.00568   -0.00147
   94   -0.00066   -0.00626   -0.00184
   95   -0.00055   -0.00308   -0.00350
   96   -0.00099   -0.00174   -0.00524
   97   -0.00197    0.00202   -0.00629
   98   -0.00214    0.00198   -0.00743
   99   -0.00128   -0.00534    0.00006
  100   -0.00146   -0.00539    0.00125
  101   -0.00135   -0.00597    0.00174
  102   -0.00111   -0.00645    0.00199
  103   -0.00222   -0.00464    0.00240
  104   -0.00205   -0.00398    0.00246
  105   -0.00148   -0.00440    0.00129
  106   -0.00272   -0.00311    0.00297
  107   -0.00141   -0.00665    0.00150
  108   -0.00106   -0.00794    0.00120
  109    0.00046   -0.00793   -0.00019
  110    0.00138   -0.00810   -0.00081
  111   -0.00125   -0.00863    0.00096
  112   -0.00247   -0.00777    0.00214
  113   -0.00348   -0.00689    0.00325
  114   -0.00291   -0.00825    0.00225
  115    0.00029   -0.00769   -0.00118
  116    0.00069   -0.00852   -0.00301
  117    0.00189   -0.00770   -0.00256
  118    0.00281   -0.00761   -0.00352
  119    0.00021   -0.00762   -0.00407
  120   -0.00008   -0.00815   -0.00579
  121   -0.00030   -0.00876   -0.00639
  122   -0.00120   -0.00971   -0.00829
  123   -0.00107   -0.01102   -0.00821
  124    0.00091   -0.00712   -0.00172
  125    0.00100   -0.00730   -0.00098
  126    0.00149   -0.00760   -0.00069
  127    0.00266   -0.00724   -0.00075
  128    0.00004   -0.00720   -0.00037
  129    0.00043   -0.00694   -0.00042
  130   -0.00055   -0.00629   -0.00116
  131    0.00085   -0.00738    0.00002
  132    0.00096   -0.00727    0.00021
  133    0.00319   -0.00842   -0.00014
  134    0.00443   -0.00815   -0.00051
  135   -0.00057   -0.00694    0.00158
  136   -0.00183   -0.00670    0.00273
  137   -0.00334   -0.00634    0.00372
  138   -0.00255   -0.00587    0.00247
  139    0.00343   -0.00897   -0.00102
  140    0.00611   -0.00884   -0.00147
  141    0.00834   -0.00831   -0.00232
  142    0.01117   -0.00733   -0.00259
  143    0.00600   -0.00957   -0.00283
  144    0.00523   -0.00986   -0.00233
  145    0.00299   -0.00952   -0.00305
  146    0.00589   -0.01047   -0.00168
  147    0.00161   -0.01058   -0.00240
  148    0.00491   -0.00979   -0.00139
  149    0.00218   -0.01007   -0.00166
  150    0.00177   -0.01119   -0.00141
  151    0.00689   -0.00783   -0.00283
  152    0.00805   -0.00673   -0.00321
  153    0.00887   -0.00599   -0.00177
  154    0.00985   -0.00459   -0.00232
  155    0.00473   -0.00639   -0.00365
  156    0.00388   -0.00642   -0.00505
  157   -0.00012   -0.00553   -0.00529
  158   -0.00182   -0.00512   -0.00702
  159   -0.00396   -0.00465   -0.00786
  160   -0.00515   -0.00425   -0.00694
  161   -0.00700   -0.00453   -0.01057
  162    0.00786   -0.00635   -0.00053
  163    0.00766   -0.00488   -0.00085
  164    0.00990   -0.00509   -0.00069
  165    0.01018   -0.00259   -0.00211
  166    0.00557   -0.00552   -0.00062
  167    0.00436   -0.00561   -0.00060
  168    0.00273   -0.00595   -0.00047
  169    0.00554   -0.00425   -0.00100
  170    0.01104   -0.00613   -0.00063
  171    0.01248   -0.00448   -0.00216
  172    0.00967   -0.00476   -0.00234
  173    0.01006   -0.00251   -0.00330
  174    0.00609   -0.00613   -0.00082
  175    0.00337   -0.00518   -0.00056
  176    0.00295   -0.00573    0.00029
  177    0.00380   -0.00708    0.00041
  178    0.00071   -0.00547    0.00048
  179   -0.00218   -0.00505    0.00157
  180    0.00098   -0.00530   -0.00057
  181    0.00149   -0.00456   -0.00010
  182    0.00086   -0.00464    0.00025
  183   -0.00227   -0.00479    0.00121
  184   -0.00427   -0.00428    0.00164
  185    0.00346   -0.00386   -0.00159
  186   -0.00239   -0.00480    0.00107
  187   -0.00460   -0.00418    0.00205
  188   -0.00444   -0.00248    0.00396
  189   -0.00349   -0.00208    0.00455
  190   -0.00868   -0.00011    0.00926
  191   -0.00887    0.00194    0.01238
  192   -0.00901    0.00007    0.01295
  193   -0.00949    0.00146    0.01499
  194   -0.00779    0.00343    0.00959
  195   -0.00916    0.00541    0.00862
  196    0.00553    0.00423    0.00232
  197    0.01771    0.00703    0.00038
  198    0.01869    0.01060   -0.00152
  199   -0.00853   -0.00309    0.00905
  200   -0.00814   -0.00449    0.00675
  201   -0.00759   -0.00516    0.00676
  202   -0.00651   -0.00546    0.00612
  203   -0.00822   -0.00524    0.00528
  204   -0.00844   -0.00503    0.00348
  205   -0.00774   -0.00508    0.00241
  206   -0.00860   -0.00487    0.00256
  207   -0.00743   -0.00511    0.00067
  208   -0.00795   -0.00490    0.00041
  209   -0.00921   -0.00479    0.00351
  210   -0.00761   -0.00413   -0.00034
  211   -0.00932   -0.00494    0.00276
  212   -0.00884   -0.00459    0.00184
  213   -0.00883   -0.00424    0.00741
  214   -0.00851   -0.00480    0.00722
  215   -0.00890   -0.00455    0.00693
  216   -0.00946   -0.00408    0.00728
  217   -0.00731   -0.00508    0.00618
  218   -0.00538   -0.00471    0.00686
  219   -0.00284   -0.00725    0.00276
  220   -0.00188   -0.00696    0.00272
  221   -0.00043   -0.00718    0.00177
  222   -0.00017   -0.00866    0.00163
  223   -0.00022   -0.00632    0.00172
  224   -0.00725   -0.00547    0.00577
  225   -0.00735   -0.00457    0.00510
  226   -0.00772   -0.00380    0.00517
  227   -0.00673   -0.00476    0.00426
  228   -0.00602   -0.00432    0.00478
  229   -0.00577   -0.00464    0.00474
  230   -0.00478   -0.00513    0.00488
  231   -0.00624   -0.00434    0.00484
  232   -0.00494   -0.00509    0.00434
  233   -0.00638   -0.00485    0.00455
  234   -0.00583   -0.00523    0.00397
  235   -0.00795   -0.00294    0.00496
  236   -0.00791   -0.00142    0.00421
  237   -0.00762   -0.00071    0.00343
  238   -0.00725   -0.00156    0.00393
  239   -0.00830   -0.00053    0.00438
  240   -0.00796    0.00343    0.00259
  241   -0.00766   -0.00044    0.00457
  242   -0.00720    0.00090    0.00260
  243   -0.00647    0.00279    0.00199
  244   -0.00557    0.00521    0.00155
  245   -0.00582    0.00673   -0.00013
  246   -0.00609    0.00364    0.00037
  247   -0.00515    0.00238    0.00173
  248   -0.00471    0.00284    0.00106
  249   -0.00513    0.00143    0.00291
  250   -0.00475    0.00503    0.00190
  251   -0.00298    0.00668    0.00013
  252   -0.00082    0.00891   -0.00115
  253   -0.00056    0.00789    0.00048
  254   -0.00246    0.00463    0.00060
  255   -0.00052    0.00502   -0.00146
  256   -0.00386    0.00240    0.00145
  257    0.00106    0.01135   -0.00355
  258    0.00214    0.01328   -0.00489
  259    0.00427    0.01306   -0.00600
  260    0.00438    0.01455   -0.00674
  261    0.00188    0.01579   -0.00761
  262   -0.00020    0.01728   -0.00738
  263   -0.00116    0.02077   -0.01015
  264   -0.00081    0.01534   -0.00448
  265    0.00453    0.01223   -0.00699
  266    0.00663    0.01119   -0.00843
  267    0.00583    0.00944   -0.00765
  268    0.00403    0.00848   -0.00673
  269    0.00752    0.00868   -0.00834
  270    0.00753    0.00711   -0.00813
  271    0.00912    0.00775   -0.01021
  272    0.00989    0.00782   -0.01020
  273    0.00815    0.00547   -0.00719
  274    0.00686    0.00459   -0.00483
  275    0.00733    0.00487   -0.00417
  276    0.00481    0.00327   -0.00340
  277    0.01026    0.00944   -0.01292
  278    0.01250    0.01093   -0.01563
  279    0.01160    0.01232   -0.01514
  280    0.00873    0.01234   -0.01281
  281    0.01569    0.01175   -0.02118
  282    0.01423    0.01158   -0.02194
  283    0.01151    0.01419   -0.01947
  284    0.01240    0.01718   -0.02166
  285    0.00979    0.01450   -0.01552
  286    0.01368    0.01277   -0.01662
  287    0.01211    0.01372   -0.01582
  288    0.00958    0.01655   -0.01578
  289    0.00619    0.01654   -0.01310
  290    0.01473    0.01383   -0.01917
  291    0.01785    0.01069   -0.01850
  292    0.02227    0.00992   -0.02197
  293    0.02603    0.01265   -0.02939
  294    0.01921    0.00923   -0.01746
  295    0.01264    0.01964   -0.01883
  296    0.00979    0.02530   -0.01955
  297    0.00743    0.02457   -0.01642
  298    0.00650    0.02880   -0.01662
  299    0.01434    0.03040   -0.02405
  300    0.01167    0.03009   -0.03179
  301    0.01196    0.04175   -0.05837
  302    0.01339    0.03684   -0.06550
  303   -0.01504    0.08167   -0.13083
  304    0.00714    0.02099   -0.01451
  305    0.00457    0.02041   -0.01217
  306    0.00249    0.01757   -0.00980
  307    0.00124    0.01692   -0.00903
  308    0.00542    0.01744   -0.01194
  309    0.00582    0.01972   -0.01350
  310    0.00287    0.01483   -0.00922
  311    0.00211    0.01166   -0.00677
  312    0.00120    0.01221   -0.00692
  313   -0.00092    0.00935   -0.00537
  314    0.00309    0.00907   -0.00654
  315    0.00451    0.00817   -0.00679
  316    0.00591    0.00584   -0.00645
  317    0.00301    0.00551   -0.00559
  318    0.00192    0.01568   -0.00948
  319    0.00037    0.01829   -0.01083
  320    0.00236    0.01712   -0.01092
  321    0.00208    0.01732   -0.01146
  322    0.00130    0.01892   -0.01014
  323   -0.00078    0.02164   -0.00972
  324   -0.00369    0.01607   -0.00808
  325   -0.00619    0.01679   -0.00784
  326   -0.00093    0.02474   -0.01019
  327   -0.00022    0.02073   -0.00996
  328   -0.00401    0.01256   -0.00638
  329   -0.00597    0.00858   -0.00402
  330   -0.00780    0.00502   -0.00242
  331   -0.00716    0.00433   -0.00382
  332   -0.00575    0.00592   -0.00222
  333   -0.00769    0.00206    0.00030
  334   -0.00482    0.00697   -0.00210
  335   -0.00917    0.00450   -0.00103
  336   -0.00992    0.00267   -0.00031
  337   -0.00970    0.00081   -0.00014
  338   -0.00946   -0.00042    0.00100
  339   -0.00927    0.00193    0.00269
  340   -0.00763    0.00362    0.00360
  341   -0.00895    0.00544    0.00061
  342   -0.00900    0.00167   -0.00161
  343   -0.00865    0.00056   -0.00163
  344   -0.00864    0.00139   -0.00239
  345   -0.00365    0.01055   -0.00832
  346   -0.00761    0.00032    0.00024
  347   -0.00813   -0.00001   -0.00206
  348   -0.00868   -0.00313    0.00187
  349   -0.00892   -0.00374    0.00207
  350   -0.00891   -0.00306    0.00117
  351   -0.00882   -0.00379    0.00279
  352   -0.00793   -0.00244    0.00040
  353   -0.00666    0.00074   -0.00222
  354   -0.00841   -0.00406    0.00186
  355   -0.00835   -0.00436    0.00234
  356   -0.00806   -0.00510    0.00301
  357   -0.00731   -0.00541    0.00346
  358   -0.00772   -0.00351    0.00186
  359   -0.00842   -0.00548    0.00329
  360   -0.00852   -0.00651    0.00413
  361   -0.00809   -0.00659    0.00458
  362   -0.00798   -0.00689    0.00486
  363   -0.00893   -0.00666    0.00357
  364   -0.00900   -0.00678    0.00374
  365   -0.00810   -0.00606    0.00439
  366   -0.00744   -0.00602    0.00468
  367   -0.00689   -0.00524    0.00442
  368   -0.00713   -0.00482    0.00433
  369   -0.00776   -0.00662    0.00447
  370   -0.00618   -0.00507    0.00430
  371   -0.00564   -0.00417    0.00397
  372   -0.00550   -0.00433    0.00403
  373   -0.00531   -0.00488    0.00427
  374   -0.00444   -0.00337    0.00331
  375   -0.00327   -0.00222    0.00240
  376   -0.00374   -0.00141    0.00234
  377   -0.00140   -0.00180    0.00157
  378   -0.00561   -0.00431    0.00403
  379   -0.00532   -0.00445    0.00414
  380   -0.00485   -0.00328    0.00388
  381   -0.00476   -0.00249    0.00372
  382   -0.00541   -0.00460    0.00407
  383   -0.00486   -0.00461    0.00365
  384   -0.00586   -0.00576    0.00371
  385   -0.00442   -0.00423    0.00326
  386   -0.00456   -0.00338    0.00380
  387   -0.00418   -0.00252    0.00351
  388   -0.00461   -0.00283    0.00355
  389   -0.00502   -0.00403    0.00388
  390   -0.00315   -0.00255    0.00326
  391   -0.00225   -0.00157    0.00303
  392   -0.00114    0.00006    0.00213
  393   -0.00130   -0.00235    0.00271
  394   -0.00483   -0.00167    0.00349
  395   -0.00548   -0.00153    0.00361
  396   -0.00500   -0.00079    0.00395
  397   -0.00406    0.00044    0.00368
  398   -0.00600   -0.00065    0.00359
  399   -0.00666    0.00020    0.00345
  400   -0.00591    0.00008    0.00250
  401   -0.00718    0.00156    0.00370
  402   -0.00553   -0.00143    0.00428
  403   -0.00479   -0.00060    0.00427
  404   -0.00584   -0.00079    0.00485
  405   -0.00690   -0.00170    0.00527
  406   -0.00350   -0.00144    0.00381
  407   -0.00411   -0.00327    0.00406
  408   -0.00420   -0.00412    0.00396
  409   -0.00439   -0.00404    0.00421
  410   -0.00455   -0.00575    0.00421
  411   -0.00478   -0.00525    0.00433
  412   -0.00495   -0.00607    0.00437
  413   -0.00571    0.00051    0.00472
  414   -0.00651    0.00075    0.00555
  415   -0.00632   -0.00095    0.00545
  416   -0.00513   -0.00205    0.00473
  417   -0.00580    0.00257    0.00552
  418   -0.00461    0.00348    0.00472
  419   -0.00409    0.00204    0.00416
  420   -0.00679   -0.00118    0.00635
  421   -0.00661   -0.00345    0.00664
  422   -0.00654   -0.00359    0.00621
  423   -0.00579   -0.00337    0.00609
  424   -0.00695   -0.00410    0.00720
  425   -0.00707   -0.00645    0.00691
  426   -0.00655   -0.00675    0.00640
  427   -0.00781   -0.00662    0.00703
  428   -0.00614   -0.00386    0.00534
  429   -0.00632   -0.00523    0.00517
  430   -0.00638   -0.01090    0.00457
  431   -0.00598   -0.01244    0.00452
  432   -0.00525   -0.00572    0.00427
  433   -0.00416   -0.00675    0.00280
  434   -0.00456   -0.00032    0.00488
  435   -0.00584   -0.01298    0.00475
  436   -0.00487   -0.01640    0.00454
  437   -0.00321   -0.01667    0.00217
  438   -0.00154   -0.01944    0.00203
  439   -0.00468   -0.01877    0.00560
  440   -0.00300   -0.01437    0.00109
  441   -0.00180   -0.01487   -0.00056
  442   -0.00190   -0.01406   -0.00055
  443   -0.00199   -0.01558   -0.00113
  444   -0.00087   -0.01291   -0.00130
  445    0.00053   -0.01360   -0.00311
  446    0.00128   -0.01677   -0.00497
  447    0.00124   -0.01962   -0.00497
  448    0.00188   -0.01738   -0.00703
  449   -0.00285   -0.01210    0.00083
  450   -0.00285   -0.01172    0.00163
  451   -0.00302   -0.01383    0.00232
  452   -0.00282   -0.01431    0.00239
  453   -0.00372   -0.00975    0.00262
  454   -0.00406   -0.00967    0.00304
  455   -0.00514   -0.00999    0.00420
  456   -0.00345   -0.00949    0.00267
  457   -0.00518   -0.00960    0.00427
  458   -0.00447   -0.00931    0.00354
  459   -0.00332   -0.01471    0.00329
  460   -0.00297   -0.01600    0.00439
  461   -0.00148   -0.01796    0.00427
  462   -0.00115   -0.01777    0.00527
  463   -0.00389   -0.01660    0.00559
  464   -0.00545   -0.01626    0.00646
  465   -0.00644   -0.01430    0.00633
  466   -0.00647   -0.01435    0.00679
  467   -0.00663   -0.01303    0.00579
  468   -0.00115   -0.01924    0.00255
  469   -0.00024   -0.02150    0.00183
  470   -0.00132   -0.02029    0.00139
  471   -0.00146   -0.01986    0.00136
  472    0.00026   -0.02403   -0.00065
  473    0.00175   -0.02839    0.00046
  474    0.00447   -0.02902    0.00030
  475    0.00158   -0.02776    0.00268
  476   -0.00229   -0.01922    0.00133
  477   -0.00375   -0.01781    0.00180
  478   -0.00340   -0.01723    0.00277
  479   -0.00425   -0.01608    0.00364
  480   -0.00291   -0.01553   -0.00007
  481   -0.00298   -0.01470   -0.00007
  482   -0.00324   -0.01392   -0.00158
  483   -0.00287   -0.01398    0.00121
  484   -0.00305   -0.01286   -0.00102
  485   -0.00210   -0.01321    0.00168
  486   -0.00194   -0.01306    0.00069
  487   -0.00290   -0.01603    0.00268
  488   -0.00347   -0.01314    0.00324
  489   -0.00317   -0.01193    0.00385
  490   -0.00374   -0.00961    0.00425
  491   -0.00340   -0.01248    0.00399
  492   -0.00459   -0.01171    0.00357
  493   -0.00448   -0.01074    0.00364
  494   -0.00465   -0.00957    0.00430
  495   -0.00431   -0.00873    0.00440
  496   -0.00361   -0.00902    0.00422
  497   -0.00432   -0.00796    0.00463
  498   -0.00202   -0.01365    0.00383
  499   -0.00163   -0.01132    0.00360
  500   -0.00341   -0.00972    0.00357
  501   -0.00388   -0.00615    0.00437
  502   -0.00029   -0.01284    0.00396
  503    0.00250   -0.01694    0.00738
  504    0.00395   -0.01633    0.01023
  505    0.00868   -0.02383    0.01958
  506    0.01231   -0.03762    0.02635
  507   -0.00433   -0.01221    0.00382
  508   -0.00614   -0.01122    0.00514
  509   -0.00707   -0.00959    0.00682
  510   -0.00822   -0.00732    0.00809
  511   -0.00826   -0.01250    0.00592
  512   -0.00888   -0.01288    0.00543
  513   -0.01173   -0.00757    0.00863
  514   -0.02952    0.01417    0.02723
  515   -0.06019    0.06128    0.09247
  516   -0.00638   -0.01113    0.00663
  517   -0.00690   -0.01035    0.00742
  518   -0.00652   -0.00753    0.00714
  519   -0.00741   -0.00651    0.00807
  520   -0.00587   -0.01127    0.00517
  521   -0.00556   -0.01099    0.00625
  522   -0.00421   -0.01138    0.00578
  523   -0.00429   -0.01043    0.00509
  524   -0.00266   -0.01178    0.00588
  525   -0.00514   -0.00626    0.00593
  526   -0.00444   -0.00406    0.00599
  527   -0.00588   -0.00219    0.00724
  528   -0.00607   -0.00104    0.00810
  529   -0.00287   -0.00377    0.00499
  530   -0.00242   -0.00511    0.00472
  531   -0.00178   -0.00168    0.00525
  532   -0.00152   -0.00649    0.00435
  533   -0.00676   -0.00152    0.00711
  534   -0.00975   -0.00027    0.00844
  535   -0.01167   -0.00045    0.01034
  536   -0.01415    0.00134    0.01131
  537   -0.01098    0.00137    0.00740
  538   -0.00938    0.00691    0.00540
  539   -0.00315    0.00220    0.00591
  540   -0.00144    0.00279    0.00643
  541   -0.00236   -0.00073    0.00525
  542   -0.01068   -0.00227    0.01103
  543   -0.01232   -0.00258    0.01287
  544   -0.01226   -0.00217    0.01200
  545   -0.01377   -0.00114    0.01360
  546   -0.01178   -0.00494    0.01295
  547   -0.01244   -0.00478    0.01571
  548   -0.01557   -0.00711    0.01427
  549   -0.01347   -0.00776    0.01123
  550   -0.01483   -0.00616    0.01380
  551   -0.01027   -0.00291    0.01072
  552   -0.00942   -0.00237    0.01056
  553   -0.00929   -0.00010    0.01102
  554   -0.00785    0.00005    0.01014
  555   -0.00785   -0.00365    0.01006
  556   -0.00667   -0.00536    0.00996
  557   -0.00822   -0.00722    0.01001
  558   -0.00515   -0.00572    0.00852
  559   -0.01112    0.00179    0.01269
  560   -0.01080    0.00400    0.01277
  561   -0.01035    0.00552    0.01250
  562   -0.00867    0.00569    0.01130
  563   -0.01323    0.00700    0.01466
  564   -0.01394    0.00559    0.01486
  565   -0.01809    0.01009    0.01776
  566   -0.01552    0.00456    0.01609
  567    0.00129   -0.07211   -0.06037
  568   -0.01275    0.00816    0.01412
  569   -0.01382    0.01432    0.01486
  570   -0.01394    0.00901    0.01510
  571   -0.02116    0.01791    0.02109
  572   -0.00815   -0.00126    0.01281
  573   -0.00574   -0.00448    0.01318
  574   -0.00367   -0.00711    0.01130
  575   -0.00400   -0.00580    0.00982
  576   -0.00485   -0.00480    0.01173
  577   -0.00455   -0.00448    0.01002
  578   -0.00287   -0.00614    0.00894
  579   -0.00271   -0.00660    0.00962
  580   -0.00370   -0.00539    0.00816
  581   -0.00154   -0.00966    0.01225
  582   -0.00109   -0.01074    0.01150
  583   -0.00082   -0.01040    0.01057
  584   -0.00038   -0.01016    0.01118
  585    0.00053   -0.01124    0.01306
  586   -0.00026   -0.01141    0.01353
  587   -0.00084   -0.01167    0.01196
  588   -0.00123   -0.01293    0.01033
  589   -0.00114   -0.01033    0.01315
  590   -0.00135   -0.01005    0.00946
  591   -0.00172   -0.00947    0.00941
  592   -0.00194   -0.00950    0.00982
  593   -0.00235   -0.00922    0.01027
  594   -0.00225   -0.00835    0.00788
  595   -0.00266   -0.00719    0.00733
  596   -0.00222   -0.00712    0.00791
  597   -0.00189   -0.00963    0.01118
  598   -0.00133   -0.00966    0.01277
  599   -0.00210   -0.00883    0.01227
  600   -0.00300   -0.00733    0.01026
  601   -0.00154   -0.01044    0.01319
  602   -0.00197   -0.01175    0.01420
  603   -0.00259   -0.00909    0.01342
  604   -0.00198   -0.00568    0.01326
  605   -0.00363   -0.00587    0.01172
  606   -0.00663    0.00099    0.00816
  607   -0.00076   -0.00582    0.01694
  608   -0.00260   -0.00870    0.01849
  609   -0.00195   -0.00784    0.01699
  610   -0.00419   -0.00880    0.01224
  611   -0.00551   -0.00968    0.01065
  612   -0.00612   -0.00820    0.00759
  613   -0.00865   -0.00598    0.00554
  614   -0.00530   -0.01483    0.01207
  615   -0.00741   -0.01959    0.01240
  616   -0.01293   -0.02695    0.01909
  617   -0.00817   -0.02316    0.01682
  618   -0.01693   -0.03515    0.02990
  619   -0.00563   -0.00713    0.00748
  620   -0.00639   -0.00580    0.00559
  621   -0.00848   -0.00363    0.00299
  622   -0.00894   -0.00157    0.00281
  623   -0.00476   -0.00645    0.00617
  624   -0.00583   -0.00537    0.00494
  625   -0.00399   -0.00829    0.00789
  626   -0.00897   -0.00378    0.00177
  627   -0.01031    0.00003   -0.00105
  628   -0.00872   -0.00181    0.00003
  629   -0.00809   -0.00331    0.00106
  630   -0.00969   -0.00056   -0.00175
  631   -0.00759    0.00069   -0.00299
  632   -0.00665    0.00000   -0.00277
  633   -0.00590    0.00385   -0.00484
  634   -0.00421    0.00046   -0.00360
  635   -0.00335    0.00455   -0.00624
  636   -0.00238    0.00313   -0.00531
  637    0.00052    0.00374   -0.00577
  638   -0.00897   -0.00027   -0.00059
  639   -0.00841   -0.00184   -0.00010
  640   -0.00799   -0.00114   -0.00188
  641   -0.00799    0.00071   -0.00351
  642   -0.00850   -0.00192    0.00100
  643   -0.00884   -0.00260    0.00043
  644   -0.00847   -0.00404    0.00120
  645   -0.00919   -0.00182    0.00009
  646   -0.00795   -0.00440    0.00149
  647   -0.00920   -0.00247    0.00026
  648   -0.00892   -0.00358    0.00103
  649   -0.00703   -0.00232   -0.00160
  650   -0.00578   -0.00154   -0.00263
  651   -0.00599   -0.00320   -0.00148
  652   -0.00630   -0.00394   -0.00067
  653   -0.00394   -0.00096   -0.00275
  654   -0.00368   -0.00290   -0.00168
  655   -0.00178   -0.00242   -0.00196
  656    0.00014   -0.00182   -0.00224
  657   -0.00560   -0.00250   -0.00187
  658   -0.00600   -0.00349   -0.00118
  659   -0.00430   -0.00404   -0.00110
  660   -0.00285   -0.00356   -0.00154
  661   -0.00681   -0.00273   -0.00195
  662   -0.00858   -0.00208   -0.00255
  663   -0.00963   -0.00154   -0.00381
  664   -0.01090   -0.00104   -0.00423
  665   -0.01281   -0.00070   -0.00565
  666   -0.00462   -0.00494   -0.00061
  667   -0.00306   -0.00570   -0.00038
  668   -0.00253   -0.00582   -0.00092
  669   -0.00356   -0.00576   -0.00092
  670   -0.00355   -0.00661    0.00022
  671   -0.00254   -0.00696    0.00054
  672   -0.00370   -0.00727    0.00115
  673   -0.00447   -0.00725    0.00147
  674   -0.00275   -0.00735    0.00127
  675   -0.00075   -0.00579   -0.00089
  676    0.00020   -0.00579   -0.00073
  677    0.00205   -0.00706   -0.00039
  678    0.00298   -0.00820   -0.00002
  679    0.00082   -0.00489   -0.00122
  680    0.00194   -0.00413   -0.00123
  681   -0.00120   -0.00389   -0.00195
  682    0.00263   -0.00698   -0.00007
  683    0.00384   -0.00777    0.00050
  684    0.00323   -0.00859    0.00017
  685    0.00229   -0.00816   -0.00020
  686    0.00449   -0.00683    0.00087
  687    0.00566   -0.00559    0.00109
  688    0.00523   -0.00721    0.00116
  689    0.00662   -0.00466    0.00069
  690    0.00400   -0.01004    0.00001
  691    0.00433   -0.01134   -0.00142
  692    0.00367   -0.01039   -0.00192
  693    0.00369   -0.00953   -0.00135
  694    0.00215   -0.00905   -0.00323
  695    0.00165   -0.00757   -0.00347
  696    0.00124   -0.00695   -0.00271
  697    0.00116   -0.00680   -0.00299
  698    0.00245   -0.00740   -0.00462
  699    0.00267   -0.00669   -0.00647
  700    0.00185   -0.00561   -0.00631
  701    0.00469   -0.00795   -0.00748
  702    0.00100   -0.00722   -0.00139
  703    0.00065   -0.00663   -0.00108
  704   -0.00085   -0.00651   -0.00034
  705   -0.00130   -0.00619   -0.00032
  706    0.00143   -0.00674   -0.00048
  707    0.00087   -0.00714   -0.00002
  708   -0.00166   -0.00662    0.00003
  709   -0.00308   -0.00673    0.00080
  710   -0.00333   -0.00657    0.00076
  711   -0.00396   -0.00645    0.00137
  712   -0.00459   -0.00657    0.00159
  713   -0.00398   -0.00554    0.00108
  714   -0.00212   -0.00600   -0.00001
  715   -0.00232   -0.00576    0.00033
  716   -0.00239   -0.00667    0.00065
  717   -0.00324   -0.00656    0.00120
  718   -0.00181   -0.00650   -0.00002
  719   -0.00193   -0.00630    0.00012
  720   -0.00242   -0.00616    0.00035
  721   -0.00231   -0.00609    0.00029
  722   -0.00032   -0.00618   -0.00060
  723   -0.00030   -0.00624   -0.00065
  724    0.00094   -0.00578   -0.00078
  725   -0.00261   -0.00610    0.00037
  726   -0.00334   -0.00591    0.00080
  727   -0.00440   -0.00635    0.00125
  728   -0.00473   -0.00612    0.00114
  729   -0.00354   -0.00632    0.00081
  730   -0.00198   -0.00625    0.00027
  731   -0.00428   -0.00606    0.00090
  732   -0.00099   -0.00523   -0.00014
  733   -0.00456   -0.00668    0.00169
  734   -0.00551   -0.00662    0.00240
  735   -0.00556   -0.00664    0.00227
  736   -0.00624   -0.00660    0.00280
  737   -0.00473   -0.00668    0.00171
  738   -0.00465   -0.00651    0.00164
  739   -0.00467   -0.00626    0.00141
  740   -0.00523   -0.00614    0.00145
  741   -0.00349   -0.00667    0.00132
  742   -0.00356   -0.00658    0.00148
  743   -0.00352   -0.00593    0.00179
  744   -0.00212   -0.00654    0.00122
  745   -0.00365   -0.00600    0.00073
  746   -0.00353   -0.00521    0.00011
  747   -0.00499   -0.00506    0.00048
  748   -0.00511   -0.00447    0.00028
  749   -0.00226   -0.00456   -0.00060
  750   -0.00032   -0.00421   -0.00107
  751   -0.00215   -0.00301   -0.00179
  752    0.00102   -0.00335   -0.00151
  753   -0.00555   -0.00568    0.00122
  754   -0.00649   -0.00562    0.00163
  755   -0.00711   -0.00601    0.00246
  756   -0.00768   -0.00611    0.00262
  757   -0.00668   -0.00598    0.00203
  758   -0.00670   -0.00562    0.00162
  759   -0.00647   -0.00572    0.00167
  760   -0.00701   -0.00492    0.00096
  761   -0.00676   -0.00539    0.00123
  762   -0.00700   -0.00476    0.00068
  763   -0.00700   -0.00638    0.00277
  764   -0.00742   -0.00677    0.00325
  765   -0.00747   -0.00631    0.00281
  766   -0.00803   -0.00654    0.00321
  767   -0.00753   -0.00689    0.00329
  768   -0.00653   -0.00572    0.00178
  769   -0.00596   -0.00491    0.00132
  770   -0.00588   -0.00375    0.00100
  771   -0.00595   -0.00328    0.00094
  772   -0.00430   -0.00445    0.00022
  773   -0.00349   -0.00302   -0.00067
  774   -0.00439   -0.00533    0.00095
  775   -0.00567   -0.00303    0.00041
  776   -0.00576   -0.00157   -0.00015
  777   -0.00743   -0.00304    0.00159
  778   -0.00814   -0.00291    0.00167
  779   -0.00562   -0.00197   -0.00081
  780   -0.00795   -0.00494    0.00250
  781   -0.00856   -0.00583    0.00322
  782   -0.00887   -0.00644    0.00375
  783   -0.00914   -0.00700    0.00450
  784   -0.00827   -0.00630    0.00383
  785   -0.00783   -0.00618    0.00310
  786   -0.00806   -0.00651    0.00316
  787   -0.00764   -0.00571    0.00260
  788   -0.00853   -0.00591    0.00339
  789   -0.00875   -0.00623    0.00382
  790   -0.00758   -0.00386    0.00276
  791   -0.00748   -0.00341    0.00254
  792   -0.00891   -0.00660    0.00368
  793   -0.00925   -0.00718    0.00415
  794   -0.00917   -0.00704    0.00465
  795   -0.00894   -0.00732    0.00414
  796   -0.00670   -0.00196    0.00217
  797   -0.00532   -0.00046    0.00092
  798   -0.00573   -0.00071    0.00142
  799   -0.00466   -0.00017    0.00134
  800   -0.00414    0.00176    0.00011
  801   -0.00372    0.00254   -0.00060
  802   -0.00253    0.00516   -0.00202
  803   -0.00032    0.00825   -0.00465
  804   -0.00277    0.00476   -0.00240
  805   -0.00705   -0.00128    0.00207
  806   -0.00732   -0.00306    0.00355
  807   -0.00714   -0.00379    0.00311
  808   -0.00543   -0.00553    0.00268
  809   -0.00754   -0.00349    0.00478
  810   -0.00855   -0.00465    0.00645
  811   -0.00818   -0.00509    0.00709
  812   -0.00829   -0.00543    0.00604
  813   -0.00619   -0.00435    0.00217
  814   -0.00653   -0.00482    0.00185
  815   -0.00708   -0.00459    0.00198
  816   -0.00669   -0.00494    0.00133
  817   -0.00780   -0.00571    0.00211
  818   -0.00745   -0.00538    0.00244
  819   -0.00816   -0.00612    0.00292
  820   -0.00808   -0.00686    0.00574
  821   -0.00857   -0.00695    0.00642
  822   -0.00717   -0.00358    0.00145
  823   -0.00765   -0.00345    0.00148
  824   -0.00642   -0.00188    0.00101
  825   -0.00545   -0.00002    0.00137
  826   -0.00755   -0.00340    0.00179
  827   -0.00801   -0.00470    0.00283
  828   -0.00851   -0.00543    0.00280
  829   -0.00736   -0.00481    0.00297
  830   -0.00665   -0.00122    0.00107
  831   -0.00402    0.00093    0.00031
  832   -0.00163    0.00102   -0.00159
  833   -0.00193   -0.00059   -0.00168
  834    0.00155    0.00583   -0.00480
  835    0.00586    0.00656   -0.00662
  836    0.01133    0.00845   -0.00716
  837    0.01327    0.01314   -0.00796
  838    0.00625    0.00877   -0.00755
  839    0.00291    0.00617   -0.00686
  840    0.00299    0.00274   -0.00571
  841    0.00131    0.00633   -0.00608
  842    0.00114    0.00098   -0.00450
  843   -0.00003    0.00380   -0.00489
  844   -0.00023    0.00197   -0.00454
  845    0.01502    0.00465   -0.00591
  846    0.02443    0.00596   -0.00555
  847    0.02805    0.01217   -0.00664
  848    0.02359    0.01371   -0.00842
  849    0.02943    0.00034   -0.00486
  850    0.02745    0.00015   -0.00349
  851    0.03107   -0.00275   -0.00225
  852    0.03621   -0.00563   -0.00309
  853    0.02738   -0.00257   -0.00224
  854    0.04008    0.01854   -0.00703
  855    0.04712    0.02593   -0.00985
  856    0.04764    0.02206   -0.00579
  857    0.05725    0.01963   -0.00129
  858    0.07116    0.04032   -0.01199
  859    0.07746    0.04932   -0.02885
  860    0.05795    0.05264   -0.02704
  861    0.16189    0.10959   -0.05379
  862    0.03934    0.02051   -0.00769
  863    0.03944    0.01786   -0.00513
  864    0.02954    0.01144   -0.00436
  865    0.02973    0.00929   -0.00275
  866    0.02417    0.00966   -0.00621
  867    0.01869    0.00599   -0.00536
  868    0.01740    0.00598   -0.00544
  869    0.01727    0.00839   -0.00717
  870    0.01402    0.00555   -0.00648
  871    0.01067    0.00310   -0.00556
  872    0.01660    0.00371   -0.00440
  873    0.01605    0.00354   -0.00447
  874    0.01367    0.00318   -0.00518
  875    0.01376    0.00476   -0.00581
  876    0.01561    0.00177   -0.00260
  877    0.01374    0.00229   -0.00315
  878    0.01779    0.00207   -0.00212
  879    0.01073    0.00161   -0.00442
  880    0.00865    0.00125   -0.00456
  881    0.00845    0.00377   -0.00654
  882    0.00790    0.00473   -0.00717
  883    0.00544   -0.00100   -0.00365
  884    0.00324   -0.00132   -0.00327
  885    0.00320   -0.00120   -0.00349
  886    0.00175   -0.00383   -0.00233
  887    0.00855    0.00599   -0.00718
  888    0.00840    0.00973   -0.00955
  889    0.01087    0.01186   -0.00968
  890    0.01030    0.01358   -0.01005
  891    0.00962    0.01305   -0.01056
  892    0.01019    0.01824   -0.01288
  893    0.01587    0.02640   -0.01537
  894    0.01621    0.02975   -0.01736
  895    0.02608    0.03995   -0.02109
  896    0.01348    0.01191   -0.00908
  897    0.01586    0.01372   -0.00896
  898    0.01391    0.01284   -0.00896
  899    0.01380    0.01426   -0.00921
  900    0.01884    0.01332   -0.00903
  901    0.02096    0.01559   -0.00892
  902    0.02298    0.01974   -0.00927
  903    0.02149    0.02183   -0.00997
  904    0.02791    0.02212   -0.00803
  905    0.01275    0.00962   -0.00759
  906    0.01134    0.00816   -0.00724
  907    0.00961    0.00908   -0.00774
  908    0.00908    0.01049   -0.00796
  909    0.01012    0.00477   -0.00543
  910    0.00869    0.00398   -0.00520
  911    0.00961    0.00456   -0.00466
  912    0.00619    0.00326   -0.00508
  913    0.00827    0.00420   -0.00450
  914    0.00448    0.00199   -0.00445
  915    0.00593    0.00271   -0.00411
  916    0.00782    0.00828   -0.00758
  917    0.00519    0.00954   -0.00783
  918    0.00596    0.01314   -0.00868
  919    0.00458    0.01484   -0.00916
  920    0.00357    0.00810   -0.00767
  921    0.00263    0.00370   -0.00621
  922    0.00091    0.00212   -0.00441
  923    0.00078    0.00195   -0.00478
  924    0.00807    0.01497   -0.00893
  925    0.00921    0.01923   -0.01080
  926    0.01096    0.02097   -0.01100
  927    0.01086    0.02410   -0.01254
  928    0.01127    0.02036   -0.01103
  929    0.01323    0.02399   -0.01209
  930    0.01254    0.01954   -0.01051
  931    0.01550    0.02207   -0.01101
  932    0.01381    0.02115   -0.01056
  933    0.01630    0.02563   -0.01109
  934    0.01677    0.01972   -0.00988
  935    0.01798    0.02073   -0.00999
  936    0.01934    0.01858   -0.00947
  937    0.01785    0.01609   -0.00850
  938    0.02366    0.02034   -0.01030
  939    0.01085    0.01738   -0.01010
  940    0.00784    0.01559   -0.00991
  941    0.00457    0.01608   -0.01019
  942    0.00141    0.01369   -0.00994
  943    0.00667    0.01106   -0.00854
  944    0.00531    0.00914   -0.00778
  945    0.00852    0.01049   -0.00795
  946    0.00346    0.01892   -0.01059
  947    0.00065    0.01736   -0.00934
  948   -0.00275    0.01978   -0.00995
  949   -0.00624    0.01536   -0.00868
  950    0.00022    0.02203   -0.00973
  951   -0.00113    0.01657   -0.00687
  952   -0.00184    0.02374   -0.01009
  953   -0.00384    0.03425   -0.01338
  954   -0.00116    0.02050   -0.00919
  955   -0.00250    0.02791   -0.01154
  956   -0.00845    0.03849   -0.01171
  957   -0.00681    0.03221   -0.01351
  958   -0.01313    0.04267   -0.01513
  959   -0.00631    0.05376   -0.01060
  960    0.00426    0.04807   -0.01453
  961    0.00909    0.06964   -0.02323
  962    0.01709    0.12229   -0.01843
  963   -0.00265    0.19122   -0.02154
  964   -0.00213    0.02352   -0.01259
  965   -0.00198    0.02259   -0.01223
  966   -0.00638    0.01935   -0.01282
  967   -0.00895    0.01734   -0.01291
  968    0.00251    0.01852   -0.01089
  969    0.00817    0.02272   -0.01109
  970    0.01081    0.01897   -0.00944
  971    0.01660    0.02583   -0.01030
  972   -0.00713    0.01915   -0.01304
  973   -0.00923    0.01586   -0.01290
  974   -0.00659    0.01045   -0.00982
  975   -0.00417    0.00981   -0.00923
  976   -0.00889    0.01640   -0.01302
  977   -0.00640    0.01479   -0.01210
  978   -0.00867    0.00767   -0.00877
  979   -0.00794    0.00390   -0.00655
  980   -0.00601    0.00388   -0.00663
  981   -0.00463    0.00285   -0.00582
  982   -0.00901    0.00240   -0.00493
  983   -0.01023    0.00412   -0.00518
  984   -0.00994    0.00776   -0.00799
  985   -0.00689    0.00494   -0.00780
  986   -0.00543    0.00442   -0.00743
  987   -0.00261    0.00557   -0.00721
  988   -0.00086    0.00422   -0.00596
  989   -0.00746    0.00543   -0.00842
  990   -0.00991    0.00296   -0.00862
  991   -0.01115    0.00309   -0.00944
  992   -0.01375    0.00026   -0.01062
  993   -0.01046    0.00514   -0.00961
  994   -0.00191    0.00812   -0.00826
  995    0.00107    0.00952   -0.00793
  996    0.00258    0.00813   -0.00698
  997    0.00475    0.00821   -0.00638
  998    0.00146    0.01343   -0.00940
  999    0.00012    0.01548   -0.01061
 1000    0.00083    0.01460   -0.00986
 1001   -0.00026    0.01863   -0.01013
 1002    0.00117    0.00678   -0.00705
 1003    0.00211    0.00528   -0.00623
 1004    0.00247    0.00305   -0.00497
 1005    0.00410    0.00264   -0.00417
 1006   -0.00006    0.00441   -0.00640
 1007   -0.00013    0.00684   -0.00766
 1008   -0.00330    0.00613   -0.00727
 1009   -0.00403    0.00828   -0.00856
 1010   -0.00738    0.00746   -0.00833
 1011   -0.00888    0.00614   -0.00705
 1012   -0.00803    0.00924   -0.00947
 1013    0.00100    0.00195   -0.00472
 1014    0.00119    0.00039   -0.00377
 1015    0.00341    0.00086   -0.00341
 1016    0.00442   -0.00025   -0.00253
 1017   -0.00080   -0.00045   -0.00375
 1018    0.00418    0.00263   -0.00371
 1019    0.00630    0.00348   -0.00290
 1020    0.00810    0.00426   -0.00240
 1021    0.00951    0.00366   -0.00138
 1022    0.00646    0.00549   -0.00355
 1023    0.00470    0.00468   -0.00418
 1024    0.00489    0.00733   -0.00497
 1025    0.00395    0.00696   -0.00554
 1026    0.00056    0.00640   -0.00665
 1027    0.00783    0.00534   -0.00338
 1028    0.00921    0.00617   -0.00313
 1029    0.00917    0.00394   -0.00217
 1030    0.00958    0.00395   -0.00136
 1031    0.00917    0.00759   -0.00489
 1032    0.00921    0.01118   -0.00641
 1033    0.00736    0.00206   -0.00228
 1034    0.00662    0.00031   -0.00161
 1035    0.00758   -0.00045   -0.00085
 1036    0.00821   -0.00107   -0.00040
 1037    0.00453   -0.00093   -0.00166
 1038    0.00424   -0.00228   -0.00111
 1039    0.00385   -0.00236   -0.00121
 1040    0.00371   -0.00366   -0.00072
 1041    0.00304   -0.00333   -0.00105
 1042    0.00350   -0.00445   -0.00057
 1043    0.00289   -0.00439   -0.00072
 1044    0.00792   -0.00046   -0.00083
 1045    0.00918   -0.00121    0.00011
 1046    0.01148   -0.00046    0.00084
 1047    0.01257   -0.00115    0.00171
 1048    0.00945   -0.00145   -0.00005
 1049    0.00761   -0.00238   -0.00027
 1050    0.00690   -0.00242   -0.00052
 1051    0.00483   -0.00237   -0.00122
 1052    0.00861   -0.00249    0.00019
 1053    0.01153    0.00133    0.00056
 1054    0.01351    0.00285    0.00178
 1055    0.01309    0.00316    0.00172
 1056    0.01454    0.00447    0.00253
 1057    0.01368    0.00476    0.00116
 1058    0.01436    0.00488    0.00168
 1059    0.01522    0.00802    0.00143
 1060    0.01719    0.00895    0.00310
 1061    0.01824    0.01277    0.00372
 1062    0.01107    0.00205    0.00065
 1063    0.01017    0.00219    0.00029
 1064    0.01010    0.00100    0.00054
 1065    0.00885   -0.00010    0.00047
 1066    0.00979    0.00223   -0.00066
 1067    0.01058    0.00260   -0.00090
 1068    0.01005    0.00178   -0.00053
 1069    0.01217    0.00432   -0.00210
 1070    0.01155    0.00112    0.00155
 1071    0.01159   -0.00014    0.00187
 1072    0.00932   -0.00016    0.00082
 1073    0.00781   -0.00096    0.00024
 1074    0.01430    0.00030    0.00346
 1075    0.01814    0.00059    0.00557
 1076    0.01826   -0.00174    0.00473
 1077    0.01616   -0.00272    0.00313
 1078    0.02685   -0.00465    0.01018
 1079    0.00922    0.00097    0.00097
 1080    0.00815    0.00047   -0.00010
 1081    0.00605   -0.00100   -0.00075
 1082    0.00513   -0.00203   -0.00113
 1083    0.00948    0.00144    0.00018
 1084    0.00699   -0.00079   -0.00091
 1085    0.00551   -0.00192   -0.00117
 1086    0.00481   -0.00369   -0.00080
 1087    0.00332   -0.00514   -0.00092
 1088    0.00545   -0.00189   -0.00092
 1089    0.00700   -0.00109   -0.00113
 1090    0.00413   -0.00323   -0.00076
 1091    0.00693   -0.00012   -0.00217
 1092    0.00519   -0.00376   -0.00073
 1093    0.00540   -0.00500   -0.00060
 1094    0.00475   -0.00460   -0.00093
 1095    0.00374   -0.00534   -0.00122
 1096    0.00697   -0.00415    0.00009
 1097    0.00685   -0.00417    0.00032
 1098    0.00872   -0.00371    0.00125
 1099    0.01038   -0.00400    0.00239
 1100    0.00947   -0.00321    0.00050
 1101    0.00531   -0.00373   -0.00120
 1102    0.00481   -0.00309   -0.00178
 1103    0.00246   -0.00396   -0.00269
 1104   -0.00086   -0.00403   -0.00447
 1105    0.00579   -0.00181   -0.00158
 1106    0.00254   -0.00431   -0.00238
 1107    0.00157   -0.00499   -0.00283
 1108   -0.00000   -0.00602   -0.00292
 1109   -0.00160   -0.00568   -0.00373
 1110    0.00279   -0.00520   -0.00234
 1111    0.00065   -0.00604   -0.00244
 1112   -0.00012   -0.00618   -0.00258
 1113   -0.00089   -0.00563   -0.00345
 1114   -0.00160   -0.00494   -0.00414
 1115    0.00072   -0.00624   -0.00210
 1116    0.00039   -0.00610   -0.00219
 1117   -0.00012   -0.00608   -0.00199
 1118    0.00047   -0.00608   -0.00297
 1119   -0.00030   -0.00585   -0.00259
 1120    0.00023   -0.00578   -0.00311
 1121   -0.00049   -0.00544   -0.00331
 1122   -0.00130   -0.00426   -0.00388
 1123   -0.00360   -0.00321   -0.00528
 1124   -0.00426   -0.00220   -0.00623
 1125   -0.00009   -0.00401   -0.00240
 1126    0.00067   -0.00476   -0.00151
 1127    0.00134   -0.00496   -0.00065
 1128    0.00100   -0.00503   -0.00241
 1129   -0.00423   -0.00353   -0.00561
 1130   -0.00736   -0.00214   -0.00809
 1131   -0.00730   -0.00258   -0.00886
 1132   -0.00793   -0.00107   -0.01063
 1133   -0.00664   -0.00243   -0.00799
 1134   -0.00543   -0.00391   -0.00692
 1135   -0.00472   -0.00378   -0.00703
 1136   -0.00440   -0.00229   -0.00735
 1137   -0.00560   -0.00050   -0.00904
 1138   -0.00301   -0.00500   -0.00515
 1139   -0.00220   -0.00454   -0.00499
 1140   -0.00198   -0.00580   -0.00487
 1141   -0.00366   -0.00230   -0.00687
 1142   -0.00367   -0.00039   -0.00758
 1143   -0.00684    0.00194   -0.01096
 1144   -0.00919    0.00173   -0.01411
 1145   -0.00185   -0.00133   -0.00660
 1146   -0.00942    0.00314   -0.01219
 1147   -0.01538    0.00727   -0.01820
 1148   -0.01366    0.00986   -0.02116
 1149   -0.01314    0.01539   -0.02371
 1150   -0.01858    0.01171   -0.01958
 1151   -0.01924    0.01371   -0.02520
 1152   -0.01398    0.00690   -0.01737
 1153   -0.01349    0.00553   -0.01854
 1154   -0.01073    0.00471   -0.01299
 1155   -0.01090    0.00647   -0.01749
 1156   -0.01028    0.00741   -0.01821
 1157   -0.00780    0.00827   -0.01457
 1158   -0.00727    0.01015   -0.01298
 1159   -0.00913    0.00273   -0.01635
 1160   -0.01044    0.00081   -0.01686
 1161   -0.00854    0.00029   -0.01515
 1162   -0.00697    0.00002   -0.01292
 1163   -0.01065    0.00100   -0.01666
 1164   -0.00800    0.00883   -0.01462
 1165   -0.00652    0.01185   -0.01348
 1166   -0.00698    0.02117   -0.01196
 1167   -0.00566    0.02904   -0.00836
 1168   -0.00907    0.02294   -0.01325
 1169   -0.01187    0.03483   -0.00794
 1170   -0.01592    0.02976   -0.01047
 1171   -0.01640    0.01949   -0.01468
 1172   -0.00787    0.04262   -0.00850
 1173   -0.00302    0.03068   -0.01519
 1174   -0.00552    0.02018   -0.01579
 1175   -0.00848    0.01842   -0.01545
 1176   -0.00450    0.01336   -0.01589
 1177   -0.03475    0.04306    0.00891
 1178   -0.06727    0.03335    0.02758
 1179   -0.06158    0.04772    0.02109
 1180   -0.08543    0.08267    0.03955
 1181   -0.23231    0.05447    0.17225
 1182   -0.03258    0.04204   -0.01857
 1183   -0.04243    0.03115    0.00426
 1184   -0.02492    0.03709   -0.00876
 1185   -0.00742    0.01915   -0.01741
 1186   -0.00709    0.01063   -0.00968
 1187   -0.00876    0.03089   -0.01921
 1188   -0.00117    0.04483   -0.02421
 1189    0.01392    0.03986   -0.03545
 1190    0.01962    0.05167   -0.04101
 1191    0.00909    0.03435   -0.03114
 1192    0.00508    0.02150   -0.02201
 1193    0.00961    0.03909   -0.03020
 1194   -0.00433    0.02316   -0.02477
 1195    0.00371    0.00080   -0.02948
 1196    0.01069   -0.02388   -0.03386
 1197    0.01172   -0.02902   -0.03853
 1198    0.00123    0.01369   -0.04146
 1199    0.00309    0.00796   -0.04944
 1200    0.01353   -0.02412   -0.04875
 1201    0.00686   -0.01785   -0.03090
 1202    0.00452   -0.01473   -0.02942
 1203    0.00697   -0.01237   -0.02913
 1204   -0.00052   -0.00345   -0.02794
 1205    0.00386   -0.01560   -0.02758
 1206    0.00334   -0.01167   -0.02436
 1207   -0.00219   -0.00314   -0.02246
 1208    0.00348   -0.00844   -0.01996
 1209    0.00961   -0.01195   -0.02609
 1210    0.01027   -0.00370   -0.02881
 1211    0.00653    0.00510   -0.02864
 1212    0.00743    0.00598   -0.02764
 1213    0.01595   -0.00688   -0.03228
 1214    0.01833    0.00252   -0.03582
 1215    0.02480   -0.00144   -0.03790
 1216    0.01564    0.00869   -0.03725
 1217    0.00326    0.00946   -0.02710
 1218   -0.00119    0.01838   -0.02209
 1219   -0.00274    0.01429   -0.01581
 1220    0.00008    0.01146   -0.01426
 1221   -0.00077    0.01997   -0.01642
 1222   -0.00275    0.02535   -0.00966
 1223   -0.00905    0.01872   -0.00254
 1224   -0.00742    0.02431    0.00098
 1225   -0.01478    0.01857    0.00781
 1226   -0.00666    0.01064   -0.01047
 1227   -0.00985    0.00821   -0.00278
 1228   -0.00870    0.00571   -0.00187
 1229   -0.00865    0.00293   -0.00281
 1230   -0.01112    0.00501    0.00178
 1231   -0.01080    0.00492    0.00638
 1232   -0.00895    0.00528    0.00044
 1233   -0.00685    0.00476   -0.00073
 1234   -0.00606    0.00175    0.00117
 1235   -0.00839    0.00014    0.00516
 1236   -0.00829    0.00024    0.00654
 1237   -0.00579   -0.00034    0.00336
 1238   -0.00145    0.00417   -0.00273
 1239    0.00119    0.00266   -0.00507
 1240   -0.00075    0.00636   -0.00387
 1241   -0.00920   -0.00075    0.00493
 1242   -0.00944   -0.00095    0.00552
 1243   -0.00789   -0.00356    0.00496
 1244   -0.00773   -0.00346    0.00403
 1245   -0.00968   -0.00051    0.00424
 1246   -0.01014    0.00079    0.00445
 1247   -0.00916    0.00160    0.00458
 1248   -0.01072    0.00054    0.00150
 1249   -0.00931    0.00350    0.00444
 1250   -0.01136    0.00231   -0.00039
 1251   -0.01024    0.00333    0.00331
 1252   -0.00797   -0.00389    0.00543
 1253   -0.00756   -0.00526    0.00520
 1254   -0.00688   -0.00497    0.00446
 1255   -0.00659   -0.00418    0.00450
 1256   -0.00713   -0.00570    0.00526
 1257   -0.00689   -0.00658    0.00472
 1258   -0.00692   -0.00681    0.00431
 1259   -0.00653   -0.00718    0.00476
 1260   -0.00654   -0.00710    0.00377
 1261   -0.00656   -0.00728    0.00414
 1262   -0.00617   -0.00555    0.00388
 1263   -0.00553   -0.00505    0.00346
 1264   -0.00595   -0.00609    0.00385
 1265   -0.00613   -0.00627    0.00376
 1266   -0.00482   -0.00530    0.00259
 1267   -0.00381   -0.00430    0.00229
 1268   -0.00346   -0.00445    0.00109
 1269   -0.00411   -0.00335    0.00311
 1270   -0.00303   -0.00425    0.00077
 1271   -0.00359   -0.00267    0.00283
 1272   -0.00306   -0.00276    0.00191
 1273   -0.00563   -0.00568    0.00409
 1274   -0.00546   -0.00595    0.00414
 1275   -0.00545   -0.00579    0.00414
 1276   -0.00534   -0.00548    0.00411
 1277   -0.00507   -0.00608    0.00417
 1278   -0.00425   -0.00572    0.00414
 1279   -0.00531   -0.00657    0.00433
 1280   -0.00331   -0.00612    0.00406
 1281   -0.00561   -0.00610    0.00422
 1282   -0.00569   -0.00601    0.00425
 1283   -0.00519   -0.00617    0.00455
 1284   -0.00490   -0.00646    0.00482
 1285   -0.00635   -0.00635    0.00407
 1286   -0.00680   -0.00648    0.00421
 1287   -0.00697   -0.00644    0.00418
 1288   -0.00722   -0.00659    0.00400
 1289   -0.00486   -0.00605    0.00469
 1290   -0.00400   -0.00633    0.00504
 1291   -0.00479   -0.00665    0.00515
 1292   -0.00552   -0.00642    0.00488
 1293   -0.00274   -0.00621    0.00474
 1294   -0.00209   -0.00598    0.00435
 1295   -0.00245   -0.00516    0.00395
 1296   -0.00078   -0.00657    0.00459
 1297   -0.00172   -0.00504    0.00357
 1298   -0.00010   -0.00652    0.00422
 1299   -0.00065   -0.00587    0.00369
 1300   -0.00489   -0.00699    0.00555
 1301   -0.00561   -0.00729    0.00588
 1302   -0.00489   -0.00772    0.00680
 1303   -0.00376   -0.00828    0.00769
 1304   -0.00693   -0.00693    0.00551
 1305   -0.00783   -0.00732    0.00540
 1306   -0.00815   -0.00706    0.00489
 1307   -0.00790   -0.00774    0.00594
 1308   -0.00520   -0.00832    0.00716
 1309   -0.00442   -0.00925    0.00824
 1310   -0.00527   -0.01011    0.00866
 1311   -0.00663   -0.00969    0.00795
 1312   -0.00423   -0.00936    0.00887
 1313   -0.00241   -0.01082    0.01052
 1314   -0.00233   -0.01247    0.01169
 1315   -0.00117   -0.01023    0.01054
 1316   -0.00439   -0.01071    0.00991
 1317   -0.00460   -0.01180    0.01034
 1318   -0.00334   -0.01300    0.01284
 1319   -0.00200   -0.01290    0.01326
 1320   -0.00487   -0.01041    0.00941
 1321   -0.00508   -0.01149    0.00963
 1322   -0.00607   -0.00895    0.00726
 1323   -0.00382   -0.01421    0.01314
 1324   -0.00364   -0.01740    0.01669
 1325   -0.00171   -0.01739    0.01681
 1326    0.00016   -0.01863    0.01776
 1327   -0.00291   -0.01595    0.01648
 1328   -0.00326   -0.01874    0.01979
 1329   -0.00555   -0.02344    0.02384
 1330   -0.00291   -0.01800    0.01929
 1331   -0.00154   -0.01683    0.01549
 1332    0.00030   -0.01585    0.01572
 1333    0.00155   -0.01432    0.01487
 1334    0.00333   -0.01389    0.01520
 1335    0.00071   -0.01349    0.01381
 1336    0.00152   -0.01225    0.01302
 1337    0.00050   -0.01093    0.01167
 1338   -0.00104   -0.01074    0.01116
 1339    0.00155   -0.01207    0.01362
 1340    0.00322   -0.01306    0.01488
 1341    0.00434   -0.01249    0.01541
 1342    0.00353   -0.01459    0.01616
 1343    0.00554   -0.01346    0.01729
 1344    0.00511   -0.01520    0.01747
 1345    0.00173   -0.00991    0.01078
 1346    0.00092   -0.00915    0.00957
 1347    0.00030   -0.00865    0.00929
 1348    0.00102   -0.00840    0.00983
 1349    0.00192   -0.00811    0.00890
 1350    0.00201   -0.00764    0.00769
 1351    0.00029   -0.00746    0.00712
 1352    0.00374   -0.00699    0.00695
 1353   -0.00126   -0.00829    0.00852
 1354   -0.00199   -0.00807    0.00811
 1355   -0.00242   -0.00762    0.00718
 1356   -0.00292   -0.00750    0.00665
 1357   -0.00334   -0.00766    0.00798
 1358   -0.00260   -0.00809    0.00864
 1359   -0.00217   -0.00819    0.00865
 1360   -0.00235   -0.00941    0.00947
 1361   -0.00165   -0.00888    0.00950
 1362   -0.00177   -0.01007    0.01050
 1363   -0.00137   -0.00956    0.01048
 1364   -0.00104   -0.00971    0.01141
 1365   -0.00256   -0.00719    0.00698
 1366   -0.00290   -0.00691    0.00619
 1367   -0.00440   -0.00656    0.00564
 1368   -0.00420   -0.00643    0.00559
 1369   -0.00160   -0.00715    0.00584
 1370   -0.00239   -0.00690    0.00531
 1371   -0.00143   -0.00743    0.00479
 1372   -0.00257   -0.00760    0.00432
 1373    0.00028   -0.00782    0.00431
 1374   -0.00552   -0.00627    0.00479
 1375   -0.00624   -0.00611    0.00404
 1376   -0.00645   -0.00617    0.00368
 1377   -0.00622   -0.00622    0.00370
 1378   -0.00678   -0.00614    0.00368
 1379   -0.00661   -0.00606    0.00415
 1380   -0.00723   -0.00587    0.00351
 1381   -0.00608   -0.00601    0.00451
 1382   -0.00669   -0.00601    0.00327
 1383   -0.00655   -0.00619    0.00342
 1384   -0.00689   -0.00586    0.00264
 1385   -0.00729   -0.00548    0.00238
 1386   -0.00616   -0.00671    0.00412
 1387   -0.00634   -0.00723    0.00418
 1388   -0.00587   -0.00819    0.00459
 1389   -0.00665   -0.00705    0.00373
 1390   -0.00670   -0.00579    0.00216
 1391   -0.00674   -0.00547    0.00140
 1392   -0.00704   -0.00564    0.00109
 1393   -0.00751   -0.00511    0.00045
 1394   -0.00697   -0.00628    0.00203
 1395   -0.00709   -0.00701    0.00242
 1396   -0.00713   -0.00672    0.00246
 1397   -0.00705   -0.00701    0.00209
 1398   -0.00701   -0.00772    0.00328
 1399   -0.00684   -0.00781    0.00362
 1400   -0.00698   -0.00837    0.00475
 1401   -0.00753   -0.00968    0.00534
 1402   -0.00790   -0.01130    0.00563
 1403   -0.00779   -0.01112    0.00556
 1404   -0.00953   -0.01365    0.00672
 1405   -0.00696   -0.00586    0.00285
 1406   -0.00684   -0.00554    0.00322
 1407   -0.00775   -0.00423    0.00231
 1408   -0.00889   -0.00323    0.00088
 1409   -0.00648   -0.00592    0.00407
 1410   -0.00580   -0.00718    0.00483
 1411   -0.00499   -0.00776    0.00484
 1412   -0.00457   -0.00628    0.00540
 1413   -0.00755   -0.00345    0.00240
 1414   -0.00963   -0.00191    0.00106
 1415   -0.00944   -0.00112    0.00077
 1416   -0.00891   -0.00084   -0.00013
 1417   -0.00883   -0.00193    0.00172
 1418   -0.00482   -0.00302    0.00365
 1419   -0.00534   -0.00460    0.00359
 1420   -0.00882   -0.00230    0.00233
 1421   -0.00826   -0.00258    0.00253
 1422   -0.00663   -0.00376    0.00354
 1423   -0.00606   -0.00454    0.00427
 1424   -0.00653   -0.00285    0.00375
 1425   -0.00542   -0.00319    0.00465
 1426   -0.00445   -0.00386    0.00588
 1427   -0.00477   -0.00187    0.00498
 1428   -0.00442   -0.00351    0.00634
 1429   -0.00403   -0.00138    0.00577
 1430   -0.00387   -0.00228    0.00609
 1431   -0.00617   -0.00409    0.00380
 1432   -0.00504   -0.00510    0.00470
 1433   -0.00339   -0.00655    0.00659
 1434   -0.00285   -0.00648    0.00683
 1435   -0.00441   -0.00564    0.00504
 1436   -0.00511   -0.00479    0.00422
 1437   -0.00569   -0.00392    0.00362
 1438   -0.00335   -0.00648    0.00700
 1439   -0.00286   -0.00615    0.00778
 1440   -0.00154   -0.00714    0.00864
 1441   -0.00113   -0.00714    0.00837
 1442   -0.00257   -0.00632    0.00740
 1443   -0.00253   -0.00666    0.00821
 1444   -0.00405   -0.00592    0.00672
 1445   -0.00129   -0.00709    0.00962
 1446    0.00007   -0.00781    0.01086
 1447    0.00097   -0.00729    0.01159
 1448    0.00088   -0.00678    0.01184
 1449    0.00003   -0.00852    0.01158
 1450    0.00111   -0.00958    0.01229
 1451    0.00186   -0.00979    0.01295
 1452    0.00105   -0.01040    0.01324
 1453    0.00215   -0.00757    0.01143
 1454    0.00461   -0.00688    0.01086
 1455    0.00601   -0.00764    0.01147
 1456    0.00823   -0.00704    0.01084
 1457    0.00569   -0.00743    0.00880
 1458    0.00454   -0.00740    0.00763
 1459    0.00530   -0.00764    0.00604
 1460    0.00221   -0.00717    0.00736
 1461    0.00404   -0.00814    0.00521
 1462    0.00194   -0.00735    0.00584
 1463    0.00523   -0.00825    0.01303
 1464    0.00631   -0.00917    0.01392
 1465    0.00643   -0.01008    0.01374
 1466    0.00531   -0.00989    0.01266
 1467    0.00857   -0.01079    0.01498
 1468    0.00864   -0.01200    0.01558
 1469    0.00778   -0.01043    0.01401
 1470    0.00913   -0.00904    0.01333
 1471    0.01149   -0.01288    0.01769
 1472    0.00585   -0.01050    0.01367
 1473    0.00503   -0.00962    0.01233
 1474    0.00315   -0.01048    0.01262
 1475    0.00237   -0.01185    0.01343
 1476    0.00415   -0.00882    0.01092
 1477    0.00336   -0.00844    0.00989
 1478    0.00342   -0.01022    0.01212
 1479    0.00166   -0.01115    0.01232
 1480   -0.00044   -0.01063    0.01120
 1481   -0.00014   -0.00920    0.01011
 1482    0.00227   -0.01066    0.01228
 1483    0.00045   -0.01122    0.01253
 1484   -0.00227   -0.01057    0.01131
 1485   -0.00373   -0.00936    0.01012
 1486   -0.00371   -0.00746    0.00848
 1487   -0.00431   -0.00663    0.00693
 1488   -0.00503   -0.00975    0.01103
 1489   -0.00525   -0.01040    0.01148
 1490   -0.00654   -0.00959    0.00980
 1491   -0.00659   -0.00958    0.00927
 1492   -0.00739   -0.00841    0.00863
 1493   -0.00329   -0.00711    0.00856
 1494   -0.00368   -0.00524    0.00688
 1495   -0.00252   -0.00465    0.00581
 1496   -0.00232   -0.00295    0.00416
 1497   -0.00355   -0.00495    0.00717
 1498   -0.00424   -0.00562    0.00840
 1499   -0.00411   -0.00579    0.00832
 1500   -0.00418   -0.00571    0.00907
 1501   -0.00107   -0.00605    0.00710
 1502    0.00064   -0.00556    0.00622
 1503    0.00102   -0.00516    0.00600
 1504    0.00303   -0.00492    0.00515
 1505    0.00314   -0.00631    0.00704
 1506    0.00365   -0.00750    0.00880
 1507    0.00297   -0.00642    0.00746
 1508   -0.00085   -0.00551    0.00603
 1509   -0.00114   -0.00544    0.00583
 1510   -0.00032   -0.00427    0.00400
 1511    0.00080   -0.00424    0.00362
 1512   -0.00319   -0.00590    0.00598
 1513   -0.00356   -0.00603    0.00558
 1514   -0.00314   -0.00712    0.00662
 1515   -0.00541   -0.00586    0.00502
 1516   -0.00091   -0.00302    0.00276
 1517    0.00022   -0.00171    0.00087
 1518    0.00331   -0.00131   -0.00038
 1519    0.00412   -0.00069   -0.00103
 1520   -0.00053   -0.00080   -0.00057
 1521   -0.00281   -0.00168   -0.00026
 1522   -0.00347   -0.00021   -0.00141
 1523   -0.00352   -0.00121    0.00083
 1524    0.00462   -0.00092   -0.00085
 1525    0.00773   -0.00029   -0.00229
 1526    0.00905   -0.00201   -0.00159
 1527    0.01079   -0.00129   -0.00298
 1528    0.00898    0.00026   -0.00253
 1529    0.01322    0.00071   -0.00457
 1530    0.01341   -0.00047   -0.00325
 1531    0.01341    0.00125   -0.00365
 1532    0.01674    0.00375   -0.00682
 1533    0.00675   -0.00388    0.00144
 1534    0.00706   -0.00482    0.00310
 1535    0.00611   -0.00447    0.00274
 1536    0.00699   -0.00486    0.00250
 1537    0.00575   -0.00574    0.00557
 1538    0.00673   -0.00594    0.00643
 1539    0.00643   -0.00683    0.00816
 1540    0.00877   -0.00538    0.00455
 1541    0.00377   -0.00414    0.00299
 1542    0.00273   -0.00411    0.00278
 1543    0.00429   -0.00267    0.00069
 1544    0.00417   -0.00289    0.00065
 1545    0.00014   -0.00437    0.00328
 1546    0.00586   -0.00117   -0.00128
 1547    0.00692    0.00025   -0.00288
 1548    0.00966    0.00083   -0.00389
 1549    0.01010    0.00182   -0.00453
 1550    0.00709    0.00176   -0.00421
 1551    0.01159   -0.00043   -0.00396
 1552    0.01293   -0.00066   -0.00385
 1553    0.01174   -0.00199   -0.00296
 1554    0.01309   -0.00163   -0.00405
 1555    0.01391   -0.00230   -0.00304
 1556    0.01755   -0.00321   -0.00422
 1557    0.01868   -0.00503   -0.00356
 1558    0.02507   -0.00691   -0.00566
 1559    0.03479   -0.00598   -0.01071
 1560    0.00957   -0.00369   -0.00130
 1561    0.00875   -0.00501   -0.00091
 1562    0.00757   -0.00381   -0.00098
 1563    0.00730   -0.00419   -0.00114
 1564    0.00570   -0.00617    0.00119
 1565    0.00456   -0.00667    0.00174
 1566    0.00637   -0.00646    0.00246
 1567    0.00606   -0.00243   -0.00067
 1568    0.00516   -0.00132   -0.00074
 1569    0.00706    0.00056   -0.00245
 1570    0.00601    0.00057   -0.00204
 1571    0.00426   -0.00039   -0.00092
 1572    0.00120   -0.00165    0.00092
 1573    0.00950    0.00175   -0.00400
 1574    0.01091    0.00314   -0.00521
 1575    0.01201    0.00122   -0.00521
 1576    0.01263    0.00240   -0.00569
 1577    0.01426    0.00490   -0.00759
 1578    0.01289    0.00690   -0.00810
 1579    0.01582    0.00831   -0.01065
 1580    0.01794    0.00678   -0.01104
 1581    0.01769    0.00577   -0.01106
 1582    0.01510    0.00613   -0.01055
 1583    0.02037    0.00489   -0.01146
 1584    0.01185   -0.00132   -0.00438
 1585    0.01183   -0.00326   -0.00391
 1586    0.00922   -0.00363   -0.00242
 1587    0.00917   -0.00408   -0.00263
 1588    0.01194   -0.00561   -0.00343
 1589    0.01433   -0.00587   -0.00467
 1590    0.01438   -0.00817   -0.00416
 1591    0.01124   -0.00811   -0.00212
 1592    0.01748   -0.00935   -0.00554
 1593    0.00656   -0.00284   -0.00133
 1594    0.00401   -0.00266    0.00014
 1595    0.00520   -0.00048   -0.00079
 1596    0.00419   -0.00055   -0.00026
 1597    0.00215   -0.00262    0.00100
 1598    0.00121   -0.00473    0.00192
 1599    0.00225   -0.00580    0.00162
 1600   -0.00056   -0.00545    0.00265
 1601    0.00087   -0.00719    0.00219
 1602   -0.00136   -0.00684    0.00296
 1603   -0.00101   -0.00733    0.00292
 1604    0.00677    0.00158   -0.00200
 1605    0.00739    0.00424   -0.00223
 1606    0.00942    0.00452   -0.00305
 1607    0.00890    0.00569   -0.00269
 1608    0.00824    0.00645   -0.00288
 1609    0.00675    0.00553   -0.00220
 1610    0.00981    0.00981   -0.00368
 1611    0.01140    0.00304   -0.00430
 1612    0.01367    0.00283   -0.00581
 1613    0.01280    0.00095   -0.00570
 1614    0.01402    0.00116   -0.00666
 1615    0.01682    0.00203   -0.00787
 1616    0.01904    0.00506   -0.00852
 1617    0.02457    0.00459   -0.01131
 1618    0.03261    0.00467   -0.01669
 1619    0.02268    0.00281   -0.01101
 1620    0.00909   -0.00082   -0.00391
 1621    0.00743   -0.00267   -0.00398
 1622    0.00676   -0.00108   -0.00298
 1623    0.00628   -0.00148   -0.00313
 1624    0.00586   -0.00569   -0.00303
 1625    0.00692   -0.00734   -0.00405
 1626    0.00339   -0.00908   -0.00388
 1627    0.00222   -0.00907   -0.00177
 1628    0.00309   -0.00901   -0.00090
 1629    0.00536   -0.00882   -0.00140
 1630    0.00212   -0.00892    0.00067
 1631    0.00645    0.00088   -0.00213
 1632    0.00493    0.00267   -0.00104
 1633    0.00665    0.00564   -0.00132
 1634    0.00625    0.00726   -0.00071
 1635    0.00289    0.00235    0.00074
 1636    0.00097    0.00019    0.00093
 1637   -0.00005   -0.00156    0.00113
 1638   -0.00083   -0.00432    0.00085
 1639   -0.00027   -0.00055    0.00172
 1640    0.00874    0.00611   -0.00230
 1641    0.01108    0.00866   -0.00346
 1642    0.01004    0.01124   -0.00305
 1643    0.01099    0.01289   -0.00254
 1644    0.01379    0.00931   -0.00445
 1645    0.01746    0.00848   -0.01186
 1646    0.03745   -0.00405   -0.05115
 1647    0.04013   -0.00432   -0.04876
 1648   -0.04396    0.04502    0.12354
 1649    0.00850    0.01293   -0.00094
 1650    0.00801    0.01639    0.00092
 1651    0.00612    0.01598    0.00192
 1652    0.00734    0.02087    0.00291
 1653    0.00455    0.01326    0.00198
 1654    0.00235    0.01401    0.00294
 1655    0.00343    0.01454    0.00302
 1656    0.00517    0.01339    0.00182
 1657    0.00107    0.01018    0.00328
 1658   -0.00114    0.00991    0.00425
 1659   -0.00280    0.01181    0.00594
 1660   -0.00278    0.01391    0.00621
 1661   -0.00416    0.01142    0.00640
 1662    0.00246    0.01653    0.00435
 1663    0.00330    0.01766    0.00457
 1664    0.00117    0.01545    0.00454
 1665    0.00154    0.01538    0.00438
 1666    0.00373    0.02399    0.00624
 1667    0.00448    0.02715    0.00687
 1668    0.00787    0.02629    0.00684
 1669   -0.00116    0.01392    0.00476
 1670   -0.00334    0.01151    0.00438
 1671   -0.00321    0.00862    0.00397
 1672   -0.00447    0.00597    0.00399
 1673   -0.00498    0.01099    0.00443
 1674   -0.00532    0.01353    0.00451
 1675   -0.00604    0.01345    0.00574
 1676   -0.00546    0.01474    0.00750
 1677   -0.00686    0.02015    0.01184
 1678   -0.00586    0.01982    0.01189
 1679   -0.00891    0.02389    0.01744
 1680   -0.00206    0.00853    0.00373
 1681   -0.00192    0.00581    0.00327
 1682   -0.00258    0.00520    0.00320
 1683   -0.00212    0.00612    0.00277
 1684    0.00040    0.00586    0.00276
 1685    0.00075    0.00538    0.00240
 1686    0.00161    0.00698    0.00226
 1687    0.00031    0.00321    0.00222
 1688    0.00191    0.00617    0.00184
 1689    0.00050    0.00232    0.00199
 1690    0.00127    0.00374    0.00182
 1691   -0.00358    0.00257    0.00341
 1692   -0.00395    0.00203    0.00313
 1693   -0.00369    0.00078    0.00308
 1694   -0.00395    0.00007    0.00323
 1695   -0.00454    0.00099    0.00306
 1696   -0.00483    0.00251    0.00301
 1697   -0.00377    0.00110    0.00288
 1698   -0.00401    0.00039    0.00308
 1699   -0.00485   -0.00012    0.00352
 1700   -0.00506    0.00076    0.00336
 1701   -0.00235    0.00110    0.00199
 1702   -0.00514   -0.00134    0.00389
 1703   -0.00597   -0.00176    0.00413
 1704   -0.00605   -0.00225    0.00420
 1705   -0.00596   -0.00310    0.00405
 1706   -0.00612   -0.00174    0.00440
 1707   -0.00579   -0.00137    0.00432
 1708   -0.00554   -0.00217    0.00418
 1709   -0.00668   -0.00281    0.00425
 1710   -0.00701   -0.00329    0.00421
 1711   -0.00806   -0.00373    0.00471
 1712   -0.00844   -0.00341    0.00499
 1713   -0.00693   -0.00194    0.00334
 1714   -0.00831   -0.00426    0.00488
 1715   -0.00895   -0.00480    0.00522
 1716   -0.00947   -0.00467    0.00505
 1717   -0.00905   -0.00484    0.00419
 1718   -0.00831   -0.00598    0.00479
 1719   -0.00828   -0.00605    0.00466
 1720   -0.00784   -0.00558    0.00519
 1721   -0.00842   -0.00663    0.00438
 1722   -0.01004   -0.00404    0.00583
 1723   -0.00999   -0.00367    0.00508
 1724   -0.00986   -0.00297    0.00567
 1725   -0.01066   -0.00265    0.00870
 1726   -0.00995   -0.00300    0.00459
 1727   -0.00973   -0.00268    0.00570
 1728   -0.00908   -0.00236    0.00362
 1729   -0.00732   -0.00140    0.00267
 1730   -0.00597    0.00039    0.00292
 1731   -0.00486    0.00301   -0.00185
 1732   -0.00393    0.00022   -0.00260
 1733    0.00082    0.00167   -0.00308
 1734    0.00700    0.00435   -0.00762
 1735    0.01213    0.00338   -0.00797
 1736    0.01249    0.00446   -0.01077
 1737   -0.00442    0.00114    0.00934
 1738    0.00165    0.00387    0.01383
 1739    0.00621    0.00938    0.01119
 1740    0.01353    0.01897    0.01041
 1741    0.00800    0.00598    0.02219
 1742    0.00812    0.01154    0.00926
 1743    0.03138    0.03541    0.00409
 1744    0.08460    0.10545    0.03771
 1745    0.23044    0.36899    0.07506
 1746    0.04864    0.05501   -0.00789
 1747    0.10552    0.14685    0.07915
