    1   -0.00340    0.01230    0.00796
    2   -0.00384    0.00953    0.01045
    3   -0.00412    0.00897    0.00966
    4   -0.00340    0.01284    0.00397
    5   -0.00750    0.00948    0.00753
    6   -0.00176    0.00623    0.01776
    7   -0.00893    0.00770    0.01135
    8    0.00550    0.00304    0.02662
    9   -0.00762    0.00658    0.01160
   10   -0.00779    0.00666    0.01169
   11   -0.00638    0.00607    0.01266
   12   -0.00585    0.00509    0.01462
   13   -0.00935    0.00583    0.01303
   14   -0.00949    0.00349    0.01560
   15   -0.01241    0.00096    0.01621
   16   -0.01575    0.00305    0.01539
   17   -0.01520   -0.00423    0.01854
   18   -0.00557    0.00631    0.01217
   19   -0.00446    0.00556    0.01283
   20   -0.00477    0.00456    0.01550
   21   -0.00591    0.00387    0.01647
   22   -0.00370    0.00528    0.01155
   23   -0.00277    0.00636    0.00910
   24   -0.00209    0.00567    0.00823
   25   -0.00233    0.00794    0.00818
   26   -0.00400    0.00352    0.01611
   27   -0.00427    0.00251    0.01846
   28   -0.00399    0.00198    0.01774
   29   -0.00336    0.00199    0.01618
   30   -0.00317    0.00159    0.02013
   31   -0.00365    0.00198    0.02115
   32   -0.00202    0.00137    0.02289
   33   -0.00253    0.00273    0.02372
   34   -0.00321    0.00125    0.02655
   35   -0.00544    0.00292    0.01659
   36   -0.00482    0.00309    0.01430
   37   -0.00203    0.00059    0.01742
   38   -0.00022   -0.00086    0.02129
   39   -0.00523    0.00401    0.01235
   40   -0.00903    0.00623    0.01065
   41   -0.00503    0.00534    0.01705
   42   -0.00210    0.00046    0.01628
   43    0.00022   -0.00087    0.01782
   44    0.00174    0.00006    0.01711
   45   -0.00009    0.00097    0.01387
   46    0.00062   -0.00006    0.01601
   47    0.00199   -0.00025    0.01615
   48    0.00298   -0.00055    0.01754
   49    0.00289   -0.00004    0.01572
   50    0.00366   -0.00152    0.02088
   51    0.00535   -0.00082    0.02022
   52    0.00370   -0.00152    0.01804
   53    0.00408   -0.00074    0.01765
   54    0.00484   -0.00191    0.02303
   55    0.00438   -0.00075    0.02371
   56    0.00316   -0.00092    0.02649
   57    0.00299   -0.00112    0.02709
   58    0.00249   -0.00135    0.02776
   59    0.00309   -0.00129    0.01411
   60    0.00281   -0.00175    0.01228
   61    0.00351   -0.00256    0.01250
   62    0.00221   -0.00350    0.00907
   63   -0.00033   -0.00306    0.00558
   64   -0.00104   -0.00383    0.00375
   65    0.00141   -0.00291    0.00292
   66   -0.00255   -0.00393   -0.00027
   67    0.00385   -0.00249    0.01406
   68    0.00272   -0.00421    0.01580
   69    0.00272   -0.00418    0.01592
   70    0.00288   -0.00410    0.01650
   71    0.00411   -0.00321    0.02090
   72    0.00431   -0.00356    0.02254
   73    0.00365   -0.00480    0.02053
   74    0.00534   -0.00197    0.02485
   75    0.00212   -0.00369    0.01430
   76    0.00209   -0.00269    0.01284
   77    0.00300   -0.00278    0.01532
   78    0.00328   -0.00284    0.01488
   79    0.00016   -0.00151    0.00985
   80    0.00052   -0.00212    0.01124
   81    0.00156   -0.00316    0.01124
   82    0.00389   -0.00258    0.01754
   83    0.00609   -0.00162    0.01980
   84    0.00620   -0.00218    0.02133
   85    0.00655   -0.00210    0.02094
   86    0.00791   -0.00034    0.02393
   87    0.01154    0.00091    0.02893
   88    0.01521    0.00121    0.03582
   89    0.01801    0.00236    0.03974
   90    0.01961    0.00076    0.04030
   91    0.00495   -0.00271    0.02161
   92    0.00460   -0.00261    0.02157
   93    0.00382   -0.00354    0.01976
   94    0.00428   -0.00349    0.01890
   95    0.00419   -0.00164    0.02143
   96    0.00446   -0.00184    0.02370
   97    0.00371   -0.00189    0.02471
   98    0.00410   -0.00175    0.02223
   99    0.00339   -0.00313    0.01749
  100    0.00342   -0.00297    0.01528
  101    0.00426   -0.00399    0.01608
  102    0.00393   -0.00445    0.01520
  103    0.00244   -0.00394    0.01300
  104    0.00202   -0.00337    0.01307
  105    0.00211   -0.00263    0.01447
  106    0.00108   -0.00389    0.01039
  107    0.00465   -0.00371    0.01609
  108    0.00553   -0.00415    0.01585
  109    0.00563   -0.00440    0.01554
  110    0.00579   -0.00512    0.01435
  111    0.00735   -0.00266    0.01581
  112    0.00415   -0.00259    0.01330
  113    0.00199   -0.00296    0.01215
  114    0.00405   -0.00126    0.01343
  115    0.00646   -0.00392    0.01758
  116    0.00656   -0.00506    0.01682
  117    0.00483   -0.00543    0.01568
  118    0.00436   -0.00669    0.01405
  119    0.00726   -0.00450    0.01859
  120    0.00874   -0.00410    0.02107
  121    0.01001   -0.00406    0.02314
  122    0.01335   -0.00350    0.02568
  123    0.01435   -0.00200    0.02814
  124    0.00452   -0.00458    0.01554
  125    0.00449   -0.00398    0.01305
  126    0.00382   -0.00565    0.01208
  127    0.00434   -0.00613    0.01006
  128    0.00417   -0.00308    0.01382
  129    0.00367   -0.00280    0.01215
  130    0.00420   -0.00286    0.01519
  131    0.00359   -0.00600    0.01284
  132    0.00296   -0.00721    0.01262
  133    0.00297   -0.01034    0.01132
  134    0.00258   -0.01179    0.01042
  135    0.00216   -0.00739    0.01297
  136    0.00188   -0.00648    0.01343
  137    0.00107   -0.00603    0.01357
  138    0.00100   -0.00691    0.01293
  139    0.00400   -0.01053    0.01099
  140    0.00376   -0.01346    0.01065
  141    0.00461   -0.01290    0.00846
  142    0.00367   -0.01595    0.00607
  143    0.00483   -0.01409    0.01157
  144    0.00528   -0.01128    0.01264
  145    0.00463   -0.01081    0.00876
  146    0.00487   -0.01040    0.00592
  147    0.00476   -0.01082    0.00322
  148    0.00499   -0.01155    0.00054
  149    0.00645   -0.00824    0.00702
  150    0.00615   -0.00883    0.00970
  151    0.00739   -0.00742    0.01070
  152    0.00814   -0.00825    0.01227
  153    0.00950   -0.00844    0.01099
  154    0.01051   -0.00770    0.00836
  155    0.01060   -0.00766    0.01378
  156    0.00405   -0.01008    0.00496
  157    0.00312   -0.01015    0.00430
  158    0.00233   -0.01277    0.00428
  159    0.00183   -0.01218    0.00376
  160    0.00253   -0.00825    0.00608
  161    0.00327   -0.00573    0.00646
  162    0.00207   -0.00469    0.00753
  163    0.00396   -0.00459    0.00365
  164    0.00234   -0.01439    0.00543
  165    0.00201   -0.01689    0.00586
  166    0.00141   -0.01678    0.00915
  167    0.00119   -0.01781    0.00962
  168    0.00135   -0.01625    0.01176
  169    0.00008   -0.01570    0.01452
  170   -0.00165   -0.01662    0.01570
  171   -0.00107   -0.01578    0.01573
  172   -0.00048   -0.01231    0.01427
  173   -0.00325   -0.01259    0.01541
  174    0.00047   -0.01105    0.01232
  175   -0.00365   -0.01725    0.01633
  176   -0.00626   -0.01646    0.01597
  177   -0.00914   -0.01625    0.01659
  178   -0.00981   -0.01606    0.01793
  179   -0.00707   -0.01995    0.01359
  180   -0.01225   -0.01399    0.01411
  181   -0.01715   -0.01305    0.01207
  182   -0.01566   -0.00640    0.01329
  183   -0.01327   -0.00649    0.01249
  184   -0.01748   -0.00561    0.01445
  185   -0.01626   -0.00078    0.01627
  186   -0.01383   -0.00242    0.01522
  187   -0.01407    0.00090    0.01359
  188   -0.02303    0.00253    0.01648
  189   -0.02380   -0.00100    0.01502
  190   -0.02920    0.00056    0.01286
  191   -0.03808    0.00817    0.01305
  192   -0.02405    0.00046    0.01130
  193   -0.01207   -0.00652    0.01470
  194   -0.00994   -0.00628    0.01310
  195   -0.00844   -0.00533    0.01237
  196   -0.00779   -0.00603    0.01381
  197   -0.00864   -0.00853    0.01298
  198   -0.00985   -0.00920    0.01273
  199   -0.01200   -0.01081    0.01339
  200   -0.00859   -0.00893    0.01066
  201   -0.01104   -0.01054    0.01265
  202   -0.00902   -0.00997    0.01110
  203   -0.00666   -0.00812    0.00917
  204   -0.00767   -0.00973    0.00996
  205   -0.00519   -0.00830    0.00795
  206   -0.00576   -0.00915    0.00852
  207   -0.00776   -0.00284    0.01035
  208   -0.00659   -0.00194    0.01015
  209   -0.00537   -0.00139    0.00840
  210   -0.00553   -0.00183    0.00680
  211   -0.00848    0.00067    0.01002
  212   -0.00875    0.00201    0.00787
  213   -0.01157    0.00315    0.00692
  214   -0.01146    0.00460    0.00457
  215   -0.01010    0.00492    0.00367
  216   -0.00955    0.00593    0.00213
  217   -0.00932    0.00304    0.00223
  218   -0.00305   -0.00121    0.00821
  219   -0.00229   -0.00152    0.00683
  220   -0.00258   -0.00018    0.00579
  221   -0.00259    0.00059    0.00705
  222   -0.00018   -0.00226    0.00758
  223   -0.00062   -0.00321    0.00793
  224    0.00051   -0.00398    0.01018
  225   -0.00145   -0.00360    0.00672
  226   -0.00033   -0.00442    0.00986
  227   -0.00199   -0.00440    0.00689
  228   -0.00139   -0.00433    0.00890
  229   -0.00277   -0.00090    0.00319
  230   -0.00349   -0.00026    0.00130
  231   -0.00262   -0.00115   -0.00005
  232   -0.00197   -0.00241   -0.00002
  233   -0.00514    0.00058   -0.00060
  234   -0.00596    0.00087   -0.00254
  235   -0.00588    0.00123    0.00161
  236   -0.00260   -0.00088   -0.00085
  237   -0.00221   -0.00189   -0.00323
  238   -0.00296   -0.00367   -0.00655
  239   -0.00411   -0.00315   -0.00785
  240   -0.00264   -0.00154   -0.00429
  241   -0.00127   -0.00279   -0.00023
  242   -0.00090   -0.00177    0.00342
  243   -0.00051   -0.00417    0.00202
  244   -0.00199   -0.00544   -0.00725
  245   -0.00183   -0.00574   -0.00991
  246   -0.00088   -0.00579   -0.01315
  247   -0.00011   -0.00660   -0.01191
  248   -0.00040   -0.00560   -0.00734
  249    0.00110   -0.00560   -0.01017
  250   -0.00067   -0.00536   -0.00512
  251   -0.00142   -0.00537   -0.01708
  252   -0.00082   -0.00484   -0.02156
  253    0.00161   -0.00457   -0.02305
  254    0.00293   -0.00377   -0.02516
  255   -0.00239   -0.00458   -0.02691
  256   -0.00560   -0.00402   -0.02603
  257   -0.00923   -0.00222   -0.03024
  258   -0.00568   -0.00488   -0.02693
  259    0.00230   -0.00502   -0.02105
  260    0.00496   -0.00564   -0.02116
  261    0.00383   -0.00603   -0.01556
  262    0.00451   -0.00615   -0.01443
  263    0.00560   -0.00537   -0.01435
  264    0.00755   -0.00507   -0.01040
  265    0.00859   -0.00422   -0.01012
  266    0.00999   -0.00337   -0.00755
  267    0.00810   -0.00439   -0.00910
  268    0.00656   -0.00592   -0.00913
  269    0.00597   -0.00591   -0.00744
  270    0.00651   -0.00566   -0.00704
  271    0.00698   -0.00468   -0.01366
  272    0.00775   -0.00389   -0.01350
  273    0.00491   -0.00504   -0.01323
  274    0.00321   -0.00555   -0.01420
  275    0.00659   -0.00284   -0.01673
  276    0.00451   -0.00337   -0.02100
  277    0.00442   -0.00362   -0.02299
  278    0.00598   -0.00344   -0.02909
  279    0.00375   -0.00439   -0.02143
  280    0.00578   -0.00504   -0.01185
  281    0.00202   -0.00629   -0.01267
  282   -0.00267   -0.00544   -0.01573
  283   -0.00581   -0.00577   -0.01499
  284    0.00229   -0.00685   -0.01125
  285    0.00422   -0.00838   -0.00651
  286    0.00991   -0.00847   -0.00338
  287    0.01264   -0.00704   -0.00451
  288    0.01209   -0.00997    0.00181
  289   -0.00355   -0.00489   -0.01909
  290   -0.00723   -0.00518   -0.02257
  291   -0.00724   -0.00506   -0.02291
  292   -0.01032   -0.00556   -0.02508
  293   -0.00701   -0.00472   -0.02776
  294   -0.00451   -0.00500   -0.02148
  295   -0.00467   -0.00502   -0.02108
  296   -0.00459   -0.00547   -0.01740
  297   -0.00520   -0.00535   -0.01737
  298   -0.00240   -0.00488   -0.02237
  299   -0.00235   -0.00455   -0.02644
  300   -0.00309   -0.00577   -0.01549
  301   -0.00326   -0.00583   -0.01240
  302   -0.00561   -0.00560   -0.01208
  303   -0.00595   -0.00473   -0.01040
  304    0.00010   -0.00607   -0.01009
  305    0.00234   -0.00624   -0.00943
  306    0.00555   -0.00621   -0.00636
  307    0.00259   -0.00602   -0.00894
  308   -0.00849   -0.00605   -0.01286
  309   -0.01358   -0.00579   -0.01163
  310   -0.01542   -0.00595   -0.01419
  311   -0.01891   -0.00550   -0.01220
  312   -0.01306   -0.00616   -0.01615
  313   -0.01372   -0.00610   -0.01790
  314   -0.01102   -0.00358   -0.01466
  315   -0.01076   -0.00132   -0.01367
  316   -0.01389   -0.00647   -0.02130
  317   -0.01122   -0.00470   -0.02046
  318   -0.00852   -0.00234   -0.01186
  319   -0.00598   -0.00088   -0.00907
  320   -0.00530    0.00108   -0.00752
  321   -0.00586    0.00033   -0.00865
  322   -0.00422   -0.00214   -0.00789
  323   -0.00327   -0.00188   -0.00453
  324   -0.00433   -0.00294   -0.00870
  325   -0.00581    0.00259   -0.00614
  326   -0.00652    0.00371   -0.00583
  327   -0.00620    0.00205   -0.00465
  328   -0.00499    0.00025   -0.00341
  329   -0.00745    0.00460   -0.00393
  330   -0.00778    0.00422   -0.00365
  331   -0.00644    0.00223   -0.00498
  332   -0.00643    0.00261   -0.00615
  333   -0.00608    0.00065   -0.00507
  334   -0.00577    0.00066   -0.00347
  335   -0.00386    0.00774   -0.00889
  336   -0.00512    0.00178   -0.00849
  337   -0.00448   -0.00325   -0.00008
  338   -0.00160   -0.00613    0.00116
  339   -0.00167   -0.00616    0.00209
  340   -0.00357   -0.00487    0.00278
  341   -0.00084   -0.00934    0.00312
  342   -0.00305   -0.00820    0.00367
  343   -0.00554   -0.00354    0.00168
  344   -0.00043   -0.00660    0.00179
  345   -0.00037   -0.00684    0.00238
  346    0.00140   -0.00927    0.00312
  347    0.00354   -0.01022    0.00275
  348    0.00022   -0.00548    0.00085
  349    0.00015   -0.00949    0.00441
  350    0.00046   -0.01057    0.00545
  351    0.00046   -0.00944    0.00516
  352    0.00105   -0.00992    0.00469
  353   -0.00168   -0.01064    0.00704
  354   -0.00290   -0.00881    0.00784
  355    0.00021   -0.00810    0.00466
  356    0.00004   -0.00710    0.00393
  357   -0.00003   -0.00621    0.00318
  358   -0.00069   -0.00600    0.00301
  359   -0.00136   -0.00585    0.00524
  360    0.00043   -0.00598    0.00264
  361    0.00045   -0.00577    0.00177
  362   -0.00027   -0.00478    0.00198
  363   -0.00055   -0.00414    0.00220
  364    0.00162   -0.00574    0.00133
  365    0.00194   -0.00495    0.00031
  366    0.00142   -0.00498   -0.00044
  367    0.00336   -0.00469   -0.00032
  368   -0.00071   -0.00430    0.00166
  369   -0.00151   -0.00346    0.00140
  370   -0.00141   -0.00352   -0.00021
  371   -0.00155   -0.00357   -0.00098
  372   -0.00173   -0.00299    0.00193
  373   -0.00226   -0.00216    0.00298
  374   -0.00253   -0.00216    0.00367
  375   -0.00198   -0.00250    0.00447
  376   -0.00203   -0.00204   -0.00076
  377   -0.00209   -0.00214   -0.00200
  378   -0.00249   -0.00095   -0.00202
  379   -0.00217   -0.00054   -0.00154
  380   -0.00188   -0.00219   -0.00196
  381   -0.00178   -0.00230   -0.00257
  382   -0.00169   -0.00324   -0.00409
  383   -0.00111   -0.00214   -0.00238
  384   -0.00271   -0.00156   -0.00295
  385   -0.00166   -0.00217   -0.00359
  386   -0.00070   -0.00243   -0.00489
  387   -0.00137   -0.00283   -0.00627
  388   -0.00185   -0.00353   -0.00339
  389   -0.00020   -0.00453   -0.00452
  390   -0.00123   -0.00402   -0.00212
  391    0.00138   -0.00599   -0.00659
  392    0.00135   -0.00150   -0.00575
  393    0.00226   -0.00142   -0.00736
  394    0.00507   -0.00076   -0.00905
  395    0.00624   -0.00014   -0.00868
  396    0.00177   -0.00051   -0.00625
  397    0.00182    0.00046   -0.00581
  398    0.00286    0.00129   -0.00658
  399    0.00091    0.00035   -0.00423
  400    0.00295    0.00246   -0.00632
  401    0.00073    0.00168   -0.00390
  402    0.00154    0.00271   -0.00512
  403    0.00746   -0.00080   -0.01041
  404    0.01104   -0.00005   -0.01179
  405    0.01069    0.00120   -0.01056
  406    0.00915    0.00156   -0.01029
  407    0.01199   -0.00002   -0.01361
  408    0.01030   -0.00173   -0.01381
  409    0.00666   -0.00232   -0.01159
  410    0.01135    0.00191   -0.01016
  411    0.00894    0.00338   -0.01052
  412    0.01086    0.00408   -0.01132
  413    0.01120    0.00455   -0.01244
  414    0.00860    0.00413   -0.01025
  415    0.00733    0.00440   -0.01021
  416    0.00507    0.00456   -0.00862
  417    0.00749    0.00335   -0.00938
  418    0.00947    0.00321   -0.01135
  419    0.00972    0.00401   -0.01262
  420    0.00598    0.00515   -0.01317
  421    0.00449    0.00620   -0.01291
  422    0.00801    0.00390   -0.01246
  423    0.00593    0.00391   -0.01090
  424    0.01042    0.00207   -0.01389
  425    0.00603    0.00546   -0.01383
  426    0.00372    0.00848   -0.01334
  427    0.00077    0.00917   -0.01212
  428   -0.00016    0.01120   -0.01271
  429    0.00295    0.01109   -0.01466
  430   -0.00036    0.00786   -0.01109
  431   -0.00203    0.00921   -0.01007
  432   -0.00161    0.00929   -0.00973
  433   -0.00358    0.01068   -0.00904
  434   -0.00250    0.00798   -0.00896
  435   -0.00268    0.00880   -0.00793
  436   -0.00374    0.01127   -0.00697
  437   -0.00517    0.01236   -0.00690
  438   -0.00399    0.01170   -0.00640
  439   -0.00013    0.00803   -0.01002
  440    0.00022    0.00779   -0.00920
  441   -0.00057    0.00892   -0.00969
  442   -0.00212    0.00984   -0.00907
  443    0.00181    0.00609   -0.00951
  444    0.00195    0.00554   -0.00873
  445    0.00241    0.00612   -0.00908
  446    0.00112    0.00539   -0.00777
  447    0.00118    0.00585   -0.00785
  448    0.00037    0.00569   -0.00740
  449    0.00044    0.00952   -0.01158
  450   -0.00052    0.01059   -0.01186
  451   -0.00300    0.01267   -0.01229
  452   -0.00451    0.01329   -0.01227
  453    0.00185    0.01113   -0.01328
  454    0.00248    0.01128   -0.01273
  455    0.00386    0.01021   -0.01072
  456    0.00281    0.00903   -0.01111
  457    0.00622    0.01029   -0.01101
  458   -0.00415    0.01413   -0.01166
  459   -0.00646    0.01576   -0.01037
  460   -0.00736    0.01594   -0.00890
  461   -0.01059    0.01861   -0.00840
  462   -0.00737    0.01696   -0.00908
  463   -0.00723    0.01931   -0.01028
  464   -0.00756    0.02082   -0.01166
  465   -0.00750    0.02088   -0.00893
  466   -0.00677    0.01380   -0.00759
  467   -0.00706    0.01311   -0.00646
  468   -0.00746    0.01319   -0.00697
  469   -0.00840    0.01376   -0.00693
  470   -0.00518    0.01048   -0.00564
  471   -0.00462    0.00936   -0.00522
  472   -0.00514    0.00989   -0.00439
  473   -0.00358    0.00818   -0.00608
  474   -0.00483    0.00885   -0.00439
  475   -0.00352    0.00695   -0.00576
  476   -0.00376    0.00716   -0.00478
  477   -0.00625    0.01194   -0.00778
  478   -0.00606    0.01103   -0.00830
  479   -0.00764    0.01190   -0.00987
  480   -0.00828    0.01165   -0.01082
  481   -0.00457    0.01023   -0.00874
  482   -0.00329    0.00873   -0.00786
  483   -0.00392    0.00771   -0.00765
  484   -0.00306    0.00663   -0.00730
  485   -0.00348    0.00583   -0.00600
  486   -0.00386    0.00629   -0.00620
  487   -0.00310    0.00485   -0.00487
  488   -0.00825    0.01318   -0.01063
  489   -0.01069    0.01402   -0.01287
  490   -0.01239    0.01501   -0.01302
  491   -0.01353    0.01302   -0.01465
  492   -0.01245    0.01670   -0.01514
  493   -0.01346    0.01728   -0.01117
  494   -0.01449    0.01635   -0.01164
  495   -0.01270    0.01405   -0.01163
  496   -0.01287    0.01280   -0.01351
  497   -0.01485    0.01833   -0.00816
  498   -0.01099    0.01419   -0.01049
  499   -0.00922    0.01296   -0.01096
  500   -0.01008    0.01162   -0.01302
  501   -0.00966    0.01135   -0.01452
  502   -0.00733    0.01252   -0.00901
  503   -0.00621    0.01195   -0.00873
  504   -0.00509    0.01064   -0.00807
  505   -0.00514    0.00972   -0.00818
  506   -0.00417    0.00868   -0.00715
  507   -0.01045    0.00998   -0.01327
  508   -0.01115    0.00800   -0.01453
  509   -0.01264    0.00694   -0.01654
  510   -0.01320    0.00626   -0.01699
  511   -0.01244    0.00794   -0.01399
  512   -0.01042    0.00836   -0.01286
  513   -0.01443    0.00659   -0.01481
  514   -0.00954    0.00992   -0.01168
  515   -0.01351    0.00639   -0.01730
  516   -0.01427    0.00491   -0.01965
  517   -0.01199    0.00550   -0.02057
  518   -0.01104    0.00144   -0.02254
  519   -0.01626    0.00556   -0.02026
  520   -0.02137    0.00552   -0.02236
  521   -0.02262    0.00979   -0.02121
  522   -0.01857    0.00935   -0.01950
  523   -0.03432    0.02972   -0.02777
  524   -0.01085    0.00833   -0.01906
  525   -0.00857    0.00852   -0.02020
  526   -0.00792    0.00853   -0.02143
  527   -0.00516    0.00681   -0.02579
  528   -0.00778    0.01116   -0.01891
  529   -0.00504    0.01100   -0.02561
  530    0.00080    0.01094   -0.04114
  531    0.00072    0.01272   -0.03575
  532    0.00374    0.00545   -0.05404
  533   -0.01060    0.00967   -0.01773
  534   -0.01165    0.00976   -0.01681
  535   -0.01181    0.00769   -0.01847
  536   -0.01264    0.00769   -0.01745
  537   -0.01227    0.00972   -0.01456
  538   -0.00992    0.01086   -0.01366
  539   -0.00815    0.01211   -0.01273
  540   -0.00962    0.00931   -0.01127
  541   -0.01180    0.00535   -0.02026
  542   -0.01237    0.00060   -0.02129
  543   -0.01289    0.00119   -0.02119
  544   -0.01416    0.00224   -0.02013
  545   -0.00936   -0.00255   -0.02389
  546   -0.00721   -0.00374   -0.02571
  547   -0.00066   -0.01693   -0.04062
  548    0.00330   -0.01493   -0.04652
  549   -0.00156   -0.01324   -0.04239
  550   -0.01227   -0.00053   -0.02232
  551   -0.01316   -0.00236   -0.02398
  552   -0.01320    0.00181   -0.02211
  553   -0.00655   -0.02073   -0.02896
  554   -0.01340    0.00376   -0.01988
  555   -0.01088    0.00181   -0.01917
  556   -0.01001    0.00017   -0.01998
  557   -0.01124   -0.00008   -0.02082
  558   -0.01046    0.00311   -0.01671
  559   -0.01222    0.00476   -0.01589
  560   -0.01004    0.00499   -0.01386
  561   -0.01015    0.00465   -0.01336
  562   -0.00780    0.00390   -0.01168
  563   -0.00709   -0.00514   -0.02014
  564   -0.00637   -0.00888   -0.02246
  565   -0.00463   -0.00528   -0.02004
  566   -0.00289   -0.00462   -0.01660
  567   -0.00202   -0.01140   -0.02347
  568    0.00073   -0.01348   -0.02434
  569   -0.00115   -0.01618   -0.02994
  570   -0.00356   -0.02167   -0.03663
  571   -0.00032   -0.01586   -0.02953
  572   -0.00584   -0.00547   -0.02102
  573   -0.00522   -0.00557   -0.01868
  574   -0.00470   -0.01009   -0.02194
  575   -0.00654   -0.01263   -0.02593
  576   -0.00744   -0.00283   -0.01810
  577   -0.00798   -0.00183   -0.01429
  578   -0.00946    0.00006   -0.01684
  579   -0.00204   -0.00988   -0.02000
  580   -0.00037   -0.01252   -0.02205
  581   -0.00225   -0.01223   -0.02319
  582   -0.00347   -0.00910   -0.01895
  583    0.00383   -0.01217   -0.01999
  584    0.00698   -0.01367   -0.02318
  585   -0.00336   -0.01505   -0.02776
  586   -0.00450   -0.01146   -0.02815
  587   -0.00128   -0.00822   -0.02529
  588   -0.00541    0.00012   -0.01711
  589   -0.00663   -0.02088   -0.04080
  590   -0.00692   -0.03176   -0.04837
  591   -0.00137   -0.01909   -0.03329
  592    0.00341   -0.00897   -0.02544
  593    0.00290   -0.00906   -0.01999
  594    0.00030   -0.00734   -0.01208
  595   -0.00116   -0.00544   -0.00493
  596    0.00950   -0.01592   -0.02333
  597    0.02053   -0.01516   -0.03454
  598    0.02481   -0.01397   -0.03490
  599    0.00972   -0.03255   -0.02088
  600    0.00893   -0.04036   -0.01743
  601   -0.00165   -0.00533   -0.01144
  602   -0.00364   -0.00398   -0.00633
  603   -0.00828   -0.00087   -0.00009
  604   -0.01112    0.00059    0.00149
  605   -0.00372   -0.00441   -0.00664
  606   -0.00494   -0.00301   -0.00401
  607   -0.00067   -0.00695   -0.00964
  608   -0.00797   -0.00065    0.00376
  609   -0.01098    0.00205    0.00706
  610   -0.01073    0.00213    0.00542
  611   -0.00879    0.00146    0.00529
  612   -0.00864    0.00154    0.00864
  613   -0.00833    0.00246    0.00915
  614   -0.00729    0.00291    0.00804
  615   -0.00837    0.00412    0.01080
  616   -0.00583    0.00370    0.00770
  617   -0.00638    0.00447    0.00990
  618   -0.00504    0.00494    0.00866
  619   -0.00326    0.00619    0.00812
  620   -0.01245    0.00388    0.00531
  621   -0.01023    0.00646    0.00391
  622   -0.00869    0.00826    0.00452
  623   -0.00757    0.01013    0.00570
  624   -0.01170    0.00629    0.00198
  625   -0.00902    0.00657    0.00029
  626   -0.00781    0.00506   -0.00043
  627   -0.00898    0.00915    0.00010
  628   -0.00717    0.00575   -0.00154
  629   -0.00782    0.00869   -0.00132
  630   -0.00779    0.00791   -0.00199
  631   -0.00740    0.00793    0.00387
  632   -0.00536    0.00927    0.00397
  633   -0.00472    0.00946    0.00305
  634   -0.00550    0.00834    0.00245
  635   -0.00456    0.00857    0.00414
  636   -0.00250    0.01124    0.00414
  637   -0.00176    0.00949    0.00355
  638   -0.00251    0.00646    0.00487
  639   -0.00336    0.01131    0.00289
  640   -0.00283    0.01091    0.00182
  641   -0.00249    0.01098    0.00215
  642   -0.00213    0.01204    0.00266
  643   -0.00125    0.01291    0.00250
  644   -0.00172    0.01091    0.00172
  645   -0.00246    0.01136    0.00170
  646   -0.00472    0.00884   -0.00051
  647   -0.00448    0.00711   -0.00119
  648   -0.00323    0.00896    0.00234
  649   -0.00376    0.00863    0.00313
  650   -0.00402    0.00995    0.00337
  651   -0.00334    0.00916    0.00315
  652   -0.00459    0.00711    0.00346
  653   -0.00488    0.00703    0.00443
  654   -0.00407    0.00534    0.00428
  655   -0.00339    0.00462    0.00377
  656   -0.00416    0.00439    0.00404
  657   -0.00345    0.01129    0.00335
  658   -0.00358    0.01219    0.00253
  659   -0.00641    0.01224    0.00202
  660   -0.00782    0.01297    0.00273
  661   -0.00072    0.01685    0.00015
  662    0.00082    0.01752   -0.00048
  663    0.00093    0.01719    0.00150
  664   -0.00539    0.01100    0.00230
  665   -0.00565    0.01064    0.00255
  666   -0.00661    0.00839    0.00506
  667   -0.00679    0.00754    0.00552
  668   -0.00374    0.01094    0.00246
  669   -0.00157    0.01303   -0.00048
  670   -0.00363    0.00990    0.00463
  671    0.00037    0.01423   -0.00126
  672   -0.00777    0.00773    0.00679
  673   -0.00860    0.00609    0.00969
  674   -0.00660    0.00562    0.01104
  675   -0.00685    0.00648    0.01032
  676   -0.00732    0.00443    0.01124
  677   -0.00679    0.00340    0.01162
  678   -0.00500    0.00351    0.01111
  679   -0.00425    0.00288    0.01223
  680   -0.00733    0.00324    0.01401
  681   -0.00869    0.00279    0.01546
  682   -0.00789    0.00058    0.01394
  683   -0.00943    0.00305    0.01762
  684   -0.00477    0.00429    0.00885
  685   -0.00396    0.00506    0.00794
  686   -0.00282    0.00392    0.00749
  687   -0.00247    0.00359    0.00741
  688   -0.00373    0.00684    0.00622
  689   -0.00422    0.00791    0.00508
  690   -0.00303    0.00373    0.00703
  691   -0.00295    0.00321    0.00609
  692   -0.00283    0.00273    0.00682
  693   -0.00271    0.00199    0.00542
  694   -0.00237    0.00239    0.00455
  695   -0.00261    0.00148    0.00418
  696   -0.00260    0.00254    0.00800
  697   -0.00184    0.00213    0.00787
  698   -0.00199    0.00136    0.00823
  699   -0.00210    0.00026    0.00855
  700   -0.00144    0.00156    0.00880
  701   -0.00129    0.00119    0.00860
  702   -0.00180    0.00092    0.00716
  703   -0.00192   -0.00033    0.00785
  704   -0.00057    0.00233    0.00836
  705    0.00044    0.00162    0.00980
  706    0.00016    0.00213    0.00745
  707   -0.00201    0.00197    0.00602
  708   -0.00254    0.00274    0.00511
  709   -0.00311    0.00201    0.00542
  710   -0.00355    0.00160    0.00616
  711   -0.00320    0.00417    0.00479
  712   -0.00309    0.00564    0.00488
  713   -0.00319    0.00733    0.00398
  714   -0.00433    0.00722    0.00378
  715   -0.00304    0.00152    0.00561
  716   -0.00280    0.00017    0.00548
  717   -0.00286   -0.00091    0.00704
  718   -0.00294   -0.00199    0.00695
  719   -0.00286   -0.00123    0.00798
  720   -0.00240   -0.00305    0.00863
  721   -0.00256   -0.00351    0.00887
  722   -0.00274   -0.00438    0.00901
  723   -0.00131   -0.00315    0.00959
  724   -0.00100   -0.00378    0.01013
  725   -0.00085   -0.00322    0.01032
  726    0.00077   -0.00382    0.01125
  727   -0.00310   -0.00244    0.00859
  728   -0.00314   -0.00219    0.00840
  729   -0.00362   -0.00226    0.00834
  730   -0.00397   -0.00329    0.00852
  731   -0.00271   -0.00049    0.00703
  732   -0.00162   -0.00040    0.00654
  733   -0.00279    0.00005    0.00689
  734   -0.00058    0.00218    0.00538
  735   -0.00395   -0.00083    0.00723
  736   -0.00438   -0.00147    0.00687
  737   -0.00387   -0.00337    0.00781
  738   -0.00361   -0.00429    0.00815
  739   -0.00454   -0.00058    0.00601
  740   -0.00513    0.00059    0.00523
  741   -0.00500    0.00203    0.00454
  742   -0.00652    0.00233    0.00511
  743   -0.00566    0.00331    0.00308
  744   -0.00646    0.00365    0.00421
  745   -0.00322   -0.00368    0.00778
  746   -0.00262   -0.00454    0.00752
  747   -0.00329   -0.00614    0.00880
  748   -0.00341   -0.00731    0.00993
  749   -0.00259   -0.00459    0.00733
  750   -0.00357   -0.00672    0.00986
  751   -0.00430   -0.00799    0.01064
  752   -0.00549   -0.00761    0.01128
  753   -0.00622   -0.00936    0.01231
  754   -0.00438   -0.00847    0.01112
  755   -0.00499   -0.00987    0.01232
  756   -0.00338   -0.00847    0.01116
  757   -0.00530   -0.00598    0.01126
  758   -0.00516   -0.00451    0.01095
  759   -0.00431   -0.00418    0.01067
  760   -0.00534   -0.00340    0.01140
  761   -0.00548   -0.00187    0.00955
  762   -0.00268   -0.00589    0.01006
  763   -0.00085   -0.00716    0.01069
  764    0.00048   -0.00908    0.01064
  765    0.00237   -0.01117    0.01036
  766   -0.00080   -0.00665    0.00860
  767   -0.00169   -0.00538    0.00779
  768   -0.00068   -0.00566    0.00669
  769   -0.00404   -0.00377    0.00636
  770   -0.00216   -0.00930    0.01183
  771   -0.00407   -0.01119    0.01233
  772   -0.00740   -0.01369    0.01402
  773   -0.00833   -0.01328    0.01354
  774   -0.00433   -0.01098    0.01150
  775   -0.00204   -0.01044    0.01029
  776   -0.00064   -0.01215    0.00972
  777   -0.00127   -0.00932    0.00932
  778   -0.00791   -0.01312    0.01461
  779   -0.01006   -0.01512    0.01642
  780   -0.01056   -0.01707    0.01806
  781   -0.01164   -0.01751    0.01817
  782   -0.00960   -0.01418    0.01714
  783   -0.00905   -0.01037    0.01452
  784   -0.00862   -0.00775    0.01455
  785   -0.00837   -0.00877    0.01572
  786   -0.00819   -0.00417    0.01376
  787   -0.00919   -0.01765    0.01972
  788   -0.01016   -0.01957    0.02152
  789   -0.01076   -0.01882    0.01912
  790   -0.01195   -0.02112    0.01971
  791   -0.00572   -0.01966    0.01985
  792   -0.00279   -0.01752    0.01488
  793   -0.00066   -0.01876    0.01255
  794   -0.00309   -0.01520    0.01293
  795   -0.01011   -0.01704    0.01691
  796   -0.01035   -0.01660    0.01506
  797   -0.01152   -0.01593    0.01469
  798   -0.01340   -0.01589    0.01515
  799   -0.00826   -0.01504    0.01355
  800   -0.00648   -0.01500    0.01237
  801   -0.00465   -0.01503    0.01183
  802   -0.00227   -0.01588    0.00989
  803    0.00134   -0.01680    0.00696
  804   -0.01073   -0.01543    0.01423
  805   -0.01160   -0.01540    0.01451
  806   -0.01187   -0.01605    0.01548
  807   -0.01114   -0.01609    0.01527
  808   -0.00889   -0.01434    0.01411
  809   -0.00850   -0.01287    0.01372
  810   -0.00771   -0.01256    0.01308
  811   -0.00672   -0.01157    0.01342
  812   -0.01240   -0.01682    0.01582
  813   -0.01042   -0.01910    0.01616
  814   -0.00796   -0.01875    0.01552
  815   -0.00558   -0.01751    0.01693
  816   -0.00616   -0.02125    0.01530
  817   -0.00401   -0.02090    0.01346
  818   -0.00360   -0.02440    0.01122
  819   -0.00592   -0.02715    0.01126
  820   -0.00341   -0.01838    0.01206
  821   -0.00373   -0.01581    0.01269
  822   -0.00176   -0.01446    0.01285
  823   -0.00549   -0.01531    0.01394
  824   -0.00277   -0.01218    0.01258
  825   -0.00612   -0.01337    0.01410
  826   -0.00542   -0.01212    0.01343
  827   -0.00092   -0.02366    0.00910
  828   -0.00043   -0.02633    0.00528
  829   -0.00146   -0.02647    0.00268
  830   -0.00172   -0.02323    0.00383
  831    0.00143   -0.02601    0.00451
  832    0.00132   -0.02302    0.00221
  833    0.00255   -0.02508    0.00038
  834    0.00271   -0.02750    0.00063
  835    0.00263   -0.02306   -0.00127
  836   -0.00127   -0.03126   -0.00135
  837   -0.00176   -0.03281   -0.00479
  838   -0.00048   -0.03001   -0.00825
  839    0.00085   -0.03253   -0.01223
  840   -0.00270   -0.05002   -0.01396
  841    0.00099   -0.02470   -0.00675
  842    0.00220   -0.02156   -0.00920
  843    0.00263   -0.01851   -0.00671
  844    0.00305   -0.01727   -0.00873
  845    0.00196   -0.01685   -0.00201
  846    0.00185   -0.01457    0.00032
  847    0.00200   -0.01196   -0.00090
  848    0.00212   -0.01077   -0.00027
  849    0.00144   -0.01520    0.00420
  850    0.00115   -0.01297    0.00621
  851    0.00274   -0.01086   -0.00190
  852    0.00332   -0.00813   -0.00275
  853    0.00270   -0.00672    0.00000
  854    0.00293   -0.00454   -0.00052
  855    0.00396   -0.00763   -0.00446
  856    0.00551   -0.00543   -0.00585
  857    0.00450   -0.00881   -0.00806
  858    0.00190   -0.00741    0.00265
  859    0.00065   -0.00592    0.00475
  860    0.00009   -0.00602    0.00604
  861   -0.00055   -0.00441    0.00653
  862    0.00018   -0.00664    0.00719
  863   -0.00113   -0.00576    0.00818
  864   -0.00124   -0.00367    0.00749
  865   -0.00144   -0.00645    0.00959
  866    0.00014   -0.00815    0.00634
  867   -0.00039   -0.00880    0.00763
  868   -0.00042   -0.00621    0.00621
  869   -0.00161   -0.00475    0.00724
  870   -0.00072   -0.01138    0.00715
  871   -0.00199   -0.01244    0.00901
  872   -0.00198   -0.01495    0.00709
  873   -0.00205   -0.01850    0.00737
  874   -0.00237   -0.02326    0.00596
  875    0.00092   -0.00534    0.00323
  876    0.00153   -0.00228    0.00191
  877    0.00129    0.00059    0.00271
  878    0.00150    0.00339    0.00333
  879    0.00321   -0.00269   -0.00192
  880    0.00409    0.00006   -0.00322
  881    0.00408   -0.00159   -0.00369
  882    0.00274   -0.00389   -0.00169
  883    0.00564   -0.00066   -0.00687
  884    0.00127    0.00032    0.00304
  885    0.00086    0.00247    0.00338
  886   -0.00082    0.00270    0.00580
  887   -0.00084    0.00524    0.00641
  888    0.00121    0.00162    0.00300
  889    0.00138    0.00361    0.00313
  890    0.00273    0.00583    0.00114
  891    0.00005    0.00346    0.00501
  892    0.00273    0.00836    0.00175
  893   -0.00023    0.00564    0.00497
  894    0.00142    0.00824    0.00351
  895   -0.00187    0.00029    0.00771
  896   -0.00362    0.00023    0.00963
  897   -0.00390    0.00152    0.01050
  898   -0.00543    0.00229    0.01239
  899   -0.00499   -0.00284    0.01073
  900   -0.00439   -0.00387    0.00997
  901   -0.00546   -0.00636    0.01154
  902   -0.00477   -0.00228    0.00946
  903   -0.00263    0.00221    0.00924
  904   -0.00274    0.00372    0.00998
  905   -0.00143    0.00786    0.00942
  906   -0.00209    0.01079    0.01125
  907   -0.00190    0.00156    0.00830
  908   -0.00184    0.00375    0.00873
  909    0.00020    0.00877    0.00740
  910    0.00193    0.01261    0.00661
  911    0.00108    0.01468    0.00805
  912    0.00193    0.01804    0.00852
  913    0.00342    0.01201    0.00284
  914    0.00508    0.01112    0.00065
  915    0.00569    0.00955   -0.00280
  916    0.00406    0.00811   -0.00348
  917    0.00872    0.00981   -0.00581
  918   -0.00034    0.01281    0.00894
  919   -0.00088    0.01445    0.00983
  920   -0.00306    0.01447    0.01235
  921   -0.00371    0.01423    0.01267
  922   -0.00038    0.01237    0.00801
  923   -0.00165    0.00918    0.00836
  924    0.00129    0.01322    0.00533
  925   -0.00410    0.01378    0.01392
  926   -0.00669    0.01311    0.01663
  927   -0.00713    0.01426    0.01904
  928   -0.00774    0.00988    0.01939
  929   -0.00862    0.01324    0.01783
  930   -0.00961    0.00988    0.01945
  931   -0.01150    0.00889    0.02090
  932   -0.01471    0.01370    0.02318
  933   -0.01144    0.00510    0.02103
  934   -0.00681    0.02064    0.01982
  935   -0.00907    0.02734    0.02284
  936   -0.00611    0.02749    0.02086
  937   -0.00676    0.03278    0.02285
  938   -0.01012    0.03589    0.02768
  939   -0.00291    0.02231    0.01687
  940   -0.00215    0.02692    0.01601
  941   -0.00174    0.02289    0.01515
  942   -0.00363    0.01762    0.01484
  943   -0.00008    0.02407    0.01263
  944    0.00153    0.02514    0.01151
  945    0.00277    0.02241    0.00768
  946    0.00412    0.02382    0.00651
  947   -0.00171    0.02856    0.01628
  948   -0.00166    0.02690    0.01585
  949   -0.00118    0.02365    0.01229
  950    0.00007    0.02279    0.01089
  951   -0.00075    0.03346    0.01777
  952    0.00182    0.03341    0.01512
  953   -0.00193    0.02084    0.01069
  954   -0.00231    0.01874    0.00841
  955   -0.00057    0.02045    0.00741
  956   -0.00021    0.01845    0.00574
  957   -0.00441    0.01651    0.00657
  958   -0.00619    0.01716    0.00675
  959   -0.00448    0.02042    0.00961
  960    0.00175    0.02315    0.00797
  961    0.00294    0.02434    0.00689
  962    0.00461    0.02479    0.00657
  963    0.00524    0.02429    0.00475
  964    0.00626    0.02880    0.00926
  965    0.00659    0.02816    0.00905
  966    0.00471    0.02633    0.00975
  967    0.00146    0.02012    0.00601
  968    0.00356    0.02850    0.01232
  969    0.00501    0.02625    0.00821
  970    0.00534    0.02573    0.00741
  971    0.00433    0.02259    0.00578
  972    0.00456    0.02280    0.00416
  973    0.00520    0.02803    0.00953
  974    0.00705    0.03262    0.01085
  975    0.00915    0.03352    0.01062
  976    0.00737    0.03645    0.01154
  977    0.00280    0.02042    0.00668
  978    0.00174    0.01756    0.00573
  979    0.00216    0.01704    0.00361
  980    0.00225    0.01620    0.00274
  981   -0.00026    0.01526    0.00698
  982   -0.00132    0.01459    0.00883
  983   -0.00452    0.01336    0.01029
  984   -0.00584    0.01178    0.01223
  985   -0.00807    0.00731    0.01168
  986   -0.01069    0.00592    0.01028
  987   -0.00855    0.00652    0.01430
  988    0.00194    0.01798    0.00333
  989    0.00184    0.01841    0.00204
  990    0.00322    0.02002   -0.00006
  991    0.00340    0.01940   -0.00122
  992    0.00171    0.01803    0.00205
  993    0.00455    0.02279    0.00040
  994    0.00499    0.02502   -0.00183
  995    0.00533    0.02365   -0.00256
  996    0.00567    0.02328   -0.00486
  997    0.00678    0.02811   -0.00078
  998    0.00729    0.03008   -0.00015
  999    0.00787    0.03421    0.00073
 1000    0.00912    0.03691    0.00162
 1001    0.01041    0.03330    0.00509
 1002    0.00458    0.02167   -0.00080
 1003    0.00454    0.01953   -0.00148
 1004    0.00419    0.01695   -0.00271
 1005    0.00443    0.01555   -0.00475
 1006    0.00403    0.01764    0.00051
 1007    0.00390    0.02077    0.00170
 1008    0.00362    0.01616   -0.00125
 1009    0.00316    0.01411   -0.00160
 1010    0.00392    0.01615   -0.00347
 1011    0.00340    0.01537   -0.00435
 1012    0.00178    0.01331    0.00043
 1013    0.00139    0.01134    0.00070
 1014    0.00156    0.00900    0.00118
 1015    0.00036    0.01155    0.00131
 1016    0.00161    0.00745    0.00199
 1017    0.00017    0.00945    0.00183
 1018    0.00093    0.00821    0.00249
 1019    0.00419    0.01854   -0.00407
 1020    0.00536    0.02113   -0.00692
 1021    0.00650    0.02267   -0.01019
 1022    0.00659    0.02437   -0.01407
 1023    0.00504    0.02289   -0.00693
 1024    0.00370    0.02146   -0.00521
 1025    0.00293    0.02409   -0.00515
 1026    0.00331    0.02493   -0.00376
 1027    0.00428    0.02659   -0.00736
 1028    0.00577    0.02038   -0.00994
 1029    0.00510    0.01824   -0.01446
 1030    0.00320    0.01330   -0.01584
 1031   -0.00134    0.00897   -0.02359
 1032    0.00374    0.01759   -0.01524
 1033    0.00570    0.02257   -0.01471
 1034    0.00814    0.02544   -0.01449
 1035    0.01343    0.03250   -0.01265
 1036    0.02477    0.04399    0.00465
 1037    0.00379    0.01249   -0.01207
 1038    0.00398    0.00753   -0.01257
 1039    0.00385    0.00820   -0.01303
 1040    0.00388    0.00920   -0.00874
 1041    0.00518    0.00570   -0.00796
 1042    0.00569    0.00343   -0.00783
 1043    0.00616    0.00014   -0.01031
 1044    0.00528    0.00294   -0.00613
 1045    0.00201    0.00699   -0.02001
 1046    0.00111    0.00852   -0.02214
 1047    0.00459    0.00444   -0.01870
 1048    0.00555    0.00523   -0.01319
 1049   -0.00565    0.00793   -0.04045
 1050   -0.02058    0.01186   -0.05839
 1051   -0.02456    0.02777   -0.05789
 1052   -0.01335    0.02724   -0.03380
 1053   -0.14353    0.07004   -0.18605
 1054    0.00669   -0.00058   -0.01981
 1055    0.00972   -0.00239   -0.01684
 1056    0.00765   -0.00132   -0.00729
 1057    0.00843   -0.00290   -0.00499
 1058    0.01174   -0.00453   -0.01922
 1059    0.00698   -0.00053   -0.00581
 1060    0.00570   -0.00009   -0.00120
 1061    0.00491    0.00221    0.00053
 1062    0.00452    0.00083    0.00326
 1063    0.00505    0.00083   -0.00054
 1064    0.00473   -0.00085   -0.00063
 1065    0.00343    0.00197    0.00282
 1066    0.00353    0.00052    0.00063
 1067    0.00458    0.00509   -0.00159
 1068    0.00306    0.00726    0.00107
 1069    0.00315    0.00545    0.00335
 1070    0.00242    0.00464    0.00666
 1071    0.00192    0.01506    0.00056
 1072    0.00178    0.01639    0.00041
 1073    0.00127    0.02110   -0.00278
 1074   -0.00000    0.02315   -0.00379
 1075    0.00285    0.02110   -0.00487
 1076    0.00426    0.00512    0.00121
 1077    0.00603    0.00292    0.00236
 1078    0.00718   -0.00002    0.00430
 1079    0.00814    0.00024    0.00785
 1080    0.00749    0.00221   -0.00257
 1081    0.00723   -0.00120    0.00351
 1082    0.00768   -0.00304    0.00593
 1083    0.00672   -0.00199    0.00918
 1084    0.00671   -0.00214    0.01133
 1085    0.00748   -0.00417    0.00482
 1086    0.00514   -0.00027    0.00937
 1087    0.00394    0.00093    0.01149
 1088    0.00336    0.00105    0.01336
 1089    0.00318    0.00074    0.01542
 1090    0.00178    0.00232    0.01066
 1091    0.00040    0.00241    0.01175
 1092    0.00005    0.00213    0.01177
 1093   -0.00081    0.00293    0.01343
 1094   -0.00085    0.00179    0.01273
 1095   -0.00115    0.00236    0.01383
 1096    0.00314    0.00151    0.01315
 1097    0.00192    0.00151    0.01481
 1098    0.00407    0.00098    0.01625
 1099    0.00338    0.00137    0.01826
 1100    0.00107    0.00265    0.01403
 1101   -0.00121    0.00341    0.01370
 1102   -0.00253    0.00374    0.01395
 1103   -0.00189    0.00374    0.01366
 1104    0.00641    0.00022    0.01453
 1105    0.00821   -0.00090    0.01590
 1106    0.00771   -0.00102    0.01863
 1107    0.00763   -0.00102    0.02107
 1108    0.01135   -0.00210    0.01322
 1109    0.00714   -0.00107    0.01806
 1110    0.00668   -0.00126    0.01944
 1111    0.00536   -0.00080    0.02074
 1112    0.00533   -0.00092    0.02298
 1113    0.00644   -0.00231    0.01811
 1114    0.00587   -0.00263    0.01983
 1115    0.00632   -0.00362    0.01623
 1116    0.00407   -0.00033    0.02017
 1117    0.00271   -0.00054    0.02136
 1118    0.00265   -0.00031    0.02404
 1119    0.00415    0.00046    0.02702
 1120    0.00110   -0.00023    0.01989
 1121    0.00288    0.00048    0.02431
 1122    0.00459    0.00021    0.02890
 1123    0.00432    0.00018    0.03086
 1124    0.00006    0.00055    0.02901
 1125    0.00549   -0.00061    0.02990
 1126    0.00626   -0.00230    0.03641
 1127    0.00643   -0.00092    0.03738
 1128    0.01212   -0.00117    0.04618
 1129    0.00834   -0.00162    0.03744
 1130    0.00492    0.00086    0.02928
 1131    0.00492    0.00099    0.02880
 1132    0.00387   -0.00016    0.02826
 1133    0.00337   -0.00016    0.02819
 1134    0.00721   -0.00006    0.02834
 1135    0.01013    0.00222    0.03126
 1136    0.01054    0.00089    0.03260
 1137    0.00959   -0.00007    0.03149
 1138    0.01531    0.00390    0.03798
 1139    0.00321    0.00001    0.02776
 1140    0.00269   -0.00081    0.02784
 1141    0.00172    0.00016    0.02670
 1142    0.00199    0.00040    0.02437
 1143    0.00138    0.00135    0.02897
 1144    0.00295    0.00564    0.02549
 1145    0.00225    0.00714    0.02598
 1146    0.00249    0.00315    0.03022
 1147    0.00661    0.00780    0.02075
 1148    0.00701    0.00714    0.02308
 1149    0.00605    0.00319    0.02684
 1150    0.00623    0.00277    0.02651
 1151    0.00675    0.00108    0.02855
 1152    0.00876    0.01101    0.01369
 1153    0.00408    0.01806    0.01664
 1154    0.02685    0.01444   -0.00474
 1155   -0.22544    0.16741    0.15623
 1156    0.11978   -0.02588   -0.11528
 1157    0.05724    0.00952   -0.01470
 1158    0.05122    0.01681   -0.01104
 1159    0.07923   -0.00556   -0.01564
 1160    0.08041    0.00311   -0.00968
 1161    0.04835    0.01891   -0.00633
 1162    0.03525    0.02585   -0.00508
 1163    0.03964    0.02286   -0.00429
 1164    0.02742    0.02194   -0.00282
 1165    0.01601    0.01352    0.00820
 1166    0.02012    0.01206    0.00379
 1167    0.00888    0.00842    0.01422
 1168    0.05788   -0.00294   -0.00879
 1169    0.07741   -0.01900   -0.01222
 1170    0.02801    0.01224    0.00335
 1171   -0.04278    0.10272    0.03551
 1172    0.03581    0.01215    0.00118
 1173    0.04307    0.00607    0.00322
 1174    0.02331    0.01978    0.00337
 1175   -0.00242    0.03558   -0.01100
 1176   -0.00570    0.04174   -0.00542
 1177    0.03082    0.01141    0.00177
 1178    0.02933    0.00598   -0.00356
 1179    0.02050    0.00545   -0.01090
 1180    0.03299    0.01379   -0.00157
 1181   -0.00050    0.02633   -0.01865
 1182   -0.02233    0.03971   -0.04316
 1183   -0.00760    0.02729   -0.03656
 1184    0.00367    0.01490   -0.04105
 1185   -0.09189    0.10363   -0.05060
 1186   -0.01886    0.04040   -0.03192
 1187   -0.01511    0.03502   -0.03090
 1188   -0.00010    0.02278   -0.02705
 1189    0.00414    0.01552   -0.02641
 1190   -0.03005    0.05738   -0.02851
 1191   -0.02538    0.06812   -0.01091
 1192   -0.00402    0.04530   -0.01790
 1193   -0.00500    0.04534   -0.01242
 1194    0.00455    0.02825   -0.02228
 1195    0.00096    0.02482   -0.02439
 1196    0.00787    0.01718   -0.02193
 1197    0.01152    0.00717   -0.02341
 1198    0.01219    0.00521   -0.02193
 1199    0.00893    0.01493   -0.01784
 1200    0.00567    0.02055   -0.01443
 1201    0.00680    0.02172   -0.01510
 1202    0.01101    0.00514   -0.02341
 1203    0.01043    0.00236   -0.02136
 1204    0.01200    0.00090   -0.01634
 1205    0.01280    0.00135   -0.01407
 1206    0.00691    0.00022   -0.01740
 1207    0.00036   -0.00060   -0.01541
 1208   -0.00215    0.00148   -0.01527
 1209   -0.00670   -0.00292   -0.00581
 1210    0.00814   -0.00111   -0.01166
 1211    0.00729   -0.00200   -0.00883
 1212    0.00361   -0.00079   -0.00490
 1213    0.00253   -0.00097   -0.00314
 1214    0.00636   -0.00397   -0.00677
 1215    0.00927   -0.00286   -0.01034
 1216    0.00860   -0.00296   -0.01130
 1217    0.01345   -0.00268   -0.01017
 1218    0.01117   -0.00435   -0.01373
 1219    0.01216   -0.00087   -0.01306
 1220    0.01278   -0.00314   -0.01346
 1221    0.00335   -0.00042   -0.00482
 1222    0.00269    0.00073   -0.00372
 1223    0.00092   -0.00008   -0.00195
 1224    0.00083   -0.00003   -0.00296
 1225    0.00283    0.00105   -0.00414
 1226    0.00074    0.00199   -0.00276
 1227    0.00026    0.00208   -0.00137
 1228    0.00001    0.00257   -0.00266
 1229   -0.00103    0.00259   -0.00107
 1230   -0.00115    0.00259   -0.00191
 1231   -0.00118    0.00016   -0.00044
 1232   -0.00198   -0.00056    0.00039
 1233   -0.00212    0.00061    0.00014
 1234   -0.00204    0.00109    0.00010
 1235   -0.00253    0.00016    0.00247
 1236   -0.00248   -0.00031    0.00236
 1237   -0.00256    0.00034    0.00397
 1238   -0.00209   -0.00148    0.00242
 1239   -0.00230   -0.00004    0.00527
 1240   -0.00194   -0.00153    0.00398
 1241   -0.00203   -0.00137    0.00466
 1242   -0.00227    0.00019   -0.00040
 1243   -0.00269    0.00039   -0.00028
 1244   -0.00254   -0.00017    0.00050
 1245   -0.00218   -0.00072    0.00015
 1246   -0.00232    0.00088   -0.00041
 1247   -0.00173   -0.00032   -0.00117
 1248   -0.00241    0.00194   -0.00159
 1249   -0.00159    0.00004   -0.00166
 1250   -0.00238   -0.00081    0.00093
 1251   -0.00195   -0.00239    0.00160
 1252   -0.00141   -0.00237    0.00140
 1253   -0.00156   -0.00208    0.00095
 1254   -0.00209   -0.00228    0.00276
 1255   -0.00169   -0.00331    0.00355
 1256   -0.00176   -0.00366    0.00385
 1257   -0.00169   -0.00342    0.00462
 1258   -0.00042   -0.00346    0.00148
 1259    0.00113   -0.00450    0.00138
 1260    0.00178   -0.00590    0.00198
 1261    0.00162   -0.00653    0.00281
 1262    0.00187   -0.00486    0.00095
 1263    0.00119   -0.00409    0.00086
 1264    0.00059   -0.00343    0.00043
 1265    0.00147   -0.00371    0.00049
 1266    0.00025   -0.00291   -0.00028
 1267    0.00089   -0.00269    0.00007
 1268    0.00053   -0.00215   -0.00048
 1269    0.00258   -0.00661    0.00178
 1270    0.00289   -0.00795    0.00179
 1271    0.00441   -0.01019    0.00089
 1272    0.00468   -0.00963   -0.00066
 1273    0.00061   -0.00678    0.00249
 1274    0.00005   -0.00693    0.00435
 1275    0.00205   -0.00930    0.00330
 1276   -0.00077   -0.00683    0.00526
 1277    0.00607   -0.01193    0.00107
 1278    0.00799   -0.01366    0.00043
 1279    0.00852   -0.01451    0.00001
 1280    0.00781   -0.01422    0.00120
 1281    0.01025   -0.01562    0.00037
 1282    0.01344   -0.01732    0.00029
 1283    0.01289   -0.01607    0.00030
 1284    0.01469   -0.01929   -0.00059
 1285    0.00857   -0.01450   -0.00125
 1286    0.00848   -0.01551   -0.00183
 1287    0.01054   -0.01595   -0.00639
 1288    0.00993   -0.01555   -0.00789
 1289    0.00548   -0.01242   -0.00398
 1290    0.00634   -0.01361   -0.00604
 1291    0.00349   -0.01081   -0.00064
 1292    0.01234   -0.01919   -0.00605
 1293    0.01474   -0.01993   -0.01017
 1294    0.01482   -0.02173   -0.00691
 1295    0.01635   -0.02266   -0.01006
 1296    0.01475   -0.01719   -0.01613
 1297    0.01759   -0.01893   -0.02116
 1298    0.01981   -0.02269   -0.01989
 1299    0.01611   -0.01921   -0.02465
 1300    0.01577   -0.02341   -0.00473
 1301    0.01697   -0.02264   -0.00232
 1302    0.01555   -0.01948   -0.00193
 1303    0.01633   -0.01909   -0.00065
 1304    0.01268   -0.01798   -0.00303
 1305    0.01132   -0.01550   -0.00267
 1306    0.00968   -0.01350   -0.00187
 1307    0.00876   -0.01291   -0.00278
 1308    0.00977   -0.01411   -0.00504
 1309    0.01097   -0.01606   -0.00595
 1310    0.01142   -0.01473   -0.00400
 1311    0.01220   -0.01814   -0.00856
 1312    0.01292   -0.01677   -0.00556
 1313    0.01349   -0.01881   -0.00880
 1314    0.00932   -0.01198   -0.00053
 1315    0.00808   -0.00981   -0.00011
 1316    0.00523   -0.00763   -0.00097
 1317    0.00442   -0.00651   -0.00063
 1318    0.00852   -0.00873    0.00147
 1319    0.00736   -0.00762    0.00171
 1320    0.00741   -0.00835    0.00164
 1321    0.00740   -0.00603    0.00286
 1322    0.00376   -0.00749   -0.00169
 1323    0.00139   -0.00513   -0.00223
 1324    0.00059   -0.00386   -0.00086
 1325    0.00131   -0.00454   -0.00041
 1326   -0.00031   -0.00418   -0.00385
 1327    0.00032   -0.00587   -0.00603
 1328   -0.00115   -0.00401   -0.00739
 1329    0.00275   -0.00896   -0.00727
 1330   -0.00069   -0.00505   -0.00971
 1331    0.00329   -0.00947   -0.00937
 1332    0.00141   -0.00792   -0.01105
 1333    0.00219   -0.00821   -0.01389
 1334   -0.00111   -0.00159   -0.00132
 1335   -0.00224   -0.00030   -0.00112
 1336   -0.00399    0.00046   -0.00196
 1337   -0.00497    0.00147   -0.00358
 1338   -0.00201   -0.00003   -0.00199
 1339   -0.00188    0.00042   -0.00188
 1340   -0.00197    0.00164   -0.00277
 1341   -0.00266    0.00277   -0.00370
 1342   -0.00124    0.00112   -0.00249
 1343   -0.00435    0.00009   -0.00041
 1344   -0.00473    0.00068   -0.00021
 1345   -0.00507    0.00169   -0.00061
 1346   -0.00390    0.00122   -0.00005
 1347   -0.00476   -0.00010    0.00098
 1348   -0.00469   -0.00124    0.00092
 1349   -0.00438   -0.00231    0.00320
 1350   -0.00525   -0.00079   -0.00137
 1351   -0.00548    0.00291   -0.00118
 1352   -0.00555    0.00389   -0.00143
 1353   -0.00558    0.00455   -0.00132
 1354   -0.00594    0.00520   -0.00225
 1355   -0.00505    0.00438   -0.00266
 1356   -0.00436    0.00467   -0.00300
 1357   -0.00407    0.00553   -0.00423
 1358   -0.00389    0.00408   -0.00180
 1359   -0.00520    0.00430   -0.00028
 1360   -0.00534    0.00595    0.00040
 1361   -0.00506    0.00629    0.00031
 1362   -0.00397    0.00717    0.00036
 1363   -0.00474    0.00535   -0.00062
 1364   -0.00405    0.00528   -0.00134
 1365   -0.00507    0.00544   -0.00324
 1366   -0.00440    0.00669   -0.00466
 1367   -0.00315    0.00436   -0.00248
 1368   -0.00310    0.00391   -0.00125
 1369   -0.00184    0.00314   -0.00207
 1370   -0.00042    0.00337   -0.00378
 1371    0.00190    0.00610   -0.00666
 1372    0.00226    0.00582   -0.00730
 1373    0.00520    0.00766   -0.00848
 1374   -0.00600    0.00524   -0.00305
 1375   -0.00728    0.00615   -0.00561
 1376   -0.00751    0.00583   -0.00552
 1377   -0.00721    0.00602   -0.00401
 1378   -0.00759    0.00660   -0.00597
 1379   -0.00633    0.00735   -0.00635
 1380   -0.00681    0.00815   -0.00791
 1381   -0.00786    0.00744   -0.00860
 1382   -0.00934    0.00574   -0.00708
 1383   -0.01002    0.00649   -0.00698
 1384   -0.01048    0.00653   -0.00721
 1385   -0.01023    0.00830   -0.00645
 1386   -0.01327    0.00648   -0.00885
 1387   -0.01313    0.00682   -0.00964
 1388   -0.01150    0.00663   -0.00853
 1389   -0.01029    0.00677   -0.00797
 1390   -0.01118    0.00693   -0.00829
 1391   -0.00864    0.00533   -0.00738
 1392   -0.00836    0.00556   -0.00735
 1393   -0.01319    0.00608   -0.01219
 1394   -0.01369    0.00604   -0.01321
 1395   -0.01288    0.00615   -0.01244
 1396   -0.01529    0.00599   -0.01378
 1397   -0.01267    0.00716   -0.01310
 1398   -0.01536    0.00573   -0.01434
 1399   -0.01436    0.00659   -0.01411
 1400   -0.00881    0.00386   -0.00798
 1401   -0.00764    0.00259   -0.00729
 1402   -0.00744    0.00274   -0.00852
 1403   -0.00783    0.00326   -0.01066
 1404   -0.00679    0.00126   -0.00685
 1405   -0.00898    0.00207   -0.00715
 1406   -0.00970    0.00283   -0.00892
 1407   -0.00693    0.00344   -0.00701
 1408   -0.00636    0.00427   -0.00768
 1409   -0.00431    0.00117   -0.00618
 1410   -0.00291   -0.00013   -0.00475
 1411   -0.00557    0.00460   -0.00636
 1412   -0.00459    0.00491   -0.00533
 1413   -0.00653    0.00589   -0.00691
 1414   -0.00414    0.00134   -0.00724
 1415   -0.00149   -0.00052   -0.00667
 1416   -0.00006   -0.00058   -0.00351
 1417   -0.00108    0.00021   -0.00300
 1418   -0.00176   -0.00125   -0.00928
 1419    0.00152   -0.00405   -0.00821
 1420    0.00378   -0.00662   -0.00526
 1421    0.00143   -0.00532   -0.00919
 1422    0.00250   -0.00266   -0.00106
 1423    0.00461   -0.00268    0.00156
 1424    0.00730   -0.00454    0.00355
 1425    0.00899   -0.00489    0.00562
 1426    0.00503   -0.00286    0.00246
 1427    0.00324   -0.00187    0.00121
 1428    0.00249   -0.00020    0.00101
 1429    0.00173   -0.00167   -0.00028
 1430    0.00088    0.00018   -0.00031
 1431    0.00020   -0.00024   -0.00080
 1432    0.00758   -0.00601    0.00213
 1433    0.01026   -0.00790    0.00322
 1434    0.01240   -0.01053    0.00344
 1435    0.01153   -0.01138    0.00204
 1436    0.01567   -0.01254    0.00529
 1437    0.01834   -0.01565    0.00554
 1438    0.01711   -0.01484    0.00588
 1439    0.01666   -0.01350    0.00705
 1440    0.02328   -0.01792    0.00846
 1441    0.01680   -0.01642    0.00449
 1442    0.01657   -0.01631    0.00438
 1443    0.01772   -0.01848    0.00344
 1444    0.01772   -0.01987    0.00256
 1445    0.01417   -0.01387    0.00381
 1446    0.01365   -0.01347    0.00376
 1447    0.01762   -0.01880    0.00345
 1448    0.01932   -0.02102    0.00308
 1449    0.01657   -0.01958    0.00210
 1450    0.01476   -0.01736    0.00219
 1451    0.02236   -0.02233    0.00396
 1452    0.02655   -0.02496    0.00575
 1453    0.01778   -0.02134    0.00170
 1454    0.01483   -0.01985    0.00142
 1455    0.01464   -0.01809    0.00227
 1456    0.01265   -0.01545    0.00253
 1457    0.01513   -0.02214    0.00153
 1458    0.01424   -0.02182    0.00024
 1459    0.01001   -0.01943    0.00186
 1460    0.00958   -0.01800    0.00177
 1461    0.00639   -0.01786    0.00420
 1462    0.01792   -0.01907    0.00280
 1463    0.02065   -0.01628    0.00419
 1464    0.01996   -0.01488    0.00482
 1465    0.01716   -0.01280    0.00491
 1466    0.02574   -0.01863    0.00568
 1467    0.03642   -0.02246    0.00629
 1468    0.03087   -0.02523    0.00431
 1469    0.07431   -0.03029    0.01141
 1470    0.01884   -0.01647    0.00530
 1471    0.01777   -0.01572    0.00677
 1472    0.01487   -0.01370    0.00496
 1473    0.01421   -0.01272    0.00491
 1474    0.01854   -0.01610    0.00795
 1475    0.01804   -0.01698    0.00626
 1476    0.02084   -0.01806    0.00961
 1477    0.01391   -0.01313    0.00407
 1478    0.01137   -0.01171    0.00307
 1479    0.01036   -0.00965    0.00345
 1480    0.00953   -0.00877    0.00266
 1481    0.01001   -0.01219    0.00251
 1482    0.00784   -0.01195    0.00199
 1483    0.00803   -0.01150    0.00216
 1484    0.00693   -0.01322    0.00216
 1485    0.00986   -0.00912    0.00381
 1486    0.00798   -0.00757    0.00256
 1487    0.00908   -0.00752    0.00243
 1488    0.00844   -0.00632    0.00112
 1489    0.00583   -0.00644    0.00079
 1490    0.00359   -0.00508    0.00037
 1491    0.00168   -0.00375   -0.00148
 1492    0.00307   -0.00556   -0.00031
 1493    0.01040   -0.00936    0.00394
 1494    0.01160   -0.00948    0.00428
 1495    0.01206   -0.00887    0.00362
 1496    0.01215   -0.00821    0.00319
 1497    0.01270   -0.01198    0.00663
 1498    0.01348   -0.01131    0.00735
 1499    0.01533   -0.01320    0.01128
 1500    0.01497   -0.01718    0.01542
 1501    0.01435   -0.02372    0.03386
 1502    0.01255   -0.00928    0.00415
 1503    0.01143   -0.00853    0.00468
 1504    0.00954   -0.00663    0.00326
 1505    0.00821   -0.00553    0.00294
 1506    0.01200   -0.00936    0.00493
 1507    0.01380   -0.01155    0.00622
 1508    0.01433   -0.01241    0.00633
 1509    0.01502   -0.01154    0.00716
 1510    0.00856   -0.00655    0.00243
 1511    0.00632   -0.00556    0.00149
 1512    0.00676   -0.00453    0.00052
 1513    0.00578   -0.00393   -0.00022
 1514    0.00566   -0.00579    0.00135
 1515    0.00859   -0.00464   -0.00020
 1516    0.00905   -0.00454   -0.00143
 1517    0.00954   -0.00428   -0.00145
 1518    0.00854   -0.00363   -0.00246
 1519    0.00944   -0.00496   -0.00158
 1520    0.01033   -0.00463    0.00037
 1521    0.00975   -0.00414    0.00126
 1522    0.00691   -0.00359    0.00038
 1523    0.00580   -0.00336   -0.00072
 1524    0.00956   -0.00551    0.00315
 1525    0.01071   -0.00570    0.00377
 1526    0.00946   -0.00499    0.00304
 1527    0.00952   -0.00471    0.00374
 1528    0.01212   -0.00485    0.00674
 1529    0.00592   -0.00350    0.00018
 1530    0.00452   -0.00278   -0.00061
 1531    0.00342   -0.00218   -0.00179
 1532    0.00172   -0.00151   -0.00209
 1533    0.00338   -0.00278   -0.00045
 1534    0.00173   -0.00135   -0.00081
 1535    0.00411   -0.00337    0.00087
 1536    0.00365   -0.00274   -0.00181
 1537    0.00283   -0.00286   -0.00290
 1538    0.00313   -0.00280   -0.00321
 1539    0.00163   -0.00276   -0.00368
 1540    0.00427   -0.00345   -0.00388
 1541    0.00253   -0.00367   -0.00287
 1542    0.00449   -0.00306   -0.00295
 1543    0.00345   -0.00339   -0.00250
 1544    0.00154   -0.00296   -0.00146
 1545   -0.00051   -0.00350   -0.00058
 1546    0.00633   -0.00213   -0.00307
 1547    0.00820   -0.00114   -0.00464
 1548    0.01054    0.00030   -0.00482
 1549    0.01149   -0.00139   -0.00334
 1550    0.01309   -0.00185   -0.00204
 1551    0.01317   -0.00224   -0.00286
 1552    0.01463   -0.00262    0.00007
 1553    0.00185   -0.00194   -0.00132
 1554   -0.00031   -0.00071   -0.00024
 1555   -0.00112   -0.00037   -0.00062
 1556   -0.00174    0.00110   -0.00082
 1557    0.00003    0.00015   -0.00028
 1558    0.00071   -0.00058   -0.00009
 1559    0.00144   -0.00004   -0.00046
 1560    0.00028    0.00129   -0.00013
 1561    0.00252   -0.00032    0.00050
 1562   -0.00077   -0.00060   -0.00198
 1563   -0.00085   -0.00007   -0.00283
 1564   -0.00110   -0.00058   -0.00335
 1565   -0.00049    0.00006   -0.00446
 1566   -0.00072   -0.00053   -0.00359
 1567   -0.00028   -0.00008   -0.00338
 1568   -0.00019   -0.00049   -0.00298
 1569    0.00014    0.00103   -0.00363
 1570   -0.00038   -0.00011   -0.00298
 1571    0.00016    0.00147   -0.00385
 1572   -0.00091    0.00089   -0.00364
 1573   -0.00178   -0.00217   -0.00345
 1574   -0.00401   -0.00434   -0.00421
 1575   -0.00390   -0.00406   -0.00250
 1576   -0.00293   -0.00386   -0.00383
 1577   -0.00466   -0.00721   -0.00509
 1578   -0.00242   -0.00619   -0.00566
 1579   -0.00770   -0.01380   -0.00636
 1580   -0.00383   -0.00336   -0.00020
 1581   -0.00476   -0.00208    0.00166
 1582   -0.00283    0.00132    0.00056
 1583   -0.00261    0.00286    0.00088
 1584   -0.00437   -0.00119    0.00269
 1585   -0.00432   -0.00334    0.00386
 1586   -0.00225   -0.00289    0.00335
 1587   -0.00087   -0.00104    0.00314
 1588    0.00160   -0.00281    0.00288
 1589   -0.00176    0.00263   -0.00102
 1590   -0.00052    0.00559   -0.00237
 1591    0.00189    0.00578   -0.00484
 1592    0.00327    0.00822   -0.00606
 1593   -0.00066    0.00525   -0.00283
 1594   -0.00157    0.00615   -0.00162
 1595   -0.00237    0.00755   -0.00275
 1596   -0.00184    0.00577   -0.00336
 1597   -0.00168    0.00422   -0.00284
 1598   -0.00172    0.00459   -0.00179
 1599   -0.00097    0.00337   -0.00340
 1600    0.00238    0.00315   -0.00574
 1601    0.00427    0.00238   -0.00866
 1602    0.00304    0.00019   -0.00962
 1603    0.00092   -0.00279   -0.01000
 1604    0.00534    0.00085   -0.00994
 1605    0.00616    0.00215   -0.00932
 1606    0.00685    0.00335   -0.01034
 1607    0.00440    0.00473   -0.00872
 1608    0.00909    0.00276   -0.01290
 1609    0.00265    0.00196   -0.00865
 1610    0.00080   -0.00129   -0.00873
 1611   -0.00088   -0.00778   -0.01216
 1612   -0.00487   -0.01320   -0.01187
 1613    0.00256    0.00073   -0.00957
 1614    0.00401   -0.00932   -0.02437
 1615    0.00295   -0.02177   -0.04224
 1616    0.00321   -0.02195   -0.04294
 1617   -0.00048   -0.03816   -0.06437
 1618    0.00504   -0.01255   -0.02965
 1619    0.00571   -0.01279   -0.03117
 1620   -0.00112   -0.01526   -0.02980
 1621   -0.00664   -0.01505   -0.02478
 1622    0.00840   -0.00766   -0.02484
 1623    0.01039   -0.00818   -0.02638
 1624    0.01540   -0.01056   -0.03585
 1625    0.01594   -0.01658   -0.04366
 1626    0.01713   -0.00626   -0.03519
 1627    0.00013   -0.02144   -0.03979
 1628   -0.01063   -0.02731   -0.04393
 1629   -0.00593   -0.02034   -0.03511
 1630   -0.01269   -0.01993   -0.03409
 1631   -0.02951   -0.08539   -0.09242
 1632   -0.01156   -0.08894   -0.11607
 1633   -0.07253   -0.12462   -0.10530
 1634    0.00201   -0.01829   -0.03353
 1635    0.00441   -0.01277   -0.02538
 1636    0.00173   -0.00918   -0.01973
 1637    0.00503   -0.00524   -0.01527
 1638    0.00881   -0.01225   -0.02578
 1639   -0.00367   -0.00815   -0.01874
 1640   -0.00524   -0.00619   -0.01377
 1641   -0.00635   -0.00583   -0.01444
 1642   -0.00652   -0.00512   -0.01806
 1643   -0.00768   -0.00536   -0.01266
 1644   -0.00578   -0.00460   -0.01147
 1645   -0.00528   -0.00648   -0.01414
 1646   -0.00415   -0.00317   -0.00837
 1647   -0.00202   -0.00502   -0.01274
 1648   -0.00069   -0.00243   -0.00821
 1649   -0.00062   -0.00263   -0.00934
 1650   -0.00551   -0.00491   -0.00961
 1651   -0.00312   -0.00614   -0.00906
 1652   -0.00339   -0.00529   -0.00742
 1653   -0.00346   -0.00337   -0.00562
 1654   -0.00256   -0.00502   -0.00721
 1655   -0.00059   -0.00692   -0.00892
 1656   -0.00196   -0.00592   -0.00672
 1657   -0.00114   -0.00635   -0.00462
 1658   -0.00042   -0.00660   -0.00325
 1659   -0.00069   -0.00608   -0.00377
 1660   -0.00024   -0.00636   -0.00603
 1661   -0.00082   -0.00569   -0.00128
 1662   -0.00063   -0.00478   -0.00009
 1663   -0.00078   -0.00440    0.00060
 1664   -0.00081   -0.00511    0.00081
 1665   -0.00038   -0.00411    0.00212
 1666    0.00003   -0.00461    0.00238
 1667   -0.00040   -0.00473    0.00296
 1668   -0.00118   -0.00451    0.00058
 1669   -0.00138   -0.00476    0.00104
 1670   -0.00199   -0.00429    0.00258
 1671   -0.00266   -0.00303    0.00254
 1672   -0.00116   -0.00460   -0.00045
 1673   -0.00226   -0.00509    0.00379
 1674   -0.00289   -0.00502    0.00548
 1675   -0.00343   -0.00538    0.00523
 1676   -0.00253   -0.00637    0.00516
 1677   -0.00286   -0.00526    0.00677
 1678   -0.00391   -0.00612    0.00831
 1679   -0.00380   -0.00480    0.00959
 1680   -0.00365   -0.00673    0.00872
 1681   -0.00442   -0.00396    0.00523
 1682   -0.00490   -0.00351    0.00476
 1683   -0.00685   -0.00237    0.00553
 1684   -0.00803   -0.00161    0.00687
 1685   -0.00455   -0.00241    0.00230
 1686   -0.00490   -0.00129    0.00093
 1687   -0.00738   -0.00221    0.00499
 1688   -0.00908   -0.00118    0.00493
 1689   -0.01013    0.00176    0.00300
 1690   -0.00893    0.00330   -0.00032
 1691   -0.00811   -0.00169    0.00406
 1692   -0.00974   -0.00199    0.00567
 1693   -0.00770   -0.00190    0.00396
 1694   -0.00877   -0.00338    0.00585
 1695   -0.01387   -0.00799    0.01181
 1696   -0.01250    0.00310    0.00509
 1697   -0.01353    0.00669    0.00408
 1698   -0.01545    0.01015    0.00288
 1699   -0.01639    0.01450   -0.00096
 1700   -0.01458    0.00915    0.00801
 1701   -0.01792    0.00994    0.00551
 1702   -0.01890    0.01832    0.00450
 1703   -0.01603    0.05966    0.00844
 1704    0.05180    0.21005    0.00454
 1705   -0.00447    0.02208   -0.00060
