    1   -0.01951    0.02083   -0.01397
    2   -0.01910    0.02037   -0.01221
    3   -0.01479    0.01785   -0.00796
    4   -0.01220    0.01631   -0.00596
    5   -0.02247    0.01941   -0.01421
    6   -0.02484    0.02220   -0.01584
    7   -0.03406    0.02129   -0.02146
    8   -0.02784    0.02243   -0.01681
    9   -0.01415    0.01783   -0.00727
   10   -0.01173    0.01645   -0.00505
   11   -0.01138    0.01522   -0.00468
   12   -0.01286    0.01611   -0.00588
   13   -0.01112    0.01965   -0.00426
   14   -0.01216    0.02361   -0.00569
   15   -0.01000    0.02665   -0.00505
   16   -0.00961    0.02924   -0.00608
   17   -0.00917    0.02325   -0.00254
   18   -0.00992    0.01328   -0.00340
   19   -0.00982    0.01247   -0.00326
   20   -0.00953    0.01467   -0.00262
   21   -0.00995    0.01672   -0.00235
   22   -0.00863    0.01061   -0.00242
   23   -0.00880    0.00895   -0.00298
   24   -0.00737    0.00807   -0.00168
   25   -0.01020    0.00871   -0.00494
   26   -0.00942    0.01418   -0.00249
   27   -0.00902    0.01580   -0.00217
   28   -0.00721    0.01508   -0.00057
   29   -0.00662    0.01336   -0.00001
   30   -0.00935    0.01572   -0.00296
   31   -0.01130    0.01634   -0.00436
   32   -0.01195    0.01642   -0.00506
   33   -0.01477    0.01737   -0.00648
   34   -0.01725    0.02030   -0.00777
   35   -0.00551    0.01691   -0.00031
   36   -0.00488    0.01552    0.00121
   37   -0.00436    0.01555    0.00032
   38   -0.00387    0.01705   -0.00061
   39   -0.00399    0.01658   -0.00048
   40   -0.00399    0.01730   -0.00111
   41   -0.00542    0.01899   -0.00143
   42   -0.00381    0.01279    0.00284
   43   -0.00313    0.01223    0.00314
   44   -0.00150    0.01211    0.00464
   45   -0.00170    0.01154    0.00574
   46   -0.00271    0.01008    0.00430
   47   -0.00204    0.00864    0.00504
   48   -0.00235    0.00838    0.00367
   49   -0.00345    0.00754    0.00227
   50   -0.00001    0.01366    0.00391
   51    0.00114    0.01391    0.00520
   52    0.00074    0.01085    0.00822
   53    0.00022    0.00922    0.00779
   54   -0.00117    0.01594    0.00444
   55   -0.00139    0.01539    0.00624
   56   -0.00413    0.01901    0.00169
   57   -0.00509    0.02105   -0.00389
   58   -0.00297    0.01624    0.00191
   59    0.00113    0.00916    0.00878
   60    0.00082    0.00752    0.01016
   61    0.00141    0.00577    0.01052
   62    0.00091    0.00561    0.01102
   63   -0.00133    0.00758    0.00871
   64   -0.00026    0.00540    0.00953
   65   -0.00121    0.00873    0.00764
   66   -0.00226    0.00555    0.00864
   67    0.00208    0.00463    0.01007
   68    0.00265    0.00321    0.01042
   69    0.00377    0.00108    0.01042
   70    0.00350    0.00180    0.00879
   71    0.00120    0.00560    0.00869
   72    0.00148    0.00405    0.00772
   73    0.00331    0.00159    0.00970
   74   -0.00081    0.00785    0.00489
   75    0.00538   -0.00067    0.01170
   76    0.00661   -0.00181    0.01170
   77    0.00611   -0.00142    0.01063
   78    0.00639   -0.00157    0.01013
   79    0.00790   -0.00278    0.01439
   80    0.00699   -0.00328    0.01580
   81    0.00507   -0.00106    0.01342
   82    0.00610   -0.00139    0.01038
   83    0.00607   -0.00121    0.00997
   84    0.00426    0.00035    0.00745
   85    0.00488   -0.00079    0.00737
   86    0.00517   -0.00061    0.00880
   87    0.00521   -0.00116    0.00782
   88    0.00411   -0.00030    0.00714
   89    0.00556    0.00110    0.01032
   90    0.00230   -0.00054    0.00386
   91    0.00233    0.00207    0.00646
   92    0.00105    0.00306    0.00500
   93    0.00167    0.00221    0.00532
   94    0.00131    0.00196    0.00439
   95   -0.00032    0.00560    0.00481
   96   -0.00202    0.00720    0.00334
   97   -0.00473    0.01153    0.00236
   98   -0.00519    0.01225    0.00124
   99    0.00258    0.00189    0.00650
  100    0.00290    0.00151    0.00668
  101    0.00393   -0.00007    0.00654
  102    0.00392    0.00011    0.00556
  103    0.00323    0.00132    0.00776
  104    0.00234    0.00257    0.00821
  105    0.00111    0.00474    0.00768
  106    0.00271    0.00281    0.00915
  107    0.00488   -0.00107    0.00729
  108    0.00608   -0.00215    0.00677
  109    0.00567   -0.00219    0.00527
  110    0.00609   -0.00299    0.00381
  111    0.00751   -0.00327    0.00806
  112    0.00868   -0.00327    0.00955
  113    0.00879   -0.00303    0.00940
  114    0.00996   -0.00393    0.01081
  115    0.00417   -0.00136    0.00485
  116    0.00273   -0.00151    0.00263
  117    0.00273   -0.00094    0.00131
  118    0.00274   -0.00143   -0.00034
  119    0.00143   -0.00033    0.00239
  120    0.00136   -0.00068    0.00110
  121    0.00200   -0.00125    0.00191
  122    0.00143   -0.00145    0.00013
  123    0.00244   -0.00203    0.00123
  124    0.00195   -0.00020    0.00192
  125    0.00101    0.00002    0.00129
  126    0.00225   -0.00091    0.00064
  127    0.00183   -0.00118   -0.00067
  128    0.00016    0.00149    0.00195
  129   -0.00077    0.00196    0.00102
  130   -0.00084    0.00303    0.00218
  131    0.00379   -0.00142    0.00166
  132    0.00513   -0.00231    0.00096
  133    0.00604   -0.00307   -0.00029
  134    0.00633   -0.00340   -0.00140
  135    0.00680   -0.00241    0.00254
  136    0.00643   -0.00161    0.00385
  137    0.00794   -0.00228    0.00532
  138    0.00586   -0.00100    0.00340
  139    0.00592   -0.00366   -0.00017
  140    0.00690   -0.00425   -0.00122
  141    0.00547   -0.00430   -0.00317
  142    0.00620   -0.00453   -0.00444
  143    0.00697   -0.00460   -0.00090
  144    0.00892   -0.00442    0.00109
  145    0.00837   -0.00405    0.00224
  146    0.01091   -0.00520    0.00117
  147    0.00927   -0.00447    0.00371
  148    0.01287   -0.00505    0.00266
  149    0.01263   -0.00503    0.00398
  150    0.01481   -0.00541    0.00532
  151    0.00365   -0.00317   -0.00343
  152    0.00187   -0.00256   -0.00479
  153    0.00167   -0.00247   -0.00512
  154    0.00088   -0.00264   -0.00667
  155   -0.00069   -0.00126   -0.00428
  156   -0.00095   -0.00078   -0.00502
  157   -0.00426    0.00110   -0.00475
  158   -0.00537    0.00207   -0.00524
  159   -0.00799    0.00268   -0.00648
  160   -0.00974    0.00255   -0.00730
  161   -0.01023    0.00350   -0.00739
  162    0.00236   -0.00224   -0.00409
  163    0.00238   -0.00165   -0.00482
  164    0.00402   -0.00227   -0.00557
  165    0.00393   -0.00249   -0.00640
  166    0.00205   -0.00112   -0.00350
  167    0.00042   -0.00009   -0.00284
  168    0.00082    0.00076   -0.00117
  169   -0.00112    0.00018   -0.00402
  170    0.00545   -0.00319   -0.00528
  171    0.00684   -0.00433   -0.00590
  172    0.00800   -0.00464   -0.00503
  173    0.00913   -0.00534   -0.00581
  174    0.00806   -0.00395   -0.00374
  175    0.00934   -0.00433   -0.00290
  176    0.01160   -0.00518   -0.00271
  177    0.01168   -0.00528   -0.00249
  178    0.00854   -0.00356   -0.00131
  179    0.01032   -0.00337   -0.00056
  180    0.00669   -0.00236   -0.00123
  181    0.01329   -0.00575   -0.00330
  182    0.01569   -0.00647   -0.00321
  183    0.01726   -0.00648   -0.00242
  184    0.01703   -0.00548   -0.00283
  185    0.01648   -0.00785   -0.00462
  186    0.01935   -0.00668   -0.00141
  187    0.02131   -0.00610   -0.00079
  188    0.02196   -0.00638    0.00201
  189    0.02148   -0.00629    0.00322
  190    0.02306   -0.00622    0.00276
  191    0.02403   -0.00632    0.00588
  192    0.02110   -0.00565    0.00710
  193    0.02202   -0.00593    0.00968
  194    0.02855   -0.00685    0.00575
  195    0.03483   -0.00708    0.00354
  196    0.04085   -0.00809    0.00234
  197    0.04174   -0.00777    0.00468
  198    0.04986   -0.00442   -0.00126
  199    0.01883   -0.00500    0.00534
  200    0.01655   -0.00415    0.00614
  201    0.01520   -0.00420    0.00751
  202    0.01464   -0.00414    0.00623
  203    0.01475   -0.00295    0.00463
  204    0.01565   -0.00267    0.00324
  205    0.01707   -0.00339    0.00126
  206    0.01439   -0.00218    0.00388
  207    0.01702   -0.00261    0.00083
  208    0.01532   -0.00180    0.00215
  209    0.01248   -0.00182    0.00584
  210    0.01448   -0.00083    0.00242
  211    0.01126   -0.00119    0.00609
  212    0.01223   -0.00048    0.00442
  213    0.01492   -0.00444    0.00958
  214    0.01378   -0.00449    0.01046
  215    0.01198   -0.00432    0.01120
  216    0.01188   -0.00454    0.01237
  217    0.01592   -0.00542    0.01140
  218    0.01767   -0.00521    0.01053
  219    0.01601   -0.00527    0.00842
  220    0.01690   -0.00533    0.00676
  221    0.01921   -0.00611    0.00633
  222    0.02142   -0.00672    0.00787
  223    0.01918   -0.00638    0.00462
  224    0.01025   -0.00335    0.01150
  225    0.00915   -0.00308    0.01209
  226    0.00976   -0.00407    0.01423
  227    0.01035   -0.00451    0.01436
  228    0.00734   -0.00188    0.01094
  229    0.00609   -0.00070    0.00975
  230    0.00609   -0.00073    0.00876
  231    0.00495   -0.00007    0.00988
  232    0.00539    0.00009    0.00786
  233    0.00403    0.00099    0.00880
  234    0.00422    0.00114    0.00792
  235    0.00898   -0.00442    0.01441
  236    0.00907   -0.00616    0.01661
  237    0.00777   -0.00564    0.01665
  238    0.00630   -0.00429    0.01580
  239    0.01010   -0.00775    0.01756
  240    0.00942   -0.01098    0.01981
  241    0.01252   -0.00868    0.01803
  242    0.00785   -0.00705    0.01828
  243    0.00614   -0.00808    0.01797
  244    0.00419   -0.01106    0.01878
  245    0.00426   -0.01279    0.02097
  246    0.00579   -0.00961    0.02018
  247    0.00512   -0.00765    0.01833
  248    0.00580   -0.00849    0.02100
  249    0.00459   -0.00465    0.01629
  250    0.00186   -0.01097    0.01793
  251   -0.00164   -0.01318    0.01893
  252   -0.00433   -0.01612    0.01946
  253   -0.00475   -0.01444    0.01740
  254   -0.00349   -0.01085    0.01639
  255   -0.00625   -0.01138    0.01725
  256   -0.00127   -0.00787    0.01569
  257   -0.00581   -0.01853    0.02170
  258   -0.00731   -0.02173    0.02390
  259   -0.01164   -0.02260    0.02374
  260   -0.01267   -0.02570    0.02589
  261   -0.00633   -0.02400    0.02856
  262   -0.00273   -0.02410    0.02973
  263   -0.00092   -0.02700    0.03308
  264   -0.00090   -0.02274    0.03046
  265   -0.01268   -0.02163    0.02270
  266   -0.01457   -0.02194    0.02069
  267   -0.01378   -0.01917    0.01654
  268   -0.01188   -0.01655    0.01738
  269   -0.01580   -0.01962    0.01385
  270   -0.01671   -0.01751    0.01250
  271   -0.01915   -0.01874    0.01433
  272   -0.02124   -0.01789    0.01315
  273   -0.01699   -0.01400    0.01049
  274   -0.01471   -0.00840    0.00824
  275   -0.01259   -0.00537    0.00466
  276   -0.01326   -0.00637    0.00784
  277   -0.02027   -0.02147    0.01706
  278   -0.02382   -0.02255    0.01825
  279   -0.02291   -0.02221    0.01817
  280   -0.01901   -0.02110    0.01831
  281   -0.02660   -0.02606    0.01994
  282   -0.02444   -0.02830    0.02131
  283   -0.02136   -0.02807    0.02216
  284   -0.02265   -0.03030    0.02470
  285   -0.01849   -0.02734    0.02236
  286   -0.02602   -0.02166    0.01791
  287   -0.02543   -0.01992    0.01767
  288   -0.02305   -0.02172    0.01939
  289   -0.01984   -0.02021    0.01860
  290   -0.02943   -0.01879    0.01824
  291   -0.03220   -0.01633    0.01652
  292   -0.03541   -0.01773    0.01751
  293   -0.03978   -0.02025    0.01921
  294   -0.03335   -0.01745    0.01616
  295   -0.02480   -0.02532    0.02169
  296   -0.02234   -0.02819    0.02278
  297   -0.01586   -0.02682    0.02392
  298   -0.01301   -0.02782    0.02499
  299   -0.02626   -0.03383    0.02507
  300   -0.01549   -0.02565    0.02350
  301   -0.01163   -0.02461    0.02372
  302   -0.00918   -0.02160    0.02143
  303   -0.00624   -0.02072    0.02241
  304   -0.01258   -0.02501    0.02377
  305   -0.01315   -0.02806    0.02606
  306   -0.01139   -0.01915    0.01961
  307   -0.01008   -0.01621    0.01805
  308   -0.00875   -0.01613    0.01830
  309   -0.00606   -0.01384    0.01765
  310   -0.01352   -0.01460    0.01579
  311   -0.01523   -0.01464    0.01456
  312   -0.01823   -0.01264    0.01269
  313   -0.01250   -0.01162    0.01490
  314   -0.01030   -0.01835    0.01891
  315   -0.00959   -0.01827    0.01945
  316   -0.00453   -0.01910    0.02085
  317   -0.00194   -0.01794    0.02072
  318   -0.00294   -0.02054    0.02252
  319    0.00083   -0.02183    0.02429
  320    0.00336   -0.01786    0.02369
  321    0.00631   -0.01838    0.02455
  322    0.00067   -0.02537    0.02629
  323   -0.00106   -0.02349    0.02627
  324    0.00227   -0.01522    0.02198
  325    0.00437   -0.01270    0.02112
  326    0.00637   -0.01142    0.02037
  327    0.00459   -0.01089    0.01926
  328    0.00200   -0.01088    0.01963
  329    0.00433   -0.00834    0.01800
  330    0.00079   -0.01213    0.02001
  331    0.00951   -0.01146    0.02119
  332    0.01114   -0.01105    0.02012
  333    0.00921   -0.00885    0.01781
  334    0.00806   -0.00733    0.01689
  335    0.01468   -0.01107    0.02052
  336    0.01529   -0.01238    0.02269
  337    0.01140   -0.01253    0.02216
  338    0.00918   -0.00866    0.01657
  339    0.00722   -0.00678    0.01432
  340    0.01119   -0.00551    0.01254
  341    0.01474   -0.00611    0.01278
  342    0.00405   -0.00712    0.01476
  343    0.01113   -0.00363    0.01041
  344    0.00716   -0.00243    0.00945
  345    0.00720   -0.00249    0.00988
  346    0.00990   -0.00317    0.01028
  347    0.00744   -0.00027    0.00710
  348    0.01149   -0.00021    0.00610
  349    0.01422   -0.00234    0.00800
  350    0.00407   -0.00190    0.01017
  351    0.00379   -0.00168    0.01017
  352    0.00225    0.00054    0.00826
  353   -0.00047    0.00164    0.00754
  354    0.00202   -0.00235    0.01172
  355    0.00339    0.00122    0.00750
  356    0.00293    0.00317    0.00611
  357    0.00119    0.00375    0.00600
  358    0.00040    0.00497    0.00511
  359    0.00557    0.00310    0.00500
  360    0.00698    0.00245    0.00502
  361    0.00119    0.00254    0.00716
  362    0.00005    0.00309    0.00704
  363   -0.00027    0.00182    0.00832
  364    0.00091    0.00052    0.00946
  365    0.00127    0.00365    0.00650
  366   -0.00181    0.00215    0.00816
  367   -0.00247    0.00109    0.00887
  368   -0.00256    0.00184    0.00850
  369   -0.00311    0.00297    0.00794
  370   -0.00445    0.00036    0.00897
  371   -0.00529   -0.00084    0.00961
  372   -0.00421   -0.00242    0.01081
  373   -0.00798   -0.00124    0.00840
  374   -0.00195    0.00245    0.00920
  375   -0.00219    0.00354    0.00873
  376   -0.00303    0.00346    0.00879
  377   -0.00317    0.00321    0.00933
  378   -0.00112    0.00360    0.00863
  379   -0.00097    0.00448    0.00815
  380   -0.00104    0.00456    0.00778
  381   -0.00007    0.00427    0.00837
  382   -0.00380    0.00451    0.00788
  383   -0.00427    0.00462    0.00748
  384   -0.00416    0.00552    0.00705
  385   -0.00374    0.00562    0.00715
  386   -0.00471    0.00372    0.00681
  387   -0.00447    0.00298    0.00560
  388   -0.00558    0.00147    0.00543
  389   -0.00390    0.00275    0.00436
  390   -0.00433    0.00572    0.00654
  391   -0.00414    0.00639    0.00627
  392   -0.00348    0.00578    0.00563
  393   -0.00378    0.00505    0.00465
  394   -0.00419    0.00684    0.00585
  395   -0.00404    0.00686    0.00456
  396   -0.00382    0.00789    0.00439
  397   -0.00431    0.00579    0.00291
  398   -0.00227    0.00623    0.00538
  399   -0.00126    0.00576    0.00410
  400   -0.00032    0.00588    0.00369
  401   -0.00046    0.00590    0.00471
  402   -0.00074    0.00509    0.00365
  403   -0.00025    0.00478    0.00415
  404    0.00130    0.00447    0.00395
  405   -0.00117    0.00503    0.00551
  406    0.00146    0.00374    0.00448
  407   -0.00068    0.00475    0.00603
  408    0.00034    0.00405    0.00570
  409    0.00122    0.00581    0.00239
  410    0.00247    0.00653    0.00210
  411    0.00320    0.00642    0.00326
  412    0.00390    0.00540    0.00255
  413    0.00356    0.00672    0.00006
  414    0.00209    0.00595   -0.00087
  415    0.00145    0.00560    0.00096
  416    0.00324    0.00728    0.00507
  417    0.00353    0.00601    0.00605
  418    0.00400    0.00596    0.00501
  419    0.00689    0.00564    0.00402
  420    0.00367    0.00564    0.00774
  421    0.00263    0.00292    0.00870
  422    0.00175    0.00279    0.00876
  423    0.00201    0.00316    0.00952
  424    0.00387    0.00465    0.00329
  425    0.00419    0.00312    0.00244
  426    0.00269   -0.00388    0.00217
  427    0.00278   -0.00628    0.00300
  428    0.00610    0.00120   -0.00065
  429    0.00735    0.00029   -0.00162
  430    0.00706    0.00563   -0.00138
  431    0.00272   -0.00590    0.00213
  432    0.00332   -0.01070    0.00203
  433    0.00651   -0.01119   -0.00101
  434    0.00656   -0.01572   -0.00092
  435    0.00294   -0.01218    0.00275
  436    0.00932   -0.00739   -0.00307
  437    0.01260   -0.00767   -0.00526
  438    0.01202   -0.00781   -0.00490
  439    0.01425   -0.01064   -0.00642
  440    0.01537   -0.00411   -0.00713
  441    0.01872   -0.00534   -0.00841
  442    0.02138   -0.00918   -0.00974
  443    0.02134   -0.01293   -0.01028
  444    0.02600   -0.00810   -0.01049
  445    0.00960   -0.00504   -0.00305
  446    0.00858   -0.00472   -0.00151
  447    0.00728   -0.00891   -0.00002
  448    0.00776   -0.01048   -0.00063
  449    0.00670   -0.00201    0.00006
  450    0.00524   -0.00149    0.00141
  451    0.00322   -0.00221    0.00408
  452    0.00560   -0.00050    0.00037
  453    0.00258   -0.00143    0.00470
  454    0.00365   -0.00028    0.00257
  455    0.00486   -0.01111    0.00241
  456    0.00277   -0.01679    0.00422
  457    0.00509   -0.02332    0.00202
  458    0.00369   -0.02987    0.00352
  459   -0.00073   -0.01894    0.00614
  460   -0.00464   -0.02120    0.00966
  461   -0.00351   -0.01578    0.01091
  462   -0.00335   -0.01667    0.01252
  463   -0.00038   -0.00971    0.00855
  464    0.00792   -0.02279   -0.00122
  465    0.01180   -0.02988   -0.00422
  466    0.01475   -0.02941   -0.00755
  467    0.01689   -0.03694   -0.01004
  468    0.01512   -0.02981   -0.00764
  469    0.01339   -0.03630   -0.00578
  470    0.01672   -0.04753   -0.00797
  471    0.00957   -0.03167   -0.00153
  472    0.01524   -0.02159   -0.00783
  473    0.01741   -0.02014   -0.01111
  474    0.01553   -0.02270   -0.00964
  475    0.01903   -0.02647   -0.01501
  476    0.01672   -0.01298   -0.00957
  477    0.01684   -0.01083   -0.01033
  478    0.02194   -0.01207   -0.01024
  479    0.01315   -0.00654   -0.00913
  480    0.02039   -0.01002   -0.01378
  481    0.01200   -0.00372   -0.01096
  482    0.01494   -0.00447   -0.01360
  483    0.01075   -0.02074   -0.00435
  484    0.00747   -0.02164   -0.00208
  485    0.00886   -0.03302   -0.00395
  486    0.00955   -0.03643   -0.00528
  487    0.00340   -0.01871    0.00372
  488    0.00277   -0.01091    0.00439
  489    0.00391   -0.00786    0.00197
  490    0.00231   -0.00421    0.00332
  491    0.00219   -0.00114    0.00177
  492    0.00363   -0.00094   -0.00205
  493    0.00034    0.00047    0.00362
  494    0.00909   -0.04088   -0.00243
  495    0.01057   -0.05645   -0.00073
  496    0.01662   -0.06165   -0.00903
  497    0.01769   -0.07118   -0.00992
  498    0.01140   -0.06309   -0.00020
  499    0.00535   -0.06148    0.00731
  500    0.00215   -0.07256    0.01456
  501   -0.00354   -0.06925    0.01934
  502   -0.00251   -0.08593    0.02792
  503    0.02221   -0.05805   -0.01613
  504    0.02906   -0.06269   -0.02603
  505    0.02950   -0.05610   -0.02926
  506    0.03407   -0.06329   -0.03580
  507    0.03481   -0.05976   -0.03407
  508    0.02561   -0.04406   -0.02541
  509    0.02430   -0.03621   -0.02714
  510    0.02151   -0.04131   -0.02292
  511    0.02358   -0.04107   -0.02755
  512    0.01936   -0.02397   -0.02005
  513    0.01834   -0.01586   -0.02168
  514    0.01307   -0.00603   -0.01639
  515    0.00967   -0.00627   -0.01005
  516    0.01011   -0.00048   -0.01678
  517    0.01566   -0.04328   -0.01478
  518    0.01326   -0.04933   -0.00982
  519    0.02066   -0.06328   -0.01565
  520    0.02264   -0.06395   -0.01529
  521    0.00899   -0.05357   -0.00400
  522    0.00409   -0.04215    0.00452
  523    0.00906   -0.06344   -0.00072
  524    0.00189   -0.04371    0.00831
  525    0.02461   -0.07534   -0.01942
  526    0.03417   -0.09269   -0.02477
  527    0.04388   -0.09216   -0.03724
  528    0.05464   -0.10583   -0.04586
  529    0.03683   -0.10924   -0.02121
  530    0.03276   -0.12012   -0.00914
  531    0.01899   -0.10489   -0.00217
  532    0.01530   -0.10428    0.00368
  533    0.01463   -0.09825   -0.00110
  534    0.04131   -0.07705   -0.03972
  535    0.04845   -0.07287   -0.05373
  536    0.04432   -0.06569   -0.05171
  537    0.05269   -0.06751   -0.06625
  538    0.04681   -0.06156   -0.05814
  539    0.05446   -0.05911   -0.07480
  540    0.04984   -0.04432   -0.07520
  541    0.04158   -0.03526   -0.06002
  542    0.05820   -0.04077   -0.09005
  543    0.03388   -0.05648   -0.03864
  544    0.02606   -0.04820   -0.02974
  545    0.02788   -0.05887   -0.02548
  546    0.02107   -0.04875   -0.01383
  547    0.01684   -0.03182   -0.02155
  548    0.01155   -0.01808   -0.02153
  549    0.01858   -0.02227   -0.03017
  550    0.00551   -0.01090   -0.01262
  551    0.03897   -0.07674   -0.03497
  552    0.04064   -0.09373   -0.02609
  553    0.03488   -0.08887   -0.01625
  554    0.02799   -0.08675   -0.00226
  555    0.05603   -0.11952   -0.04132
  556    0.03916   -0.08450   -0.02484
  557    0.03543   -0.08405   -0.01681
  558    0.02535   -0.05578   -0.02232
  559    0.03733   -0.07374   -0.03499
  560    0.01301   -0.03196   -0.01569
  561    0.00432   -0.01812   -0.01911
  562   -0.00297   -0.00663   -0.00877
  563   -0.00052   -0.00965    0.00109
  564    0.00112   -0.01146   -0.01616
  565    0.00045   -0.01034   -0.00567
  566   -0.00281   -0.00448   -0.00463
  567   -0.00430   -0.00053   -0.01000
  568   -0.00151   -0.00836    0.00047
  569   -0.01025    0.00389   -0.01081
  570   -0.01241    0.01130   -0.00427
  571   -0.01142    0.01210   -0.00117
  572   -0.01259    0.01264   -0.00456
  573   -0.01707    0.01446   -0.00874
  574   -0.01686    0.01878   -0.00499
  575   -0.01520    0.02159    0.00238
  576   -0.01321    0.02340    0.00728
  577   -0.01437    0.02230    0.00325
  578   -0.00918    0.01150    0.00451
  579   -0.00879    0.01213    0.00495
  580   -0.00848    0.01602    0.00661
  581   -0.00707    0.01662    0.00901
  582   -0.00655    0.00725    0.00806
  583   -0.00557    0.00939    0.00724
  584   -0.00595    0.00277    0.00698
  585   -0.00949    0.01768    0.00429
  586   -0.00996    0.02026    0.00498
  587   -0.00777    0.01995    0.00721
  588   -0.00657    0.01704    0.00671
  589   -0.01159    0.02092    0.00336
  590   -0.01194    0.02347    0.00416
  591   -0.00662    0.02298    0.00857
  592   -0.00567    0.02107    0.01025
  593   -0.00582    0.01998    0.01001
  594   -0.00439    0.01616    0.00963
  595   -0.00520    0.02558    0.01265
  596   -0.00757    0.02928    0.01126
  597   -0.00848    0.02543    0.00853
  598   -0.00765    0.02088    0.00883
  599   -0.00721    0.02081    0.00832
  600   -0.00530    0.01804    0.00727
  601   -0.00269    0.01582    0.00524
  602   -0.00903    0.02560    0.00733
  603   -0.00896    0.02944    0.00764
  604   -0.01185    0.03335    0.00732
  605   -0.01100    0.03407    0.00341
  606   -0.01433    0.03762    0.00275
  607   -0.00497    0.01624    0.00687
  608   -0.00332    0.01341    0.00589
  609   -0.00049    0.01198    0.00545
  610    0.00008    0.01164    0.00543
  611   -0.00455    0.01312    0.00549
  612   -0.00336    0.01080    0.00573
  613   -0.00672    0.01476    0.00453
  614    0.00052    0.01125    0.00466
  615    0.00240    0.00903    0.00458
  616    0.00137    0.00837    0.00514
  617    0.00064    0.00790    0.00531
  618    0.00278    0.00855    0.00357
  619    0.00233    0.00732    0.00316
  620    0.00181    0.00632    0.00370
  621    0.00207    0.00615    0.00229
  622    0.00126    0.00591    0.00311
  623    0.00166    0.00595    0.00200
  624    0.00115    0.00537    0.00216
  625    0.00038    0.00460    0.00091
  626    0.00138    0.00748    0.00587
  627    0.00030    0.00558    0.00702
  628    0.00001    0.00461    0.00735
  629   -0.00008    0.00480    0.00670
  630   -0.00058    0.00520    0.00873
  631   -0.00162    0.00367    0.00973
  632   -0.00232    0.00347    0.00997
  633   -0.00170    0.00157    0.01069
  634   -0.00268    0.00193    0.01110
  635   -0.00246   -0.00040    0.01168
  636   -0.00278   -0.00049    0.01214
  637   -0.00007    0.00420    0.00764
  638   -0.00045    0.00395    0.00697
  639   -0.00093    0.00240    0.00876
  640   -0.00101    0.00284    0.00893
  641   -0.00026    0.00426    0.00593
  642   -0.00043    0.00445    0.00606
  643   -0.00103    0.00400    0.00437
  644   -0.00159    0.00417    0.00339
  645   -0.00129    0.00221    0.00866
  646   -0.00208    0.00127    0.01036
  647   -0.00194    0.00287    0.00885
  648   -0.00228    0.00404    0.00653
  649   -0.00253    0.00044    0.00963
  650   -0.00252   -0.00076    0.00919
  651   -0.00268   -0.00217    0.00752
  652   -0.00272   -0.00540    0.00764
  653   -0.00419   -0.00819    0.00557
  654   -0.00232    0.00305    0.00901
  655   -0.00249    0.00392    0.00782
  656   -0.00333    0.00455    0.00594
  657   -0.00258    0.00410    0.00589
  658   -0.00233    0.00422    0.00886
  659   -0.00260    0.00500    0.00795
  660   -0.00285    0.00601    0.00848
  661   -0.00239    0.00586    0.00949
  662   -0.00289    0.00746    0.00803
  663   -0.00404    0.00576    0.00407
  664   -0.00484    0.00730    0.00183
  665   -0.00609    0.00972    0.00056
  666   -0.00680    0.01202   -0.00017
  667   -0.00539    0.00852    0.00029
  668   -0.00500    0.00755    0.00050
  669   -0.00475    0.00746    0.00171
  670   -0.00619    0.00899    0.00041
  671   -0.00698    0.01039   -0.00055
  672   -0.00631    0.01118    0.00075
  673   -0.00529    0.00992    0.00255
  674   -0.00761    0.00854   -0.00132
  675   -0.00803    0.00779   -0.00295
  676   -0.00859    0.00910   -0.00247
  677   -0.00801    0.00693   -0.00409
  678   -0.00732    0.01447   -0.00050
  679   -0.00658    0.01476    0.00072
  680   -0.00652    0.01479    0.00086
  681   -0.00753    0.01383   -0.00042
  682   -0.00456    0.01291    0.00316
  683   -0.00447    0.01280    0.00320
  684   -0.00447    0.01159    0.00285
  685   -0.00483    0.01159    0.00239
  686   -0.00595    0.01514    0.00128
  687   -0.00485    0.01595    0.00148
  688   -0.00241    0.01497    0.00188
  689   -0.00604    0.01876    0.00022
  690   -0.00397    0.00968    0.00399
  691   -0.00417    0.00903    0.00334
  692   -0.00291    0.00715    0.00582
  693   -0.00277    0.00677    0.00524
  694   -0.00491    0.00838    0.00245
  695   -0.00449    0.00725    0.00393
  696   -0.00248    0.00758    0.00736
  697   -0.00224    0.00694    0.00824
  698   -0.00218    0.00691    0.00804
  699   -0.00185    0.00629    0.00829
  700   -0.00251    0.00717    0.00891
  701   -0.00208    0.00881    0.00824
  702   -0.00153    0.00761    0.00713
  703   -0.00131    0.00738    0.00714
  704   -0.00106    0.00614    0.00656
  705   -0.00048    0.00565    0.00659
  706   -0.00180    0.00624    0.00544
  707   -0.00169    0.00546    0.00442
  708   -0.00149    0.00527    0.00529
  709   -0.00067    0.00475    0.00465
  710   -0.00287    0.00537    0.00303
  711   -0.00333    0.00528    0.00212
  712   -0.00262    0.00440    0.00171
  713   -0.00190    0.00544    0.00612
  714   -0.00174    0.00500    0.00689
  715   -0.00129    0.00507    0.00731
  716   -0.00090    0.00512    0.00683
  717   -0.00201    0.00456    0.00742
  718   -0.00246    0.00443    0.00654
  719   -0.00135    0.00449    0.00807
  720   -0.00276    0.00454    0.00504
  721   -0.00123    0.00534    0.00770
  722   -0.00100    0.00541    0.00767
  723   -0.00005    0.00518    0.00681
  724    0.00034    0.00503    0.00648
  725    0.00042    0.00493    0.00629
  726    0.00141    0.00423    0.00587
  727    0.00192    0.00414    0.00501
  728    0.00258    0.00386    0.00485
  729    0.00153    0.00360    0.00522
  730    0.00209    0.00308    0.00575
  731    0.00145    0.00379    0.00665
  732    0.00217    0.00220    0.00492
  733    0.00134    0.00445    0.00440
  734    0.00133    0.00437    0.00371
  735    0.00129    0.00506    0.00417
  736    0.00178    0.00506    0.00342
  737    0.00047    0.00459    0.00314
  738    0.00000    0.00396    0.00198
  739    0.00051    0.00474    0.00248
  740   -0.00122    0.00387    0.00127
  741    0.00050    0.00518    0.00550
  742    0.00023    0.00584    0.00548
  743    0.00078    0.00591    0.00486
  744    0.00078    0.00664    0.00438
  745   -0.00061    0.00607    0.00640
  746   -0.00069    0.00603    0.00678
  747   -0.00125    0.00552    0.00757
  748   -0.00021    0.00569    0.00643
  749   -0.00098    0.00477    0.00844
  750   -0.00042    0.00503    0.00739
  751    0.00126    0.00529    0.00507
  752    0.00209    0.00512    0.00509
  753    0.00346    0.00473    0.00419
  754    0.00398    0.00493    0.00330
  755    0.00262    0.00429    0.00586
  756    0.00379    0.00421    0.00395
  757    0.00483    0.00348    0.00245
  758    0.00435    0.00381    0.00142
  759    0.00485    0.00370    0.00091
  760    0.00515    0.00250    0.00183
  761    0.00618    0.00151   -0.00002
  762    0.00576    0.00143    0.00233
  763    0.00354    0.00430    0.00160
  764    0.00316    0.00447    0.00100
  765    0.00294    0.00575    0.00066
  766    0.00342    0.00621   -0.00015
  767    0.00239    0.00518    0.00211
  768    0.00204    0.00712    0.00163
  769    0.00097    0.00840    0.00118
  770    0.00156    0.00825    0.00117
  771    0.00030    0.00924    0.00142
  772   -0.00035    0.00916    0.00247
  773   -0.00098    0.01002    0.00333
  774   -0.00124    0.01153    0.00302
  775   -0.00041    0.00895    0.00412
  776    0.00375    0.00691    0.00063
  777    0.00651    0.00640   -0.00029
  778    0.00845    0.00419   -0.00103
  779    0.00962    0.00269   -0.00025
  780    0.00668    0.00553    0.00141
  781    0.00488    0.00605    0.00241
  782    0.00418    0.00655    0.00229
  783    0.00373    0.00586    0.00318
  784    0.00779    0.00355   -0.00200
  785    0.00894    0.00259   -0.00283
  786    0.01058    0.00239   -0.00385
  787    0.01152    0.00147   -0.00479
  788    0.00766    0.00239   -0.00324
  789    0.00625    0.00154   -0.00250
  790    0.00548    0.00134   -0.00298
  791    0.00562    0.00031   -0.00363
  792    0.00387    0.00190   -0.00152
  793    0.01063    0.00308   -0.00396
  794    0.01174    0.00463   -0.00528
  795    0.01343    0.00294   -0.00433
  796    0.01601    0.00290   -0.00570
  797    0.00900    0.00669   -0.00611
  798    0.00752    0.00665   -0.00400
  799    0.00703    0.00680   -0.00401
  800    0.00666    0.00712   -0.00296
  801    0.01318    0.00258   -0.00299
  802    0.01472    0.00050   -0.00175
  803    0.01607   -0.00131   -0.00145
  804    0.01815   -0.00279   -0.00289
  805    0.01291    0.00236   -0.00047
  806    0.01132    0.00387   -0.00126
  807    0.00956    0.00440    0.00042
  808    0.00669    0.00631    0.00018
  809    0.00452    0.00745    0.00037
  810    0.01457   -0.00135   -0.00061
  811    0.01521   -0.00189   -0.00124
  812    0.01524   -0.00237   -0.00283
  813    0.01404   -0.00196   -0.00346
  814    0.01292   -0.00085    0.00042
  815    0.01243   -0.00083    0.00118
  816    0.01122   -0.00012    0.00190
  817    0.01071   -0.00047    0.00227
  818    0.01678   -0.00388   -0.00344
  819    0.01630   -0.00521   -0.00566
  820    0.01477   -0.00529   -0.00532
  821    0.01364   -0.00469   -0.00413
  822    0.01415   -0.00700   -0.00694
  823    0.01228   -0.00741   -0.00647
  824    0.01302   -0.00881   -0.00810
  825    0.01450   -0.01021   -0.00937
  826    0.01077   -0.00652   -0.00758
  827    0.00965   -0.00476   -0.00627
  828    0.00802   -0.00354   -0.00576
  829    0.00988   -0.00411   -0.00596
  830    0.00733   -0.00214   -0.00437
  831    0.00850   -0.00223   -0.00494
  832    0.00747   -0.00151   -0.00425
  833    0.01209   -0.00841   -0.00815
  834    0.01280   -0.00961   -0.00978
  835    0.01150   -0.01007   -0.01147
  836    0.00997   -0.00927   -0.01121
  837    0.01246   -0.00903   -0.00925
  838    0.01014   -0.00748   -0.00893
  839    0.01015   -0.00711   -0.00845
  840    0.01186   -0.00792   -0.00827
  841    0.00860   -0.00616   -0.00828
  842    0.01238   -0.01186   -0.01370
  843    0.01186   -0.01282   -0.01671
  844    0.00924   -0.01130   -0.01590
  845    0.00954   -0.01095   -0.01629
  846    0.01437   -0.01660   -0.02011
  847    0.00743   -0.01064   -0.01618
  848    0.00530   -0.00960   -0.01681
  849    0.00462   -0.00747   -0.01476
  850    0.00342   -0.00638   -0.01492
  851    0.00547   -0.00685   -0.01287
  852    0.00492   -0.00546   -0.01098
  853    0.00340   -0.00436   -0.01135
  854    0.00303   -0.00476   -0.01187
  855    0.00599   -0.00568   -0.00944
  856    0.00530   -0.00435   -0.00796
  857    0.00223   -0.00318   -0.01077
  858    0.00072   -0.00214   -0.01099
  859    0.00082   -0.00162   -0.00955
  860    0.00027   -0.00125   -0.01007
  861   -0.00041   -0.00117   -0.01031
  862   -0.00252   -0.00041   -0.01040
  863   -0.00040   -0.00201   -0.01104
  864    0.00153   -0.00163   -0.00806
  865    0.00180   -0.00082   -0.00674
  866    0.00250   -0.00124   -0.00704
  867    0.00207   -0.00054   -0.00646
  868    0.00264   -0.00045   -0.00514
  869    0.00283    0.00055   -0.00305
  870    0.00171    0.00173   -0.00262
  871    0.00344    0.00089   -0.00169
  872    0.00365   -0.00279   -0.00794
  873    0.00414   -0.00343   -0.00854
  874    0.00346   -0.00368   -0.00904
  875    0.00347   -0.00373   -0.00794
  876    0.00585   -0.00536   -0.00923
  877    0.00676   -0.00622   -0.00941
  878    0.00769   -0.00865   -0.01105
  879    0.00920   -0.00942   -0.01101
  880    0.01007   -0.01169   -0.01323
  881    0.00268   -0.00404   -0.01051
  882    0.00182   -0.00413   -0.01148
  883    0.00121   -0.00228   -0.01075
  884    0.00097   -0.00178   -0.01057
  885    0.00104   -0.00404   -0.01395
  886    0.00028   -0.00346   -0.01546
  887    0.00024   -0.00541   -0.01751
  888    0.00104   -0.00623   -0.01664
  889   -0.00126   -0.00658   -0.02120
  890    0.00086   -0.00116   -0.00931
  891    0.00023    0.00040   -0.00779
  892    0.00090    0.00108   -0.00579
  893    0.00059    0.00208   -0.00542
  894   -0.00033    0.00076   -0.00643
  895   -0.00114    0.00227   -0.00485
  896   -0.00208    0.00207   -0.00502
  897   -0.00066    0.00278   -0.00323
  898   -0.00241    0.00261   -0.00403
  899   -0.00080    0.00335   -0.00152
  900   -0.00167    0.00297   -0.00197
  901    0.00150    0.00078   -0.00563
  902    0.00201    0.00111   -0.00405
  903    0.00230    0.00032   -0.00402
  904    0.00208    0.00074   -0.00305
  905    0.00261    0.00062   -0.00307
  906    0.00240    0.00196   -0.00210
  907    0.00355    0.00196   -0.00225
  908    0.00202    0.00346   -0.00041
  909    0.00278   -0.00136   -0.00636
  910    0.00279   -0.00226   -0.00670
  911    0.00205   -0.00066   -0.00672
  912    0.00191   -0.00047   -0.00626
  913    0.00322   -0.00429   -0.00846
  914    0.00345   -0.00511   -0.00928
  915    0.00155    0.00012   -0.00761
  916    0.00094    0.00153   -0.00830
  917    0.00134    0.00319   -0.00596
  918    0.00113    0.00393   -0.00603
  919    0.00057    0.00156   -0.00933
  920    0.00028    0.00005   -0.01203
  921   -0.00062    0.00026   -0.01353
  922   -0.00142    0.00093   -0.01258
  923   -0.00094   -0.00057   -0.01633
  924    0.00105    0.00336   -0.00467
  925    0.00054    0.00409   -0.00290
  926    0.00093    0.00420   -0.00155
  927    0.00076    0.00526   -0.00012
  928    0.00025    0.00418   -0.00223
  929    0.00061    0.00358   -0.00221
  930   -0.00059    0.00387   -0.00343
  931    0.00123    0.00305   -0.00223
  932    0.00127    0.00432   -0.00098
  933    0.00055    0.00640   -0.00017
  934    0.00004    0.00894    0.00109
  935    0.00223    0.00159   -0.00140
  936    0.00195    0.00340   -0.00112
  937    0.00336   -0.00088   -0.00070
  938    0.00439   -0.00353   -0.00083
  939    0.00392   -0.00158   -0.00061
  940    0.00087    0.00563   -0.00108
  941    0.00050    0.00658   -0.00075
  942    0.00009    0.00702   -0.00067
  943   -0.00045    0.00749   -0.00069
  944    0.00088    0.00531   -0.00208
  945    0.00049    0.00663   -0.00055
  946    0.00025    0.00571   -0.00054
  947   -0.00045    0.00657    0.00077
  948   -0.00038    0.00748    0.00150
  949   -0.00013    0.00497   -0.00089
  950   -0.00007    0.00538   -0.00223
  951   -0.00090    0.00490   -0.00289
  952   -0.00108    0.00449   -0.00523
  953   -0.00084    0.00598    0.00054
  954   -0.00107    0.00568    0.00124
  955   -0.00105    0.00471    0.00234
  956   -0.00107    0.00447    0.00208
  957   -0.00138    0.00514    0.00115
  958   -0.00139    0.00451    0.00155
  959   -0.00121    0.00489    0.00339
  960   -0.00091    0.00366    0.00510
  961   -0.00122    0.00364    0.00478
  962   -0.00152    0.00437    0.00437
  963   -0.00061    0.00289    0.00689
  964    0.00016    0.00366    0.00727
  965   -0.00047    0.00467    0.00446
  966   -0.00148    0.00413    0.00465
  967   -0.00202    0.00440    0.00369
  968   -0.00222    0.00477    0.00242
  969   -0.00248    0.00492    0.00173
  970   -0.00211    0.00469    0.00318
  971   -0.00103    0.00271    0.00357
  972    0.00031    0.00230    0.00442
  973   -0.00090   -0.00256    0.00289
  974   -0.00004    0.00318    0.00444
  975   -0.00172    0.00440    0.00200
  976   -0.00191    0.00415    0.00080
  977   -0.00193    0.00377    0.00074
  978   -0.00258    0.00351   -0.00084
  979   -0.00205    0.00443   -0.00010
  980   -0.00220    0.00423   -0.00000
  981   -0.00258    0.00425    0.00018
  982   -0.00201    0.00406    0.00030
  983   -0.00124    0.00398    0.00140
  984   -0.00127    0.00395    0.00116
  985   -0.00177    0.00413    0.00128
  986   -0.00191    0.00367    0.00034
  987   -0.00074    0.00422    0.00200
  988   -0.00024    0.00476    0.00135
  989    0.00032    0.00506    0.00250
  990    0.00068    0.00656    0.00203
  991    0.00131    0.00854    0.00269
  992    0.00126    0.00845    0.00402
  993    0.00151    0.00934    0.00233
  994   -0.00199    0.00417    0.00217
  995   -0.00280    0.00475    0.00168
  996   -0.00366    0.00516   -0.00017
  997   -0.00433    0.00559   -0.00099
  998   -0.00299    0.00519    0.00236
  999   -0.00360    0.00480   -0.00059
 1000   -0.00458    0.00537   -0.00221
 1001   -0.00513    0.00491   -0.00312
 1002   -0.00626    0.00514   -0.00437
 1003   -0.00495    0.00565   -0.00251
 1004   -0.00497    0.00639   -0.00221
 1005   -0.00531    0.00623   -0.00272
 1006   -0.00628    0.00776   -0.00341
 1007   -0.00517    0.00723   -0.00145
 1008   -0.00477    0.00391   -0.00303
 1009   -0.00486    0.00314   -0.00402
 1010   -0.00519    0.00315   -0.00403
 1011   -0.00633    0.00290   -0.00505
 1012   -0.00408    0.00269   -0.00426
 1013   -0.00369    0.00252   -0.00473
 1014   -0.00455    0.00367   -0.00260
 1015   -0.00485    0.00387   -0.00234
 1016   -0.00615    0.00523   -0.00367
 1017   -0.00670    0.00522   -0.00427
 1018   -0.00393    0.00413   -0.00038
 1019   -0.00425    0.00443   -0.00002
 1020   -0.00377    0.00402    0.00018
 1021   -0.00511    0.00545   -0.00012
 1022   -0.00396    0.00447    0.00056
 1023   -0.00521    0.00599    0.00017
 1024   -0.00467    0.00543    0.00067
 1025   -0.00620    0.00570   -0.00378
 1026   -0.00761    0.00712   -0.00509
 1027   -0.00877    0.00658   -0.00677
 1028   -0.00999    0.00725   -0.00805
 1029   -0.00741    0.00798   -0.00512
 1030   -0.00700    0.00801   -0.00395
 1031   -0.00676    0.00902   -0.00378
 1032   -0.00594    0.00884   -0.00272
 1033   -0.00835    0.01008   -0.00512
 1034   -0.00889    0.00504   -0.00715
 1035   -0.01014    0.00405   -0.00881
 1036   -0.01007    0.00276   -0.00901
 1037   -0.01155    0.00150   -0.01107
 1038   -0.01049    0.00270   -0.00932
 1039   -0.01072    0.00374   -0.00954
 1040   -0.00984    0.00305   -0.00936
 1041   -0.00986    0.00440   -0.00908
 1042   -0.01029    0.00321   -0.01005
 1043   -0.00892    0.00315   -0.00765
 1044   -0.00882    0.00220   -0.00803
 1045   -0.00944    0.00313   -0.00847
 1046   -0.00868    0.00415   -0.00712
 1047   -0.00695    0.00166   -0.00693
 1048   -0.00617    0.00080   -0.00752
 1049   -0.00628    0.00082   -0.00778
 1050   -0.00507    0.00030   -0.00829
 1051   -0.01127    0.00267   -0.01040
 1052   -0.01179    0.00365   -0.01051
 1053   -0.01107    0.00301   -0.00988
 1054   -0.01106    0.00421   -0.00918
 1055   -0.01445    0.00425   -0.01367
 1056   -0.01605    0.00466   -0.01502
 1057   -0.01614    0.00746   -0.01461
 1058   -0.01411    0.00798   -0.01205
 1059   -0.02226    0.01038   -0.02027
 1060   -0.01055    0.00173   -0.01011
 1061   -0.00910    0.00142   -0.00982
 1062   -0.00796    0.00177   -0.00791
 1063   -0.00789    0.00198   -0.00733
 1064   -0.00794    0.00013   -0.01043
 1065   -0.00683    0.00203   -0.00695
 1066   -0.00598    0.00244   -0.00558
 1067   -0.00695    0.00341   -0.00484
 1068   -0.00685    0.00350   -0.00394
 1069   -0.00523    0.00217   -0.00467
 1070   -0.00373    0.00103   -0.00522
 1071   -0.00444    0.00256   -0.00287
 1072   -0.00287    0.00123   -0.00481
 1073   -0.00839    0.00444   -0.00544
 1074   -0.00907    0.00584   -0.00515
 1075   -0.00970    0.00627   -0.00562
 1076   -0.00982    0.00716   -0.00510
 1077   -0.00980    0.00689   -0.00609
 1078   -0.00918    0.00662   -0.00556
 1079   -0.01025    0.00748   -0.00690
 1080   -0.01208    0.00804   -0.00864
 1081   -0.00905    0.00741   -0.00622
 1082   -0.01007    0.00547   -0.00678
 1083   -0.01076    0.00572   -0.00752
 1084   -0.00978    0.00498   -0.00650
 1085   -0.01085    0.00572   -0.00661
 1086   -0.01138    0.00495   -0.00912
 1087   -0.00844    0.00365   -0.00596
 1088   -0.00726    0.00302   -0.00497
 1089   -0.00724    0.00402   -0.00358
 1090   -0.00701    0.00435   -0.00307
 1091   -0.00549    0.00137   -0.00462
 1092   -0.00719    0.00471   -0.00312
 1093   -0.00690    0.00579   -0.00177
 1094   -0.00785    0.00736   -0.00231
 1095   -0.00740    0.00802   -0.00177
 1096   -0.00669    0.00640   -0.00129
 1097   -0.00633    0.00770   -0.00018
 1098   -0.00488    0.00767    0.00135
 1099   -0.00695    0.00914   -0.00071
 1100   -0.00484    0.00896    0.00177
 1101   -0.00596    0.01003    0.00045
 1102   -0.00925    0.00792   -0.00367
 1103   -0.01040    0.00960   -0.00426
 1104   -0.01127    0.00982   -0.00466
 1105   -0.01167    0.01129   -0.00468
 1106   -0.01168    0.01024   -0.00540
 1107   -0.01148    0.01047   -0.00522
 1108   -0.01246    0.01165   -0.00636
 1109   -0.01014    0.01060   -0.00386
 1110   -0.01138    0.00838   -0.00521
 1111   -0.01246    0.00851   -0.00597
 1112   -0.01134    0.00842   -0.00490
 1113   -0.01174    0.00976   -0.00538
 1114   -0.01193    0.00669   -0.00657
 1115   -0.00937    0.00740   -0.00319
 1116   -0.00793    0.00735   -0.00192
 1117   -0.00787    0.00972   -0.00142
 1118   -0.00829    0.01075   -0.00178
 1119   -0.00563    0.00532   -0.00031
 1120   -0.00364    0.00486    0.00121
 1121   -0.00457    0.00347   -0.00082
 1122   -0.00778    0.01048   -0.00146
 1123   -0.00713    0.01273   -0.00123
 1124   -0.00827    0.01496   -0.00266
 1125   -0.00717    0.01662   -0.00252
 1126   -0.00698    0.01290   -0.00138
 1127   -0.01044    0.01506   -0.00406
 1128   -0.01191    0.01736   -0.00567
 1129   -0.01261    0.01937   -0.00758
 1130   -0.01281    0.02244   -0.00969
 1131   -0.01376    0.01837   -0.00715
 1132   -0.01580    0.01889   -0.00916
 1133   -0.01539    0.01625   -0.00780
 1134   -0.01520    0.01587   -0.00789
 1135   -0.01480    0.01459   -0.00719
 1136   -0.01215    0.01763   -0.00639
 1137   -0.01305    0.01823   -0.00860
 1138   -0.01198    0.01835   -0.00802
 1139   -0.01278    0.02004   -0.00987
 1140   -0.01203    0.01428   -0.00743
 1141   -0.01302    0.01278   -0.00791
 1142   -0.01116    0.01214   -0.00666
 1143   -0.00992    0.01139   -0.00517
 1144   -0.01391    0.01518   -0.00877
 1145   -0.01097    0.01831   -0.00709
 1146   -0.01049    0.01959   -0.00860
 1147   -0.00988    0.02386   -0.01402
 1148   -0.01079    0.02661   -0.01760
 1149   -0.00922    0.02546   -0.01288
 1150   -0.00709    0.03009   -0.01717
 1151   -0.00590    0.02968   -0.01701
 1152   -0.00769    0.02560   -0.01051
 1153   -0.00327    0.03249   -0.02427
 1154   -0.00112    0.02906   -0.02162
 1155   -0.00317    0.02730   -0.01470
 1156   -0.00093    0.02779   -0.01746
 1157   -0.00376    0.02472   -0.00982
 1158   -0.00452    0.03270   -0.02117
 1159   -0.00171    0.02928   -0.01968
 1160    0.00302    0.03034   -0.02500
 1161    0.00160    0.03477   -0.02885
 1162   -0.00948    0.03059   -0.01517
 1163    0.01274    0.02651   -0.02819
 1164    0.01636    0.02655   -0.03452
 1165    0.02261    0.01794   -0.03649
 1166    0.02934    0.01325   -0.03279
 1167    0.02404    0.02644   -0.03712
 1168    0.01868    0.03188   -0.04025
 1169    0.02607    0.03053   -0.04544
 1170    0.01911    0.03519   -0.04836
 1171    0.01205    0.02900   -0.03620
 1172    0.00652    0.02448   -0.02327
 1173    0.01057    0.03218   -0.03577
 1174    0.02074    0.01772   -0.04076
 1175    0.02416    0.00680   -0.04401
 1176    0.02369   -0.00285   -0.04779
 1177    0.02902   -0.01979   -0.05618
 1178    0.02265    0.00416   -0.05355
 1179    0.02116    0.00151   -0.04338
 1180    0.01437    0.00205   -0.04412
 1181    0.01771    0.00144   -0.04717
 1182    0.01396    0.00366   -0.04928
 1183    0.01160    0.00314   -0.03999
 1184    0.01038    0.00357   -0.03714
 1185    0.00752    0.00639   -0.03792
 1186    0.01167    0.00800   -0.02846
 1187    0.02233    0.00178   -0.04615
 1188    0.02554    0.00666   -0.04761
 1189    0.02456    0.01192   -0.04455
 1190    0.02335    0.01335   -0.04258
 1191    0.03229    0.00312   -0.05052
 1192    0.02330    0.01501   -0.04376
 1193    0.02476    0.02029   -0.03821
 1194    0.01958    0.01889   -0.03117
 1195    0.01883    0.01863   -0.02773
 1196    0.02874    0.02155   -0.03731
 1197    0.02970    0.02530   -0.03006
 1198    0.02101    0.02028   -0.02560
 1199    0.03405    0.02210   -0.03365
 1200    0.02098    0.01810   -0.02700
 1201    0.01494    0.01561   -0.03031
 1202    0.00933    0.01336   -0.02133
 1203    0.00718    0.01266   -0.01506
 1204    0.00387    0.01158   -0.01668
 1205    0.00612    0.01060   -0.02010
 1206    0.00441    0.01010   -0.01161
 1207    0.01035    0.01047   -0.02933
 1208    0.01032    0.01191   -0.01062
 1209    0.00897    0.01128   -0.00560
 1210    0.00401    0.00885    0.00084
 1211    0.00413    0.00836    0.00326
 1212    0.00908    0.01119   -0.00295
 1213    0.01707    0.01594   -0.01162
 1214    0.01576    0.01639   -0.01302
 1215    0.02274    0.01649   -0.01169
 1216    0.00062    0.00843    0.00154
 1217   -0.00089    0.00769    0.00369
 1218   -0.00207    0.00835    0.00631
 1219   -0.00175    0.00892    0.00622
 1220   -0.00304    0.00687    0.00298
 1221   -0.00191    0.00532    0.00085
 1222   -0.00151    0.00500    0.00097
 1223   -0.00216    0.00587   -0.00515
 1224   -0.00132    0.00515   -0.00181
 1225   -0.00120    0.00632   -0.01154
 1226   -0.00102    0.00511   -0.00706
 1227   -0.00219    0.00571    0.00724
 1228   -0.00235    0.00622    0.00827
 1229   -0.00280    0.00590    0.00793
 1230   -0.00281    0.00609    0.00724
 1231   -0.00124    0.00506    0.00863
 1232   -0.00157    0.00444    0.00923
 1233   -0.00190    0.00591    0.01000
 1234   -0.00128    0.00335    0.00936
 1235   -0.00213    0.00515    0.00997
 1236   -0.00192    0.00335    0.00951
 1237   -0.00279    0.00667    0.00835
 1238   -0.00276    0.00622    0.00798
 1239   -0.00286    0.00573    0.00836
 1240   -0.00271    0.00571    0.00875
 1241   -0.00244    0.00667    0.00813
 1242   -0.00175    0.00733    0.00769
 1243   -0.00182    0.00828    0.00773
 1244   -0.00165    0.00661    0.00760
 1245   -0.00205    0.00865    0.00743
 1246   -0.00140    0.00664    0.00782
 1247   -0.00178    0.00763    0.00720
 1248   -0.00296    0.00553    0.00785
 1249   -0.00282    0.00549    0.00750
 1250   -0.00286    0.00554    0.00744
 1251   -0.00312    0.00549    0.00747
 1252   -0.00288    0.00498    0.00702
 1253   -0.00308    0.00460    0.00622
 1254   -0.00227    0.00451    0.00736
 1255   -0.00245    0.00429    0.00469
 1256   -0.00290    0.00534    0.00734
 1257   -0.00282    0.00510    0.00708
 1258   -0.00377    0.00514    0.00609
 1259   -0.00405    0.00571    0.00549
 1260   -0.00210    0.00547    0.00702
 1261   -0.00149    0.00529    0.00644
 1262   -0.00047    0.00456    0.00689
 1263   -0.00109    0.00582    0.00585
 1264   -0.00413    0.00489    0.00602
 1265   -0.00563    0.00516    0.00504
 1266   -0.00514    0.00566    0.00505
 1267   -0.00409    0.00480    0.00602
 1268   -0.00665    0.00454    0.00493
 1269   -0.00670    0.00390    0.00497
 1270   -0.00606    0.00317    0.00547
 1271   -0.00726    0.00433    0.00388
 1272   -0.00576    0.00301    0.00508
 1273   -0.00670    0.00351    0.00358
 1274   -0.00572    0.00304    0.00399
 1275   -0.00565    0.00681    0.00423
 1276   -0.00500    0.00752    0.00406
 1277   -0.00689    0.00887    0.00288
 1278   -0.00815    0.00994    0.00149
 1279   -0.00309    0.00761    0.00409
 1280   -0.00145    0.00772    0.00372
 1281   -0.00002    0.00674    0.00407
 1282   -0.00180    0.00887    0.00290
 1283   -0.00672    0.00966    0.00278
 1284   -0.00875    0.01165    0.00163
 1285   -0.00881    0.01384    0.00100
 1286   -0.00640    0.01325    0.00126
 1287   -0.00968    0.01134    0.00137
 1288   -0.01327    0.01360   -0.00050
 1289   -0.01379    0.01643   -0.00168
 1290   -0.01475    0.01233   -0.00037
 1291   -0.01060    0.01553   -0.00007
 1292   -0.01020    0.01798   -0.00021
 1293   -0.01253    0.02028   -0.00117
 1294   -0.01396    0.02002   -0.00177
 1295   -0.00884    0.01675    0.00161
 1296   -0.00860    0.01892    0.00268
 1297   -0.00656    0.01407    0.00262
 1298   -0.01288    0.02301   -0.00121
 1299   -0.01456    0.02716   -0.00234
 1300   -0.01648    0.02681   -0.00476
 1301   -0.01903    0.02812   -0.00521
 1302   -0.01495    0.02644   -0.00069
 1303   -0.01599    0.02971   -0.00025
 1304   -0.01715    0.03308   -0.00153
 1305   -0.01548    0.02957    0.00141
 1306   -0.01675    0.02498   -0.00453
 1307   -0.01963    0.02360   -0.00549
 1308   -0.02048    0.02057   -0.00519
 1309   -0.02294    0.01975   -0.00587
 1310   -0.01847    0.01922   -0.00423
 1311   -0.01871    0.01677   -0.00431
 1312   -0.01683    0.01449   -0.00316
 1313   -0.01453    0.01453   -0.00224
 1314   -0.01797    0.01715   -0.00440
 1315   -0.02059    0.01845   -0.00597
 1316   -0.02215    0.01692   -0.00702
 1317   -0.02182    0.02144   -0.00621
 1318   -0.02416    0.01878   -0.00841
 1319   -0.02408    0.02175   -0.00813
 1320   -0.01699    0.01223   -0.00278
 1321   -0.01499    0.01055   -0.00191
 1322   -0.01285    0.00981   -0.00183
 1323   -0.01325    0.00921   -0.00285
 1324   -0.01571    0.00842   -0.00145
 1325   -0.01404    0.00670   -0.00027
 1326   -0.01238    0.00649    0.00136
 1327   -0.01518    0.00500    0.00082
 1328   -0.01057    0.00953   -0.00045
 1329   -0.00891    0.00911    0.00017
 1330   -0.00774    0.00782    0.00118
 1331   -0.00740    0.00764    0.00206
 1332   -0.00797    0.00991    0.00125
 1333   -0.00914    0.01141    0.00089
 1334   -0.00903    0.01095    0.00089
 1335   -0.01053    0.01372    0.00046
 1336   -0.00987    0.01253    0.00058
 1337   -0.01157    0.01545   -0.00002
 1338   -0.01124    0.01485    0.00012
 1339   -0.01233    0.01625   -0.00032
 1340   -0.00674    0.00660    0.00108
 1341   -0.00575    0.00578    0.00208
 1342   -0.00449    0.00557    0.00395
 1343   -0.00444    0.00485    0.00410
 1344   -0.00566    0.00464    0.00112
 1345   -0.00421    0.00410    0.00211
 1346   -0.00301    0.00314    0.00106
 1347   -0.00149    0.00275    0.00185
 1348   -0.00351    0.00308   -0.00040
 1349   -0.00375    0.00554    0.00547
 1350   -0.00312    0.00544    0.00681
 1351   -0.00255    0.00470    0.00776
 1352   -0.00258    0.00512    0.00793
 1353   -0.00249    0.00617    0.00681
 1354   -0.00297    0.00718    0.00580
 1355   -0.00207    0.00762    0.00575
 1356   -0.00357    0.00746    0.00591
 1357   -0.00245    0.00370    0.00835
 1358   -0.00224    0.00309    0.00892
 1359   -0.00241    0.00202    0.01040
 1360   -0.00274    0.00046    0.01084
 1361   -0.00200    0.00224    0.00797
 1362   -0.00160    0.00188    0.00857
 1363   -0.00103    0.00116    0.00795
 1364   -0.00194    0.00173    0.00955
 1365   -0.00231    0.00268    0.01042
 1366   -0.00240    0.00181    0.01144
 1367   -0.00299    0.00128    0.01125
 1368   -0.00287    0.00059    0.01123
 1369   -0.00283    0.00044    0.01105
 1370   -0.00287   -0.00218    0.01157
 1371   -0.00218   -0.00530    0.01119
 1372   -0.00197   -0.00994    0.01078
 1373   -0.00277   -0.00214    0.01093
 1374   -0.00252    0.00160    0.01044
 1375   -0.00177    0.00162    0.01036
 1376   -0.00174   -0.00210    0.01044
 1377   -0.00105   -0.00637    0.01061
 1378   -0.00067   -0.00597    0.00991
 1379   -0.00242   -0.01098    0.01254
 1380   -0.00263   -0.00511    0.01180
 1381   -0.00143   -0.00776    0.01245
 1382   -0.00109   -0.00880    0.01298
 1383   -0.00292   -0.00629    0.01272
 1384   -0.00108   -0.00616    0.01101
 1385   -0.00036   -0.00629    0.00891
 1386    0.00192   -0.01139    0.00740
 1387    0.00297   -0.01220    0.00452
 1388   -0.00024   -0.01370    0.01276
 1389    0.00015   -0.01426    0.01289
 1390   -0.00024   -0.00656    0.01200
 1391    0.00136   -0.00539    0.01297
 1392    0.00559   -0.02395    0.01533
 1393    0.00626   -0.02848    0.01525
 1394    0.00303   -0.02304    0.01383
 1395   -0.00039   -0.00804    0.01298
 1396   -0.00050   -0.00399    0.01165
 1397   -0.00185   -0.00177    0.00967
 1398   -0.00153   -0.00292    0.00900
 1399    0.00076   -0.00909    0.01441
 1400    0.00262   -0.01743    0.01441
 1401    0.00181   -0.01681    0.00936
 1402    0.00770   -0.02730    0.01529
 1403    0.00436   -0.02446    0.00545
 1404    0.01122   -0.03932    0.01124
 1405    0.00840   -0.03483    0.00644
 1406   -0.00273    0.00145    0.00843
 1407   -0.00355    0.00332    0.00666
 1408   -0.00395    0.00201    0.00375
 1409   -0.00372    0.00008    0.00351
 1410   -0.00458    0.00597    0.00657
 1411   -0.00356    0.00570    0.00855
 1412   -0.00254    0.00303    0.00963
 1413   -0.00434    0.00327    0.00113
 1414   -0.00442    0.00312   -0.00318
 1415   -0.00695    0.00544   -0.00384
 1416   -0.00815    0.00599   -0.00318
 1417   -0.00301    0.00268   -0.00516
 1418   -0.00045    0.00339   -0.01087
 1419   -0.00015   -0.00045   -0.00322
 1420   -0.00756    0.00574   -0.00617
 1421   -0.01026    0.00776   -0.00755
 1422   -0.01073    0.00637   -0.00984
 1423   -0.01015    0.00382   -0.01528
 1424   -0.01127    0.00915   -0.00876
 1425   -0.01424    0.01165   -0.00680
 1426   -0.01547    0.01129   -0.00733
 1427   -0.01449    0.01389   -0.00705
 1428   -0.01248    0.00669   -0.00795
 1429   -0.01425    0.00456   -0.00759
 1430   -0.02000    0.00679   -0.00551
 1431   -0.02156    0.00584   -0.00470
 1432   -0.01517    0.00473   -0.00437
 1433   -0.01193    0.00333   -0.00494
 1434   -0.01129    0.00240   -0.00628
 1435   -0.00952    0.00341   -0.00435
 1436   -0.00768    0.00227   -0.00548
 1437   -0.00720    0.00253   -0.00359
 1438   -0.01956    0.00788   -0.00713
 1439   -0.02350    0.01011   -0.00668
 1440   -0.02535    0.01176   -0.00632
 1441   -0.02266    0.01172   -0.00514
 1442   -0.02933    0.01300   -0.00749
 1443   -0.03003    0.01460   -0.00829
 1444   -0.02814    0.01217   -0.00616
 1445   -0.02892    0.00937   -0.00520
 1446   -0.03465    0.01648   -0.00933
 1447   -0.02559    0.01322   -0.00502
 1448   -0.02382    0.01152   -0.00292
 1449   -0.02218    0.01334   -0.00273
 1450   -0.02135    0.01573   -0.00382
 1451   -0.02131    0.00990   -0.00186
 1452   -0.01958    0.00873   -0.00018
 1453   -0.02191    0.01207   -0.00155
 1454   -0.02038    0.01316   -0.00166
 1455   -0.01685    0.01179   -0.00028
 1456   -0.01620    0.00940    0.00100
 1457   -0.02177    0.01224   -0.00098
 1458   -0.02057    0.01304   -0.00098
 1459   -0.01490    0.01233   -0.00027
 1460   -0.01111    0.01073    0.00067
 1461   -0.01044    0.00800    0.00238
 1462   -0.00852    0.00591    0.00356
 1463   -0.00904    0.01215    0.00007
 1464   -0.00848    0.01349   -0.00064
 1465   -0.00494    0.01201    0.00053
 1466   -0.00545    0.01204    0.00081
 1467   -0.00059    0.00961    0.00075
 1468   -0.01235    0.00801    0.00238
 1469   -0.01272    0.00505    0.00400
 1470   -0.01475    0.00274    0.00526
 1471   -0.01423   -0.00018    0.00674
 1472   -0.01482    0.00514    0.00363
 1473   -0.01319    0.00782    0.00253
 1474   -0.00879    0.00845    0.00229
 1475   -0.01656    0.00913    0.00177
 1476   -0.01670    0.00443    0.00444
 1477   -0.01866    0.00299    0.00490
 1478   -0.01750    0.00236    0.00495
 1479   -0.01936    0.00217    0.00571
 1480   -0.02244    0.00410    0.00429
 1481   -0.02219    0.00647    0.00238
 1482   -0.02404    0.00420    0.00435
 1483   -0.01459    0.00296    0.00509
 1484   -0.01315    0.00298    0.00528
 1485   -0.01361    0.00087    0.00667
 1486   -0.01451    0.00063    0.00675
 1487   -0.00973    0.00380    0.00516
 1488   -0.00839    0.00389    0.00549
 1489   -0.00916    0.00592    0.00421
 1490   -0.00518    0.00338    0.00627
 1491   -0.01246   -0.00109    0.00760
 1492   -0.01246   -0.00331    0.00882
 1493   -0.01580   -0.00412    0.00870
 1494   -0.01623   -0.00465    0.00842
 1495   -0.01079   -0.00511    0.01115
 1496   -0.00642   -0.00417    0.01272
 1497   -0.00479   -0.00588    0.01441
 1498   -0.00467   -0.00367    0.01273
 1499   -0.01817   -0.00416    0.00892
 1500   -0.02155   -0.00464    0.00948
 1501   -0.02238   -0.00276    0.00949
 1502   -0.02323   -0.00383    0.01010
 1503   -0.02400   -0.00448    0.00987
 1504   -0.02837   -0.00515    0.01157
 1505   -0.03074   -0.00332    0.01177
 1506   -0.03154   -0.00471    0.01192
 1507   -0.03484   -0.00746    0.01410
 1508   -0.02141   -0.00023    0.00785
 1509   -0.02068    0.00107    0.00595
 1510   -0.01812    0.00075    0.00570
 1511   -0.01765    0.00114    0.00584
 1512   -0.02042    0.00297    0.00407
 1513   -0.02299    0.00385    0.00397
 1514   -0.02311    0.00557    0.00230
 1515   -0.02570    0.00317    0.00639
 1516   -0.01561    0.00061    0.00534
 1517   -0.01311    0.00070    0.00513
 1518   -0.01352   -0.00066    0.00592
 1519   -0.01213   -0.00033    0.00560
 1520   -0.01050    0.00170    0.00547
 1521   -0.01633   -0.00293    0.00826
 1522   -0.01694   -0.00502    0.00802
 1523   -0.01842   -0.00491    0.00783
 1524   -0.01743   -0.00540    0.00686
 1525   -0.01786   -0.00812    0.00919
 1526   -0.02091   -0.00404    0.00880
 1527   -0.02057   -0.00336    0.00874
 1528   -0.01586   -0.00119    0.00817
 1529   -0.01471   -0.00134    0.00804
 1530   -0.02214   -0.00152    0.00935
 1531   -0.02345   -0.00046    0.01059
 1532   -0.02688    0.00170    0.01144
 1533   -0.03123    0.00322    0.01324
 1534   -0.03977    0.00101    0.01562
 1535   -0.01479    0.00022    0.00724
 1536   -0.01194    0.00195    0.00696
 1537   -0.00929    0.00068    0.00482
 1538   -0.00586    0.00109    0.00295
 1539   -0.01056    0.00288    0.00474
 1540   -0.00798    0.00260    0.00205
 1541   -0.01262    0.00320    0.00495
 1542   -0.01014   -0.00049    0.00442
 1543   -0.00816   -0.00008    0.00257
 1544   -0.00797   -0.00042    0.00124
 1545   -0.00570    0.00075   -0.00066
 1546   -0.00973   -0.00086    0.00374
 1547   -0.00830   -0.00011    0.00498
 1548   -0.01096   -0.00206    0.00346
 1549   -0.00953   -0.00194    0.00127
 1550   -0.00583   -0.00078    0.00136
 1551   -0.00280   -0.00013   -0.00142
 1552   -0.01657   -0.00719    0.00570
 1553   -0.01844   -0.01179    0.00687
 1554   -0.02310   -0.01598    0.00946
 1555   -0.02543   -0.01347    0.01125
 1556   -0.02759   -0.01264    0.01219
 1557   -0.02658   -0.01398    0.01218
 1558   -0.03010   -0.01118    0.01291
 1559   -0.00563   -0.00058    0.00248
 1560    0.00016    0.00032    0.00033
 1561    0.00401    0.00114   -0.00211
 1562    0.00746    0.00084   -0.00344
 1563   -0.00079    0.00048    0.00193
 1564   -0.00418    0.00076    0.00527
 1565   -0.00509    0.00130    0.00540
 1566   -0.00432    0.00045    0.00215
 1567   -0.00926    0.00207    0.00633
 1568    0.00193    0.00199   -0.00192
 1569    0.00367    0.00243   -0.00405
 1570    0.00344    0.00253   -0.00446
 1571    0.00581    0.00253   -0.00556
 1572    0.00155    0.00266   -0.00222
 1573    0.00193    0.00263   -0.00147
 1574    0.00053    0.00263   -0.00088
 1575    0.00290    0.00311   -0.00023
 1576    0.00033    0.00294   -0.00070
 1577    0.00238    0.00295    0.00058
 1578    0.00096    0.00278   -0.00049
 1579    0.00080    0.00214   -0.00460
 1580    0.00177    0.00260   -0.00752
 1581    0.00434    0.00259   -0.00944
 1582    0.00597    0.00289   -0.01191
 1583   -0.00122    0.00223   -0.00773
 1584   -0.00392    0.00250   -0.00527
 1585   -0.00085    0.00367   -0.01015
 1586    0.00458    0.00202   -0.00823
 1587    0.00730    0.00220   -0.00871
 1588    0.01062    0.00181   -0.00949
 1589    0.01367    0.00148   -0.01103
 1590    0.00539    0.00173   -0.00638
 1591    0.00186    0.00044   -0.00601
 1592   -0.00194   -0.00008   -0.00144
 1593   -0.00098    0.00033    0.00037
 1594   -0.00862   -0.00179    0.00258
 1595    0.01163    0.00080   -0.00844
 1596    0.01413    0.00094   -0.00777
 1597    0.01369    0.00136   -0.00903
 1598    0.01580    0.00165   -0.00973
 1599    0.01341    0.00047   -0.00629
 1600    0.01426   -0.00233   -0.00468
 1601    0.01424   -0.00329   -0.00596
 1602    0.01193   -0.00099   -0.00562
 1603    0.00974   -0.00012   -0.00419
 1604    0.00963   -0.00115   -0.00388
 1605    0.00783    0.00171   -0.00317
 1606    0.01060    0.00243   -0.00959
 1607    0.01031    0.00320   -0.01031
 1608    0.01019    0.00305   -0.01240
 1609    0.00782    0.00375   -0.01234
 1610    0.00779    0.00348   -0.00753
 1611    0.00767    0.00287   -0.00549
 1612    0.00957    0.00249   -0.00611
 1613    0.01057    0.00177   -0.00501
 1614    0.01018    0.00246   -0.00700
 1615    0.01253    0.00239   -0.01471
 1616    0.01210    0.00267   -0.01864
 1617    0.01018    0.00355   -0.02097
 1618    0.00748    0.00441   -0.02165
 1619    0.01562    0.00189   -0.02126
 1620    0.01157    0.00257   -0.02222
 1621    0.01040    0.00308   -0.02442
 1622    0.00796    0.00455   -0.02104
 1623    0.00644    0.00541   -0.02311
 1624    0.00750    0.00507   -0.01592
 1625    0.00543    0.00585   -0.01389
 1626    0.00305    0.00714   -0.01366
 1627    0.00268    0.00706   -0.01365
 1628    0.00587    0.00504   -0.01039
 1629    0.00402    0.00561   -0.00767
 1630    0.00432    0.00621   -0.00861
 1631    0.00329    0.00726   -0.00960
 1632    0.00522    0.00552   -0.00885
 1633    0.00225    0.00843   -0.01338
 1634    0.00048    0.00930   -0.01305
 1635   -0.00070    0.00928   -0.00926
 1636   -0.00253    0.00867   -0.00856
 1637    0.00006    0.01352   -0.01537
 1638   -0.00105    0.01602   -0.01394
 1639    0.00134    0.01320   -0.01960
 1640   -0.00037    0.00850   -0.00768
 1641   -0.00125    0.00776   -0.00547
 1642   -0.00216    0.00705   -0.00235
 1643   -0.00185    0.00614   -0.00113
 1644   -0.00041    0.00719   -0.00529
 1645   -0.00288    0.00708   -0.00242
 1646   -0.00369    0.00554    0.00023
 1647   -0.00489    0.00488    0.00100
 1648   -0.00485    0.00539   -0.00024
 1649   -0.00372    0.00433   -0.00077
 1650   -0.00230    0.00488   -0.00230
 1651   -0.00111    0.00510   -0.00490
 1652   -0.00185    0.00450   -0.00077
 1653    0.00113    0.00493   -0.00544
 1654    0.00004    0.00412   -0.00164
 1655    0.00176    0.00417   -0.00381
 1656   -0.00574    0.00372    0.00435
 1657   -0.00452    0.00379    0.00563
 1658   -0.00479    0.00289    0.00718
 1659   -0.00494    0.00405    0.00702
 1660   -0.00364    0.00614    0.00573
 1661   -0.00331    0.00696    0.00511
 1662   -0.00425   -0.00085    0.00949
 1663   -0.00289   -0.00126    0.01097
 1664   -0.00088   -0.00202    0.01178
 1665    0.00004   -0.00384    0.01248
 1666   -0.00491   -0.00231    0.01139
 1667   -0.00013   -0.00021    0.01144
 1668    0.00206   -0.00088    0.01226
 1669    0.00191   -0.00131    0.01200
 1670    0.00037   -0.00078    0.01104
 1671    0.00344   -0.00045    0.01158
 1672    0.00408   -0.00069    0.01238
 1673    0.00208    0.00096    0.01031
 1674    0.00307   -0.00280    0.01319
 1675    0.00301   -0.00282    0.01300
 1676    0.00536   -0.00241    0.01199
 1677    0.00697   -0.00338    0.01260
 1678    0.00243   -0.00452    0.01433
 1679    0.00507   -0.00151    0.01068
 1680    0.00683   -0.00154    0.00986
 1681    0.00774   -0.00212    0.01015
 1682    0.00660   -0.00127    0.00958
 1683    0.00595    0.00021    0.00828
 1684    0.00754    0.00010    0.00708
 1685    0.00852   -0.00111    0.00744
 1686    0.00660    0.00149    0.00596
 1687    0.00999   -0.00356    0.01123
 1688    0.01120   -0.00422    0.01176
 1689    0.01417   -0.00507    0.01178
 1690    0.01534   -0.00531    0.01218
 1691    0.01017   -0.00536    0.01400
 1692    0.01017   -0.00670    0.01594
 1693    0.01543   -0.00504    0.01091
 1694    0.01920   -0.00541    0.01028
 1695    0.02177   -0.00670    0.01321
 1696    0.02145   -0.00702    0.01357
 1697    0.02016   -0.00418    0.00733
 1698    0.02404   -0.00439    0.00557
 1699    0.02519   -0.00267    0.00259
 1700    0.02958   -0.00344    0.00079
 1701    0.03021   -0.00224   -0.00199
 1702    0.02382   -0.00732    0.01524
 1703    0.02726   -0.00831    0.01968
 1704    0.03240   -0.00859    0.01907
 1705    0.03773   -0.00744    0.02214
 1706    0.02860   -0.00841    0.02110
 1707    0.03430   -0.00715    0.01569
 1708    0.04203   -0.00485    0.01471
 1709    0.05801    0.00191    0.02247
 1710    0.07881    0.02109    0.02492
 1711    0.04329   -0.00342    0.01204
