    1   -0.00049   -0.02112    0.02496
    2   -0.00108   -0.01998    0.02180
    3   -0.00233   -0.01586    0.01542
    4   -0.00201   -0.01318    0.01284
    5   -0.00467   -0.01852    0.02357
    6   -0.00149   -0.01892    0.02670
    7   -0.00089   -0.01728    0.03060
    8    0.00190   -0.01727    0.02924
    9   -0.00365   -0.01681    0.01395
   10   -0.00374   -0.01460    0.01045
   11   -0.00489   -0.01155    0.00894
   12   -0.00507   -0.01168    0.01058
   13   -0.00301   -0.01726    0.00900
   14   -0.00311   -0.02000    0.01054
   15   -0.00535   -0.02440    0.01018
   16   -0.00477   -0.02932    0.01069
   17   -0.00559   -0.02262    0.00800
   18   -0.00525   -0.00928    0.00728
   19   -0.00613   -0.00716    0.00671
   20   -0.00616   -0.00699    0.00551
   21   -0.00568   -0.00851    0.00497
   22   -0.00631   -0.00562    0.00551
   23   -0.00614   -0.00524    0.00603
   24   -0.00611   -0.00476    0.00437
   25   -0.00636   -0.00462    0.00725
   26   -0.00720   -0.00522    0.00520
   27   -0.00713   -0.00428    0.00385
   28   -0.00614   -0.00394    0.00246
   29   -0.00622   -0.00394    0.00235
   30   -0.00785   -0.00317    0.00383
   31   -0.00915   -0.00314    0.00505
   32   -0.00941   -0.00200    0.00447
   33   -0.01123   -0.00165    0.00591
   34   -0.01141   -0.00229    0.00626
   35   -0.00509   -0.00328    0.00126
   36   -0.00439   -0.00245   -0.00009
   37   -0.00491   -0.00160   -0.00002
   38   -0.00511   -0.00090    0.00022
   39   -0.00302   -0.00098   -0.00100
   40   -0.00263   -0.00153   -0.00055
   41   -0.00461   -0.00287    0.00083
   42   -0.00495   -0.00163   -0.00014
   43   -0.00530   -0.00112    0.00020
   44   -0.00435   -0.00027   -0.00058
   45   -0.00368   -0.00024   -0.00112
   46   -0.00556   -0.00156    0.00030
   47   -0.00571   -0.00110    0.00034
   48   -0.00672   -0.00065    0.00115
   49   -0.00731   -0.00134    0.00172
   50   -0.00458    0.00029   -0.00054
   51   -0.00393    0.00077   -0.00114
   52   -0.00382    0.00058   -0.00044
   53   -0.00431    0.00038   -0.00022
   54   -0.00447    0.00141   -0.00150
   55   -0.00370    0.00146   -0.00163
   56   -0.00433    0.00195   -0.00249
   57   -0.00564    0.00244   -0.00348
   58   -0.00310    0.00126   -0.00225
   59   -0.00290    0.00039   -0.00077
   60   -0.00261    0.00021   -0.00055
   61   -0.00247    0.00054   -0.00042
   62   -0.00182    0.00081   -0.00008
   63   -0.00208    0.00007   -0.00114
   64   -0.00182    0.00001   -0.00038
   65   -0.00158    0.00034   -0.00136
   66   -0.00152   -0.00016   -0.00063
   67   -0.00291    0.00090   -0.00000
   68   -0.00263    0.00152    0.00040
   69   -0.00306    0.00142    0.00082
   70   -0.00372    0.00146    0.00102
   71   -0.00350    0.00144   -0.00025
   72   -0.00332    0.00167   -0.00015
   73   -0.00267    0.00197    0.00013
   74   -0.00418    0.00212   -0.00023
   75   -0.00257    0.00150    0.00147
   76   -0.00249    0.00159    0.00201
   77   -0.00323    0.00221    0.00228
   78   -0.00348    0.00199    0.00304
   79   -0.00141    0.00202    0.00323
   80   -0.00163    0.00180    0.00180
   81   -0.00199    0.00144    0.00120
   82   -0.00325    0.00265    0.00178
   83   -0.00425    0.00286    0.00203
   84   -0.00540    0.00240    0.00168
   85   -0.00595    0.00243    0.00221
   86   -0.00461    0.00245    0.00121
   87   -0.00518    0.00389    0.00261
   88   -0.00448    0.00420    0.00366
   89   -0.00402    0.00356    0.00284
   90   -0.00635    0.00498    0.00316
   91   -0.00536    0.00203    0.00145
   92   -0.00647    0.00170    0.00149
   93   -0.00641    0.00115    0.00169
   94   -0.00692    0.00063    0.00192
   95   -0.00636    0.00146    0.00115
   96   -0.00674    0.00212    0.00065
   97   -0.00676    0.00217   -0.00017
   98   -0.00761    0.00176    0.00064
   99   -0.00557    0.00102    0.00165
  100   -0.00533    0.00045    0.00166
  101   -0.00537    0.00046    0.00246
  102   -0.00573   -0.00012    0.00202
  103   -0.00456    0.00038    0.00167
  104   -0.00459   -0.00011    0.00123
  105   -0.00461   -0.00001    0.00106
  106   -0.00380   -0.00011    0.00124
  107   -0.00496    0.00102    0.00285
  108   -0.00485    0.00089    0.00300
  109   -0.00546    0.00061    0.00265
  110   -0.00537    0.00005    0.00228
  111   -0.00427    0.00157    0.00287
  112   -0.00267    0.00173    0.00389
  113   -0.00216    0.00095    0.00444
  114   -0.00245    0.00236    0.00369
  115   -0.00640    0.00079    0.00239
  116   -0.00707    0.00062    0.00231
  117   -0.00750    0.00004    0.00219
  118   -0.00791   -0.00013    0.00210
  119   -0.00798    0.00123    0.00258
  120   -0.00802    0.00198    0.00259
  121   -0.00956    0.00254    0.00222
  122   -0.01021    0.00320    0.00194
  123   -0.00947    0.00358    0.00167
  124   -0.00753   -0.00026    0.00209
  125   -0.00795   -0.00070    0.00167
  126   -0.00741   -0.00112    0.00122
  127   -0.00718   -0.00142    0.00061
  128   -0.00787   -0.00081    0.00151
  129   -0.00803   -0.00129    0.00119
  130   -0.00772   -0.00057    0.00182
  131   -0.00665   -0.00112    0.00127
  132   -0.00594   -0.00160    0.00080
  133   -0.00577   -0.00187    0.00014
  134   -0.00538   -0.00266   -0.00093
  135   -0.00517   -0.00140    0.00183
  136   -0.00488   -0.00138    0.00167
  137   -0.00385   -0.00137    0.00260
  138   -0.00528   -0.00211    0.00082
  139   -0.00616   -0.00142    0.00072
  140   -0.00599   -0.00180    0.00014
  141   -0.00634   -0.00232   -0.00139
  142   -0.00595   -0.00365   -0.00353
  143   -0.00588   -0.00119    0.00064
  144   -0.00665   -0.00052    0.00107
  145   -0.00709   -0.00157   -0.00089
  146   -0.00739   -0.00153   -0.00133
  147   -0.00702   -0.00147   -0.00211
  148   -0.00765   -0.00176   -0.00323
  149   -0.00850   -0.00118    0.00071
  150   -0.00993   -0.00050    0.00229
  151   -0.01012   -0.00027    0.00322
  152   -0.01102    0.00067    0.00375
  153   -0.01301    0.00066    0.00445
  154   -0.01265   -0.00003    0.00462
  155   -0.01481    0.00234    0.00488
  156   -0.00687   -0.00131   -0.00203
  157   -0.00673   -0.00126   -0.00291
  158   -0.00632   -0.00200   -0.00462
  159   -0.00552   -0.00207   -0.00596
  160   -0.00642   -0.00135   -0.00152
  161   -0.00672   -0.00106   -0.00064
  162   -0.00678   -0.00157   -0.00049
  163   -0.00648   -0.00037   -0.00079
  164   -0.00604   -0.00346   -0.00527
  165   -0.00551   -0.00514   -0.00558
  166   -0.00459   -0.00578   -0.00330
  167   -0.00417   -0.00738   -0.00314
  168   -0.00439   -0.00498   -0.00173
  169   -0.00360   -0.00541   -0.00037
  170   -0.00298   -0.00544    0.00013
  171   -0.00327   -0.00409    0.00039
  172   -0.00392   -0.00426    0.00030
  173   -0.00286   -0.00446    0.00075
  174   -0.00453   -0.00396   -0.00045
  175   -0.00222   -0.00667   -0.00036
  176   -0.00163   -0.00636   -0.00073
  177   -0.00007   -0.00607   -0.00049
  178    0.00080   -0.00610   -0.00060
  179   -0.00129   -0.00967   -0.00175
  180    0.00128   -0.00425   -0.00059
  181    0.00566   -0.00145    0.00001
  182    0.00743    0.00266    0.00315
  183    0.00508    0.00225    0.00313
  184    0.00931    0.00345    0.00326
  185    0.01198    0.00766    0.00720
  186    0.00951    0.00503    0.00519
  187    0.01130    0.00700    0.00583
  188    0.01823    0.01174    0.00652
  189    0.02049    0.00853    0.00054
  190    0.03102    0.01367   -0.00019
  191    0.03604    0.02189    0.00432
  192    0.03784    0.01137   -0.00517
  193    0.00706    0.00173    0.00293
  194    0.00574    0.00070    0.00144
  195    0.00381    0.00075    0.00372
  196    0.00206    0.00003    0.00400
  197    0.00446   -0.00111   -0.00030
  198    0.00655   -0.00127   -0.00278
  199    0.00748   -0.00198   -0.00405
  200    0.00720   -0.00108   -0.00403
  201    0.00883   -0.00167   -0.00569
  202    0.00854   -0.00124   -0.00610
  203    0.00660   -0.00103   -0.00372
  204    0.00955   -0.00044   -0.00691
  205    0.00725   -0.00082   -0.00517
  206    0.00884   -0.00034   -0.00674
  207    0.00383    0.00116    0.00450
  208    0.00223    0.00108    0.00531
  209    0.00154    0.00063    0.00485
  210    0.00269    0.00054    0.00444
  211    0.00355    0.00259    0.00592
  212    0.00564    0.00353    0.00690
  213    0.00942    0.00532    0.00971
  214    0.01271    0.00651    0.01204
  215    0.01352    0.00556    0.01169
  216    0.01656    0.00690    0.01375
  217    0.01142    0.00393    0.00752
  218    0.00020    0.00040    0.00534
  219    0.00005    0.00035    0.00476
  220    0.00046    0.00081    0.00560
  221    0.00051    0.00155    0.00555
  222   -0.00155    0.00042    0.00413
  223   -0.00223    0.00003    0.00303
  224   -0.00301   -0.00032    0.00295
  225   -0.00213   -0.00048    0.00228
  226   -0.00360   -0.00098    0.00188
  227   -0.00292   -0.00086    0.00143
  228   -0.00392   -0.00127    0.00136
  229    0.00103    0.00090    0.00489
  230    0.00167    0.00116    0.00544
  231    0.00154    0.00047    0.00493
  232    0.00130    0.00017    0.00431
  233    0.00414    0.00152    0.00596
  234    0.00535    0.00166    0.00567
  235    0.00535    0.00200    0.00611
  236    0.00172    0.00045    0.00506
  237    0.00115   -0.00009    0.00237
  238    0.00187   -0.00067    0.00297
  239    0.00289   -0.00063    0.00466
  240    0.00044   -0.00049    0.00232
  241   -0.00024   -0.00006    0.00187
  242   -0.00066   -0.00001    0.00205
  243   -0.00064    0.00030    0.00174
  244    0.00149   -0.00107    0.00227
  245    0.00183   -0.00137    0.00216
  246    0.00156   -0.00161    0.00208
  247    0.00122   -0.00153    0.00179
  248    0.00143   -0.00168    0.00171
  249    0.00190   -0.00153    0.00124
  250    0.00156   -0.00150    0.00162
  251    0.00190   -0.00163    0.00267
  252    0.00199   -0.00203    0.00286
  253    0.00206   -0.00218    0.00244
  254    0.00207   -0.00231    0.00262
  255    0.00233   -0.00217    0.00369
  256    0.00219   -0.00194    0.00373
  257    0.00201   -0.00250    0.00492
  258    0.00114   -0.00204    0.00389
  259    0.00231   -0.00210    0.00228
  260    0.00229   -0.00226    0.00207
  261    0.00239   -0.00199    0.00118
  262    0.00248   -0.00204    0.00114
  263    0.00242   -0.00212    0.00093
  264    0.00216   -0.00190    0.00020
  265    0.00224   -0.00216    0.00037
  266    0.00188   -0.00191   -0.00016
  267    0.00178   -0.00166   -0.00007
  268    0.00163   -0.00139   -0.00050
  269    0.00145   -0.00100   -0.00110
  270    0.00140   -0.00113   -0.00085
  271    0.00254   -0.00223    0.00109
  272    0.00240   -0.00205    0.00139
  273    0.00316   -0.00229    0.00094
  274    0.00355   -0.00241    0.00084
  275    0.00241   -0.00224    0.00265
  276    0.00290   -0.00259    0.00323
  277    0.00285   -0.00258    0.00317
  278    0.00270   -0.00281    0.00407
  279    0.00287   -0.00245    0.00257
  280    0.00344   -0.00227    0.00075
  281    0.00456   -0.00240    0.00033
  282    0.00567   -0.00272    0.00083
  283    0.00648   -0.00256    0.00048
  284    0.00491   -0.00246    0.00029
  285    0.00438   -0.00187   -0.00068
  286    0.00297   -0.00160   -0.00081
  287    0.00224   -0.00186    0.00001
  288    0.00279   -0.00114   -0.00155
  289    0.00561   -0.00306    0.00176
  290    0.00599   -0.00372    0.00252
  291    0.00566   -0.00371    0.00258
  292    0.00606   -0.00437    0.00312
  293    0.00553   -0.00413    0.00390
  294    0.00741   -0.00410    0.00566
  295    0.00796   -0.00427    0.00972
  296    0.00627   -0.00364    0.01171
  297    0.01572   -0.01596    0.03648
  298    0.00502   -0.00331    0.00225
  299    0.00492   -0.00307    0.00246
  300    0.00509   -0.00274    0.00171
  301    0.00530   -0.00235    0.00210
  302    0.00413   -0.00271    0.00264
  303    0.00394   -0.00274    0.00321
  304    0.00492   -0.00265    0.00101
  305    0.00484   -0.00231    0.00031
  306    0.00571   -0.00202   -0.00002
  307    0.00631   -0.00135   -0.00017
  308    0.00428   -0.00210   -0.00034
  309    0.00333   -0.00210   -0.00027
  310    0.00303   -0.00169   -0.00074
  311    0.00310   -0.00181   -0.00024
  312    0.00666   -0.00188    0.00016
  313    0.00799   -0.00087    0.00001
  314    0.00879   -0.00022    0.00085
  315    0.01069    0.00088    0.00026
  316    0.00797   -0.00135    0.00138
  317    0.00900   -0.00085    0.00234
  318    0.00840   -0.00053    0.00200
  319    0.00857   -0.00015    0.00312
  320    0.00757   -0.00251    0.00272
  321    0.00645   -0.00254    0.00287
  322    0.00773   -0.00041    0.00160
  323    0.00778    0.00015    0.00208
  324    0.00941    0.00148    0.00140
  325    0.00968    0.00212    0.00053
  326    0.00584   -0.00075    0.00175
  327    0.00570   -0.00044    0.00147
  328    0.00471   -0.00124    0.00244
  329    0.01056    0.00245    0.00282
  330    0.01231    0.00392    0.00214
  331    0.01177    0.00370   -0.00008
  332    0.00937    0.00211   -0.00018
  333    0.01306    0.00422    0.00341
  334    0.01243    0.00374    0.00532
  335    0.01023    0.00206    0.00434
  336    0.01360    0.00516   -0.00213
  337    0.01231    0.00417   -0.00388
  338    0.01480    0.00595   -0.00582
  339    0.02009    0.01079   -0.00879
  340    0.01174    0.00389   -0.00400
  341    0.01344    0.00383   -0.00575
  342    0.01051    0.00188   -0.00452
  343    0.00887    0.00091   -0.00414
  344    0.00934    0.00127   -0.00378
  345    0.01124    0.00141   -0.00598
  346    0.01386    0.00252   -0.00778
  347    0.01601    0.00496   -0.00795
  348    0.00709    0.00046   -0.00378
  349    0.00568   -0.00021   -0.00333
  350    0.00406   -0.00045   -0.00369
  351    0.00373   -0.00016   -0.00371
  352    0.00488   -0.00022   -0.00235
  353    0.00333   -0.00105   -0.00361
  354    0.00242   -0.00140   -0.00345
  355    0.00054   -0.00130   -0.00292
  356   -0.00022   -0.00117   -0.00289
  357    0.00269   -0.00185   -0.00368
  358    0.00140   -0.00186   -0.00260
  359   -0.00017   -0.00104   -0.00215
  360   -0.00137   -0.00111   -0.00191
  361   -0.00141   -0.00100   -0.00133
  362   -0.00075   -0.00113   -0.00072
  363   -0.00248   -0.00130   -0.00158
  364   -0.00156   -0.00088   -0.00140
  365   -0.00128   -0.00105   -0.00101
  366   -0.00195   -0.00104   -0.00109
  367   -0.00266   -0.00091   -0.00144
  368   -0.00078   -0.00090   -0.00125
  369   -0.00021   -0.00088   -0.00098
  370    0.00015   -0.00111   -0.00036
  371    0.00022   -0.00075   -0.00139
  372   -0.00204   -0.00126   -0.00077
  373   -0.00233   -0.00122   -0.00089
  374   -0.00187   -0.00110   -0.00102
  375   -0.00141   -0.00134   -0.00056
  376   -0.00281   -0.00099   -0.00051
  377   -0.00373   -0.00105   -0.00072
  378   -0.00471   -0.00152   -0.00109
  379   -0.00374   -0.00097   -0.00013
  380   -0.00188   -0.00081   -0.00150
  381   -0.00144   -0.00081   -0.00186
  382   -0.00142   -0.00067   -0.00215
  383   -0.00163   -0.00083   -0.00213
  384   -0.00101   -0.00070   -0.00201
  385   -0.00034   -0.00051   -0.00223
  386   -0.00005   -0.00054   -0.00191
  387    0.00008   -0.00054   -0.00245
  388   -0.00086   -0.00042   -0.00219
  389   -0.00087   -0.00022   -0.00250
  390   -0.00023    0.00004   -0.00281
  391   -0.00016    0.00017   -0.00279
  392   -0.00111   -0.00012   -0.00237
  393   -0.00108    0.00016   -0.00288
  394   -0.00157    0.00007   -0.00257
  395   -0.00046    0.00039   -0.00307
  396    0.00020    0.00036   -0.00342
  397    0.00083    0.00060   -0.00377
  398    0.00104    0.00114   -0.00429
  399    0.00086    0.00125   -0.00420
  400    0.00108    0.00047   -0.00358
  401    0.00122    0.00063   -0.00384
  402    0.00213    0.00095   -0.00427
  403    0.00065    0.00012   -0.00349
  404    0.00255    0.00109   -0.00451
  405    0.00046    0.00004   -0.00376
  406    0.00157    0.00046   -0.00395
  407    0.00191    0.00146   -0.00455
  408    0.00249    0.00212   -0.00494
  409    0.00310    0.00267   -0.00531
  410    0.00380    0.00220   -0.00556
  411    0.00270    0.00195   -0.00506
  412    0.00248    0.00142   -0.00476
  413    0.00196    0.00104   -0.00420
  414    0.00337    0.00310   -0.00537
  415    0.00359    0.00340   -0.00549
  416    0.00512    0.00420   -0.00562
  417    0.00518    0.00450   -0.00573
  418    0.00281    0.00363   -0.00499
  419    0.00204    0.00299   -0.00534
  420    0.00189    0.00201   -0.00502
  421    0.00144    0.00158   -0.00492
  422    0.00620    0.00413   -0.00560
  423    0.00791    0.00501   -0.00625
  424    0.00877    0.00609   -0.00634
  425    0.00883    0.00567   -0.00547
  426    0.00824    0.00477   -0.00671
  427    0.00828    0.00434   -0.00656
  428    0.00678    0.00391   -0.00633
  429    0.01006    0.00635   -0.00700
  430    0.01157    0.00621   -0.00702
  431    0.01177    0.00591   -0.00630
  432    0.01286    0.00540   -0.00605
  433    0.01273    0.00705   -0.00827
  434    0.01204    0.00597   -0.00651
  435    0.01206    0.00551   -0.00612
  436    0.01108    0.00450   -0.00570
  437    0.01247    0.00444   -0.00561
  438    0.01222    0.00551   -0.00614
  439    0.01138    0.00488   -0.00549
  440    0.01215    0.00488   -0.00465
  441    0.01386    0.00589   -0.00434
  442    0.01239    0.00464   -0.00418
  443    0.00995    0.00392   -0.00566
  444    0.00903    0.00335   -0.00531
  445    0.00982    0.00325   -0.00546
  446    0.00984    0.00309   -0.00514
  447    0.00748    0.00316   -0.00559
  448    0.00628    0.00231   -0.00502
  449    0.00526    0.00234   -0.00488
  450    0.00563    0.00187   -0.00476
  451    0.00415    0.00175   -0.00442
  452    0.00449    0.00141   -0.00430
  453    0.01044    0.00350   -0.00557
  454    0.01128    0.00304   -0.00572
  455    0.01269    0.00305   -0.00500
  456    0.01324    0.00243   -0.00417
  457    0.01148    0.00384   -0.00573
  458    0.01085    0.00329   -0.00700
  459    0.00845    0.00292   -0.00743
  460    0.00588    0.00233   -0.00486
  461    0.00549    0.00254   -0.00551
  462    0.01351    0.00409   -0.00499
  463    0.01410    0.00381   -0.00407
  464    0.01433    0.00425   -0.00491
  465    0.01656    0.00319   -0.00431
  466    0.01690    0.00302   -0.00594
  467    0.01352    0.00655   -0.00397
  468    0.01201    0.00234   -0.00393
  469    0.01837    0.00444   -0.00664
  470    0.01455    0.00427   -0.00737
  471    0.01399    0.00484   -0.00856
  472    0.01303    0.00427   -0.00744
  473    0.01272    0.00321   -0.00753
  474    0.01153    0.00368   -0.00531
  475    0.00988    0.00310   -0.00429
  476    0.00954    0.00244   -0.00428
  477    0.00850    0.00318   -0.00458
  478    0.00784    0.00198   -0.00346
  479    0.00689    0.00232   -0.00409
  480    0.00659    0.00198   -0.00349
  481    0.01181    0.00323   -0.00441
  482    0.01069    0.00347   -0.00348
  483    0.01221    0.00248   -0.00271
  484    0.01184    0.00262   -0.00139
  485    0.00911    0.00271   -0.00313
  486    0.00705    0.00206   -0.00357
  487    0.00542    0.00114   -0.00325
  488    0.00348    0.00057   -0.00386
  489    0.00226    0.00003   -0.00364
  490    0.00267    0.00021   -0.00316
  491    0.00082   -0.00039   -0.00353
  492    0.01442    0.00140   -0.00173
  493    0.01800   -0.00104    0.00173
  494    0.01907   -0.00042    0.00159
  495    0.02064   -0.00018    0.00375
  496    0.02091   -0.00513    0.00377
  497    0.01871   -0.00050    0.00095
  498    0.02843   -0.01785    0.01673
  499    0.01826    0.00439   -0.00772
  500   -0.02747    0.11932   -0.11342
  501    0.01863    0.00044   -0.00157
  502    0.01896   -0.00049   -0.00439
  503    0.01496    0.00196   -0.00529
  504    0.01372    0.00268   -0.00408
  505    0.02068   -0.00310   -0.01193
  506    0.02565   -0.00770   -0.01227
  507    0.03145   -0.01698   -0.01496
  508    0.05868   -0.05360   -0.03169
  509    0.07821   -0.19192   -0.16721
  510    0.01258    0.00274   -0.00591
  511    0.00897    0.00333   -0.00458
  512    0.01007    0.00343    0.00137
  513    0.00878    0.00352    0.00369
  514    0.00865    0.00128   -0.00188
  515    0.00643    0.00024   -0.00058
  516    0.00532    0.00014   -0.00133
  517    0.00584    0.00160   -0.00228
  518    0.00397    0.00005   -0.00106
  519    0.01164    0.00442    0.00232
  520    0.01209    0.00597    0.00445
  521    0.01350    0.00837    0.00648
  522    0.01228    0.00893    0.00765
  523    0.01370    0.00597    0.00434
  524    0.01131    0.00471    0.00239
  525    0.01584    0.00770    0.00628
  526    0.01071    0.00230   -0.00169
  527    0.01581    0.00900    0.00700
  528    0.01642    0.01250    0.00923
  529    0.01165    0.01285    0.00985
  530    0.00958    0.01819    0.01258
  531    0.02153    0.00887    0.00911
  532    0.03226    0.00467    0.01442
  533    0.03588   -0.00167    0.01506
  534    0.02805    0.00078    0.01267
  535    0.04991   -0.01737    0.02030
  536    0.00977    0.00899    0.00753
  537    0.00566    0.00836    0.00985
  538    0.00353    0.00883    0.01328
  539   -0.00011    0.01061    0.01884
  540    0.00468    0.00461    0.00485
  541    0.00028    0.00406    0.00496
  542   -0.00720    0.00586    0.02389
  543   -0.00658    0.00328    0.02363
  544   -0.00986    0.01101    0.03300
  545    0.00569    0.00725    0.01027
  546    0.00551    0.00623    0.01018
  547    0.00554    0.00914    0.01184
  548    0.00565    0.00732    0.01122
  549    0.00669    0.00308    0.00662
  550    0.00534    0.00040    0.00541
  551    0.00453    0.00044    0.00545
  552    0.00515   -0.00019    0.00256
  553    0.00672    0.01368    0.01228
  554    0.00704    0.01911    0.01298
  555    0.00714    0.01427    0.01022
  556    0.00843    0.00963    0.00736
  557    0.00310    0.02553    0.01843
  558    0.00160    0.02637    0.02047
  559   -0.00517    0.04076    0.03680
  560   -0.00794    0.03507    0.03974
  561   -0.00226    0.03227    0.03176
  562    0.00605    0.01401    0.01089
  563    0.00642    0.00853    0.00864
  564    0.00770    0.00292    0.00962
  565    0.00651    0.00862    0.01279
  566    0.00738    0.00109    0.00888
  567    0.00741   -0.00081    0.00978
  568    0.00680   -0.00359    0.00757
  569    0.00585   -0.00459    0.00545
  570    0.00695   -0.00121    0.00856
  571    0.00654   -0.00149    0.00621
  572    0.00551   -0.00226    0.00463
  573    0.00470   -0.00247    0.00315
  574    0.00498   -0.00171    0.00489
  575    0.00739   -0.00479    0.00761
  576    0.00612   -0.00638    0.00624
  577    0.00376   -0.00638    0.00462
  578    0.00358   -0.00567    0.00390
  579    0.00661   -0.00695    0.00738
  580    0.00491   -0.00764    0.00631
  581    0.00442   -0.00877    0.00596
  582    0.00497   -0.00955    0.00629
  583    0.00305   -0.00783    0.00529
  584    0.00270   -0.00671    0.00347
  585    0.00103   -0.00567    0.00193
  586    0.00048   -0.00655    0.00238
  587    0.00051   -0.00787    0.00285
  588    0.00036   -0.00563    0.00155
  589   -0.00134   -0.00489    0.00073
  590    0.00140   -0.00462    0.00140
  591   -0.00000   -0.00603    0.00220
  592   -0.00061   -0.00640    0.00256
  593   -0.00222   -0.00685    0.00244
  594   -0.00333   -0.00522    0.00153
  595   -0.00089   -0.00552    0.00232
  596   -0.00115   -0.00631    0.00329
  597   -0.00259   -0.00808    0.00327
  598   -0.00357   -0.00480    0.00475
  599   -0.00581   -0.00358    0.00420
  600   -0.01558    0.00860    0.00421
  601   -0.00314   -0.00778    0.00601
  602   -0.00212   -0.01163    0.00535
  603   -0.00136   -0.00920    0.00459
  604   -0.00572   -0.00515    0.00438
  605   -0.00716   -0.00381    0.00340
  606   -0.00778   -0.00265    0.00156
  607   -0.00985   -0.00045    0.00049
  608   -0.00607   -0.00768    0.00324
  609   -0.00895   -0.01113    0.00540
  610   -0.00819   -0.01210    0.00632
  611   -0.00367   -0.00701    0.00223
  612   -0.00191   -0.00530    0.00218
  613   -0.00712   -0.00235    0.00101
  614   -0.00732   -0.00153   -0.00048
  615   -0.01123    0.00063   -0.00193
  616   -0.01243    0.00171   -0.00141
  617   -0.00522   -0.00262   -0.00083
  618   -0.00627   -0.00185   -0.00158
  619   -0.00379   -0.00318   -0.00024
  620   -0.01210    0.00080   -0.00212
  621   -0.01529    0.00374   -0.00330
  622   -0.01303    0.00144   -0.00295
  623   -0.01144   -0.00002   -0.00260
  624   -0.01445    0.00286   -0.00320
  625   -0.01495    0.00278   -0.00298
  626   -0.01264    0.00137   -0.00322
  627   -0.01595    0.00472   -0.00224
  628   -0.01096    0.00097   -0.00272
  629   -0.01263    0.00469   -0.00267
  630   -0.01018    0.00301   -0.00248
  631   -0.00680    0.00372   -0.00164
  632   -0.01422    0.00214   -0.00274
  633   -0.01257   -0.00028   -0.00243
  634   -0.01299   -0.00037   -0.00327
  635   -0.01381    0.00054   -0.00379
  636   -0.01153   -0.00023   -0.00252
  637   -0.01025   -0.00123   -0.00314
  638   -0.00955   -0.00188   -0.00331
  639   -0.01014   -0.00179   -0.00334
  640   -0.00846   -0.00232   -0.00346
  641   -0.00843   -0.00247   -0.00346
  642   -0.00816   -0.00236   -0.00356
  643   -0.01197   -0.00157   -0.00320
  644   -0.01107   -0.00203   -0.00305
  645   -0.00985   -0.00322   -0.00316
  646   -0.00973   -0.00338   -0.00329
  647   -0.00986   -0.00183   -0.00243
  648   -0.00812   -0.00156   -0.00153
  649   -0.00658   -0.00178   -0.00046
  650   -0.00741   -0.00168   -0.00109
  651   -0.00964   -0.00375   -0.00290
  652   -0.00877   -0.00486   -0.00294
  653   -0.00802   -0.00546   -0.00221
  654   -0.00716   -0.00533   -0.00130
  655   -0.00884   -0.00563   -0.00263
  656   -0.00898   -0.00589   -0.00312
  657   -0.01006   -0.00516   -0.00407
  658   -0.00844   -0.00395   -0.00424
  659   -0.00773   -0.00347   -0.00418
  660   -0.00766   -0.00593   -0.00252
  661   -0.00691   -0.00660   -0.00184
  662   -0.00610   -0.00795   -0.00069
  663   -0.00687   -0.00839   -0.00076
  664   -0.00670   -0.00640   -0.00263
  665   -0.00640   -0.00710   -0.00198
  666   -0.00606   -0.00667   -0.00248
  667   -0.00574   -0.00608   -0.00285
  668   -0.00558   -0.00734   -0.00197
  669   -0.00520   -0.00860    0.00074
  670   -0.00398   -0.01017    0.00287
  671   -0.00424   -0.01163    0.00381
  672   -0.00361   -0.01450    0.00573
  673   -0.00312   -0.01022    0.00385
  674   -0.00247   -0.00840    0.00402
  675   -0.00418   -0.01025    0.00293
  676   -0.00419   -0.01048    0.00334
  677   -0.00387   -0.01151    0.00435
  678   -0.00420   -0.01174    0.00312
  679   -0.00483   -0.00962    0.00124
  680   -0.00361   -0.00943    0.00477
  681   -0.00240   -0.00831    0.00563
  682   -0.00346   -0.00934    0.00600
  683   -0.00156   -0.00632    0.00530
  684   -0.00386   -0.01342    0.00398
  685   -0.00352   -0.01424    0.00317
  686   -0.00378   -0.01177    0.00241
  687   -0.00427   -0.01092    0.00384
  688   -0.00373   -0.01020    0.00094
  689   -0.00413   -0.00759    0.00047
  690   -0.00491   -0.00686    0.00080
  691   -0.00524   -0.00598    0.00111
  692   -0.00452   -0.00810    0.00161
  693   -0.00361   -0.00841    0.00092
  694   -0.00287   -0.00871    0.00036
  695   -0.00371   -0.00750    0.00155
  696   -0.00516   -0.00682    0.00036
  697   -0.00550   -0.00604    0.00077
  698   -0.00579   -0.00509   -0.00062
  699   -0.00610   -0.00466   -0.00046
  700   -0.00532   -0.00666    0.00144
  701   -0.00534   -0.00699    0.00054
  702   -0.00557   -0.00518   -0.00166
  703   -0.00551   -0.00454   -0.00216
  704   -0.00564   -0.00376   -0.00207
  705   -0.00575   -0.00333   -0.00211
  706   -0.00440   -0.00408   -0.00284
  707   -0.00336   -0.00341   -0.00259
  708   -0.00541   -0.00332   -0.00171
  709   -0.00557   -0.00271   -0.00146
  710   -0.00642   -0.00283   -0.00074
  711   -0.00658   -0.00250   -0.00059
  712   -0.00659   -0.00329   -0.00031
  713   -0.00717   -0.00314    0.00003
  714   -0.00706   -0.00332   -0.00065
  715   -0.00720   -0.00301   -0.00062
  716   -0.00719   -0.00317    0.00067
  717   -0.00740   -0.00285    0.00139
  718   -0.00669   -0.00305    0.00075
  719   -0.00690   -0.00388   -0.00091
  720   -0.00710   -0.00355   -0.00144
  721   -0.00734   -0.00312   -0.00175
  722   -0.00796   -0.00301   -0.00184
  723   -0.00702   -0.00386   -0.00180
  724   -0.00671   -0.00468   -0.00137
  725   -0.00673   -0.00461   -0.00099
  726   -0.00775   -0.00425   -0.00208
  727   -0.00671   -0.00298   -0.00184
  728   -0.00643   -0.00269   -0.00176
  729   -0.00688   -0.00265   -0.00140
  730   -0.00702   -0.00248   -0.00142
  731   -0.00718   -0.00263   -0.00090
  732   -0.00725   -0.00260   -0.00082
  733   -0.00755   -0.00268   -0.00101
  734   -0.00723   -0.00271   -0.00093
  735   -0.00701   -0.00235   -0.00024
  736   -0.00668   -0.00187    0.00020
  737   -0.00608   -0.00190    0.00030
  738   -0.00663   -0.00160    0.00051
  739   -0.00807   -0.00265   -0.00100
  740   -0.00810   -0.00266   -0.00109
  741   -0.00879   -0.00253   -0.00146
  742   -0.00880   -0.00255   -0.00161
  743   -0.00772   -0.00262   -0.00122
  744   -0.00674   -0.00250   -0.00093
  745   -0.00776   -0.00198   -0.00151
  746   -0.00624   -0.00197   -0.00043
  747   -0.00906   -0.00241   -0.00171
  748   -0.00932   -0.00239   -0.00195
  749   -0.00870   -0.00255   -0.00168
  750   -0.00851   -0.00249   -0.00174
  751   -0.00888   -0.00248   -0.00203
  752   -0.00939   -0.00267   -0.00255
  753   -0.00840   -0.00291   -0.00264
  754   -0.01046   -0.00218   -0.00285
  755   -0.00904   -0.00289   -0.00302
  756   -0.01011   -0.00239   -0.00308
  757   -0.00756   -0.00270   -0.00149
  758   -0.00621   -0.00263   -0.00167
  759   -0.00632   -0.00286   -0.00149
  760   -0.00545   -0.00303   -0.00173
  761   -0.00566   -0.00243   -0.00130
  762   -0.00695   -0.00310   -0.00106
  763   -0.00667   -0.00347   -0.00109
  764   -0.00779   -0.00344   -0.00159
  765   -0.00743   -0.00396   -0.00186
  766   -0.00658   -0.00345   -0.00090
  767   -0.00593   -0.00399   -0.00135
  768   -0.00590   -0.00325   -0.00044
  769   -0.00864   -0.00276   -0.00161
  770   -0.00950   -0.00193   -0.00225
  771   -0.00942   -0.00218   -0.00285
  772   -0.01071   -0.00142   -0.00284
  773   -0.01038   -0.00108   -0.00216
  774   -0.00808   -0.00278   -0.00252
  775   -0.00695   -0.00294   -0.00275
  776   -0.00546   -0.00367   -0.00267
  777   -0.00440   -0.00368   -0.00268
  778   -0.00689   -0.00264   -0.00230
  779   -0.00841   -0.00188   -0.00162
  780   -0.00821   -0.00200   -0.00159
  781   -0.00869   -0.00179   -0.00176
  782   -0.00539   -0.00380   -0.00242
  783   -0.00157   -0.00431   -0.00374
  784   -0.00119   -0.00551   -0.00391
  785   -0.00105   -0.00557   -0.00298
  786   -0.00126   -0.00334   -0.00289
  787   -0.00088   -0.00278   -0.00282
  788    0.00038   -0.00318   -0.00323
  789   -0.00138   -0.00252   -0.00284
  790   -0.00245   -0.00584   -0.00404
  791   -0.00331   -0.00708   -0.00358
  792    0.00059   -0.00787   -0.00516
  793    0.00071   -0.00871   -0.00517
  794   -0.00479   -0.00616   -0.00366
  795   -0.00748   -0.00421   -0.00332
  796   -0.00836   -0.00222   -0.00263
  797   -0.00788   -0.00200   -0.00092
  798   -0.01036    0.00053   -0.00221
  799    0.00208   -0.00755   -0.00572
  800    0.00436   -0.00760   -0.00617
  801    0.00535   -0.00689   -0.00534
  802    0.00792   -0.00873   -0.00687
  803    0.00373   -0.00726   -0.00587
  804    0.00329   -0.00643   -0.00506
  805    0.00438   -0.00636   -0.00554
  806    0.00178   -0.00568   -0.00450
  807    0.00425   -0.00581   -0.00404
  808    0.00667   -0.00631   -0.00545
  809    0.00595   -0.00687   -0.00404
  810    0.00777   -0.00693   -0.00463
  811    0.00616   -0.00453   -0.00550
  812    0.00758   -0.00378   -0.00715
  813    0.00648   -0.00374   -0.00661
  814    0.00687   -0.00327   -0.00625
  815    0.00410   -0.00349   -0.00419
  816    0.00286   -0.00661   -0.00254
  817    0.00213   -0.00664   -0.00232
  818    0.00146   -0.00781   -0.00238
  819    0.00033   -0.00837   -0.00311
  820    0.00001   -0.00602   -0.00115
  821    0.00008   -0.00482   -0.00076
  822    0.00087   -0.00456   -0.00163
  823   -0.00176   -0.00459   -0.00027
  824    0.00161   -0.00789   -0.00232
  825    0.00037   -0.00984   -0.00261
  826   -0.00070   -0.00983   -0.00129
  827   -0.00141   -0.00831   -0.00074
  828   -0.00185   -0.01295   -0.00041
  829   -0.00257   -0.01300   -0.00004
  830   -0.00387   -0.01603   -0.00201
  831   -0.00474   -0.02005   -0.00221
  832   -0.00330   -0.01144   -0.00069
  833   -0.00346   -0.00840   -0.00116
  834   -0.00376   -0.00658   -0.00135
  835   -0.00365   -0.00827   -0.00090
  836   -0.00456   -0.00520   -0.00136
  837   -0.00432   -0.00652   -0.00104
  838   -0.00516   -0.00524   -0.00110
  839   -0.00413   -0.01387   -0.00379
  840   -0.00566   -0.01617   -0.00736
  841   -0.00799   -0.01774   -0.00923
  842   -0.00699   -0.01522   -0.00704
  843   -0.00626   -0.01380   -0.00797
  844   -0.00796   -0.01112   -0.00915
  845   -0.00897   -0.01083   -0.01010
  846   -0.00939   -0.01218   -0.01043
  847   -0.00840   -0.00966   -0.01063
  848   -0.01091   -0.02255   -0.01343
  849   -0.01334   -0.02636   -0.01742
  850   -0.01461   -0.02333   -0.02027
  851   -0.01622   -0.02466   -0.02427
  852   -0.02057   -0.04238   -0.02353
  853   -0.02250   -0.04994   -0.01584
  854   -0.03595   -0.09903   -0.02315
  855   -0.01187   -0.04238   -0.01395
  856   -0.00915   -0.01799   -0.01798
  857   -0.00742   -0.01467   -0.02071
  858   -0.00616   -0.01031   -0.01831
  859   -0.00501   -0.00820   -0.01859
  860   -0.00542   -0.00866   -0.01317
  861   -0.00525   -0.00593   -0.01026
  862   -0.00334   -0.00303   -0.00927
  863   -0.00159   -0.00217   -0.00873
  864   -0.00484   -0.00659   -0.00714
  865   -0.00460   -0.00474   -0.00567
  866   -0.00324   -0.00121   -0.00872
  867   -0.00182    0.00053   -0.00818
  868   -0.00125    0.00040   -0.00576
  869    0.00120    0.00150   -0.00593
  870   -0.00250    0.00144   -0.00516
  871   -0.00172    0.00184   -0.00331
  872   -0.00405   -0.00063   -0.00547
  873   -0.00332   -0.00015   -0.00469
  874   -0.00267   -0.00035   -0.00337
  875   -0.00227   -0.00068   -0.00363
  876   -0.00180    0.00030   -0.00345
  877   -0.00451   -0.00142   -0.00239
  878   -0.00512   -0.00153   -0.00172
  879   -0.00524   -0.00113   -0.00168
  880   -0.00573   -0.00253   -0.00147
  881   -0.00270   -0.00158   -0.00388
  882   -0.00280   -0.00176   -0.00327
  883   -0.00163    0.00102   -0.00365
  884   -0.00174    0.00326   -0.00304
  885   -0.00344   -0.00460   -0.00384
  886   -0.00394   -0.00617   -0.00233
  887   -0.00494   -0.00938   -0.00236
  888   -0.00567   -0.01415   -0.00223
  889   -0.00803   -0.01969   -0.00239
  890   -0.00004    0.00213   -0.00553
  891    0.00218    0.00593   -0.00617
  892    0.00272    0.00826   -0.00474
  893    0.00379    0.01263   -0.00369
  894    0.00420    0.00702   -0.00865
  895    0.00549    0.01081   -0.00932
  896    0.00476    0.01088   -0.00947
  897    0.00252    0.00961   -0.00694
  898    0.00906    0.01366   -0.00966
  899    0.00283    0.00604   -0.00459
  900    0.00269    0.00634   -0.00279
  901    0.00077    0.00688   -0.00204
  902    0.00071    0.00936   -0.00197
  903    0.00146    0.00357   -0.00176
  904    0.00131    0.00351   -0.00088
  905    0.00244    0.00355    0.00080
  906   -0.00142    0.00265   -0.00045
  907    0.00129    0.00319    0.00139
  908   -0.00246    0.00196   -0.00007
  909   -0.00016    0.00213    0.00097
  910   -0.00162    0.00471   -0.00286
  911   -0.00452    0.00511   -0.00237
  912   -0.00430    0.00842   -0.00166
  913   -0.00666    0.01000   -0.00063
  914   -0.00655    0.00214   -0.00174
  915   -0.00636   -0.00012   -0.00247
  916   -0.00759   -0.00201   -0.00189
  917   -0.00766   -0.00039   -0.00231
  918   -0.00201    0.01040   -0.00165
  919   -0.00168    0.01510   -0.00094
  920    0.00123    0.02147   -0.00153
  921    0.00410    0.02746   -0.00431
  922   -0.00070    0.01440   -0.00169
  923   -0.00138    0.02066    0.00038
  924    0.00461    0.02120   -0.00196
  925    0.01081    0.02799   -0.00121
  926    0.02095    0.03222   -0.00213
  927    0.02371    0.04221   -0.00083
  928    0.01098    0.02243   -0.00167
  929    0.01285    0.02310   -0.00330
  930    0.01204    0.01892   -0.00538
  931    0.00989    0.01543   -0.00417
  932    0.01869    0.02115   -0.00822
  933    0.00822    0.02244   -0.00102
  934    0.00368    0.02072   -0.00071
  935   -0.00014    0.01991   -0.00198
  936   -0.00648    0.01710   -0.00161
  937    0.00121    0.01360   -0.00079
  938   -0.00151    0.01017   -0.00119
  939    0.00369    0.01260   -0.00010
  940   -0.00205    0.02247   -0.00235
  941   -0.01086    0.02255    0.00110
  942   -0.01925    0.02882    0.00413
  943   -0.02578    0.02379    0.00562
  944   -0.01188    0.02764    0.00146
  945   -0.01616    0.02175    0.00636
  946   -0.01810    0.02680    0.00574
  947   -0.02201    0.03869    0.00540
  948   -0.01548    0.02045    0.00521
  949   -0.01871    0.04359    0.00258
  950   -0.03651    0.07412    0.00425
  951   -0.02932    0.06336   -0.00104
  952   -0.04190    0.09208   -0.00584
  953   -0.03747    0.10843    0.01206
  954   -0.01782    0.10957    0.00546
  955   -0.01522    0.20070    0.01380
  956    0.02764    0.25491   -0.05339
  957    0.07507    0.57656   -0.14333
  958   -0.01436    0.03527   -0.00240
  959   -0.01245    0.03298   -0.00281
  960   -0.01815    0.02604   -0.00780
  961   -0.02332    0.02457   -0.01030
  962   -0.00217    0.02549   -0.00086
  963    0.00910    0.03490    0.00115
  964    0.01384    0.02797    0.00260
  965    0.02697    0.04437    0.00365
  966   -0.01796    0.02396   -0.00770
  967   -0.01421    0.01370   -0.00794
  968   -0.01239    0.00763   -0.00570
  969   -0.00994    0.00737   -0.00355
  970   -0.01449    0.01346   -0.00819
  971   -0.01100    0.01186   -0.00493
  972   -0.01438    0.00403   -0.00696
  973   -0.01329    0.00028   -0.00528
  974   -0.01028   -0.00072   -0.00395
  975   -0.00920   -0.00165   -0.00282
  976   -0.01275   -0.00120   -0.00518
  977   -0.01280    0.00061   -0.00530
  978   -0.01463    0.00424   -0.00792
  979   -0.01018   -0.00120   -0.00412
  980   -0.00825   -0.00276   -0.00218
  981   -0.00551   -0.00077    0.00040
  982   -0.00364   -0.00202    0.00249
  983   -0.00935   -0.00428   -0.00291
  984   -0.01187   -0.00750   -0.00487
  985   -0.01332   -0.00697   -0.00752
  986   -0.01294   -0.00738   -0.00731
  987   -0.01340   -0.00428   -0.00862
  988   -0.00508    0.00296    0.00052
  989   -0.00201    0.00571    0.00338
  990   -0.00134    0.00540    0.00322
  991    0.00026    0.00591    0.00485
  992   -0.00178    0.01177    0.00321
  993   -0.00086    0.01245    0.00475
  994   -0.00057    0.00761    0.00560
  995    0.00257    0.02068    0.00903
  996   -0.00338    0.00482    0.00104
  997   -0.00310    0.00415    0.00094
  998   -0.00236    0.00114    0.00183
  999   -0.00105    0.00129    0.00281
 1000   -0.00636    0.00363   -0.00094
 1001   -0.00724    0.00692   -0.00171
 1002   -0.01216    0.00620   -0.00272
 1003   -0.01452    0.00963   -0.00306
 1004   -0.01821    0.00922   -0.00451
 1005   -0.01873    0.00698   -0.00524
 1006   -0.02173    0.01226   -0.00434
 1007   -0.00380   -0.00083    0.00126
 1008   -0.00379   -0.00281    0.00169
 1009   -0.00157   -0.00283    0.00370
 1010   -0.00089   -0.00323    0.00446
 1011   -0.00504   -0.00469    0.00080
 1012    0.00006   -0.00176    0.00583
 1013    0.00194   -0.00159    0.00832
 1014    0.00371    0.00066    0.01011
 1015    0.00464   -0.00023    0.01116
 1016    0.00447   -0.00096    0.01096
 1017    0.00329   -0.00422    0.00944
 1018    0.00504   -0.00356    0.01192
 1019    0.00514   -0.00801    0.01173
 1020    0.00004   -0.00648    0.00613
 1021    0.00273    0.00310    0.00848
 1022    0.00284    0.00535    0.00852
 1023    0.00159    0.00293    0.00761
 1024    0.00076    0.00282    0.00843
 1025    0.00273    0.00777    0.00534
 1026    0.00355    0.01285    0.00586
 1027    0.00037    0.00106    0.00567
 1028   -0.00168   -0.00061    0.00475
 1029   -0.00035   -0.00186    0.00609
 1030   -0.00080   -0.00200    0.00640
 1031   -0.00292   -0.00162    0.00314
 1032   -0.00329   -0.00250    0.00287
 1033   -0.00403   -0.00200    0.00237
 1034   -0.00377   -0.00397    0.00275
 1035   -0.00482   -0.00263    0.00179
 1036   -0.00420   -0.00445    0.00252
 1037   -0.00468   -0.00352    0.00221
 1038    0.00096   -0.00281    0.00629
 1039    0.00267   -0.00394    0.00789
 1040    0.00409   -0.00330    0.00967
 1041    0.00489   -0.00420    0.01020
 1042    0.00377   -0.00561    0.00884
 1043    0.00126   -0.00653    0.00768
 1044    0.00157   -0.00907    0.00911
 1045    0.00096   -0.00982    0.00842
 1046    0.00454   -0.01108    0.01180
 1047    0.00284   -0.00154    0.01023
 1048    0.00376   -0.00008    0.01278
 1049    0.00152    0.00041    0.01155
 1050    0.00148    0.00123    0.01267
 1051    0.00338    0.00114    0.01467
 1052    0.00705    0.00066    0.01711
 1053    0.00888    0.00401    0.02401
 1054    0.01633    0.00419    0.03080
 1055    0.03511    0.01775    0.07418
 1056   -0.00054   -0.00003    0.00903
 1057   -0.00252    0.00027    0.00677
 1058   -0.00322   -0.00058    0.00610
 1059   -0.00384   -0.00114    0.00553
 1060   -0.00210    0.00057    0.00547
 1061   -0.00294    0.00069    0.00413
 1062   -0.00410    0.00057    0.00383
 1063   -0.00084    0.00133    0.00277
 1064   -0.00299   -0.00066    0.00689
 1065   -0.00327   -0.00138    0.00745
 1066   -0.00564   -0.00128    0.00538
 1067   -0.00614   -0.00179    0.00468
 1068   -0.00212   -0.00110    0.00980
 1069    0.00276   -0.00123    0.01372
 1070    0.00440   -0.00354    0.01312
 1071    0.00461   -0.00490    0.01192
 1072    0.01610   -0.00696    0.02445
 1073   -0.00653   -0.00120    0.00587
 1074   -0.00755   -0.00179    0.00483
 1075   -0.00789   -0.00211    0.00336
 1076   -0.00800   -0.00198    0.00347
 1077   -0.00793   -0.00224    0.00427
 1078   -0.00648   -0.00067    0.00214
 1079   -0.00651   -0.00075    0.00169
 1080   -0.00708   -0.00226    0.00252
 1081   -0.00789   -0.00278    0.00265
 1082   -0.00612   -0.00077    0.00144
 1083   -0.00506    0.00028    0.00035
 1084   -0.00623   -0.00156    0.00091
 1085   -0.00422    0.00060    0.00012
 1086   -0.00623   -0.00270    0.00361
 1087   -0.00598   -0.00383    0.00457
 1088   -0.00672   -0.00348    0.00553
 1089   -0.00728   -0.00361    0.00582
 1090   -0.00425   -0.00383    0.00637
 1091   -0.00353   -0.00377    0.00614
 1092   -0.00172   -0.00384    0.00762
 1093   -0.00072   -0.00481    0.00828
 1094    0.00001   -0.00344    0.00714
 1095   -0.00665   -0.00283    0.00533
 1096   -0.00723   -0.00231    0.00604
 1097   -0.00878   -0.00257    0.00458
 1098   -0.00945   -0.00195    0.00541
 1099   -0.00701   -0.00165    0.00626
 1100   -0.00869   -0.00257    0.00403
 1101   -0.00908   -0.00235    0.00362
 1102   -0.00931   -0.00238    0.00355
 1103   -0.00958   -0.00168    0.00348
 1104   -0.00870   -0.00246    0.00273
 1105   -0.00866   -0.00276    0.00349
 1106   -0.00840   -0.00255    0.00351
 1107   -0.00897   -0.00249    0.00413
 1108   -0.00910   -0.00195    0.00371
 1109   -0.00773   -0.00308    0.00357
 1110   -0.00753   -0.00321    0.00308
 1111   -0.00706   -0.00315    0.00212
 1112   -0.00735   -0.00342    0.00342
 1113   -0.00667   -0.00333    0.00183
 1114   -0.00685   -0.00345    0.00246
 1115   -0.00908   -0.00289    0.00535
 1116   -0.00991   -0.00267    0.00587
 1117   -0.01065   -0.00144    0.00569
 1118   -0.01108   -0.00087    0.00560
 1119   -0.00985   -0.00306    0.00758
 1120   -0.00949   -0.00368    0.00779
 1121   -0.00990   -0.00485    0.00891
 1122   -0.00871   -0.00374    0.00662
 1123   -0.01079   -0.00124    0.00546
 1124   -0.01198   -0.00007    0.00520
 1125   -0.01199    0.00042    0.00454
 1126   -0.01275    0.00166    0.00476
 1127   -0.01199   -0.00022    0.00484
 1128   -0.01124   -0.00001    0.00402
 1129   -0.01093    0.00074    0.00332
 1130   -0.01026    0.00083    0.00298
 1131   -0.01030    0.00164    0.00241
 1132   -0.01025    0.00033    0.00300
 1133   -0.00928    0.00071    0.00236
 1134   -0.01032    0.00027    0.00303
 1135   -0.00951   -0.00017    0.00295
 1136   -0.00881   -0.00000    0.00225
 1137   -0.00919    0.00061    0.00195
 1138   -0.00859    0.00109    0.00082
 1139   -0.00813   -0.00116    0.00245
 1140   -0.01018    0.00064    0.00294
 1141   -0.01082    0.00128    0.00304
 1142   -0.01180    0.00270    0.00188
 1143   -0.01209    0.00341    0.00034
 1144   -0.01196    0.00089    0.00496
 1145   -0.01298    0.00139    0.00542
 1146   -0.01515    0.00220    0.00705
 1147   -0.01771    0.00405    0.00672
 1148   -0.01580    0.00141    0.00800
 1149   -0.01248    0.00303    0.00226
 1150   -0.01349    0.00415    0.00092
 1151   -0.01216    0.00440   -0.00043
 1152   -0.01252    0.00595   -0.00119
 1153   -0.01340    0.00498    0.00198
 1154   -0.01521    0.00719    0.00228
 1155   -0.01610    0.00876    0.00053
 1156   -0.01416    0.00743    0.00033
 1157   -0.02072    0.01342   -0.00069
 1158   -0.01075    0.00333   -0.00117
 1159   -0.00942    0.00306   -0.00258
 1160   -0.00916    0.00297   -0.00501
 1161   -0.01003    0.00307   -0.00656
 1162   -0.00812    0.00272   -0.00516
 1163   -0.00610    0.00170   -0.00854
 1164   -0.00562    0.00278   -0.00891
 1165   -0.00672    0.00290   -0.00569
 1166   -0.00440    0.00119   -0.00908
 1167   -0.00394    0.00164   -0.00734
 1168   -0.00427    0.00170   -0.00496
 1169   -0.00375    0.00166   -0.00441
 1170   -0.00527    0.00175   -0.00339
 1171   -0.00393    0.00233   -0.01297
 1172   -0.00251    0.00316   -0.01449
 1173   -0.00195    0.00362   -0.01611
 1174   -0.00153    0.00413   -0.01860
 1175   -0.00283    0.00274   -0.01703
 1176   -0.00963    0.00465   -0.00840
 1177   -0.00211    0.00387   -0.01409
 1178   -0.00155    0.00470   -0.01454
 1179   -0.00076    0.00641   -0.01406
 1180   -0.00143    0.00638   -0.01362
 1181   -0.00091    0.00420   -0.01266
 1182   -0.00141    0.00263   -0.01207
 1183   -0.00120    0.00238   -0.00975
 1184   -0.00163    0.00126   -0.00821
 1185   -0.00170    0.00088   -0.00613
 1186   -0.00138    0.00169   -0.00580
 1187   -0.00209    0.00103   -0.00503
 1188    0.00117    0.00680   -0.01461
 1189    0.00241    0.00834   -0.01495
 1190    0.00376    0.00759   -0.01400
 1191    0.00754    0.00602   -0.01675
 1192    0.00367    0.00912   -0.01938
 1193    0.00499    0.01212   -0.02233
 1194    0.00872    0.00704   -0.02089
 1195    0.00333    0.00692   -0.01209
 1196    0.00366    0.00593   -0.01159
 1197    0.00563    0.00529   -0.01137
 1198    0.00747    0.00420   -0.01196
 1199    0.00221    0.00504   -0.00948
 1200    0.00104    0.00503   -0.00856
 1201    0.00162    0.00492   -0.00761
 1202   -0.00029    0.00490   -0.00836
 1203    0.00564    0.00504   -0.01042
 1204    0.00830    0.00353   -0.00904
 1205    0.00916    0.00290   -0.00777
 1206    0.00694    0.00351   -0.00638
 1207    0.01402   -0.00107   -0.01109
 1208    0.01790   -0.00191   -0.00771
 1209    0.06514   -0.03066    0.01604
 1210    0.02017   -0.00280   -0.00501
 1211    0.01183    0.00083   -0.00890
 1212    0.01290    0.00057   -0.00719
 1213    0.00984    0.00180   -0.00785
 1214    0.00974    0.00164   -0.00616
 1215    0.01796   -0.00377   -0.00801
 1216    0.01953   -0.00603   -0.01232
 1217    0.01809   -0.00415   -0.01067
 1218    0.01993   -0.00404   -0.01520
 1219    0.01697   -0.00230   -0.01231
 1220    0.00762    0.00239   -0.00893
 1221    0.00494    0.00331   -0.00758
 1222    0.00415    0.00283   -0.00582
 1223    0.00321    0.00270   -0.00578
 1224    0.00440    0.00267   -0.00852
 1225    0.00592    0.00306   -0.00965
 1226    0.00412    0.00350   -0.00924
 1227    0.00569    0.00207   -0.00489
 1228    0.00494    0.00135   -0.00377
 1229    0.00327    0.00162   -0.00380
 1230    0.00306    0.00261   -0.00459
 1231    0.00663    0.00063   -0.00251
 1232    0.00767    0.00060   -0.00205
 1233    0.01084    0.00172   -0.00297
 1234    0.00616    0.00011   -0.00153
 1235    0.00167    0.00095   -0.00340
 1236    0.00034    0.00112   -0.00367
 1237    0.00004   -0.00002   -0.00320
 1238   -0.00005   -0.00080   -0.00264
 1239    0.00001    0.00094   -0.00341
 1240    0.00063    0.00144   -0.00409
 1241    0.00097    0.00123   -0.00423
 1242    0.00103    0.00165   -0.00437
 1243    0.00133    0.00126   -0.00438
 1244    0.00108    0.00169   -0.00496
 1245    0.00124    0.00154   -0.00473
 1246   -0.00033    0.00049   -0.00336
 1247   -0.00030   -0.00025   -0.00316
 1248   -0.00109   -0.00048   -0.00280
 1249   -0.00077   -0.00028   -0.00301
 1250   -0.00022    0.00032   -0.00344
 1251   -0.00119   -0.00104   -0.00328
 1252   -0.00197   -0.00271   -0.00310
 1253   -0.00096   -0.00113   -0.00320
 1254   -0.00281   -0.00330   -0.00345
 1255   -0.00202   -0.00207   -0.00342
 1256   -0.00212   -0.00160   -0.00267
 1257   -0.00270   -0.00147   -0.00243
 1258   -0.00300   -0.00171   -0.00279
 1259   -0.00310   -0.00216   -0.00287
 1260   -0.00340   -0.00183   -0.00231
 1261   -0.00343   -0.00132   -0.00218
 1262   -0.00342   -0.00129   -0.00210
 1263   -0.00333   -0.00100   -0.00160
 1264   -0.00339   -0.00099   -0.00177
 1265   -0.00332   -0.00074   -0.00114
 1266   -0.00333   -0.00062   -0.00133
 1267   -0.00277   -0.00129   -0.00268
 1268   -0.00308   -0.00143   -0.00264
 1269   -0.00345   -0.00127   -0.00230
 1270   -0.00297   -0.00109   -0.00217
 1271   -0.00218   -0.00142   -0.00289
 1272   -0.00152   -0.00097   -0.00266
 1273   -0.00186   -0.00145   -0.00304
 1274   -0.00089   -0.00073   -0.00286
 1275   -0.00376   -0.00137   -0.00236
 1276   -0.00373   -0.00116   -0.00218
 1277   -0.00322   -0.00116   -0.00234
 1278   -0.00341   -0.00124   -0.00243
 1279   -0.00470   -0.00180   -0.00212
 1280   -0.00454   -0.00167   -0.00191
 1281   -0.00428   -0.00146   -0.00163
 1282   -0.00533   -0.00209   -0.00213
 1283   -0.00273   -0.00101   -0.00213
 1284   -0.00212   -0.00114   -0.00220
 1285   -0.00224   -0.00124   -0.00231
 1286   -0.00220   -0.00117   -0.00222
 1287   -0.00145   -0.00115   -0.00208
 1288   -0.00141   -0.00107   -0.00200
 1289   -0.00144   -0.00096   -0.00199
 1290   -0.00088   -0.00109   -0.00221
 1291   -0.00108   -0.00091   -0.00215
 1292   -0.00050   -0.00105   -0.00215
 1293   -0.00054   -0.00100   -0.00224
 1294   -0.00239   -0.00144   -0.00251
 1295   -0.00242   -0.00154   -0.00250
 1296   -0.00190   -0.00163   -0.00250
 1297   -0.00184   -0.00162   -0.00207
 1298   -0.00386   -0.00156   -0.00238
 1299   -0.00429   -0.00171   -0.00219
 1300   -0.00352   -0.00199   -0.00230
 1301   -0.00496   -0.00225   -0.00206
 1302   -0.00156   -0.00163   -0.00265
 1303   -0.00112   -0.00181   -0.00271
 1304   -0.00183   -0.00236   -0.00242
 1305   -0.00203   -0.00249   -0.00235
 1306   -0.00013   -0.00169   -0.00266
 1307    0.00034   -0.00186   -0.00291
 1308    0.00080   -0.00176   -0.00281
 1309    0.00059   -0.00220   -0.00267
 1310   -0.00208   -0.00225   -0.00190
 1311   -0.00234   -0.00271   -0.00131
 1312   -0.00153   -0.00316   -0.00037
 1313   -0.00086   -0.00323   -0.00011
 1314   -0.00361   -0.00239   -0.00050
 1315   -0.00386   -0.00328    0.00016
 1316   -0.00464   -0.00207   -0.00090
 1317   -0.00139   -0.00337   -0.00041
 1318   -0.00094   -0.00407    0.00057
 1319    0.00056   -0.00369   -0.00060
 1320    0.00088   -0.00488    0.00035
 1321   -0.00130   -0.00486    0.00230
 1322   -0.00151   -0.00627    0.00365
 1323   -0.00108   -0.00711    0.00310
 1324   -0.00188   -0.00737    0.00424
 1325    0.00099   -0.00311   -0.00170
 1326    0.00180   -0.00260   -0.00220
 1327    0.00184   -0.00277   -0.00201
 1328    0.00241   -0.00277   -0.00204
 1329    0.00132   -0.00287   -0.00177
 1330    0.00130   -0.00288   -0.00149
 1331    0.00064   -0.00232   -0.00179
 1332   -0.00022   -0.00223   -0.00159
 1333    0.00110   -0.00329   -0.00060
 1334    0.00195   -0.00370   -0.00007
 1335    0.00281   -0.00367   -0.00044
 1336    0.00202   -0.00442    0.00043
 1337    0.00340   -0.00422    0.00013
 1338    0.00288   -0.00464    0.00086
 1339    0.00088   -0.00206   -0.00200
 1340    0.00038   -0.00174   -0.00202
 1341   -0.00009   -0.00184   -0.00167
 1342    0.00017   -0.00183   -0.00151
 1343    0.00084   -0.00126   -0.00237
 1344    0.00054   -0.00115   -0.00234
 1345    0.00040   -0.00106   -0.00249
 1346    0.00089   -0.00082   -0.00253
 1347   -0.00092   -0.00176   -0.00174
 1348   -0.00155   -0.00198   -0.00153
 1349   -0.00201   -0.00157   -0.00195
 1350   -0.00211   -0.00152   -0.00211
 1351   -0.00274   -0.00154   -0.00135
 1352   -0.00183   -0.00223   -0.00106
 1353   -0.00130   -0.00245   -0.00070
 1354   -0.00167   -0.00271   -0.00070
 1355   -0.00062   -0.00356   -0.00006
 1356   -0.00122   -0.00307   -0.00015
 1357   -0.00059   -0.00345    0.00022
 1358    0.00016   -0.00423    0.00120
 1359   -0.00160   -0.00164   -0.00184
 1360   -0.00186   -0.00137   -0.00203
 1361   -0.00301   -0.00121   -0.00225
 1362   -0.00262   -0.00154   -0.00225
 1363   -0.00081   -0.00115   -0.00207
 1364   -0.00086   -0.00107   -0.00240
 1365    0.00013   -0.00085   -0.00231
 1366    0.00026   -0.00080   -0.00257
 1367    0.00090   -0.00071   -0.00214
 1368   -0.00440   -0.00107   -0.00261
 1369   -0.00535   -0.00156   -0.00282
 1370   -0.00531   -0.00152   -0.00308
 1371   -0.00479   -0.00165   -0.00296
 1372   -0.00663   -0.00177   -0.00265
 1373   -0.00650   -0.00152   -0.00226
 1374   -0.00748   -0.00176   -0.00225
 1375   -0.00654   -0.00152   -0.00252
 1376   -0.00541   -0.00178   -0.00347
 1377   -0.00469   -0.00223   -0.00331
 1378   -0.00539   -0.00254   -0.00390
 1379   -0.00522   -0.00254   -0.00390
 1380   -0.00295   -0.00176   -0.00331
 1381   -0.00270   -0.00206   -0.00349
 1382   -0.00137   -0.00118   -0.00371
 1383   -0.00336   -0.00258   -0.00338
 1384   -0.00622   -0.00315   -0.00363
 1385   -0.00687   -0.00398   -0.00373
 1386   -0.00629   -0.00455   -0.00410
 1387   -0.00692   -0.00512   -0.00415
 1388   -0.00480   -0.00421   -0.00388
 1389   -0.00357   -0.00419   -0.00386
 1390   -0.00287   -0.00307   -0.00376
 1391   -0.00130   -0.00263   -0.00340
 1392   -0.00345   -0.00351   -0.00354
 1393   -0.00419   -0.00570   -0.00289
 1394   -0.00318   -0.00488   -0.00290
 1395   -0.00240   -0.00411   -0.00302
 1396   -0.00084   -0.00079   -0.00459
 1397    0.00018   -0.00051   -0.00461
 1398    0.00043    0.00004   -0.00508
 1399   -0.00275   -0.00248   -0.00356
 1400   -0.00158   -0.00202   -0.00310
 1401   -0.00297   -0.00230   -0.00317
 1402   -0.00541   -0.00211   -0.00363
 1403   -0.00139   -0.00158   -0.00320
 1404    0.00009   -0.00065   -0.00323
 1405    0.00317    0.00007   -0.00195
 1406    0.00329    0.00012   -0.00130
 1407   -0.00185   -0.00165   -0.00257
 1408   -0.00384   -0.00133   -0.00252
 1409   -0.00421   -0.00199   -0.00217
 1410   -0.00473   -0.00286   -0.00225
 1411    0.00009   -0.00077   -0.00070
 1412    0.00432   -0.00132    0.00029
 1413    0.00207   -0.00121   -0.00091
 1414   -0.00335   -0.00180   -0.00182
 1415   -0.00359   -0.00209   -0.00133
 1416   -0.00316   -0.00207   -0.00177
 1417   -0.00238   -0.00185   -0.00187
 1418   -0.00057   -0.00222    0.00002
 1419    0.00319   -0.00103    0.00042
 1420    0.00408   -0.00101    0.00047
 1421    0.00418   -0.00006    0.00160
 1422    0.00650    0.00041    0.00133
 1423    0.00806    0.00224    0.00364
 1424    0.00866    0.00223    0.00369
 1425   -0.00374   -0.00207   -0.00178
 1426   -0.00312   -0.00198   -0.00168
 1427   -0.00072   -0.00222   -0.00080
 1428    0.00032   -0.00285    0.00005
 1429   -0.00345   -0.00241   -0.00140
 1430   -0.00484   -0.00250   -0.00126
 1431   -0.00407   -0.00247   -0.00120
 1432   -0.00052   -0.00183   -0.00100
 1433    0.00075   -0.00193   -0.00033
 1434    0.00080   -0.00213   -0.00032
 1435   -0.00002   -0.00208   -0.00070
 1436    0.00084   -0.00134   -0.00070
 1437    0.00158   -0.00091   -0.00035
 1438    0.00113   -0.00091   -0.00074
 1439    0.00173   -0.00240    0.00056
 1440    0.00178   -0.00278    0.00062
 1441    0.00217   -0.00247    0.00038
 1442    0.00298   -0.00205    0.00103
 1443    0.00253   -0.00365    0.00173
 1444    0.00251   -0.00400    0.00143
 1445    0.00189   -0.00333   -0.00002
 1446    0.00368   -0.00429    0.00235
 1447    0.00163   -0.00218   -0.00081
 1448    0.00183   -0.00157   -0.00117
 1449    0.00237   -0.00162   -0.00184
 1450    0.00250   -0.00131   -0.00232
 1451    0.00151   -0.00122   -0.00188
 1452    0.00126   -0.00115   -0.00156
 1453    0.00180   -0.00082   -0.00137
 1454    0.00079   -0.00106   -0.00153
 1455    0.00175   -0.00064   -0.00136
 1456    0.00121   -0.00074   -0.00150
 1457    0.00280   -0.00210   -0.00142
 1458    0.00356   -0.00229   -0.00166
 1459    0.00342   -0.00222   -0.00201
 1460    0.00269   -0.00226   -0.00210
 1461    0.00419   -0.00242   -0.00263
 1462    0.00403   -0.00219   -0.00269
 1463    0.00322   -0.00160   -0.00322
 1464    0.00314   -0.00129   -0.00330
 1465    0.00495   -0.00253   -0.00331
 1466    0.00285   -0.00156   -0.00340
 1467    0.00256   -0.00100   -0.00375
 1468    0.00262   -0.00086   -0.00393
 1469    0.00258   -0.00114   -0.00339
 1470    0.00206   -0.00092   -0.00332
 1471    0.00196   -0.00068   -0.00337
 1472    0.00284   -0.00035   -0.00415
 1473    0.00331   -0.00023   -0.00414
 1474    0.00285   -0.00022   -0.00361
 1475    0.00264   -0.00034   -0.00346
 1476    0.00415    0.00019   -0.00492
 1477    0.00472    0.00021   -0.00557
 1478    0.00340   -0.00025   -0.00363
 1479    0.00402   -0.00029   -0.00391
 1480    0.00497    0.00067   -0.00445
 1481    0.00498    0.00080   -0.00414
 1482    0.00571   -0.00021   -0.00484
 1483    0.00377   -0.00134   -0.00353
 1484    0.00403   -0.00130   -0.00355
 1485    0.00241   -0.00167   -0.00334
 1486    0.00579   -0.00139   -0.00444
 1487    0.00530    0.00115   -0.00455
 1488    0.00554    0.00215   -0.00416
 1489    0.00469    0.00140   -0.00358
 1490    0.00484    0.00130   -0.00304
 1491    0.00672    0.00222   -0.00465
 1492    0.01084    0.00312   -0.00515
 1493    0.01043    0.00237   -0.00525
 1494    0.01628    0.00280   -0.00508
 1495    0.00390    0.00058   -0.00369
 1496    0.00347    0.00032   -0.00340
 1497    0.00296    0.00022   -0.00304
 1498    0.00268    0.00006   -0.00312
 1499    0.00345    0.00024   -0.00412
 1500    0.00317    0.00007   -0.00426
 1501    0.00400    0.00059   -0.00476
 1502    0.00270    0.00021   -0.00283
 1503    0.00194   -0.00011   -0.00265
 1504    0.00199   -0.00013   -0.00233
 1505    0.00154   -0.00030   -0.00246
 1506    0.00200   -0.00019   -0.00265
 1507    0.00119   -0.00049   -0.00264
 1508    0.00040   -0.00085   -0.00255
 1509    0.00116   -0.00065   -0.00302
 1510    0.00258    0.00017   -0.00215
 1511    0.00267   -0.00019   -0.00213
 1512    0.00274   -0.00039   -0.00222
 1513    0.00228   -0.00042   -0.00211
 1514    0.00361   -0.00031   -0.00218
 1515    0.00387   -0.00043   -0.00218
 1516    0.00475   -0.00028   -0.00188
 1517    0.00290   -0.00060   -0.00161
 1518    0.00305   -0.00027   -0.00252
 1519    0.00275   -0.00033   -0.00252
 1520    0.00228   -0.00056   -0.00267
 1521    0.00191   -0.00063   -0.00251
 1522    0.00301   -0.00007   -0.00290
 1523    0.00275   -0.00027   -0.00290
 1524    0.00311    0.00004   -0.00378
 1525    0.00386    0.00070   -0.00445
 1526    0.00368    0.00102   -0.00599
 1527    0.00222   -0.00052   -0.00287
 1528    0.00188   -0.00060   -0.00286
 1529    0.00146   -0.00058   -0.00257
 1530    0.00143   -0.00069   -0.00245
 1531    0.00201   -0.00040   -0.00318
 1532    0.00242   -0.00041   -0.00358
 1533    0.00250   -0.00052   -0.00376
 1534    0.00272   -0.00049   -0.00387
 1535    0.00119   -0.00056   -0.00237
 1536    0.00081   -0.00063   -0.00215
 1537    0.00108   -0.00066   -0.00208
 1538    0.00085   -0.00074   -0.00210
 1539    0.00025   -0.00072   -0.00201
 1540    0.00141   -0.00058   -0.00205
 1541    0.00136   -0.00080   -0.00186
 1542    0.00120   -0.00073   -0.00187
 1543    0.00120   -0.00076   -0.00177
 1544    0.00165   -0.00095   -0.00161
 1545    0.00125   -0.00068   -0.00200
 1546    0.00118   -0.00067   -0.00201
 1547    0.00132   -0.00063   -0.00198
 1548    0.00150   -0.00057   -0.00179
 1549    0.00135   -0.00063   -0.00226
 1550    0.00148   -0.00061   -0.00231
 1551    0.00156   -0.00056   -0.00217
 1552    0.00165   -0.00063   -0.00226
 1553    0.00190   -0.00082   -0.00270
 1554    0.00134   -0.00067   -0.00205
 1555    0.00137   -0.00062   -0.00205
 1556    0.00147   -0.00068   -0.00212
 1557    0.00190   -0.00053   -0.00225
 1558    0.00116   -0.00055   -0.00217
 1559    0.00134   -0.00047   -0.00227
 1560    0.00127   -0.00061   -0.00223
 1561    0.00121   -0.00062   -0.00217
 1562    0.00121   -0.00076   -0.00214
 1563    0.00144   -0.00056   -0.00223
 1564    0.00157   -0.00039   -0.00246
 1565    0.00089   -0.00069   -0.00210
 1566    0.00016   -0.00077   -0.00193
 1567    0.00144   -0.00061   -0.00211
 1568    0.00161   -0.00077   -0.00201
 1569    0.00217   -0.00053   -0.00218
 1570    0.00242   -0.00057   -0.00219
 1571    0.00141   -0.00109   -0.00154
 1572    0.00138   -0.00158   -0.00114
 1573    0.00124   -0.00178   -0.00076
 1574    0.00094   -0.00158   -0.00089
 1575    0.00087   -0.00156   -0.00101
 1576    0.00110   -0.00167   -0.00095
 1577    0.00081   -0.00133   -0.00133
 1578    0.00225   -0.00041   -0.00215
 1579    0.00324   -0.00030   -0.00249
 1580    0.00373   -0.00022   -0.00296
 1581    0.00427   -0.00005   -0.00303
 1582    0.00300   -0.00026   -0.00225
 1583    0.00282   -0.00020   -0.00186
 1584    0.00282   -0.00005   -0.00157
 1585    0.00304   -0.00004   -0.00174
 1586    0.00261   -0.00007   -0.00145
 1587    0.00319   -0.00002   -0.00305
 1588    0.00351    0.00019   -0.00370
 1589    0.00328    0.00020   -0.00324
 1590    0.00371    0.00039   -0.00355
 1591    0.00276   -0.00004   -0.00340
 1592    0.00272   -0.00009   -0.00372
 1593    0.00235   -0.00033   -0.00313
 1594    0.00279    0.00013   -0.00386
 1595    0.00182   -0.00028   -0.00321
 1596    0.00241   -0.00003   -0.00368
 1597    0.00148   -0.00026   -0.00362
 1598    0.00261   -0.00001   -0.00253
 1599    0.00280   -0.00004   -0.00239
 1600    0.00344   -0.00013   -0.00261
 1601    0.00377   -0.00029   -0.00250
 1602    0.00237   -0.00038   -0.00195
 1603    0.00180   -0.00028   -0.00193
 1604    0.00238   -0.00046   -0.00141
 1605    0.00360   -0.00019   -0.00261
 1606    0.00420   -0.00007   -0.00255
 1607    0.00473    0.00008   -0.00329
 1608    0.00511    0.00011   -0.00339
 1609    0.00438    0.00002   -0.00259
 1610    0.00398   -0.00022   -0.00224
 1611    0.00315   -0.00028   -0.00233
 1612    0.00315   -0.00015   -0.00219
 1613    0.00240   -0.00057   -0.00215
 1614    0.00496    0.00008   -0.00341
 1615    0.00539    0.00044   -0.00343
 1616    0.00522    0.00070   -0.00367
 1617    0.00548    0.00113   -0.00355
 1618    0.00591    0.00114   -0.00340
 1619    0.00612    0.00084   -0.00279
 1620    0.00658    0.00156   -0.00310
 1621    0.00610    0.00154   -0.00376
 1622    0.00523    0.00095   -0.00327
 1623    0.00502    0.00092   -0.00292
 1624    0.00481    0.00093   -0.00365
 1625    0.00475    0.00067   -0.00419
 1626    0.00467    0.00093   -0.00448
 1627    0.00436    0.00035   -0.00351
 1628    0.00394    0.00028   -0.00293
 1629    0.00406    0.00095   -0.00447
 1630    0.00448    0.00139   -0.00480
 1631    0.00578    0.00247   -0.00538
 1632    0.00729    0.00294   -0.00558
 1633    0.00611    0.00259   -0.00540
 1634    0.00486    0.00028   -0.00381
 1635    0.00463    0.00003   -0.00341
 1636    0.00375    0.00067   -0.00109
 1637    0.00365    0.00041   -0.00071
 1638    0.00491    0.00037   -0.00351
 1639    0.00574    0.00070   -0.00312
 1640    0.00166    0.00934    0.01186
 1641    0.00721    0.00400   -0.00167
 1642    0.00593    0.00449    0.00205
 1643    0.00349    0.00159   -0.00033
 1644    0.00350    0.00214    0.00053
 1645    0.00295    0.00165   -0.00021
 1646    0.00249    0.00122   -0.00003
 1647    0.00311    0.00146   -0.00140
 1648    0.00282    0.00117   -0.00203
 1649    0.00263    0.00075   -0.00185
 1650    0.00288    0.00106   -0.00123
 1651    0.00308    0.00108   -0.00303
 1652    0.00265    0.00115   -0.00341
 1653    0.00265    0.00151   -0.00310
 1654    0.00202    0.00166   -0.00284
 1655    0.00340    0.00144   -0.00357
 1656    0.00226    0.00074   -0.00150
 1657    0.00218    0.00021   -0.00104
 1658    0.00175    0.00017   -0.00129
 1659    0.00152   -0.00040   -0.00077
 1660    0.00188   -0.00057   -0.00012
 1661    0.00159   -0.00039   -0.00030
 1662    0.00222   -0.00130    0.00066
 1663    0.00147    0.00059   -0.00197
 1664    0.00116    0.00050   -0.00219
 1665    0.00113    0.00040   -0.00261
 1666    0.00111    0.00068   -0.00319
 1667    0.00107    0.00056   -0.00282
 1668    0.00093    0.00044   -0.00216
 1669    0.00092    0.00079   -0.00283
 1670    0.00066    0.00061   -0.00139
 1671    0.00043    0.00036   -0.00039
 1672    0.00039    0.00047   -0.00018
 1673    0.00030   -0.00023    0.00008
 1674    0.00106    0.00011   -0.00222
 1675    0.00100   -0.00005   -0.00244
 1676    0.00035   -0.00057   -0.00174
 1677    0.00041   -0.00056   -0.00147
 1678    0.00119   -0.00006   -0.00216
 1679    0.00153    0.00029   -0.00243
 1680    0.00185    0.00053   -0.00237
 1681    0.00147    0.00034   -0.00263
 1682    0.00224    0.00067   -0.00274
 1683    0.00205    0.00040   -0.00315
 1684    0.00242    0.00049   -0.00323
 1685    0.00021   -0.00048   -0.00156
 1686   -0.00009   -0.00043   -0.00106
 1687   -0.00037   -0.00062   -0.00090
 1688   -0.00056   -0.00054   -0.00132
 1689   -0.00064    0.00006   -0.00129
 1690   -0.00050    0.00011   -0.00134
 1691   -0.00036   -0.00087   -0.00008
 1692   -0.00041   -0.00142    0.00024
 1693   -0.00030   -0.00124    0.00062
 1694    0.00013   -0.00105    0.00083
 1695   -0.00013   -0.00142    0.00014
 1696   -0.00064   -0.00101    0.00070
 1697   -0.00036   -0.00074    0.00122
 1698   -0.00029   -0.00106    0.00120
 1699   -0.00076   -0.00118    0.00068
 1700   -0.00067   -0.00032    0.00144
 1701   -0.00070    0.00017    0.00161
 1702   -0.00143   -0.00042    0.00099
 1703    0.00044   -0.00082    0.00214
 1704    0.00079   -0.00104    0.00173
 1705    0.00103   -0.00076    0.00197
 1706    0.00154   -0.00017    0.00271
 1707    0.00187   -0.00103    0.00141
 1708    0.00065   -0.00114    0.00101
 1709    0.00074   -0.00095    0.00097
 1710    0.00247   -0.00087    0.00026
 1711    0.00270   -0.00121   -0.00111
 1712   -0.00075   -0.00126    0.00026
 1713   -0.00072   -0.00156    0.00013
 1714   -0.00056   -0.00141    0.00139
 1715   -0.00220   -0.00227   -0.00034
 1716    0.00403   -0.00016    0.00114
 1717    0.00613    0.00037    0.00033
 1718    0.00792    0.00139    0.00058
 1719    0.00753    0.00181    0.00250
 1720    0.00669    0.00073    0.00086
 1721    0.00605    0.00099    0.00318
 1722    0.01041    0.00242   -0.00176
 1723    0.01363    0.00413   -0.00222
 1724    0.01611    0.00594    0.00017
 1725    0.01614    0.00629   -0.00021
 1726    0.01643    0.00504   -0.00636
 1727    0.02034    0.00626   -0.00770
 1728    0.02592    0.00871   -0.01195
 1729    0.03254    0.00949   -0.01514
 1730    0.02321    0.00632   -0.01053
 1731    0.01775    0.00749    0.00305
 1732    0.02066    0.01019    0.00745
 1733    0.02647    0.01395    0.00622
 1734    0.03368    0.01903    0.00711
 1735    0.02009    0.01306    0.01242
 1736    0.02949    0.01537    0.00499
 1737    0.04712    0.02980    0.00338
 1738    0.05867    0.05638    0.01424
 1739    0.10614    0.09985    0.02078
 1740    0.05540    0.02803   -0.00309
 1741    0.05614    0.06622    0.02803
 1742    0.00135   -0.00145   -0.00478
 1743    0.00127   -0.00143   -0.00421
 1744    0.00200   -0.00213   -0.00302
 1745    0.00221   -0.00247   -0.00246
 1746    0.00008   -0.00091   -0.00386
 1747   -0.00084   -0.00025   -0.00511
 1748   -0.00218    0.00052   -0.00470
 1749   -0.00214   -0.00007   -0.00294
 1750    0.00235   -0.00219   -0.00283
 1751    0.00290   -0.00281   -0.00183
 1752    0.00237   -0.00287   -0.00099
 1753    0.00224   -0.00270   -0.00110
 1754    0.00383   -0.00301   -0.00260
 1755    0.00435   -0.00359   -0.00175
 1756    0.00559   -0.00382   -0.00255
 1757    0.00593   -0.00366   -0.00370
 1758    0.00550   -0.00403   -0.00161
 1759    0.00216   -0.00316    0.00001
 1760    0.00180   -0.00331    0.00093
 1761    0.00234   -0.00398    0.00174
 1762    0.00288   -0.00418    0.00174
 1763    0.00106   -0.00304    0.00134
 1764    0.00120   -0.00321    0.00174
 1765    0.00028   -0.00229    0.00054
 1766    0.00057   -0.00300    0.00239
 1767    0.00221   -0.00412    0.00239
 1768    0.00262   -0.00445    0.00303
 1769    0.00241   -0.00427    0.00368
 1770    0.00196   -0.00394    0.00378
 1771    0.00287   -0.00440    0.00307
 1772    0.00322   -0.00428    0.00228
 1773    0.00379   -0.00437    0.00196
 1774    0.00304   -0.00392    0.00170
 1775    0.00438   -0.00426    0.00105
 1776    0.00363   -0.00373    0.00072
 1777    0.00427   -0.00399    0.00037
 1778    0.00274   -0.00424    0.00392
 1779    0.00260   -0.00404    0.00421
 1780    0.00281   -0.00411    0.00430
 1781    0.00306   -0.00428    0.00417
 1782    0.00239   -0.00417    0.00405
 1783    0.00208   -0.00380    0.00416
 1784    0.00185   -0.00400    0.00408
 1785    0.00268   -0.00400    0.00445
 1786    0.00281   -0.00383    0.00436
 1787    0.00262   -0.00339    0.00398
 1788    0.00230   -0.00330    0.00418
 1789    0.00268   -0.00391    0.00440
 1790    0.00265   -0.00402    0.00441
 1791    0.00262   -0.00421    0.00460
 1792    0.00276   -0.00399    0.00454
 1793    0.00308   -0.00383    0.00543
 1794    0.00251   -0.00316    0.00371
 1795    0.00244   -0.00295    0.00296
 1796    0.00238   -0.00287    0.00258
 1797    0.00244   -0.00326    0.00282
 1798    0.00237   -0.00265    0.00249
 1799    0.00250   -0.00268    0.00219
 1800    0.00244   -0.00296    0.00266
 1801    0.00180   -0.00236    0.00207
 1802    0.00169   -0.00222    0.00155
 1803    0.00208   -0.00191    0.00101
 1804    0.00224   -0.00186    0.00099
 1805    0.00152   -0.00200    0.00100
 1806    0.00123   -0.00153    0.00045
 1807    0.00132   -0.00156    0.00090
 1808    0.00097   -0.00112   -0.00038
 1809    0.00193   -0.00166    0.00080
 1810    0.00219   -0.00130    0.00029
 1811    0.00245   -0.00182    0.00077
 1812    0.00221   -0.00174    0.00058
 1813    0.00237   -0.00081   -0.00016
 1814    0.00235   -0.00142    0.00065
 1815    0.00230   -0.00006   -0.00118
 1816    0.00250   -0.00233    0.00170
 1817    0.00220   -0.00268    0.00280
 1818    0.00214   -0.00272    0.00319
 1819    0.00231   -0.00288    0.00411
 1820    0.00237   -0.00291    0.00312
 1821    0.00240   -0.00304    0.00349
 1822    0.00273   -0.00344    0.00399
 1823    0.00285   -0.00368    0.00408
 1824    0.00244   -0.00279    0.00292
 1825    0.00250   -0.00284    0.00323
 1826    0.00228   -0.00259    0.00300
 1827    0.00278   -0.00284    0.00303
 1828    0.00239   -0.00259    0.00285
 1829    0.00291   -0.00356    0.00430
 1830    0.00336   -0.00399    0.00431
 1831    0.00342   -0.00429    0.00389
 1832    0.00358   -0.00423    0.00361
 1833    0.00349   -0.00416    0.00456
 1834    0.00335   -0.00417    0.00487
 1835    0.00344   -0.00434    0.00420
 1836    0.00339   -0.00447    0.00385
 1837    0.00374   -0.00461    0.00361
 1838    0.00399   -0.00497    0.00328
 1839    0.00356   -0.00473    0.00337
 1840    0.00336   -0.00452    0.00370
 1841    0.00320   -0.00434    0.00370
 1842    0.00345   -0.00459    0.00363
 1843    0.00262   -0.00382    0.00352
 1844    0.00432   -0.00470    0.00281
 1845    0.00444   -0.00477    0.00190
 1846    0.00420   -0.00455    0.00184
 1847    0.00411   -0.00430    0.00216
 1848    0.00510   -0.00470    0.00106
 1849    0.00513   -0.00471    0.00127
 1850    0.00504   -0.00444    0.00019
 1851    0.00379   -0.00436    0.00166
 1852    0.00341   -0.00414    0.00164
 1853    0.00342   -0.00381    0.00055
 1854    0.00346   -0.00376   -0.00015
 1855    0.00282   -0.00410    0.00230
 1856    0.00274   -0.00426    0.00317
 1857    0.00200   -0.00407    0.00349
 1858    0.00291   -0.00442    0.00357
 1859    0.00335   -0.00370    0.00004
 1860    0.00330   -0.00336   -0.00117
 1861    0.00262   -0.00304   -0.00124
 1862    0.00263   -0.00323   -0.00117
 1863    0.00394   -0.00345   -0.00182
 1864    0.00465   -0.00409   -0.00160
 1865    0.00484   -0.00397   -0.00177
 1866    0.00509   -0.00423   -0.00114
 1867    0.00504   -0.00374   -0.00295
 1868    0.00200   -0.00270   -0.00150
 1869    0.00108   -0.00235   -0.00121
 1870    0.00030   -0.00174   -0.00228
 1871    0.00036   -0.00151   -0.00306
 1872    0.00053   -0.00238   -0.00016
 1873    0.00114   -0.00293    0.00105
 1874    0.00030   -0.00212   -0.00029
 1875   -0.00032   -0.00160   -0.00233
 1876   -0.00124   -0.00098   -0.00338
 1877   -0.00221   -0.00043   -0.00256
 1878   -0.00208   -0.00070   -0.00139
 1879   -0.00120   -0.00102   -0.00392
 1880   -0.00002   -0.00162   -0.00454
 1881    0.00023   -0.00146   -0.00632
 1882    0.00125   -0.00209   -0.00689
 1883   -0.00069   -0.00093   -0.00729
 1884   -0.00295    0.00036   -0.00329
 1885   -0.00388    0.00094   -0.00259
 1886   -0.00440    0.00095   -0.00193
 1887   -0.00462    0.00125   -0.00091
 1888   -0.00477    0.00176   -0.00372
 1889   -0.00417    0.00140   -0.00489
 1890   -0.00344    0.00053   -0.00488
 1891   -0.00407    0.00063   -0.00252
 1892   -0.00421    0.00069   -0.00187
 1893   -0.00355   -0.00000   -0.00056
 1894   -0.00365    0.00002    0.00024
 1895   -0.00394    0.00072   -0.00300
 1896   -0.00490    0.00154   -0.00427
 1897   -0.00278   -0.00065   -0.00030
 1898   -0.00208   -0.00137    0.00076
 1899   -0.00260   -0.00116    0.00196
 1900   -0.00305   -0.00071    0.00205
 1901   -0.00129   -0.00192    0.00066
 1902   -0.00061   -0.00213   -0.00037
 1903   -0.00077   -0.00203   -0.00102
 1904    0.00010   -0.00246   -0.00057
 1905   -0.00240   -0.00141    0.00288
 1906   -0.00260   -0.00115    0.00399
 1907   -0.00201   -0.00174    0.00451
 1908   -0.00131   -0.00229    0.00422
 1909   -0.00263   -0.00128    0.00483
 1910   -0.00160   -0.00208    0.00494
 1911   -0.00312   -0.00077    0.00429
 1912   -0.00242   -0.00151    0.00530
 1913   -0.00202   -0.00203    0.00559
 1914   -0.00113   -0.00283    0.00569
 1915   -0.00059   -0.00342    0.00539
 1916   -0.00246   -0.00162    0.00626
 1917   -0.00335   -0.00093    0.00613
 1918   -0.00174   -0.00251    0.00600
 1919   -0.00293   -0.00119    0.00541
 1920   -0.00098   -0.00272    0.00617
 1921   -0.00018   -0.00338    0.00625
 1922    0.00030   -0.00376    0.00574
 1923    0.00072   -0.00411    0.00558
 1924   -0.00010   -0.00319    0.00708
 1925   -0.00056   -0.00281    0.00698
 1926   -0.00144   -0.00236    0.00797
 1927   -0.00127   -0.00273    0.00852
 1928   -0.00218   -0.00189    0.00855
 1929   -0.00004   -0.00359    0.00523
 1930    0.00033   -0.00397    0.00457
 1931    0.00059   -0.00413    0.00439
 1932    0.00082   -0.00447    0.00432
 1933   -0.00003   -0.00374    0.00374
 1934   -0.00008   -0.00376    0.00388
 1935   -0.00017   -0.00365    0.00469
 1936   -0.00004   -0.00387    0.00308
 1937    0.00031   -0.00377    0.00434
 1938    0.00057   -0.00389    0.00431
 1939    0.00070   -0.00421    0.00465
 1940    0.00100   -0.00426    0.00451
 1941    0.00017   -0.00355    0.00423
 1942    0.00055   -0.00371    0.00425
 1943   -0.00011   -0.00306    0.00345
 1944    0.00031   -0.00419    0.00488
 1945    0.00022   -0.00433    0.00481
 1946    0.00058   -0.00416    0.00470
 1947    0.00057   -0.00381    0.00445
 1948    0.00007   -0.00451    0.00502
 1949   -0.00005   -0.00438    0.00519
 1950   -0.00015   -0.00460    0.00534
 1951   -0.00040   -0.00442    0.00540
 1952   -0.00118   -0.00438    0.00529
 1953    0.00067   -0.00450    0.00497
 1954    0.00081   -0.00437    0.00486
 1955    0.00080   -0.00434    0.00465
 1956    0.00079   -0.00424    0.00451
 1957    0.00091   -0.00461    0.00510
 1958    0.00105   -0.00461    0.00442
 1959    0.00140   -0.00474    0.00412
 1960    0.00143   -0.00430    0.00424
 1961    0.00161   -0.00444    0.00409
 1962    0.00154   -0.00462    0.00373
 1963    0.00136   -0.00455    0.00325
 1964    0.00162   -0.00403    0.00239
 1965    0.00166   -0.00387    0.00119
 1966    0.00234   -0.00391    0.00031
 1967    0.00113   -0.00409    0.00437
 1968    0.00106   -0.00392    0.00426
 1969    0.00087   -0.00353    0.00413
 1970    0.00090   -0.00326    0.00403
 1971    0.00091   -0.00389    0.00421
 1972    0.00106   -0.00404    0.00426
 1973    0.00100   -0.00355    0.00386
 1974    0.00077   -0.00393    0.00450
 1975    0.00070   -0.00342    0.00424
 1976    0.00063   -0.00321    0.00402
 1977    0.00032   -0.00317    0.00409
 1978    0.00007   -0.00296    0.00384
 1979    0.00051   -0.00331    0.00409
 1980    0.00047   -0.00316    0.00366
 1981    0.00048   -0.00341    0.00380
 1982    0.00022   -0.00336    0.00370
 1983    0.00029   -0.00347    0.00368
 1984    0.00044   -0.00346    0.00437
 1985    0.00041   -0.00392    0.00452
 1986    0.00033   -0.00377    0.00445
 1987    0.00027   -0.00419    0.00452
 1988    0.00076   -0.00451    0.00436
 1989    0.00088   -0.00483    0.00446
 1990    0.00104   -0.00549    0.00443
 1991    0.00092   -0.00467    0.00452
 1992    0.00057   -0.00370    0.00424
 1993    0.00077   -0.00374    0.00382
 1994    0.00054   -0.00326    0.00378
 1995    0.00054   -0.00295    0.00364
 1996    0.00156   -0.00399    0.00367
 1997    0.00257   -0.00448    0.00352
 1998    0.00286   -0.00433    0.00280
 1999    0.00305   -0.00407    0.00223
 2000    0.00397   -0.00373    0.00165
 2001    0.00054   -0.00297    0.00383
 2002    0.00070   -0.00242    0.00354
 2003    0.00029   -0.00193    0.00295
 2004    0.00050   -0.00122    0.00243
 2005    0.00123   -0.00225    0.00290
 2006    0.00171   -0.00272    0.00281
 2007    0.00162   -0.00244    0.00257
 2008    0.00150   -0.00184    0.00187
 2009    0.00220   -0.00321    0.00308
 2010    0.00003   -0.00221    0.00316
 2011   -0.00002   -0.00210    0.00275
 2012   -0.00013   -0.00178    0.00216
 2013    0.00000   -0.00151    0.00151
 2014    0.00025   -0.00176    0.00248
 2015    0.00033   -0.00153    0.00208
 2016    0.00040   -0.00156    0.00234
 2017    0.00053   -0.00192    0.00285
 2018    0.00052   -0.00142    0.00205
 2019    0.00079   -0.00128    0.00157
 2020    0.00013   -0.00067    0.00160
 2021    0.00115   -0.00143    0.00164
 2022   -0.00028   -0.00091    0.00145
 2023   -0.00015   -0.00126    0.00146
 2024    0.00006   -0.00176    0.00205
 2025   -0.00002   -0.00167    0.00184
 2026    0.00003   -0.00072   -0.00054
 2027    0.00029    0.00001   -0.00119
 2028    0.00039   -0.00031   -0.00051
 2029    0.00017   -0.00259    0.00321
 2030    0.00039   -0.00317    0.00372
 2031    0.00021   -0.00317    0.00308
 2032    0.00003   -0.00349    0.00315
 2033    0.00053   -0.00365    0.00475
 2034    0.00017   -0.00358    0.00454
 2035    0.00031   -0.00294    0.00328
 2036    0.00037   -0.00282    0.00231
 2037   -0.00012   -0.00274    0.00069
 2038   -0.00071   -0.00149   -0.00027
 2039   -0.00074   -0.00100   -0.00220
 2040   -0.00004   -0.00245   -0.00166
 2041   -0.00044   -0.00121   -0.00525
 2042    0.00071   -0.00125   -0.00281
 2043   -0.00219   -0.00026   -0.01117
 2044   -0.00035   -0.00132    0.00040
 2045   -0.00064   -0.00050   -0.00011
 2046   -0.00044   -0.00104    0.00065
 2047   -0.00063   -0.00064    0.00053
 2048   -0.00056    0.00024   -0.00093
 2049   -0.00044    0.00090   -0.00298
 2050   -0.00020    0.00165   -0.00344
 2051    0.00003    0.00104   -0.00214
 2052   -0.00003    0.00206   -0.00482
 2053   -0.00021   -0.00224    0.00158
 2054   -0.00043   -0.00243    0.00233
 2055   -0.00048   -0.00257    0.00232
 2056   -0.00099   -0.00303    0.00282
 2057   -0.00017   -0.00306    0.00347
 2058    0.00001   -0.00260    0.00308
 2059    0.00014   -0.00305    0.00363
 2060    0.00018   -0.00346    0.00410
 2061    0.00042   -0.00276    0.00341
 2062   -0.00081   -0.00237    0.00299
 2063   -0.00130   -0.00247    0.00326
 2064   -0.00123   -0.00290    0.00394
 2065   -0.00081   -0.00264    0.00397
 2066   -0.00136   -0.00223    0.00271
 2067   -0.00113   -0.00192    0.00154
 2068   -0.00216   -0.00224    0.00205
 2069   -0.00251   -0.00187    0.00145
 2070   -0.00277   -0.00137    0.00056
 2071   -0.00229   -0.00102   -0.00050
 2072   -0.00261   -0.00054    0.00038
 2073   -0.00121   -0.00313    0.00430
 2074   -0.00061   -0.00340    0.00469
 2075   -0.00139   -0.00332    0.00485
 2076   -0.00208   -0.00313    0.00482
 2077   -0.00075   -0.00328    0.00506
 2078   -0.00021   -0.00364    0.00506
 2079   -0.00025   -0.00357    0.00514
 2080    0.00021   -0.00353    0.00485
 2081   -0.00065   -0.00339    0.00468
 2082   -0.00095   -0.00344    0.00484
 2083   -0.00091   -0.00351    0.00518
 2084   -0.00019   -0.00339    0.00511
 2085   -0.00049   -0.00347    0.00460
 2086   -0.00049   -0.00324    0.00448
 2087   -0.00114   -0.00318    0.00303
 2088   -0.00075   -0.00333    0.00417
 2089   -0.00154   -0.00319    0.00536
 2090   -0.00160   -0.00310    0.00542
 2091   -0.00179   -0.00361    0.00584
 2092   -0.00125   -0.00399    0.00653
 2093   -0.00195   -0.00248    0.00550
 2094   -0.00206   -0.00255    0.00506
 2095   -0.00155   -0.00274    0.00473
 2096   -0.00289   -0.00218    0.00513
 2097   -0.00201   -0.00276    0.00405
 2098   -0.00348   -0.00193    0.00449
 2099   -0.00321   -0.00211    0.00385
 2100   -0.00185   -0.00386    0.00562
 2101   -0.00193   -0.00454    0.00582
 2102   -0.00123   -0.00542    0.00610
 2103   -0.00083   -0.00665    0.00620
 2104   -0.00228   -0.00751    0.00798
 2105   -0.00030   -0.00355    0.00449
 2106    0.00055   -0.00305    0.00248
 2107    0.00053   -0.00388    0.00159
 2108    0.00263   -0.00332   -0.00188
 2109   -0.00115   -0.00440    0.00425
 2110   -0.00246   -0.00436    0.00520
 2111   -0.00291   -0.00367    0.00538
 2112   -0.00241   -0.00335    0.00576
 2113   -0.00114   -0.00402    0.00622
 2114    0.00432   -0.00585    0.00465
 2115    0.00009   -0.00427    0.00448
 2116    0.18972    0.04587   -0.06846
 2117   -0.06271   -0.07498    0.03001
 2118   -0.00328   -0.00388    0.00481
 2119   -0.00313   -0.00338    0.00479
 2120   -0.00253   -0.00243    0.00690
 2121   -0.00337   -0.00154    0.00696
 2122   -0.00355   -0.00373    0.00346
 2123   -0.00328   -0.00437    0.00173
 2124   -0.00388   -0.00476    0.00051
 2125   -0.00364   -0.00329    0.00187
 2126   -0.00413   -0.00513   -0.00045
 2127   -0.00297   -0.00241    0.00560
 2128   -0.00362   -0.00135    0.00639
 2129   -0.00362   -0.00136    0.00636
 2130   -0.00337   -0.00189    0.00642
 2131   -0.00327   -0.00143    0.00627
 2132   -0.00287   -0.00189    0.00582
 2133   -0.00225   -0.00202    0.00549
 2134   -0.00341   -0.00138    0.00611
 2135   -0.00500   -0.00007    0.00781
 2136   -0.00493   -0.00007    0.00858
 2137   -0.00489   -0.00026    0.00882
 2138   -0.00486    0.00018    0.00812
 2139   -0.00672    0.00056    0.01045
 2140   -0.00723    0.00063    0.01191
 2141   -0.00607   -0.00020    0.01147
 2142   -0.00513   -0.00070    0.00943
 2143   -0.00621   -0.00081    0.01247
 2144   -0.00402   -0.00082    0.00873
 2145   -0.00345   -0.00108    0.00853
 2146   -0.00434   -0.00034    0.00897
 2147   -0.00521    0.00030    0.00969
 2148   -0.00226   -0.00117    0.00855
 2149   -0.00125   -0.00183    0.00776
 2150   -0.00083   -0.00273    0.00701
 2151   -0.00091   -0.00192    0.00704
 2152   -0.00390   -0.00032    0.00808
 2153   -0.00444    0.00014    0.00787
 2154   -0.00494    0.00076    0.00686
 2155   -0.00496    0.00073    0.00592
 2156   -0.00551    0.00113    0.00693
 2157   -0.00615    0.00173    0.00593
 2158   -0.00549    0.00129    0.00497
 2159   -0.00485    0.00059    0.00529
 2160   -0.00679    0.00240    0.00657
 2161   -0.00781    0.00316    0.00762
 2162   -0.00905    0.00407    0.00762
 2163   -0.01119    0.00435    0.00662
 2164   -0.01323    0.00531    0.00656
 2165   -0.01518    0.00685    0.00594
 2166   -0.01467    0.00578    0.00800
 2167   -0.00591    0.00162    0.00381
 2168   -0.00535    0.00128    0.00281
 2169   -0.00517    0.00119    0.00271
 2170   -0.00571    0.00147    0.00335
 2171   -0.00595    0.00178    0.00153
 2172   -0.00701    0.00273    0.00126
 2173   -0.00602    0.00172    0.00157
 2174   -0.00456    0.00070    0.00210
 2175   -0.00437    0.00058    0.00187
 2176   -0.00525    0.00143    0.00102
 2177   -0.00540    0.00150    0.00116
 2178   -0.00345   -0.00008    0.00124
 2179   -0.00250   -0.00094    0.00206
 2180   -0.00171   -0.00145    0.00140
 2181   -0.00233   -0.00126    0.00277
 2182   -0.00595    0.00199    0.00021
 2183   -0.00693    0.00291   -0.00075
 2184   -0.00812    0.00355    0.00023
 2185   -0.00908    0.00412   -0.00017
 2186   -0.00736    0.00334   -0.00166
 2187   -0.00870    0.00432   -0.00259
 2188   -0.00811    0.00339    0.00146
 2189   -0.00922    0.00393    0.00253
 2190   -0.00879    0.00361    0.00297
 2191   -0.00990    0.00417    0.00378
 2192   -0.00893    0.00367    0.00355
 2193   -0.00979    0.00430    0.00319
 2194   -0.00873    0.00361    0.00324
 2195   -0.01141    0.00548    0.00264
 2196   -0.00777    0.00293    0.00271
 2197   -0.00736    0.00265    0.00330
 2198   -0.00696    0.00256    0.00252
 2199   -0.00652    0.00204    0.00293
 2200   -0.00566    0.00120    0.00440
 2201   -0.00597    0.00114    0.00534
 2202   -0.00554    0.00107    0.00546
 2203   -0.00607    0.00108    0.00557
 2204   -0.00579    0.00109    0.00629
 2205   -0.00649    0.00123    0.00647
 2206   -0.00617    0.00137    0.00699
 2207   -0.00658    0.00153    0.00802
 2208   -0.00784    0.00310    0.00130
 2209   -0.00786    0.00333    0.00009
 2210   -0.00645    0.00240    0.00015
 2211   -0.00613    0.00244    0.00006
 2212   -0.01020    0.00421    0.00016
 2213   -0.01347    0.00570   -0.00076
 2214   -0.01288    0.00574   -0.00052
 2215   -0.02328    0.00664   -0.00230
 2216   -0.00543    0.00157    0.00050
 2217   -0.00397    0.00067    0.00059
 2218   -0.00378    0.00073   -0.00072
 2219   -0.00371    0.00087   -0.00149
 2220   -0.00311   -0.00011    0.00170
 2221   -0.00312   -0.00014    0.00331
 2222   -0.00212   -0.00093    0.00150
 2223   -0.00282   -0.00082    0.00380
 2224   -0.00341    0.00067   -0.00085
 2225   -0.00309    0.00070   -0.00216
 2226   -0.00184   -0.00004   -0.00193
 2227   -0.00112   -0.00078   -0.00096
 2228   -0.00425    0.00118   -0.00295
 2229   -0.00659    0.00209   -0.00333
 2230   -0.00766    0.00290   -0.00529
 2231   -0.01083    0.00173   -0.00809
 2232   -0.00764    0.00328   -0.00499
 2233   -0.00150    0.00008   -0.00294
 2234   -0.00028   -0.00047   -0.00288
 2235    0.00031   -0.00116   -0.00182
 2236   -0.00050   -0.00093   -0.00147
 2237    0.00032   -0.00009   -0.00450
 2238   -0.00011    0.00080   -0.00614
 2239    0.00079    0.00107   -0.00808
 2240    0.00123    0.00158   -0.00947
 2241   -0.00095    0.00255   -0.01195
 2242    0.00141   -0.00196   -0.00143
 2243    0.00194   -0.00260   -0.00050
 2244    0.00135   -0.00285    0.00086
 2245    0.00166   -0.00339    0.00169
 2246    0.00227   -0.00235   -0.00098
 2247    0.00371   -0.00234   -0.00202
 2248    0.00341   -0.00165   -0.00350
 2249    0.00375   -0.00085   -0.00454
 2250    0.00329   -0.00160   -0.00359
 2251    0.00048   -0.00253    0.00104
 2252   -0.00006   -0.00275    0.00209
 2253    0.00068   -0.00333    0.00288
 2254    0.00104   -0.00344    0.00266
 2255   -0.00109   -0.00226    0.00209
 2256   -0.00107   -0.00171    0.00142
 2257    0.00062   -0.00364    0.00360
 2258    0.00109   -0.00390    0.00413
 2259    0.00082   -0.00363    0.00464
 2260    0.00041   -0.00367    0.00480
 2261    0.00139   -0.00422    0.00457
 2262    0.00175   -0.00432    0.00440
 2263    0.00200   -0.00429    0.00478
 2264    0.00106   -0.00358    0.00454
 2265    0.00092   -0.00346    0.00484
 2266    0.00130   -0.00357    0.00498
 2267    0.00171   -0.00366    0.00473
 2268    0.00073   -0.00339    0.00472
 2269    0.00028   -0.00313    0.00439
 2270    0.00023   -0.00321    0.00432
 2271   -0.00046   -0.00265    0.00460
 2272    0.00125   -0.00351    0.00513
 2273    0.00148   -0.00353    0.00507
 2274    0.00125   -0.00344    0.00496
 2275    0.00090   -0.00353    0.00497
 2276    0.00130   -0.00373    0.00499
 2277    0.00182   -0.00377    0.00499
 2278    0.00221   -0.00379    0.00444
 2279    0.00164   -0.00382    0.00530
 2280    0.00262   -0.00399    0.00482
 2281    0.00230   -0.00410    0.00525
 2282    0.00152   -0.00328    0.00451
 2283    0.00126   -0.00302    0.00419
 2284    0.00082   -0.00233    0.00340
 2285    0.00114   -0.00244    0.00286
 2286    0.00141   -0.00295    0.00381
 2287    0.00087   -0.00264    0.00331
 2288    0.00039   -0.00291    0.00378
 2289    0.00115   -0.00282    0.00317
 2290    0.00043   -0.00219    0.00311
 2291    0.00025   -0.00171    0.00226
 2292   -0.00012   -0.00150    0.00164
 2293   -0.00036   -0.00179    0.00177
 2294    0.00010   -0.00170    0.00240
 2295   -0.00026   -0.00087    0.00149
 2296    0.00043   -0.00206    0.00266
 2297   -0.00032   -0.00085    0.00065
 2298   -0.00053   -0.00029   -0.00003
 2299   -0.00077    0.00035   -0.00072
 2300   -0.00081    0.00024   -0.00096
 2301   -0.00027   -0.00031   -0.00041
 2302    0.00011   -0.00071    0.00032
 2303    0.00054   -0.00041   -0.00020
 2304    0.00011   -0.00085    0.00104
 2305   -0.00090    0.00028   -0.00092
 2306   -0.00129    0.00056   -0.00123
 2307   -0.00138    0.00098   -0.00200
 2308   -0.00117    0.00142   -0.00239
 2309   -0.00148    0.00068   -0.00145
 2310   -0.00141    0.00011   -0.00098
 2311   -0.00170    0.00075   -0.00068
 2312   -0.00161    0.00063   -0.00031
 2313   -0.00136    0.00087    0.00051
 2314   -0.00106    0.00080    0.00048
 2315   -0.00090    0.00089    0.00106
 2316   -0.00140    0.00097   -0.00223
 2317   -0.00120    0.00117   -0.00294
 2318   -0.00146    0.00103   -0.00313
 2319   -0.00177    0.00068   -0.00242
 2320   -0.00064    0.00103   -0.00322
 2321   -0.00022    0.00101   -0.00288
 2322    0.00024    0.00047   -0.00270
 2323    0.00004    0.00107   -0.00321
 2324   -0.00140    0.00156   -0.00353
 2325   -0.00166    0.00108   -0.00306
 2326   -0.00144    0.00055   -0.00283
 2327   -0.00022    0.00087   -0.00323
 2328   -0.00150    0.00154   -0.00350
 2329   -0.00219    0.00194   -0.00413
 2330   -0.00188    0.00276   -0.00534
 2331   -0.00199    0.00257   -0.00488
 2332   -0.00202    0.00286   -0.00583
 2333   -0.00180    0.00415   -0.00687
 2334   -0.00189    0.00218   -0.00380
 2335   -0.00203   -0.00018   -0.00220
 2336   -0.00201   -0.00081   -0.00252
 2337   -0.00256   -0.00204   -0.00191
 2338   -0.00335   -0.00228   -0.00122
