    1   -0.02084    0.00794   -0.00497
    2   -0.01892    0.00639   -0.00138
    3   -0.01617    0.00556    0.00009
    4   -0.01655    0.00553   -0.00073
    5   -0.01890    0.00588   -0.00177
    6   -0.01947    0.00628   -0.00086
    7   -0.01955    0.00559   -0.00266
    8   -0.01548    0.00504    0.00105
    9   -0.01476    0.00522    0.00101
   10   -0.01301    0.00468    0.00174
   11   -0.01089    0.00378    0.00291
   12   -0.01074    0.00381    0.00348
   13   -0.01449    0.00526    0.00249
   14   -0.01548    0.00544    0.00366
   15   -0.01693    0.00576    0.00409
   16   -0.01933    0.00649    0.00394
   17   -0.01683    0.00545    0.00571
   18   -0.00955    0.00337    0.00289
   19   -0.00787    0.00292    0.00378
   20   -0.00789    0.00280    0.00516
   21   -0.00874    0.00287    0.00576
   22   -0.00688    0.00327    0.00333
   23   -0.00713    0.00352    0.00192
   24   -0.00621    0.00389    0.00205
   25   -0.00657    0.00350    0.00130
   26   -0.00596    0.00213    0.00589
   27   -0.00524    0.00151    0.00677
   28   -0.00511    0.00168    0.00683
   29   -0.00446    0.00192    0.00633
   30   -0.00380    0.00109    0.00714
   31   -0.00387    0.00118    0.00717
   32   -0.00196    0.00024    0.00734
   33   -0.00220    0.00045    0.00775
   34   -0.00348    0.00022    0.00838
   35   -0.00477    0.00187    0.00669
   36   -0.00466    0.00279    0.00598
   37   -0.00337    0.00176    0.00616
   38   -0.00244    0.00145    0.00642
   39   -0.00380    0.00400    0.00475
   40   -0.00443    0.00451    0.00513
   41   -0.00563    0.00132    0.00695
   42   -0.00368    0.00242    0.00561
   43   -0.00286    0.00132    0.00566
   44   -0.00235    0.00149    0.00493
   45   -0.00275    0.00233    0.00432
   46   -0.00309    0.00177    0.00545
   47   -0.00253    0.00134    0.00544
   48   -0.00115    0.00069    0.00528
   49   -0.00126    0.00120    0.00521
   50   -0.00130    0.00034    0.00468
   51   -0.00127    0.00002    0.00401
   52   -0.00147   -0.00009    0.00426
   53   -0.00132   -0.00019    0.00447
   54   -0.00067   -0.00123    0.00401
   55   -0.00057   -0.00165    0.00276
   56   -0.00043   -0.00243    0.00200
   57   -0.00021   -0.00280    0.00180
   58   -0.00009   -0.00344    0.00156
   59   -0.00152    0.00026    0.00374
   60   -0.00187    0.00034    0.00403
   61   -0.00130   -0.00140    0.00372
   62   -0.00141   -0.00184    0.00311
   63   -0.00228    0.00091    0.00379
   64   -0.00269    0.00070    0.00422
   65   -0.00193    0.00046    0.00278
   66   -0.00311    0.00149    0.00428
   67   -0.00122   -0.00163    0.00403
   68   -0.00097   -0.00292    0.00401
   69   -0.00103   -0.00310    0.00469
   70   -0.00052   -0.00276    0.00498
   71   -0.00050   -0.00306    0.00381
   72    0.00001   -0.00393    0.00339
   73   -0.00027   -0.00446    0.00339
   74    0.00016   -0.00382    0.00275
   75   -0.00132   -0.00363    0.00469
   76   -0.00113   -0.00363    0.00479
   77   -0.00020   -0.00376    0.00502
   78    0.00035   -0.00332    0.00532
   79   -0.00187   -0.00409    0.00488
   80   -0.00226   -0.00405    0.00436
   81   -0.00176   -0.00385    0.00370
   82    0.00011   -0.00414    0.00445
   83    0.00134   -0.00390    0.00498
   84    0.00215   -0.00306    0.00535
   85    0.00335   -0.00335    0.00588
   86    0.00182   -0.00391    0.00493
   87    0.00351   -0.00367    0.00617
   88    0.00346   -0.00387    0.00639
   89    0.00191   -0.00426    0.00484
   90    0.00481   -0.00477    0.00740
   91    0.00142   -0.00255    0.00529
   92    0.00180   -0.00183    0.00552
   93    0.00174   -0.00164    0.00558
   94    0.00240   -0.00120    0.00568
   95    0.00121   -0.00165    0.00551
   96    0.00115   -0.00203    0.00573
   97    0.00011   -0.00176    0.00490
   98   -0.00033   -0.00110    0.00582
   99    0.00090   -0.00157    0.00521
  100    0.00042   -0.00107    0.00521
  101    0.00128   -0.00146    0.00510
  102    0.00164   -0.00088    0.00483
  103   -0.00080   -0.00098    0.00524
  104   -0.00154   -0.00016    0.00559
  105   -0.00148    0.00006    0.00561
  106   -0.00198   -0.00025    0.00534
  107    0.00170   -0.00227    0.00516
  108    0.00284   -0.00257    0.00485
  109    0.00473   -0.00231    0.00438
  110    0.00604   -0.00203    0.00351
  111    0.00286   -0.00362    0.00532
  112    0.00115   -0.00365    0.00554
  113    0.00049   -0.00298    0.00557
  114    0.00123   -0.00461    0.00585
  115    0.00438   -0.00227    0.00468
  116    0.00576   -0.00176    0.00468
  117    0.00625   -0.00064    0.00431
  118    0.00758   -0.00020    0.00351
  119    0.00548   -0.00178    0.00573
  120    0.00643   -0.00227    0.00583
  121    0.00593   -0.00274    0.00610
  122    0.00641   -0.00312    0.00624
  123    0.00616   -0.00385    0.00680
  124    0.00472   -0.00021    0.00455
  125    0.00437    0.00054    0.00403
  126    0.00492    0.00090    0.00321
  127    0.00568    0.00145    0.00227
  128    0.00247    0.00068    0.00431
  129    0.00190    0.00163    0.00347
  130    0.00184    0.00039    0.00479
  131    0.00469    0.00050    0.00329
  132    0.00535    0.00077    0.00233
  133    0.00774    0.00051    0.00157
  134    0.00872    0.00120    0.00071
  135    0.00454    0.00001    0.00288
  136    0.00265    0.00019    0.00379
  137    0.00185   -0.00044    0.00419
  138    0.00181    0.00152    0.00347
  139    0.00851   -0.00023    0.00188
  140    0.01110   -0.00055    0.00140
  141    0.01210    0.00059    0.00091
  142    0.01395    0.00104   -0.00014
  143    0.01169   -0.00157    0.00206
  144    0.01116   -0.00313    0.00243
  145    0.00960   -0.00340    0.00302
  146    0.01188   -0.00377    0.00247
  147    0.00818   -0.00496    0.00336
  148    0.01116   -0.00564    0.00322
  149    0.00956   -0.00586    0.00368
  150    0.00851   -0.00685    0.00422
  151    0.01078    0.00076    0.00122
  152    0.01109    0.00131    0.00073
  153    0.01065    0.00222   -0.00013
  154    0.01141    0.00295   -0.00122
  155    0.00910    0.00111    0.00170
  156    0.00983    0.00049    0.00252
  157    0.00756    0.00053    0.00335
  158    0.00761    0.00011    0.00420
  159    0.00819    0.00009    0.00447
  160    0.00842    0.00079    0.00376
  161    0.00779    0.00015    0.00544
  162    0.00942    0.00251   -0.00004
  163    0.00877    0.00364   -0.00135
  164    0.01061    0.00380   -0.00224
  165    0.01033    0.00502   -0.00371
  166    0.00661    0.00347   -0.00083
  167    0.00478    0.00334   -0.00009
  168    0.00294    0.00335    0.00053
  169    0.00438    0.00389   -0.00102
  170    0.01228    0.00283   -0.00169
  171    0.01398    0.00327   -0.00296
  172    0.01299    0.00310   -0.00295
  173    0.01389    0.00405   -0.00421
  174    0.01081    0.00231   -0.00159
  175    0.00977    0.00233   -0.00119
  176    0.01073    0.00090   -0.00046
  177    0.01134   -0.00043    0.00013
  178    0.00699    0.00219    0.00010
  179    0.00569    0.00211    0.00077
  180    0.00597    0.00320   -0.00016
  181    0.01071    0.00147   -0.00102
  182    0.01153    0.00016   -0.00076
  183    0.00932   -0.00006    0.00012
  184    0.00729    0.00107    0.00032
  185    0.01412    0.00085   -0.00226
  186    0.00932   -0.00162    0.00043
  187    0.00690   -0.00216    0.00133
  188    0.00583   -0.00375    0.00210
  189    0.00710   -0.00496    0.00206
  190    0.00389   -0.00439    0.00265
  191    0.00308   -0.00644    0.00336
  192    0.00165   -0.00592    0.00406
  193    0.00028   -0.00715    0.00468
  194    0.00138   -0.00751    0.00447
  195    0.00286   -0.00842    0.00397
  196   -0.00054   -0.00853    0.00561
  197   -0.00415   -0.00984    0.00688
  198   -0.00223   -0.00974    0.00546
  199    0.00139   -0.00388    0.00429
  200   -0.00031   -0.00314    0.00505
  201    0.00047   -0.00339    0.00485
  202    0.00192   -0.00282    0.00407
  203   -0.00107   -0.00119    0.00525
  204   -0.00206   -0.00041    0.00584
  205   -0.00135   -0.00006    0.00541
  206   -0.00392   -0.00006    0.00700
  207   -0.00278    0.00041    0.00615
  208   -0.00437    0.00042    0.00728
  209   -0.00509   -0.00015    0.00773
  210   -0.00600    0.00056    0.00818
  211   -0.00654    0.00015    0.00861
  212   -0.00704    0.00057    0.00872
  213   -0.00090   -0.00399    0.00562
  214   -0.00062   -0.00420    0.00567
  215   -0.00209   -0.00357    0.00633
  216   -0.00314   -0.00386    0.00667
  217   -0.00015   -0.00584    0.00580
  218    0.00208   -0.00718    0.00486
  219    0.00380   -0.00584    0.00461
  220    0.00560   -0.00566    0.00397
  221    0.00734   -0.00647    0.00377
  222    0.00828   -0.00846    0.00450
  223    0.00833   -0.00572    0.00282
  224   -0.00197   -0.00296    0.00632
  225   -0.00269   -0.00258    0.00646
  226   -0.00303   -0.00362    0.00628
  227   -0.00240   -0.00442    0.00620
  228   -0.00220   -0.00186    0.00589
  229   -0.00245   -0.00061    0.00582
  230   -0.00152   -0.00042    0.00564
  231   -0.00335    0.00013    0.00613
  232   -0.00171    0.00083    0.00544
  233   -0.00357    0.00131    0.00595
  234   -0.00308    0.00167    0.00562
  235   -0.00392   -0.00386    0.00621
  236   -0.00464   -0.00503    0.00591
  237   -0.00463   -0.00444    0.00576
  238   -0.00449   -0.00357    0.00631
  239   -0.00567   -0.00606    0.00641
  240   -0.00670   -0.00696    0.00623
  241   -0.00532   -0.00729    0.00659
  242   -0.00418   -0.00507    0.00481
  243   -0.00404   -0.00449    0.00385
  244   -0.00454   -0.00445    0.00414
  245   -0.00512   -0.00521    0.00437
  246   -0.00362   -0.00499    0.00190
  247   -0.00265   -0.00496    0.00124
  248   -0.00180   -0.00566   -0.00016
  249   -0.00232   -0.00408    0.00192
  250   -0.00410   -0.00370    0.00415
  251   -0.00426   -0.00330    0.00459
  252   -0.00238   -0.00317    0.00225
  253   -0.00180   -0.00281    0.00157
  254   -0.00455   -0.00191    0.00582
  255   -0.00482   -0.00144    0.00648
  256   -0.00487   -0.00183    0.00688
  257   -0.00285   -0.00382    0.00160
  258   -0.00183   -0.00424   -0.00048
  259   -0.00179   -0.00355   -0.00007
  260   -0.00156   -0.00322   -0.00132
  261   -0.00250   -0.00528   -0.00197
  262   -0.00137   -0.00631   -0.00421
  263   -0.00132   -0.00612   -0.00591
  264   -0.00060   -0.00607   -0.00549
  265   -0.00285   -0.00291    0.00239
  266   -0.00267   -0.00194    0.00297
  267   -0.00395   -0.00083    0.00580
  268   -0.00467   -0.00097    0.00671
  269   -0.00430    0.00006    0.00697
  270   -0.00552    0.00162    0.00860
  271   -0.00661    0.00113    0.01046
  272   -0.00685    0.00217    0.01137
  273   -0.00437    0.00295    0.00828
  274   -0.00304    0.00294    0.00675
  275   -0.00194    0.00417    0.00619
  276   -0.00358    0.00322    0.00674
  277   -0.00700   -0.00052    0.01073
  278   -0.00825   -0.00114    0.01283
  279   -0.00939   -0.00269    0.01353
  280   -0.00923   -0.00324    0.01230
  281   -0.00793   -0.00166    0.01253
  282   -0.00688   -0.00192    0.00951
  283   -0.00708   -0.00305    0.00767
  284   -0.00858   -0.00440    0.00895
  285   -0.00590   -0.00296    0.00604
  286   -0.01114   -0.00331    0.01526
  287   -0.01229   -0.00437    0.01621
  288   -0.01323   -0.00620    0.01518
  289   -0.01324   -0.00674    0.01462
  290   -0.01331   -0.00473    0.01900
  291   -0.01325   -0.00287    0.02017
  292   -0.01321   -0.00144    0.02043
  293   -0.01456   -0.00221    0.02289
  294   -0.01133   -0.00034    0.01829
  295   -0.01412   -0.00722    0.01482
  296   -0.01520   -0.00941    0.01327
  297   -0.01290   -0.00871    0.01116
  298   -0.01370   -0.01024    0.01005
  299   -0.01556   -0.01044    0.01353
  300   -0.01022   -0.00675    0.01051
  301   -0.00914   -0.00669    0.00845
  302   -0.00910   -0.00632    0.00918
  303   -0.00914   -0.00697    0.00832
  304   -0.00701   -0.00555    0.00671
  305   -0.00704   -0.00591    0.00476
  306   -0.00945   -0.00524    0.01072
  307   -0.00947   -0.00460    0.01142
  308   -0.01127   -0.00624    0.01211
  309   -0.01162   -0.00620    0.01212
  310   -0.00954   -0.00332    0.01249
  311   -0.00835   -0.00171    0.01191
  312   -0.00899   -0.00081    0.01257
  313   -0.00718   -0.00081    0.01063
  314   -0.01296   -0.00791    0.01229
  315   -0.01641   -0.00983    0.01378
  316   -0.01620   -0.01144    0.01191
  317   -0.01826   -0.01300    0.01300
  318   -0.01407   -0.01084    0.01009
  319   -0.01311   -0.01157    0.00865
  320   -0.01277   -0.01061    0.00885
  321   -0.01180   -0.01085    0.00797
  322   -0.01162   -0.01141    0.00645
  323   -0.00926   -0.00941    0.00572
  324   -0.01161   -0.00870    0.00980
  325   -0.01062   -0.00776    0.01001
  326   -0.01161   -0.00849    0.01119
  327   -0.01279   -0.00866    0.01202
  328   -0.00943   -0.00572    0.01013
  329   -0.00880   -0.00482    0.00998
  330   -0.00825   -0.00522    0.00878
  331   -0.01083   -0.00890    0.01074
  332   -0.01135   -0.00968    0.01125
  333   -0.01176   -0.00815    0.01222
  334   -0.01062   -0.00616    0.01175
  335   -0.00984   -0.00972    0.01042
  336   -0.00925   -0.01008    0.00965
  337   -0.00958   -0.00905    0.00965
  338   -0.01285   -0.00868    0.01300
  339   -0.01276   -0.00655    0.01318
  340   -0.01235   -0.00639    0.01287
  341   -0.01364   -0.00941    0.01399
  342   -0.01372   -0.00645    0.01340
  343   -0.01184   -0.00443    0.01250
  344   -0.01132   -0.00225    0.01123
  345   -0.01011   -0.00171    0.01082
  346   -0.00938   -0.00266    0.01072
  347   -0.01159   -0.00083    0.01088
  348   -0.01110   -0.00153    0.01106
  349   -0.01167   -0.00409    0.01203
  350   -0.01017   -0.00074    0.01097
  351   -0.00930   -0.00017    0.01055
  352   -0.00915    0.00133    0.01005
  353   -0.00972    0.00179    0.01032
  354   -0.00909   -0.00036    0.01064
  355   -0.00824    0.00177    0.00930
  356   -0.00837    0.00319    0.00852
  357   -0.00787    0.00378    0.00810
  358   -0.00818    0.00463    0.00760
  359   -0.00778    0.00344    0.00789
  360   -0.00623    0.00317    0.00699
  361   -0.00762    0.00334    0.00805
  362   -0.00739    0.00399    0.00766
  363   -0.00689    0.00347    0.00788
  364   -0.00660    0.00228    0.00817
  365   -0.00662    0.00422    0.00693
  366   -0.00688    0.00416    0.00771
  367   -0.00655    0.00367    0.00780
  368   -0.00608    0.00439    0.00718
  369   -0.00624    0.00539    0.00709
  370   -0.00678    0.00382    0.00813
  371   -0.00596    0.00348    0.00796
  372   -0.00582    0.00199    0.00790
  373   -0.00609    0.00394    0.00802
  374   -0.00553    0.00387    0.00695
  375   -0.00521    0.00430    0.00648
  376   -0.00489    0.00431    0.00628
  377   -0.00451    0.00322    0.00622
  378   -0.00486    0.00375    0.00613
  379   -0.00481    0.00423    0.00568
  380   -0.00542    0.00467    0.00568
  381   -0.00442    0.00335    0.00555
  382   -0.00493    0.00584    0.00589
  383   -0.00447    0.00597    0.00552
  384   -0.00444    0.00657    0.00518
  385   -0.00482    0.00681    0.00530
  386   -0.00416    0.00675    0.00581
  387   -0.00334    0.00718    0.00562
  388   -0.00289    0.00613    0.00537
  389   -0.00292    0.00797    0.00576
  390   -0.00411    0.00577    0.00483
  391   -0.00415    0.00591    0.00449
  392   -0.00344    0.00667    0.00427
  393   -0.00306    0.00645    0.00384
  394   -0.00382    0.00470    0.00401
  395   -0.00321    0.00454    0.00324
  396   -0.00297    0.00396    0.00298
  397   -0.00252    0.00438    0.00276
  398   -0.00313    0.00773    0.00412
  399   -0.00238    0.00874    0.00404
  400   -0.00236    0.00935    0.00323
  401   -0.00289    0.00909    0.00313
  402   -0.00209    0.00990    0.00459
  403   -0.00290    0.01026    0.00490
  404   -0.00253    0.01163    0.00501
  405   -0.00353    0.00962    0.00504
  406   -0.00333    0.01201    0.00509
  407   -0.00450    0.00979    0.00531
  408   -0.00462    0.01080    0.00523
  409   -0.00147    0.00957    0.00307
  410   -0.00173    0.01009    0.00261
  411   -0.00286    0.01183    0.00333
  412   -0.00271    0.01324    0.00445
  413   -0.00127    0.01022    0.00218
  414   -0.00087    0.01011    0.00262
  415   -0.00109    0.00995    0.00364
  416   -0.00506    0.01266    0.00304
  417   -0.00626    0.01488    0.00305
  418   -0.00733    0.01696    0.00368
  419   -0.00822    0.01815    0.00265
  420   -0.00695    0.01493    0.00231
  421   -0.00734    0.01421    0.00267
  422   -0.00722    0.01328    0.00402
  423   -0.00750    0.01241    0.00274
  424   -0.00607    0.01665    0.00436
  425   -0.00645    0.02014    0.00502
  426   -0.00734    0.02234    0.00484
  427   -0.00727    0.02045    0.00464
  428   -0.00344    0.02123    0.00460
  429   -0.00107    0.02079    0.00588
  430   -0.00286    0.01702    0.00422
  431   -0.00923    0.02648    0.00575
  432   -0.01035    0.02676    0.00555
  433   -0.00665    0.02489    0.00679
  434   -0.00854    0.02341    0.00665
  435   -0.01293    0.03186    0.00531
  436   -0.00246    0.02522    0.00735
  437    0.00137    0.02442    0.00788
  438    0.00160    0.02052    0.00778
  439    0.00469    0.01869    0.00735
  440    0.00431    0.02654    0.00821
  441    0.00848    0.02589    0.00940
  442    0.01038    0.02749    0.01114
  443    0.00839    0.02759    0.01100
  444    0.01600    0.03042    0.01347
  445    0.00023    0.01965    0.00699
  446   -0.00000    0.01669    0.00607
  447   -0.00233    0.01512    0.00609
  448   -0.00109    0.01268    0.00524
  449   -0.00094    0.01642    0.00569
  450   -0.00163    0.01425    0.00533
  451   -0.00435    0.01352    0.00498
  452   -0.00007    0.01333    0.00514
  453   -0.00464    0.01222    0.00517
  454   -0.00227    0.01220    0.00504
  455   -0.00636    0.01540    0.00621
  456   -0.01012    0.01157    0.00535
  457   -0.00887    0.00900    0.00444
  458   -0.01083    0.00235    0.00372
  459   -0.01443    0.01211    0.00441
  460   -0.01803    0.00832    0.00449
  461   -0.01488    0.00891    0.00587
  462   -0.01494    0.00611    0.00563
  463   -0.01122    0.01287    0.00488
  464   -0.00580    0.01249    0.00492
  465   -0.00214    0.00982    0.00415
  466    0.00381    0.00616    0.00305
  467    0.00646   -0.00097    0.00110
  468    0.00025    0.01531    0.00587
  469   -0.00476    0.01742    0.00552
  470   -0.00349    0.01637    0.00519
  471   -0.00996    0.02124    0.00524
  472    0.00653    0.00959    0.00381
  473    0.01187    0.00733    0.00177
  474    0.01043    0.00271    0.00023
  475    0.01693   -0.00250   -0.00366
  476    0.01235    0.01186    0.00316
  477    0.01509    0.01104    0.00195
  478    0.02323    0.00948    0.00339
  479    0.01152    0.01174    0.00078
  480    0.02435    0.00870   -0.00027
  481    0.01245    0.01154   -0.00104
  482    0.01825    0.01169   -0.00261
  483    0.00344    0.00318    0.00200
  484    0.00010   -0.00171    0.00209
  485    0.00007   -0.01228    0.00005
  486    0.00186   -0.01923   -0.00145
  487   -0.00608   -0.00061    0.00461
  488   -0.00526    0.00498    0.00553
  489   -0.00220    0.00531    0.00439
  490   -0.00384    0.00679    0.00493
  491   -0.00237    0.00785    0.00405
  492    0.00129    0.00866    0.00190
  493   -0.00435    0.00817    0.00493
  494   -0.00218   -0.01539    0.00075
  495   -0.00280   -0.02909    0.00076
  496    0.00721   -0.03652   -0.00390
  497    0.00848   -0.05100   -0.00563
  498   -0.00578   -0.02662    0.00001
  499   -0.01581   -0.02290    0.00167
  500   -0.02286   -0.03647    0.00405
  501   -0.03535   -0.02648   -0.00256
  502   -0.03953   -0.02526   -0.00013
  503    0.01621   -0.03011   -0.00679
  504    0.02835   -0.03695   -0.01336
  505    0.03254   -0.03698   -0.01706
  506    0.04079   -0.04824   -0.02318
  507    0.03752   -0.03007   -0.01647
  508    0.02787   -0.02547   -0.01424
  509    0.02943   -0.02181   -0.01712
  510    0.02469   -0.03184   -0.01561
  511    0.03023   -0.03600   -0.02038
  512    0.02252   -0.00850   -0.01136
  513    0.02408   -0.00358   -0.01372
  514    0.01677    0.00533   -0.00950
  515    0.01001    0.00550   -0.00418
  516    0.01537    0.00915   -0.01013
  517    0.01353   -0.03362   -0.00951
  518    0.00859   -0.04493   -0.00721
  519    0.01860   -0.06249   -0.01297
  520    0.02266   -0.06885   -0.01340
  521   -0.00170   -0.04861   -0.00410
  522   -0.00775   -0.03589    0.00410
  523   -0.00495   -0.06399   -0.00343
  524   -0.01329   -0.03438    0.00571
  525    0.02270   -0.07145   -0.01596
  526    0.03562   -0.09217   -0.02110
  527    0.05372   -0.09249   -0.03080
  528    0.06887   -0.10658   -0.03824
  529    0.03481   -0.10431   -0.01747
  530    0.02447   -0.11754   -0.00876
  531    0.00538   -0.10174   -0.00336
  532   -0.00133   -0.10816    0.00073
  533   -0.00035   -0.08789   -0.00183
  534    0.05414   -0.07788   -0.03234
  535    0.07069   -0.07474   -0.04494
  536    0.06961   -0.07341   -0.04481
  537    0.08669   -0.07989   -0.06082
  538    0.06899   -0.05745   -0.04476
  539    0.08586   -0.05511   -0.05852
  540    0.08290   -0.04141   -0.06248
  541    0.06813   -0.03028   -0.04856
  542    0.10376   -0.03899   -0.08135
  543    0.05266   -0.06376   -0.03314
  544    0.04497   -0.05967   -0.02561
  545    0.04428   -0.07778   -0.02292
  546    0.03319   -0.06873   -0.01158
  547    0.02994   -0.03834   -0.01753
  548    0.02635   -0.02073   -0.01646
  549    0.03648   -0.02255   -0.02384
  550    0.01320   -0.01188   -0.00787
  551    0.05903   -0.09961   -0.03310
  552    0.05861   -0.12583   -0.02583
  553    0.05200   -0.13119   -0.01770
  554    0.03771   -0.13336   -0.00395
  555    0.08269   -0.15960   -0.04159
  556    0.06551   -0.13280   -0.02743
  557    0.06888   -0.16056   -0.02224
  558    0.06272   -0.11905   -0.02824
  559    0.10842   -0.18388   -0.05777
  560    0.03706   -0.06616   -0.01457
  561    0.02896   -0.04665   -0.01869
  562    0.01578   -0.03655   -0.00566
  563    0.01388   -0.04420    0.00732
  564    0.02093   -0.02932   -0.01295
  565    0.01272   -0.02702   -0.00074
  566    0.00608   -0.01494    0.00065
  567    0.00731   -0.00800   -0.00510
  568    0.00223   -0.01849    0.00517
  569    0.00649   -0.01990   -0.00772
  570    0.00074   -0.01113    0.00145
  571   -0.00151   -0.00603    0.00582
  572   -0.00240   -0.00185    0.00108
  573   -0.00274   -0.00794   -0.00470
  574   -0.00471   -0.00200    0.00180
  575   -0.00474   -0.00039    0.01301
  576   -0.00107   -0.00226    0.01960
  577   -0.00584    0.00222    0.01501
  578   -0.00209   -0.00857    0.01246
  579   -0.00467   -0.00559    0.01262
  580   -0.00487   -0.00203    0.01569
  581   -0.00325   -0.00504    0.01909
  582   -0.00476   -0.01105    0.01487
  583   -0.00525   -0.00361    0.01165
  584   -0.00307   -0.01272    0.01336
  585   -0.00627    0.00223    0.01320
  586   -0.00675    0.00425    0.01543
  587   -0.00645    0.00400    0.01773
  588   -0.00716    0.00392    0.01459
  589   -0.00879    0.00585    0.01340
  590   -0.00998    0.00656    0.01542
  591   -0.00623    0.00476    0.01997
  592   -0.00544    0.00578    0.02202
  593   -0.00797    0.00585    0.02089
  594   -0.00929    0.00642    0.01568
  595   -0.00359    0.00794    0.02840
  596   -0.00654    0.00777    0.02733
  597   -0.00588    0.00648    0.02278
  598   -0.01030    0.00537    0.01971
  599   -0.01161    0.00588    0.01743
  600   -0.01060    0.00635    0.01265
  601   -0.01053    0.00669    0.00799
  602   -0.01265    0.00731    0.01718
  603   -0.01506    0.00778    0.01748
  604   -0.02195    0.00501    0.02237
  605   -0.01647    0.00945    0.01650
  606   -0.02352    0.00517    0.02357
  607   -0.00947    0.00551    0.01223
  608   -0.00904    0.00537    0.00875
  609   -0.00859    0.00527    0.00524
  610   -0.00808    0.00514    0.00451
  611   -0.00852    0.00527    0.00856
  612   -0.00858    0.00532    0.00711
  613   -0.00879    0.00552    0.00923
  614   -0.00834    0.00566    0.00268
  615   -0.00790    0.00661   -0.00031
  616   -0.00799    0.00600    0.00138
  617   -0.00793    0.00565    0.00261
  618   -0.00755    0.00668   -0.00145
  619   -0.00643    0.00707   -0.00315
  620   -0.00676    0.00672   -0.00203
  621   -0.00544    0.00786   -0.00619
  622   -0.00633    0.00696   -0.00312
  623   -0.00488    0.00852   -0.00744
  624   -0.00548    0.00782   -0.00571
  625   -0.00529    0.00729   -0.00730
  626   -0.00843    0.00595    0.00100
  627   -0.00973    0.00396    0.00251
  628   -0.01087    0.00351    0.00101
  629   -0.01140    0.00408   -0.00124
  630   -0.01037    0.00299    0.00499
  631   -0.01273    0.00176    0.00538
  632   -0.01305    0.00193    0.00644
  633   -0.01392   -0.00041    0.00579
  634   -0.01363    0.00110    0.00771
  635   -0.01569   -0.00213    0.00695
  636   -0.01574   -0.00147    0.00828
  637   -0.01100    0.00339    0.00169
  638   -0.01178    0.00375    0.00018
  639   -0.01336    0.00202    0.00263
  640   -0.01304    0.00267    0.00362
  641   -0.01043    0.00483   -0.00095
  642   -0.00980    0.00459    0.00058
  643   -0.00854    0.00446   -0.00037
  644   -0.00952    0.00474   -0.00215
  645   -0.01467    0.00214    0.00207
  646   -0.01645    0.00133    0.00419
  647   -0.01550    0.00300    0.00280
  648   -0.01475    0.00406    0.00060
  649   -0.01820    0.00058    0.00276
  650   -0.01893   -0.00116    0.00178
  651   -0.02067   -0.00254   -0.00102
  652   -0.02100   -0.00675   -0.00171
  653   -0.02513   -0.01029   -0.00557
  654   -0.01588    0.00314    0.00342
  655   -0.01531    0.00388    0.00237
  656   -0.01720    0.00420    0.00093
  657   -0.01825    0.00406    0.00059
  658   -0.01527    0.00409    0.00356
  659   -0.01473    0.00444    0.00328
  660   -0.01366    0.00483    0.00393
  661   -0.01281    0.00503    0.00459
  662   -0.01421    0.00519    0.00377
  663   -0.01664    0.00493   -0.00053
  664   -0.01807    0.00609   -0.00212
  665   -0.01742    0.00654   -0.00202
  666   -0.01868    0.00757   -0.00236
  667   -0.01910    0.00678   -0.00399
  668   -0.01692    0.00618   -0.00382
  669   -0.02017    0.00645   -0.00423
  670   -0.01579    0.00575   -0.00132
  671   -0.01487    0.00558   -0.00062
  672   -0.01502    0.00565    0.00102
  673   -0.01426    0.00554    0.00175
  674   -0.01341    0.00491   -0.00081
  675   -0.01358    0.00491   -0.00247
  676   -0.01243    0.00435   -0.00037
  677   -0.01205    0.00479   -0.00288
  678   -0.01578    0.00580    0.00120
  679   -0.01497    0.00569    0.00173
  680   -0.01301    0.00491    0.00286
  681   -0.01197    0.00418    0.00285
  682   -0.01191    0.00484    0.00409
  683   -0.01020    0.00440    0.00476
  684   -0.00917    0.00405    0.00462
  685   -0.00757    0.00340    0.00497
  686   -0.00940    0.00361    0.00493
  687   -0.00953    0.00390    0.00476
  688   -0.00809    0.00508    0.00438
  689   -0.01023    0.00401    0.00543
  690   -0.00981    0.00455    0.00406
  691   -0.00887    0.00437    0.00391
  692   -0.00856    0.00427    0.00427
  693   -0.00797    0.00423    0.00404
  694   -0.00973    0.00458    0.00271
  695   -0.01161    0.00440    0.00260
  696   -0.00943    0.00463    0.00496
  697   -0.00934    0.00495    0.00532
  698   -0.00788    0.00490    0.00534
  699   -0.00787    0.00512    0.00552
  700   -0.00891    0.00554    0.00539
  701   -0.00754    0.00575    0.00512
  702   -0.00589    0.00482    0.00458
  703   -0.00535    0.00428    0.00490
  704   -0.00519    0.00412    0.00464
  705   -0.00497    0.00408    0.00461
  706   -0.00524    0.00384    0.00438
  707   -0.00480    0.00388    0.00363
  708   -0.00562    0.00434    0.00363
  709   -0.00488    0.00457    0.00313
  710   -0.00430    0.00397    0.00300
  711   -0.00298    0.00326    0.00320
  712   -0.00348    0.00424    0.00180
  713   -0.00722    0.00450    0.00404
  714   -0.00820    0.00468    0.00435
  715   -0.00804    0.00466    0.00495
  716   -0.00780    0.00478    0.00457
  717   -0.00971    0.00415    0.00432
  718   -0.01018    0.00382    0.00332
  719   -0.01027    0.00439    0.00449
  720   -0.00990    0.00412    0.00191
  721   -0.00759    0.00485    0.00522
  722   -0.00692    0.00504    0.00527
  723   -0.00592    0.00486    0.00485
  724   -0.00614    0.00500    0.00495
  725   -0.00505    0.00453    0.00442
  726   -0.00405    0.00425    0.00425
  727   -0.00383    0.00462    0.00346
  728   -0.00360    0.00471    0.00352
  729   -0.00273    0.00348    0.00400
  730   -0.00231    0.00268    0.00449
  731   -0.00295    0.00262    0.00500
  732   -0.00061    0.00195    0.00441
  733   -0.00402    0.00495    0.00265
  734   -0.00422    0.00520    0.00198
  735   -0.00525    0.00573    0.00251
  736   -0.00464    0.00623    0.00184
  737   -0.00475    0.00546    0.00111
  738   -0.00346    0.00548    0.00031
  739   -0.00486    0.00612   -0.00044
  740   -0.00417    0.00543   -0.00047
  741   -0.00647    0.00542    0.00384
  742   -0.00707    0.00584    0.00396
  743   -0.00652    0.00592    0.00417
  744   -0.00699    0.00608    0.00401
  745   -0.00783    0.00588    0.00485
  746   -0.00865    0.00564    0.00463
  747   -0.00950    0.00534    0.00512
  748   -0.00877    0.00498    0.00375
  749   -0.01022    0.00422    0.00503
  750   -0.00975    0.00429    0.00396
  751   -0.00592    0.00540    0.00444
  752   -0.00561    0.00520    0.00482
  753   -0.00473    0.00532    0.00410
  754   -0.00503    0.00541    0.00420
  755   -0.00519    0.00447    0.00512
  756   -0.00369    0.00537    0.00329
  757   -0.00248    0.00571    0.00235
  758   -0.00267    0.00673    0.00152
  759   -0.00238    0.00742    0.00129
  760   -0.00064    0.00561    0.00125
  761    0.00112    0.00618   -0.00037
  762   -0.00009    0.00438    0.00206
  763   -0.00326    0.00700    0.00088
  764   -0.00360    0.00751   -0.00008
  765   -0.00507    0.00706    0.00138
  766   -0.00534    0.00663    0.00086
  767   -0.00424    0.00673   -0.00029
  768   -0.00643    0.00681    0.00264
  769   -0.00801    0.00706    0.00323
  770   -0.00797    0.00704    0.00385
  771   -0.00915    0.00729    0.00452
  772   -0.00836    0.00702    0.00378
  773   -0.00851    0.00672    0.00331
  774   -0.00928    0.00660    0.00298
  775   -0.00787    0.00660    0.00336
  776   -0.00592    0.00693    0.00315
  777   -0.00579    0.00673    0.00374
  778   -0.00383    0.00778    0.00260
  779   -0.00297    0.00699    0.00265
  780   -0.00540    0.00568    0.00435
  781   -0.00689    0.00548    0.00528
  782   -0.00767    0.00583    0.00570
  783   -0.00689    0.00522    0.00564
  784   -0.00322    0.00889    0.00143
  785   -0.00063    0.01005   -0.00046
  786   -0.00135    0.01051   -0.00027
  787    0.00029    0.01079   -0.00098
  788    0.00023    0.01102   -0.00206
  789    0.00057    0.01018   -0.00201
  790    0.00120    0.01077   -0.00464
  791    0.00302    0.01255   -0.00789
  792    0.00028    0.00962   -0.00482
  793   -0.00340    0.01049    0.00066
  794   -0.00373    0.01009    0.00104
  795   -0.00353    0.00825    0.00235
  796   -0.00415    0.00860    0.00309
  797   -0.00532    0.01036    0.00152
  798   -0.00742    0.00894    0.00426
  799   -0.00801    0.00878    0.00496
  800   -0.00718    0.00816    0.00419
  801   -0.00352    0.00691    0.00298
  802   -0.00341    0.00579    0.00405
  803   -0.00140    0.00495    0.00328
  804   -0.00074    0.00394    0.00363
  805   -0.00477    0.00475    0.00530
  806   -0.00656    0.00514    0.00615
  807   -0.00749    0.00460    0.00700
  808   -0.00883    0.00542    0.00709
  809   -0.00872    0.00637    0.00634
  810   -0.00051    0.00546    0.00246
  811    0.00126    0.00481    0.00200
  812    0.00318    0.00585    0.00007
  813    0.00323    0.00743   -0.00049
  814    0.00099    0.00453    0.00193
  815   -0.00020    0.00334    0.00329
  816   -0.00208    0.00359    0.00429
  817    0.00011    0.00309    0.00312
  818    0.00512    0.00481   -0.00057
  819    0.00769    0.00573   -0.00260
  820    0.00935    0.00567   -0.00342
  821    0.00836    0.00479   -0.00267
  822    0.01189    0.00718   -0.00595
  823    0.01378    0.00754   -0.00684
  824    0.01753    0.00760   -0.00771
  825    0.01930    0.00879   -0.00890
  826    0.01271    0.00905   -0.00804
  827    0.00999    0.00859   -0.00717
  828    0.00881    0.00751   -0.00611
  829    0.00837    0.00957   -0.00738
  830    0.00678    0.00708   -0.00485
  831    0.00671    0.00903   -0.00596
  832    0.00593    0.00801   -0.00508
  833    0.01861    0.00627   -0.00708
  834    0.02294    0.00631   -0.00775
  835    0.02414    0.00890   -0.00944
  836    0.02153    0.01006   -0.01010
  837    0.02421    0.00390   -0.00668
  838    0.02231    0.00412   -0.00598
  839    0.02346    0.00257   -0.00467
  840    0.02589    0.00070   -0.00484
  841    0.02209    0.00281   -0.00382
  842    0.02928    0.01043   -0.01091
  843    0.03238    0.01323   -0.01364
  844    0.03098    0.01205   -0.01174
  845    0.03407    0.01043   -0.01045
  846    0.04309    0.01659   -0.01637
  847    0.02728    0.01263   -0.01253
  848    0.02587    0.01169   -0.01171
  849    0.02098    0.00965   -0.01010
  850    0.02018    0.00885   -0.00905
  851    0.01906    0.00941   -0.00985
  852    0.01589    0.00828   -0.00829
  853    0.01367    0.00853   -0.00884
  854    0.01293    0.00951   -0.01052
  855    0.01435    0.00813   -0.00810
  856    0.01176    0.00744   -0.00683
  857    0.01255    0.00769   -0.00761
  858    0.01045    0.00767   -0.00781
  859    0.00832    0.00778   -0.00790
  860    0.00702    0.00849   -0.00904
  861    0.00987    0.00669   -0.00633
  862    0.00747    0.00664   -0.00666
  863    0.01213    0.00652   -0.00596
  864    0.00782    0.00718   -0.00666
  865    0.00600    0.00719   -0.00643
  866    0.00638    0.00850   -0.00822
  867    0.00493    0.00894   -0.00892
  868    0.00538    0.00635   -0.00476
  869    0.00340    0.00635   -0.00385
  870    0.00158    0.00665   -0.00395
  871    0.00314    0.00534   -0.00209
  872    0.00811    0.00921   -0.00910
  873    0.00860    0.01085   -0.01127
  874    0.00853    0.01150   -0.01273
  875    0.00767    0.01181   -0.01354
  876    0.01097    0.01167   -0.01168
  877    0.01176    0.01327   -0.01344
  878    0.01517    0.01485   -0.01471
  879    0.01669    0.01575   -0.01481
  880    0.02126    0.01836   -0.01683
  881    0.00928    0.01127   -0.01274
  882    0.00899    0.01160   -0.01372
  883    0.00623    0.01122   -0.01385
  884    0.00550    0.01118   -0.01527
  885    0.01015    0.01125   -0.01430
  886    0.00973    0.01171   -0.01566
  887    0.01139    0.01295   -0.01781
  888    0.01130    0.01363   -0.01894
  889    0.01309    0.01332   -0.01939
  890    0.00504    0.01013   -0.01203
  891    0.00270    0.00936   -0.01173
  892    0.00177    0.01004   -0.01171
  893    0.00036    0.01034   -0.01275
  894    0.00183    0.00816   -0.00944
  895   -0.00064    0.00760   -0.00893
  896   -0.00171    0.00741   -0.00935
  897   -0.00189    0.00785   -0.00764
  898   -0.00379    0.00696   -0.00894
  899   -0.00382    0.00666   -0.00664
  900   -0.00485    0.00641   -0.00726
  901    0.00239    0.01022   -0.01088
  902    0.00145    0.01097   -0.01085
  903    0.00215    0.01185   -0.01294
  904    0.00109    0.01218   -0.01378
  905    0.00225    0.01060   -0.00946
  906    0.00155    0.00931   -0.00683
  907    0.00219    0.00887   -0.00525
  908   -0.00093    0.00847   -0.00494
  909    0.00402    0.01195   -0.01427
  910    0.00460    0.01331   -0.01701
  911    0.00352    0.01322   -0.01801
  912    0.00317    0.01388   -0.01960
  913    0.00696    0.01346   -0.01773
  914    0.00832    0.01427   -0.02026
  915    0.00298    0.01263   -0.01730
  916    0.00176    0.01268   -0.01865
  917   -0.00016    0.01225   -0.01813
  918   -0.00125    0.01255   -0.01931
  919    0.00159    0.01209   -0.01793
  920    0.00378    0.01288   -0.01925
  921    0.00405    0.01252   -0.01825
  922    0.00199    0.01152   -0.01708
  923    0.00597    0.01295   -0.01954
  924   -0.00114    0.01163   -0.01652
  925   -0.00314    0.01071   -0.01570
  926   -0.00317    0.01096   -0.01585
  927   -0.00439    0.00999   -0.01479
  928   -0.00395    0.00933   -0.01316
  929   -0.00275    0.00909   -0.01168
  930   -0.00423    0.00894   -0.01315
  931   -0.00245    0.01234   -0.01692
  932   -0.00139    0.01128   -0.01671
  933   -0.00269    0.01120   -0.01891
  934   -0.00381    0.01026   -0.01757
  935   -0.00003    0.01257   -0.01810
  936    0.00032    0.01041   -0.01618
  937    0.00118    0.01473   -0.01884
  938    0.00109    0.01859   -0.02261
  939    0.00216    0.01381   -0.01696
  940   -0.00367    0.01316   -0.02118
  941   -0.00562    0.01429   -0.02281
  942   -0.00746    0.01321   -0.02191
  943   -0.00986    0.01480   -0.02355
  944   -0.00499    0.01678   -0.02589
  945   -0.00726    0.01207   -0.01949
  946   -0.00915    0.01113   -0.01876
  947   -0.01148    0.01137   -0.01687
  948   -0.01102    0.01152   -0.01566
  949   -0.00866    0.00992   -0.01723
  950   -0.00765    0.01090   -0.01894
  951   -0.00790    0.01010   -0.01728
  952   -0.00703    0.01066   -0.02024
  953   -0.01334    0.01050   -0.01744
  954   -0.01466    0.00941   -0.01590
  955   -0.01425    0.00775   -0.01226
  956   -0.01337    0.00747   -0.01209
  957   -0.01690    0.00927   -0.01752
  958   -0.01682    0.00867   -0.01665
  959   -0.01510    0.00678   -0.00974
  960   -0.01458    0.00427   -0.00571
  961   -0.01533    0.00484   -0.00632
  962   -0.01493    0.00571   -0.00566
  963   -0.01457    0.00285   -0.00265
  964   -0.01343    0.00356   -0.00247
  965   -0.01431    0.00595   -0.00796
  966   -0.01699    0.00584   -0.00804
  967   -0.01802    0.00600   -0.00883
  968   -0.01691    0.00678   -0.01035
  969   -0.01675    0.00667   -0.00987
  970   -0.02048    0.00658   -0.01077
  971   -0.02094    0.00332   -0.01016
  972   -0.01905    0.00250   -0.00978
  973   -0.02299   -0.00568   -0.01303
  974   -0.01800    0.00395   -0.01006
  975   -0.01566    0.00705   -0.01212
  976   -0.01412    0.00728   -0.01368
  977   -0.01229    0.00678   -0.01207
  978   -0.01149    0.00689   -0.01302
  979   -0.01397    0.00823   -0.01632
  980   -0.01608    0.00855   -0.01836
  981   -0.01780    0.00878   -0.01903
  982   -0.01636    0.00903   -0.02002
  983   -0.01168    0.00658   -0.01064
  984   -0.01028    0.00636   -0.00941
  985   -0.01097    0.00599   -0.00781
  986   -0.00976    0.00594   -0.00754
  987   -0.00972    0.00615   -0.00821
  988   -0.00863    0.00725   -0.01015
  989   -0.00851    0.00715   -0.00894
  990   -0.00757    0.00911   -0.01083
  991   -0.00820    0.00981   -0.01011
  992   -0.00899    0.00932   -0.00728
  993   -0.00758    0.01038   -0.01216
  994   -0.01282    0.00554   -0.00676
  995   -0.01398    0.00566   -0.00587
  996   -0.01411    0.00632   -0.00781
  997   -0.01370    0.00628   -0.00735
  998   -0.01618    0.00560   -0.00539
  999   -0.01434    0.00653   -0.00968
 1000   -0.01454    0.00739   -0.01177
 1001   -0.01264    0.00747   -0.01200
 1002   -0.01272    0.00753   -0.01229
 1003   -0.01629    0.00870   -0.01466
 1004   -0.01906    0.00907   -0.01497
 1005   -0.02047    0.01008   -0.01827
 1006   -0.02580    0.01237   -0.02094
 1007   -0.02719    0.01162   -0.01909
 1008   -0.01078    0.00717   -0.01184
 1009   -0.00839    0.00706   -0.01200
 1010   -0.00767    0.00656   -0.00998
 1011   -0.00637    0.00670   -0.01020
 1012   -0.00712    0.00727   -0.01259
 1013   -0.00773    0.00786   -0.01514
 1014   -0.00849    0.00632   -0.00833
 1015   -0.00802    0.00594   -0.00651
 1016   -0.00887    0.00632   -0.00660
 1017   -0.00782    0.00607   -0.00567
 1018   -0.00896    0.00533   -0.00471
 1019   -0.00859    0.00505   -0.00297
 1020   -0.00667    0.00520   -0.00238
 1021   -0.00963    0.00507   -0.00212
 1022   -0.00605    0.00516   -0.00090
 1023   -0.00895    0.00504   -0.00062
 1024   -0.00722    0.00497   -0.00006
 1025   -0.01063    0.00657   -0.00712
 1026   -0.01177    0.00673   -0.00720
 1027   -0.01082    0.00681   -0.00825
 1028   -0.01079    0.00662   -0.00761
 1029   -0.01431    0.00737   -0.00807
 1030   -0.01579    0.00687   -0.00688
 1031   -0.01772    0.00783   -0.00807
 1032   -0.01835    0.00781   -0.00810
 1033   -0.01932    0.00854   -0.00933
 1034   -0.00972    0.00687   -0.01000
 1035   -0.00849    0.00700   -0.01145
 1036   -0.00586    0.00660   -0.01054
 1037   -0.00462    0.00663   -0.01166
 1038   -0.00878    0.00730   -0.01444
 1039   -0.01212    0.00764   -0.01660
 1040   -0.01211    0.00811   -0.01944
 1041   -0.01652    0.00872   -0.02299
 1042   -0.01748    0.00838   -0.02924
 1043   -0.00502    0.00652   -0.00876
 1044   -0.00271    0.00632   -0.00795
 1045   -0.00247    0.00583   -0.00608
 1046   -0.00273    0.00558   -0.00460
 1047   -0.00188    0.00629   -0.00745
 1048    0.00053    0.00671   -0.00773
 1049    0.00163    0.00639   -0.00649
 1050    0.00136    0.00740   -0.00937
 1051   -0.00203    0.00565   -0.00636
 1052   -0.00159    0.00526   -0.00451
 1053    0.00042    0.00509   -0.00327
 1054    0.00057    0.00475   -0.00153
 1055   -0.00153    0.00566   -0.00544
 1056   -0.00397    0.00607   -0.00742
 1057   -0.00594    0.00617   -0.00611
 1058   -0.00670    0.00591   -0.00474
 1059   -0.00887    0.00735   -0.00831
 1060    0.00198    0.00560   -0.00434
 1061    0.00404    0.00568   -0.00376
 1062    0.00326    0.00506   -0.00254
 1063    0.00371    0.00447   -0.00118
 1064    0.00605    0.00636   -0.00528
 1065    0.00202    0.00498   -0.00285
 1066    0.00122    0.00469   -0.00186
 1067    0.00001    0.00436   -0.00049
 1068    0.00003    0.00384    0.00058
 1069    0.00016    0.00496   -0.00269
 1070    0.00183    0.00527   -0.00380
 1071   -0.00105    0.00475   -0.00143
 1072    0.00081    0.00599   -0.00497
 1073   -0.00130    0.00460   -0.00071
 1074   -0.00248    0.00433    0.00024
 1075   -0.00125    0.00377    0.00122
 1076   -0.00152    0.00323    0.00204
 1077   -0.00393    0.00446   -0.00065
 1078   -0.00558    0.00486   -0.00175
 1079   -0.00726    0.00506   -0.00282
 1080   -0.00797    0.00475   -0.00291
 1081   -0.00834    0.00572   -0.00378
 1082    0.00029    0.00390    0.00082
 1083    0.00153    0.00347    0.00152
 1084    0.00240    0.00285    0.00212
 1085    0.00250    0.00231    0.00317
 1086    0.00290    0.00367    0.00110
 1087    0.00293    0.00311    0.00149
 1088    0.00363    0.00259    0.00207
 1089    0.00230    0.00217    0.00309
 1090    0.00265    0.00139    0.00397
 1091    0.00446    0.00286    0.00111
 1092    0.00081    0.00251    0.00295
 1093   -0.00031    0.00229    0.00377
 1094   -0.00029    0.00186    0.00456
 1095   -0.00017    0.00122    0.00518
 1096   -0.00189    0.00286    0.00329
 1097   -0.00311    0.00274    0.00410
 1098   -0.00362    0.00281    0.00427
 1099   -0.00355    0.00267    0.00448
 1100   -0.00435    0.00272    0.00482
 1101   -0.00437    0.00247    0.00497
 1102   -0.00039    0.00204    0.00433
 1103   -0.00030    0.00159    0.00503
 1104    0.00090    0.00106    0.00579
 1105    0.00090    0.00064    0.00663
 1106   -0.00084    0.00174    0.00457
 1107   -0.00244    0.00205    0.00427
 1108   -0.00313    0.00222    0.00394
 1109   -0.00326    0.00215    0.00444
 1110    0.00189    0.00110    0.00536
 1111    0.00292    0.00069    0.00573
 1112    0.00284   -0.00005    0.00639
 1113    0.00327   -0.00040    0.00707
 1114    0.00416    0.00106    0.00501
 1115    0.00246    0.00013    0.00606
 1116    0.00229   -0.00038    0.00632
 1117    0.00135   -0.00026    0.00673
 1118    0.00123   -0.00075    0.00701
 1119    0.00241   -0.00036    0.00586
 1120    0.00231   -0.00087    0.00602
 1121    0.00402   -0.00046    0.00555
 1122    0.00058    0.00022    0.00651
 1123   -0.00016    0.00034    0.00667
 1124    0.00012   -0.00018    0.00690
 1125   -0.00013   -0.00032    0.00699
 1126   -0.00107    0.00088    0.00637
 1127    0.00061   -0.00042    0.00724
 1128    0.00087   -0.00090    0.00766
 1129    0.00096   -0.00097    0.00724
 1130    0.00093   -0.00124    0.00694
 1131    0.00145   -0.00159    0.00830
 1132    0.00212   -0.00177    0.00937
 1133    0.00277   -0.00084    0.00894
 1134    0.00315   -0.00046    0.00884
 1135    0.00292   -0.00044    0.00838
 1136    0.00133   -0.00086    0.00775
 1137    0.00127   -0.00099    0.00682
 1138    0.00079   -0.00139    0.00617
 1139    0.00071   -0.00148    0.00561
 1140    0.00208   -0.00129    0.00659
 1141    0.00286   -0.00198    0.00704
 1142    0.00266   -0.00217    0.00692
 1143    0.00158   -0.00164    0.00609
 1144    0.00288   -0.00239    0.00720
 1145    0.00031   -0.00142    0.00539
 1146    0.00004   -0.00237    0.00404
 1147    0.00051   -0.00287    0.00315
 1148    0.00038   -0.00325    0.00227
 1149    0.00092   -0.00292    0.00337
 1150    0.00186   -0.00359    0.00235
 1151    0.00256   -0.00334    0.00227
 1152    0.00107   -0.00257    0.00479
 1153    0.00145   -0.00434    0.00021
 1154    0.00143   -0.00382    0.00026
 1155    0.00095   -0.00315    0.00191
 1156    0.00162   -0.00334    0.00149
 1157   -0.00003   -0.00197    0.00329
 1158    0.00393   -0.00406    0.00037
 1159    0.00599   -0.00447    0.00011
 1160    0.00675   -0.00523   -0.00231
 1161    0.00667   -0.00630   -0.00342
 1162    0.00708   -0.00486    0.00003
 1163    0.00235   -0.00408    0.00627
 1164    0.00664   -0.00484   -0.00202
 1165    0.00593   -0.00548   -0.00305
 1166    0.00775   -0.00573   -0.00362
 1167    0.01024   -0.00546   -0.00341
 1168    0.00482   -0.00476   -0.00232
 1169    0.00345   -0.00512   -0.00274
 1170    0.00255   -0.00494   -0.00267
 1171    0.00157   -0.00487   -0.00317
 1172    0.00123   -0.00429   -0.00204
 1173    0.00084   -0.00318   -0.00055
 1174    0.00079   -0.00429   -0.00236
 1175    0.00697   -0.00644   -0.00408
 1176    0.00814   -0.00688   -0.00440
 1177    0.00767   -0.00564   -0.00395
 1178    0.00785   -0.00556   -0.00415
 1179    0.00790   -0.00817   -0.00530
 1180    0.00579   -0.00799   -0.00517
 1181    0.01017   -0.01042   -0.00636
 1182    0.00687   -0.00459   -0.00297
 1183    0.00507   -0.00182   -0.00243
 1184    0.00581   -0.00054   -0.00259
 1185    0.00516   -0.00025   -0.00203
 1186    0.00394   -0.00028   -0.00174
 1187    0.00258    0.00193   -0.00141
 1188    0.00237    0.00151   -0.00107
 1189    0.00215    0.00337   -0.00048
 1190    0.00748    0.00068   -0.00262
 1191    0.00921    0.00183   -0.00253
 1192    0.00724    0.00424   -0.00200
 1193    0.00624    0.00617   -0.00194
 1194    0.01001    0.00013   -0.00350
 1195    0.00540    0.00464   -0.00208
 1196    0.00367    0.00696   -0.00173
 1197    0.00268    0.00700   -0.00122
 1198    0.00258    0.00850   -0.00127
 1199    0.00242    0.00684   -0.00079
 1200    0.00152    0.00806   -0.00019
 1201    0.00131    0.00735    0.00002
 1202   -0.00098    0.00811    0.00186
 1203    0.00326    0.00715   -0.00225
 1204    0.00154    0.00571   -0.00051
 1205    0.00126    0.00618   -0.00040
 1206    0.00058    0.00694    0.00058
 1207    0.00084    0.00556    0.00071
 1208    0.00045    0.00491    0.00006
 1209   -0.00006    0.00588    0.00011
 1210    0.00124    0.00353   -0.00088
 1211   -0.00001    0.00919    0.00084
 1212   -0.00033    0.00961    0.00124
 1213   -0.00149    0.00966    0.00137
 1214   -0.00243    0.01077    0.00155
 1215   -0.00142    0.01072    0.00150
 1216    0.00239    0.01112    0.00051
 1217    0.00280    0.01092    0.00093
 1218    0.00298    0.01244    0.00015
 1219   -0.00199    0.00836    0.00194
 1220   -0.00292    0.00770    0.00242
 1221   -0.00463    0.00840    0.00380
 1222   -0.00474    0.00792    0.00411
 1223   -0.00264    0.00610    0.00251
 1224   -0.00182    0.00593    0.00171
 1225   -0.00185    0.00625    0.00196
 1226   -0.00094    0.00487    0.00129
 1227   -0.00125    0.00564    0.00126
 1228   -0.00050    0.00428    0.00025
 1229   -0.00036    0.00495    0.00022
 1230   -0.00484    0.00896    0.00391
 1231   -0.00570    0.00880    0.00467
 1232   -0.00564    0.00796    0.00487
 1233   -0.00458    0.00760    0.00440
 1234   -0.00655    0.00990    0.00473
 1235   -0.00785    0.00869    0.00507
 1236   -0.00858    0.00728    0.00540
 1237   -0.00828    0.00864    0.00538
 1238   -0.01003    0.00670    0.00560
 1239   -0.00963    0.00729    0.00586
 1240   -0.00661    0.00691    0.00523
 1241   -0.00624    0.00642    0.00555
 1242   -0.00699    0.00696    0.00607
 1243   -0.00758    0.00661    0.00618
 1244   -0.00615    0.00588    0.00559
 1245   -0.00517    0.00532    0.00475
 1246   -0.00505    0.00517    0.00465
 1247   -0.00469    0.00461    0.00468
 1248   -0.00451    0.00433    0.00452
 1249   -0.00419    0.00375    0.00472
 1250   -0.00388    0.00353    0.00431
 1251   -0.00640    0.00729    0.00587
 1252   -0.00672    0.00722    0.00613
 1253   -0.00647    0.00687    0.00615
 1254   -0.00599    0.00663    0.00600
 1255   -0.00659    0.00794    0.00626
 1256   -0.00570    0.00814    0.00615
 1257   -0.00698    0.00810    0.00618
 1258   -0.00433    0.00892    0.00556
 1259   -0.00698    0.00681    0.00637
 1260   -0.00664    0.00661    0.00642
 1261   -0.00664    0.00695    0.00614
 1262   -0.00674    0.00732    0.00586
 1263   -0.00709    0.00618    0.00629
 1264   -0.00677    0.00594    0.00597
 1265   -0.00628    0.00518    0.00610
 1266   -0.00714    0.00606    0.00571
 1267   -0.00647    0.00678    0.00634
 1268   -0.00687    0.00676    0.00617
 1269   -0.00737    0.00643    0.00642
 1270   -0.00747    0.00578    0.00707
 1271   -0.00637    0.00659    0.00650
 1272   -0.00559    0.00695    0.00667
 1273   -0.00548    0.00697    0.00666
 1274   -0.00461    0.00747    0.00607
 1275   -0.00488    0.00734    0.00654
 1276   -0.00372    0.00760    0.00583
 1277   -0.00365    0.00784    0.00610
 1278   -0.00788    0.00677    0.00607
 1279   -0.00824    0.00670    0.00630
 1280   -0.00892    0.00702    0.00620
 1281   -0.00833    0.00748    0.00501
 1282   -0.00822    0.00676    0.00596
 1283   -0.00817    0.00650    0.00588
 1284   -0.00752    0.00607    0.00566
 1285   -0.00853    0.00674    0.00593
 1286   -0.00908    0.00679    0.00655
 1287   -0.00971    0.00717    0.00656
 1288   -0.01086    0.00779    0.00631
 1289   -0.01066    0.00770    0.00606
 1290   -0.00998    0.00676    0.00667
 1291   -0.01077    0.00716    0.00646
 1292   -0.01100    0.00778    0.00622
 1293   -0.01016    0.00710    0.00677
 1294   -0.01105    0.00809    0.00595
 1295   -0.01128    0.00841    0.00652
 1296   -0.01148    0.00873    0.00737
 1297   -0.01080    0.00839    0.00674
 1298   -0.01077    0.00792    0.00719
 1299   -0.01127    0.00791    0.00878
 1300   -0.01028    0.00761    0.00619
 1301   -0.01243    0.00970    0.00788
 1302   -0.01285    0.01026    0.00902
 1303   -0.01218    0.01009    0.00708
 1304   -0.01209    0.00988    0.00685
 1305   -0.01270    0.00922    0.01076
 1306   -0.01374    0.00901    0.01384
 1307   -0.01585    0.00936    0.01490
 1308   -0.01330    0.00808    0.01588
 1309   -0.01234    0.00987    0.00644
 1310   -0.01275    0.00957    0.00576
 1311   -0.01184    0.00860    0.00517
 1312   -0.01188    0.00825    0.00490
 1313   -0.01106    0.00830    0.00501
 1314   -0.01009    0.00757    0.00413
 1315   -0.00990    0.00757    0.00407
 1316   -0.01005    0.00770    0.00452
 1317   -0.00850    0.00689    0.00375
 1318   -0.00864    0.00618    0.00302
 1319   -0.00778    0.00483    0.00238
 1320   -0.00964    0.00674    0.00391
 1321   -0.00787    0.00447    0.00189
 1322   -0.00909    0.00549    0.00234
 1323   -0.00895    0.00725    0.00390
 1324   -0.00828    0.00734    0.00360
 1325   -0.00694    0.00689    0.00315
 1326   -0.00577    0.00628    0.00242
 1327   -0.00756    0.00717    0.00378
 1328   -0.00671    0.00708    0.00408
 1329   -0.00726    0.00679    0.00528
 1330   -0.00601    0.00671    0.00535
 1331   -0.00706    0.00700    0.00370
 1332   -0.00648    0.00683    0.00378
 1333   -0.00640    0.00720    0.00393
 1334   -0.00697    0.00739    0.00445
 1335   -0.00746    0.00651    0.00482
 1336   -0.00743    0.00608    0.00534
 1337   -0.00663    0.00487    0.00534
 1338   -0.00826    0.00671    0.00564
 1339   -0.00617    0.00411    0.00598
 1340   -0.00805    0.00644    0.00611
 1341   -0.00698    0.00530    0.00652
 1342   -0.00692    0.00468    0.00701
 1343   -0.00551    0.00683    0.00370
 1344   -0.00560    0.00735    0.00404
 1345   -0.00677    0.00690    0.00515
 1346   -0.00689    0.00569    0.00522
 1347   -0.00428    0.00752    0.00342
 1348   -0.00442    0.00801    0.00397
 1349   -0.00266    0.00813    0.00363
 1350   -0.00271    0.00829    0.00410
 1351   -0.00116    0.00857    0.00293
 1352   -0.00759    0.00687    0.00575
 1353   -0.00869    0.00620    0.00617
 1354   -0.00905    0.00627    0.00649
 1355   -0.00848    0.00659    0.00657
 1356   -0.00865    0.00603    0.00597
 1357   -0.00841    0.00623    0.00565
 1358   -0.00838    0.00630    0.00524
 1359   -0.00872    0.00556    0.00615
 1360   -0.01005    0.00527    0.00677
 1361   -0.01029    0.00534    0.00697
 1362   -0.01233    0.00369    0.00750
 1363   -0.01343    0.00194    0.00800
 1364   -0.00938    0.00623    0.00652
 1365   -0.00991    0.00639    0.00641
 1366   -0.00868    0.00766    0.00610
 1367   -0.01146    0.00568    0.00650
 1368   -0.01263    0.00387    0.00700
 1369   -0.01439    0.00270    0.00721
 1370   -0.01609    0.00242    0.00687
 1371   -0.01725    0.00144    0.00640
 1372   -0.01543    0.00282    0.00689
 1373   -0.01661    0.00165    0.00703
 1374   -0.01639   -0.00056    0.00711
 1375   -0.01721   -0.00380    0.00643
 1376   -0.01587    0.00309    0.00572
 1377   -0.01482    0.00476    0.00434
 1378   -0.01340    0.00633    0.00413
 1379   -0.01410    0.00719    0.00359
 1380   -0.01296    0.00816    0.00362
 1381   -0.01101    0.00798    0.00354
 1382   -0.01422    0.00801    0.00405
 1383   -0.01594   -0.00113    0.00877
 1384   -0.01432   -0.00366    0.00997
 1385   -0.01546   -0.00635    0.00945
 1386   -0.01776   -0.00491    0.00848
 1387   -0.01190   -0.00230    0.00947
 1388   -0.00940   -0.00029    0.00839
 1389   -0.00694   -0.00355    0.00708
 1390   -0.00351   -0.00676    0.00594
 1391   -0.01533   -0.01201    0.00876
 1392   -0.01597   -0.01437    0.00722
 1393   -0.01442   -0.00741    0.00626
 1394   -0.01317   -0.00735    0.00588
 1395   -0.01153   -0.02483    0.00964
 1396   -0.00965   -0.02829    0.01112
 1397   -0.01227   -0.02022    0.00988
 1398   -0.01259   -0.00974    0.00934
 1399   -0.01076   -0.00675    0.00843
 1400   -0.00972   -0.00390    0.00819
 1401   -0.00920   -0.00352    0.00830
 1402   -0.00808   -0.01608    0.01314
 1403   -0.00561   -0.02558    0.01418
 1404   -0.00458   -0.02276    0.01091
 1405   -0.00215   -0.03934    0.01337
 1406   -0.00109   -0.03018    0.00699
 1407    0.00160   -0.05226    0.00890
 1408    0.00114   -0.04318    0.00640
 1409   -0.00870   -0.00166    0.00762
 1410   -0.00758    0.00069    0.00687
 1411   -0.00504   -0.00138    0.00581
 1412   -0.00370   -0.00497    0.00618
 1413   -0.00756    0.00165    0.00738
 1414   -0.00812    0.00078    0.00852
 1415   -0.00839   -0.00186    0.00858
 1416   -0.00410    0.00187    0.00354
 1417   -0.00102    0.00267    0.00021
 1418   -0.00127    0.00387    0.00006
 1419   -0.00319    0.00494    0.00080
 1420    0.00044    0.00450   -0.00148
 1421    0.00649    0.00644   -0.00640
 1422    0.00043    0.00270   -0.00010
 1423    0.00052    0.00255   -0.00180
 1424   -0.00023    0.00345   -0.00261
 1425    0.00195    0.00311   -0.00432
 1426    0.00558   -0.00006   -0.00923
 1427    0.00044    0.00244   -0.00429
 1428   -0.00234    0.00299   -0.00040
 1429   -0.00245    0.00325   -0.00049
 1430   -0.00252    0.00331   -0.00116
 1431   -0.00067    0.00439   -0.00202
 1432   -0.00148    0.00377   -0.00137
 1433   -0.00507    0.00452    0.00218
 1434   -0.00578    0.00461    0.00296
 1435   -0.00380    0.00542    0.00130
 1436   -0.00215    0.00567    0.00012
 1437   -0.00065    0.00591   -0.00087
 1438   -0.00198    0.00629   -0.00010
 1439    0.00065    0.00691   -0.00031
 1440   -0.00059    0.00648    0.00080
 1441   -0.00339    0.00339    0.00080
 1442   -0.00598    0.00418    0.00288
 1443   -0.00893    0.00543    0.00318
 1444   -0.00871    0.00593    0.00337
 1445   -0.01088    0.00546    0.00335
 1446   -0.01194    0.00572    0.00289
 1447   -0.01176    0.00552    0.00414
 1448   -0.01137    0.00455    0.00497
 1449   -0.01314    0.00637    0.00385
 1450   -0.01174    0.00635    0.00510
 1451   -0.01125    0.00626    0.00658
 1452   -0.01148    0.00686    0.00699
 1453   -0.01186    0.00739    0.00615
 1454   -0.01044    0.00636    0.00617
 1455   -0.00982    0.00642    0.00710
 1456   -0.01102    0.00576    0.00843
 1457   -0.01145    0.00562    0.00856
 1458   -0.01058    0.00551    0.00873
 1459   -0.00990    0.00513    0.00901
 1460   -0.01159    0.00461    0.01010
 1461   -0.01281    0.00442    0.01055
 1462   -0.01127    0.00541    0.00871
 1463   -0.01097    0.00460    0.00868
 1464   -0.01123    0.00338    0.01063
 1465   -0.01109    0.00287    0.01065
 1466   -0.01119    0.00498    0.00886
 1467   -0.01092    0.00595    0.00806
 1468   -0.01066    0.00579    0.00777
 1469   -0.01050    0.00634    0.00735
 1470   -0.01086    0.00525    0.00835
 1471   -0.01155    0.00255    0.01093
 1472   -0.01182    0.00075    0.01137
 1473   -0.01162    0.00100    0.01177
 1474   -0.01178   -0.00032    0.01195
 1475   -0.01375    0.00006    0.01189
 1476   -0.01674    0.00035    0.01177
 1477   -0.01590    0.00095    0.01153
 1478   -0.01988    0.00016    0.01205
 1479   -0.01100    0.00260    0.01143
 1480   -0.01074    0.00293    0.01105
 1481   -0.01022    0.00325    0.01054
 1482   -0.01023    0.00378    0.01131
 1483   -0.01116    0.00353    0.01157
 1484   -0.01056    0.00438    0.01046
 1485   -0.01141    0.00297    0.01239
 1486   -0.00972    0.00312    0.01014
 1487   -0.00929    0.00361    0.00972
 1488   -0.00939    0.00323    0.01006
 1489   -0.00893    0.00367    0.01012
 1490   -0.00913    0.00365    0.00913
 1491   -0.00870    0.00404    0.00875
 1492   -0.00874    0.00507    0.00791
 1493   -0.00871    0.00369    0.00868
 1494   -0.00953    0.00221    0.01020
 1495   -0.00901    0.00175    0.01054
 1496   -0.00881    0.00192    0.01094
 1497   -0.00814    0.00259    0.01068
 1498   -0.00920    0.00045    0.01155
 1499   -0.00933    0.00032    0.01145
 1500   -0.00958   -0.00141    0.01180
 1501   -0.00823    0.00051    0.01040
 1502   -0.00963    0.00178    0.01182
 1503   -0.01007    0.00210    0.01286
 1504   -0.00943    0.00356    0.01295
 1505   -0.00909    0.00417    0.01309
 1506   -0.01142    0.00161    0.01394
 1507   -0.01192    0.00204    0.01579
 1508   -0.01290    0.00249    0.01667
 1509   -0.01411    0.00083    0.01719
 1510   -0.01474   -0.00086    0.02080
 1511   -0.00952    0.00401    0.01198
 1512   -0.00806    0.00452    0.01070
 1513   -0.00687    0.00524    0.00996
 1514   -0.00571    0.00589    0.01000
 1515   -0.00830    0.00530    0.00960
 1516   -0.00909    0.00510    0.01050
 1517   -0.00954    0.00499    0.00986
 1518   -0.00994    0.00523    0.01277
 1519   -0.00669    0.00522    0.00907
 1520   -0.00557    0.00573    0.00845
 1521   -0.00512    0.00571    0.00873
 1522   -0.00439    0.00637    0.00846
 1523   -0.00621    0.00539    0.00787
 1524   -0.00668    0.00476    0.01011
 1525   -0.00615    0.00466    0.00983
 1526   -0.00582    0.00572    0.01032
 1527   -0.00479    0.00621    0.00989
 1528   -0.00672    0.00345    0.01030
 1529   -0.00669    0.00603    0.01148
 1530   -0.00521    0.00654    0.01177
 1531   -0.00311    0.00763    0.01134
 1532   -0.00243    0.00841    0.01146
 1533   -0.00547    0.00665    0.01288
 1534   -0.00505    0.00744    0.01405
 1535   -0.00634    0.00770    0.01570
 1536   -0.00699    0.00899    0.01731
 1537   -0.01013    0.00911    0.01971
 1538   -0.00334    0.00780    0.01044
 1539   -0.00265    0.00885    0.01010
 1540   -0.00172    0.00891    0.00871
 1541    0.00010    0.00974    0.00782
 1542   -0.00242    0.00872    0.00813
 1543   -0.00130    0.00892    0.00612
 1544   -0.00270    0.00807    0.00841
 1545   -0.00247    0.00792    0.00832
 1546   -0.00196    0.00757    0.00740
 1547   -0.00135    0.00828    0.00742
 1548   -0.00059    0.00851    0.00699
 1549   -0.00291    0.00652    0.00708
 1550   -0.00401    0.00621    0.00699
 1551   -0.00195    0.00807    0.00837
 1552   -0.00130    0.00816    0.00892
 1553    0.00001    0.00955    0.00944
 1554    0.00081    0.01030    0.00939
 1555   -0.00253    0.00764    0.01042
 1556   -0.00355    0.00601    0.01013
 1557   -0.00441    0.00525    0.01175
 1558   -0.00523    0.00539    0.01348
 1559   -0.00697    0.00469    0.01414
 1560   -0.00743    0.00381    0.01345
 1561   -0.00787    0.00478    0.01562
 1562    0.00043    0.01012    0.00944
 1563    0.00287    0.01094    0.00857
 1564    0.00396    0.01134    0.00717
 1565    0.00538    0.01271    0.00712
 1566    0.00257    0.01087    0.00902
 1567    0.00170    0.01044    0.01109
 1568    0.00151    0.01028    0.01115
 1569    0.00198    0.00923    0.00868
 1570   -0.00005    0.01118    0.01269
 1571    0.00288    0.01137    0.00627
 1572    0.00288    0.01181    0.00512
 1573    0.00249    0.01150    0.00597
 1574    0.00328    0.01238    0.00606
 1575    0.00144    0.01083    0.00487
 1576    0.00131    0.01072    0.00465
 1577    0.00127    0.01034    0.00498
 1578    0.00091    0.01124    0.00455
 1579    0.00102    0.01062    0.00425
 1580   -0.00004    0.01070    0.00470
 1581   -0.00006    0.01049    0.00382
 1582    0.00166    0.01048    0.00647
 1583    0.00157    0.00966    0.00604
 1584    0.00220    0.01159    0.00685
 1585    0.00257    0.01170    0.00658
 1586    0.00109    0.00769    0.00588
 1587    0.00058    0.00699    0.00506
 1588    0.00101    0.00695    0.00537
 1589    0.00221    0.01209    0.00838
 1590    0.00256    0.01308    0.00967
 1591    0.00321    0.01516    0.01002
 1592    0.00363    0.01645    0.01101
 1593    0.00294    0.01326    0.01084
 1594    0.00195    0.01188    0.01124
 1595    0.00109    0.01191    0.01276
 1596    0.00055    0.01253    0.01570
 1597   -0.00054    0.01089    0.01303
 1598    0.00601    0.01518    0.00842
 1599    0.00730    0.01767    0.00871
 1600    0.00516    0.01806    0.00818
 1601    0.00621    0.02121    0.00833
 1602    0.00734    0.01739    0.00805
 1603    0.00886    0.01578    0.00918
 1604    0.01072    0.01548    0.00850
 1605    0.00870    0.01518    0.00655
 1606    0.00771    0.01376    0.00580
 1607    0.00831    0.01262    0.00557
 1608    0.00598    0.01384    0.00464
 1609    0.00315    0.01637    0.00757
 1610    0.00334    0.01692    0.00661
 1611    0.00333    0.01565    0.00668
 1612    0.00258    0.01331    0.00580
 1613    0.00266    0.01578    0.00604
 1614    0.00216    0.01639    0.00615
 1615    0.00251    0.01875    0.00597
 1616    0.00310    0.01957    0.00659
 1617    0.00247    0.02004    0.00518
 1618    0.00366    0.01649    0.00789
 1619    0.00296    0.01506    0.00844
 1620    0.00301    0.01261    0.00529
 1621    0.00218    0.01006    0.00380
 1622    0.00303    0.01872    0.01225
 1623    0.00410    0.01348    0.00405
 1624    0.00368    0.01011    0.00098
 1625    0.00302    0.00704   -0.00098
 1626    0.00149    0.00345   -0.00312
 1627    0.00368    0.00897    0.00010
 1628    0.00293    0.00808   -0.00066
 1629    0.00176    0.00559   -0.00130
 1630    0.00177    0.00557   -0.00070
 1631    0.00282    0.01089    0.00109
 1632    0.00105    0.01009    0.00049
 1633    0.00155    0.00864   -0.00109
 1634    0.00131    0.00594   -0.00240
 1635    0.00160    0.01007   -0.00117
 1636    0.00131    0.00398   -0.00285
 1637    0.00087    0.00226   -0.00308
 1638    0.00006    0.00249   -0.00249
 1639   -0.00003    0.00185   -0.00223
 1640    0.00013   -0.00040   -0.00493
 1641    0.00073   -0.00206   -0.00540
 1642    0.00038   -0.00156   -0.00540
 1643    0.00026    0.00401   -0.00221
 1644   -0.00051    0.00339   -0.00108
 1645   -0.00116    0.00454    0.00056
 1646   -0.00120    0.00579    0.00127
 1647   -0.00039    0.00459   -0.00025
 1648    0.00081    0.00294   -0.00170
 1649    0.00157    0.00396   -0.00237
 1650    0.00230    0.00193   -0.00329
 1651    0.00290    0.00033   -0.00432
 1652    0.00255    0.00125   -0.00434
 1653    0.00345   -0.00214   -0.00509
 1654   -0.00114    0.00352    0.00023
 1655   -0.00105    0.00389    0.00131
 1656   -0.00146    0.00235    0.00110
 1657   -0.00115    0.00124    0.00009
 1658   -0.00073    0.00493    0.00195
 1659   -0.00032    0.00692    0.00238
 1660    0.00020    0.00741    0.00194
 1661   -0.00015    0.00824    0.00309
 1662    0.00093    0.00942    0.00267
 1663    0.00036    0.00967    0.00402
 1664    0.00107    0.01066    0.00398
 1665   -0.00218    0.00258    0.00272
 1666   -0.00218    0.00124    0.00211
 1667   -0.00300    0.00175    0.00340
 1668   -0.00377    0.00320    0.00458
 1669   -0.00217    0.00102    0.00190
 1670   -0.00137   -0.00005    0.00077
 1671   -0.00296    0.00052    0.00362
 1672   -0.00338    0.00082    0.00510
 1673   -0.00317   -0.00080    0.00509
 1674   -0.00336   -0.00163    0.00477
 1675   -0.00348    0.00154    0.00535
 1676   -0.00389   -0.00027    0.00580
 1677   -0.00407   -0.00101    0.00604
 1678   -0.00460   -0.00046    0.00676
 1679   -0.00473    0.00078    0.00698
 1680   -0.00326   -0.00122    0.00557
 1681   -0.00274   -0.00211    0.00497
 1682   -0.00332   -0.00003    0.00551
 1683   -0.00503   -0.00133    0.00735
 1684   -0.00567   -0.00092    0.00803
 1685   -0.00532   -0.00114    0.00766
 1686   -0.00499   -0.00227    0.00731
 1687   -0.00654   -0.00151    0.00873
 1688   -0.00538   -0.00010    0.00772
 1689   -0.00504   -0.00023    0.00739
 1690   -0.00570   -0.00074    0.00794
 1691   -0.00657    0.00010    0.00854
 1692   -0.00476    0.00120    0.00689
 1693   -0.00382    0.00127    0.00620
 1694   -0.00256    0.00038    0.00576
 1695   -0.00395    0.00245    0.00572
 1696   -0.00537   -0.00220    0.00797
 1697   -0.00615   -0.00301    0.00870
 1698   -0.00540   -0.00425    0.00826
 1699   -0.00417   -0.00482    0.00735
 1700   -0.00720   -0.00403    0.00936
 1701   -0.00674   -0.00522    0.00870
 1702   -0.00625   -0.00453    0.00894
 1703   -0.00563   -0.00553    0.00859
 1704   -0.00635   -0.00783    0.00901
 1705   -0.00818   -0.00881    0.01033
 1706   -0.00649   -0.00477    0.00923
 1707   -0.00583   -0.00535    0.00850
 1708   -0.00714   -0.00436    0.00905
 1709   -0.00613   -0.00434    0.00828
 1710   -0.00680   -0.00292    0.00858
 1711   -0.00523   -0.00912    0.00757
 1712   -0.00608   -0.01176    0.00728
 1713   -0.00676   -0.01380    0.00768
 1714   -0.00956   -0.01766    0.00794
 1715   -0.00526   -0.01333    0.00575
 1716   -0.00615   -0.01327    0.00727
 1717   -0.00918   -0.01765    0.00788
 1718   -0.01550   -0.03204    0.00320
 1719   -0.03335   -0.06222   -0.00219
 1720   -0.01364   -0.01949    0.01045
 1721    0.01183    0.00300   -0.00031
 1722    0.01303    0.00279   -0.00235
 1723    0.01123    0.00095   -0.00420
 1724    0.01001    0.00006   -0.00388
 1725    0.01505    0.00380   -0.00242
 1726    0.01464    0.00356   -0.00155
 1727    0.01708    0.00450   -0.00150
 1728    0.01935    0.00664    0.00073
 1729    0.01158    0.00036   -0.00593
 1730    0.01012   -0.00118   -0.00763
 1731    0.01093   -0.00133   -0.00876
 1732    0.01237   -0.00066   -0.00968
 1733    0.01032   -0.00193   -0.00896
 1734    0.00905   -0.00352   -0.01074
 1735    0.00917   -0.00435   -0.01184
 1736    0.00868   -0.00411   -0.01098
 1737    0.00883   -0.00527   -0.01391
 1738    0.00953   -0.00224   -0.00867
 1739    0.00947   -0.00258   -0.00968
 1740    0.00824   -0.00417   -0.01078
 1741    0.00698   -0.00497   -0.01063
 1742    0.00964   -0.00215   -0.00850
 1743    0.00810   -0.00299   -0.00790
 1744    0.01161   -0.00047   -0.00741
 1745    0.00811   -0.00318   -0.00743
 1746    0.00820   -0.00496   -0.01137
 1747    0.00646   -0.00648   -0.01226
 1748    0.00505   -0.00718   -0.01172
 1749    0.00533   -0.00698   -0.01105
 1750    0.00708   -0.00631   -0.01355
 1751    0.00816   -0.00547   -0.01424
 1752    0.00705   -0.00592   -0.01514
 1753    0.01075   -0.00394   -0.01493
 1754    0.00846   -0.00558   -0.01591
 1755    0.01226   -0.00358   -0.01562
 1756    0.01051   -0.00449   -0.01593
 1757    0.00386   -0.00776   -0.01149
 1758    0.00320   -0.00768   -0.01064
 1759    0.00286   -0.00771   -0.01070
 1760    0.00271   -0.00748   -0.01058
 1761    0.00308   -0.00754   -0.01035
 1762    0.00254   -0.00726   -0.00976
 1763    0.00364   -0.00685   -0.00996
 1764    0.00267   -0.00740   -0.01019
 1765    0.00171   -0.00663   -0.00925
 1766    0.00123   -0.00602   -0.00785
 1767    0.00127   -0.00627   -0.00802
 1768    0.00122   -0.00583   -0.00852
 1769    0.00044   -0.00409   -0.00732
 1770   -0.00035   -0.00337   -0.00709
 1771   -0.00192   -0.00328   -0.00560
 1772   -0.00339   -0.00288   -0.00591
 1773    0.00140   -0.00471   -0.00698
 1774    0.00129   -0.00388   -0.00539
 1775    0.00061   -0.00253   -0.00328
 1776    0.00021   -0.00193   -0.00294
 1777    0.00085   -0.00326   -0.00546
 1778    0.00095   -0.00216   -0.00431
 1779    0.00091   -0.00452   -0.00708
 1780    0.00048   -0.00169   -0.00245
 1781    0.00003   -0.00076   -0.00045
 1782   -0.00030    0.00060    0.00125
 1783   -0.00112    0.00103    0.00282
 1784   -0.00002   -0.00043    0.00002
 1785   -0.00159    0.00109    0.00239
 1786   -0.00206    0.00012    0.00336
 1787   -0.00168    0.00193    0.00278
 1788    0.00052    0.00090    0.00064
 1789    0.00040    0.00238    0.00188
 1790    0.00007    0.00201    0.00231
 1791   -0.00023    0.00313    0.00363
 1792    0.00102    0.00289    0.00126
 1793    0.00119    0.00155   -0.00063
 1794    0.00084    0.00387    0.00133
 1795    0.00027    0.00088    0.00064
 1796   -0.00050    0.00011   -0.00013
 1797   -0.00011   -0.00079   -0.00220
 1798   -0.00005   -0.00152   -0.00367
 1799    0.00066   -0.00096   -0.00385
 1800    0.00052   -0.00178   -0.00574
 1801    0.00127   -0.00386   -0.00843
 1802    0.00120   -0.00451   -0.00817
 1803    0.00123   -0.00202   -0.00574
 1804    0.00043   -0.00335   -0.00722
 1805   -0.00011   -0.00414   -0.00734
 1806    0.00000   -0.00608   -0.00881
 1807   -0.00067   -0.00573   -0.00921
 1808    0.00137   -0.00492   -0.01055
 1809    0.00202   -0.00626   -0.01167
 1810    0.00214   -0.00735   -0.01236
 1811    0.00231   -0.00802   -0.01322
 1812    0.00218   -0.00588   -0.01244
 1813    0.00175   -0.00470   -0.01113
 1814    0.00316   -0.00612   -0.01289
 1815    0.00241   -0.00786   -0.01174
 1816    0.00252   -0.00827   -0.01178
 1817    0.00293   -0.00835   -0.01183
 1818    0.00354   -0.00806   -0.01146
 1819    0.00215   -0.00826   -0.01075
 1820    0.00230   -0.00795   -0.01043
 1821    0.00157   -0.00849   -0.01060
 1822    0.00162   -0.00741   -0.00967
 1823    0.00257   -0.00842   -0.01206
 1824    0.00351   -0.00785   -0.01211
 1825    0.00333   -0.00751   -0.01065
 1826    0.00236   -0.00799   -0.01000
 1827    0.00381   -0.00817   -0.01291
 1828    0.00410   -0.00824   -0.01463
 1829    0.00448   -0.00716   -0.01190
 1830    0.00414   -0.00652   -0.00993
 1831    0.00377   -0.00605   -0.00845
 1832    0.00472   -0.00486   -0.00729
 1833    0.00611   -0.00371   -0.00737
 1834    0.00401   -0.00582   -0.00826
 1835    0.00313   -0.00672   -0.00871
 1836    0.00342   -0.00625   -0.00842
 1837    0.00183   -0.00737   -0.00856
 1838    0.00403   -0.00492   -0.00568
 1839    0.00512   -0.00361   -0.00409
 1840    0.00544   -0.00266   -0.00243
 1841    0.00411   -0.00296   -0.00145
 1842    0.00390   -0.00387   -0.00291
 1843    0.00358   -0.00502   -0.00446
 1844    0.00510   -0.00429   -0.00543
 1845    0.00555   -0.00454   -0.00717
 1846    0.00579   -0.00348   -0.00447
 1847    0.00722   -0.00122   -0.00211
 1848    0.00778   -0.00026   -0.00112
 1849    0.00938    0.00170    0.00053
 1850    0.01020    0.00227    0.00070
 1851    0.00842   -0.00055   -0.00240
 1852    0.00649   -0.00222   -0.00388
 1853    0.00981   -0.00038   -0.00365
 1854    0.00993    0.00254    0.00166
 1855    0.01186    0.00455    0.00326
 1856    0.01306    0.00493    0.00267
 1857    0.01197    0.00390    0.00184
 1858    0.01143    0.00619    0.00583
 1859    0.01141    0.00690    0.00702
 1860    0.00954    0.00807    0.00992
 1861    0.00717    0.00700    0.01000
 1862    0.01038    0.01137    0.01384
 1863    0.01512    0.00640    0.00342
 1864    0.01616    0.00662    0.00289
 1865    0.01490    0.00708    0.00406
 1866    0.01459    0.00652    0.00344
 1867    0.01851    0.00835    0.00377
 1868    0.01925    0.00874    0.00388
 1869    0.01666    0.00762    0.00416
 1870    0.01368    0.00773    0.00593
 1871    0.01180    0.00806    0.00720
 1872    0.00984    0.00641    0.00559
 1873    0.00861    0.00651    0.00603
 1874    0.01088    0.00931    0.01001
 1875    0.01279    0.01167    0.01207
 1876    0.00960    0.00503    0.00405
 1877    0.00768    0.00340    0.00290
 1878    0.00788    0.00264    0.00160
 1879    0.00935    0.00226    0.00061
 1880    0.00721    0.00195    0.00170
 1881    0.00657    0.00233    0.00295
 1882    0.00653    0.00387    0.00493
 1883    0.00612    0.00128    0.00185
 1884    0.00605    0.00226    0.00168
 1885    0.00562    0.00121    0.00041
 1886    0.00487   -0.00084   -0.00152
 1887    0.00443   -0.00124   -0.00184
 1888    0.00376    0.00129    0.00098
 1889    0.00213    0.00096    0.00108
 1890    0.00416    0.00306    0.00260
 1891    0.00510   -0.00188   -0.00241
 1892    0.00462   -0.00350   -0.00392
 1893    0.00281   -0.00411   -0.00403
 1894    0.00227   -0.00496   -0.00486
 1895    0.00491   -0.00437   -0.00452
 1896    0.00682   -0.00380   -0.00444
 1897    0.00415   -0.00565   -0.00553
 1898    0.00813   -0.00345   -0.00479
 1899    0.00183   -0.00343   -0.00311
 1900    0.00060   -0.00401   -0.00315
 1901    0.00035   -0.00382   -0.00286
 1902   -0.00008   -0.00473   -0.00359
 1903   -0.00055   -0.00307   -0.00207
 1904   -0.00140   -0.00368   -0.00229
 1905   -0.00266   -0.00266   -0.00119
 1906   -0.00349   -0.00299   -0.00172
 1907   -0.00317   -0.00127    0.00037
 1908    0.00083   -0.00238   -0.00146
 1909    0.00081   -0.00216   -0.00105
 1910    0.00148   -0.00356   -0.00295
 1911    0.00131   -0.00419   -0.00331
 1912    0.00178   -0.00028    0.00075
 1913    0.00067    0.00090    0.00230
 1914   -0.00086    0.00040    0.00245
 1915    0.00156    0.00242    0.00364
 1916    0.00240   -0.00376   -0.00368
 1917    0.00284   -0.00473   -0.00521
 1918    0.00172   -0.00605   -0.00621
 1919    0.00144   -0.00664   -0.00669
 1920    0.00438   -0.00434   -0.00562
 1921    0.00409   -0.00519   -0.00701
 1922    0.00597   -0.00299   -0.00463
 1923    0.00123   -0.00629   -0.00617
 1924    0.00073   -0.00724   -0.00661
 1925    0.00037   -0.00774   -0.00633
 1926    0.00038   -0.00804   -0.00673
 1927    0.00039   -0.00731   -0.00651
 1928    0.00084   -0.00698   -0.00662
 1929    0.00056   -0.00714   -0.00657
 1930    0.00099   -0.00708   -0.00676
 1931    0.00067   -0.00747   -0.00685
 1932    0.00034   -0.00738   -0.00542
 1933    0.00021   -0.00765   -0.00484
 1934    0.00053   -0.00805   -0.00549
 1935    0.00060   -0.00874   -0.00556
 1936    0.00023   -0.00680   -0.00358
 1937    0.00022   -0.00747   -0.00560
 1938    0.00043   -0.00766   -0.00619
 1939    0.00051   -0.00836   -0.00729
 1940    0.00037   -0.00887   -0.00749
 1941    0.00091   -0.00675   -0.00601
 1942    0.00139   -0.00544   -0.00424
 1943    0.00238   -0.00444   -0.00367
 1944    0.00268   -0.00297   -0.00129
 1945    0.00224   -0.00332   -0.00032
 1946    0.00059   -0.00824   -0.00763
 1947    0.00057   -0.00844   -0.00812
 1948    0.00035   -0.00879   -0.00794
 1949    0.00049   -0.00883   -0.00820
 1950    0.00084   -0.00801   -0.00821
 1951    0.00133   -0.00768   -0.00853
 1952    0.00071   -0.00795   -0.00825
 1953    0.00156   -0.00728   -0.00842
 1954    0.00054   -0.00873   -0.00742
 1955    0.00087   -0.00897   -0.00727
 1956    0.00085   -0.00962   -0.00735
 1957    0.00104   -0.00987   -0.00754
 1958    0.00101   -0.00891   -0.00667
 1959    0.00156   -0.00906   -0.00671
 1960    0.00178   -0.00922   -0.00641
 1961    0.00134   -0.00879   -0.00611
 1962    0.00223   -0.00990   -0.00650
 1963    0.00072   -0.00990   -0.00723
 1964    0.00065   -0.01095   -0.00727
 1965    0.00037   -0.01110   -0.00815
 1966    0.00033   -0.01209   -0.00856
 1967    0.00034   -0.01105   -0.00665
 1968    0.00042   -0.01071   -0.00563
 1969    0.00035   -0.01102   -0.00492
 1970    0.00055   -0.01034   -0.00536
 1971    0.00016   -0.01025   -0.00833
 1972   -0.00006   -0.01018   -0.00911
 1973   -0.00001   -0.00988   -0.00918
 1974    0.00022   -0.00979   -0.00935
 1975    0.00007   -0.00967   -0.00939
 1976   -0.00000   -0.00984   -0.00933
 1977   -0.00009   -0.01011   -0.01024
 1978   -0.00068   -0.01055   -0.00998
 1979    0.00003   -0.00987   -0.00998
 1980    0.00016   -0.00916   -0.00865
 1981    0.00059   -0.00806   -0.00831
 1982    0.00141   -0.00785   -0.00775
 1983    0.00255   -0.00648   -0.00721
 1984    0.00056   -0.00693   -0.00829
 1985    0.00031   -0.00715   -0.00901
 1986    0.00028   -0.00693   -0.00947
 1987   -0.00036   -0.00543   -0.00918
 1988    0.00029   -0.00797   -0.01010
 1989    0.00116   -0.00866   -0.00774
 1990    0.00205   -0.00855   -0.00747
 1991    0.00244   -0.00756   -0.00713
 1992    0.00321   -0.00731   -0.00701
 1993    0.00191   -0.00728   -0.00716
 1994    0.00196   -0.00678   -0.00704
 1995    0.00154   -0.00753   -0.00722
 1996    0.00122   -0.00789   -0.00735
 1997    0.00143   -0.00628   -0.00693
 1998    0.00122   -0.00560   -0.00665
 1999    0.00120   -0.00579   -0.00666
 2000    0.00068   -0.00522   -0.00682
 2001    0.00223   -0.00710   -0.00706
 2002    0.00197   -0.00763   -0.00726
 2003    0.00113   -0.00763   -0.00699
 2004    0.00129   -0.00705   -0.00686
 2005    0.00290   -0.00715   -0.00713
 2006    0.00290   -0.00610   -0.00636
 2007    0.00281   -0.00627   -0.00638
 2008    0.00074   -0.00780   -0.00669
 2009   -0.00000   -0.00772   -0.00645
 2010   -0.00001   -0.00754   -0.00649
 2011   -0.00013   -0.00737   -0.00658
 2012   -0.00011   -0.00753   -0.00595
 2013    0.00015   -0.00765   -0.00546
 2014    0.00067   -0.00794   -0.00607
 2015    0.00068   -0.00723   -0.00668
 2016    0.00079   -0.00684   -0.00657
 2017    0.00058   -0.00613   -0.00609
 2018    0.00025   -0.00591   -0.00550
 2019    0.00147   -0.00670   -0.00657
 2020    0.00150   -0.00719   -0.00740
 2021    0.00059   -0.00731   -0.00708
 2022    0.00254   -0.00721   -0.00782
 2023    0.00093   -0.00616   -0.00610
 2024    0.00049   -0.00553   -0.00538
 2025    0.00000   -0.00602   -0.00546
 2026   -0.00013   -0.00568   -0.00510
 2027    0.00080   -0.00490   -0.00515
 2028    0.00144   -0.00431   -0.00434
 2029    0.00160   -0.00372   -0.00379
 2030    0.00147   -0.00333   -0.00433
 2031    0.00229   -0.00324   -0.00287
 2032    0.00003   -0.00658   -0.00608
 2033   -0.00004   -0.00666   -0.00642
 2034   -0.00020   -0.00673   -0.00666
 2035   -0.00005   -0.00696   -0.00685
 2036    0.00021   -0.00690   -0.00699
 2037    0.00037   -0.00695   -0.00705
 2038    0.00044   -0.00749   -0.00726
 2039    0.00055   -0.00733   -0.00744
 2040    0.00048   -0.00775   -0.00720
 2041   -0.00011   -0.00677   -0.00691
 2042    0.00026   -0.00710   -0.00739
 2043    0.00071   -0.00700   -0.00755
 2044    0.00067   -0.00676   -0.00775
 2045    0.00024   -0.00719   -0.00710
 2046   -0.00049   -0.00691   -0.00592
 2047   -0.00044   -0.00748   -0.00654
 2048   -0.00053   -0.00729   -0.00558
 2049   -0.00106   -0.00617   -0.00507
 2050   -0.00043   -0.00660   -0.00571
 2051   -0.00110   -0.00571   -0.00412
 2052    0.00131   -0.00698   -0.00742
 2053    0.00241   -0.00707   -0.00747
 2054    0.00363   -0.00736   -0.00779
 2055    0.00447   -0.00759   -0.00756
 2056    0.00308   -0.00671   -0.00732
 2057    0.00244   -0.00669   -0.00745
 2058    0.00287   -0.00637   -0.00714
 2059    0.00221   -0.00677   -0.00807
 2060    0.00346   -0.00765   -0.00791
 2061    0.00470   -0.00834   -0.00790
 2062    0.00679   -0.00760   -0.00821
 2063    0.00528   -0.00773   -0.00824
 2064    0.00370   -0.00861   -0.00842
 2065    0.00181   -0.00844   -0.00878
 2066    0.00464   -0.00941   -0.00821
 2067    0.00172   -0.00913   -0.00855
 2068    0.00864   -0.00746   -0.00752
 2069    0.01112   -0.00678   -0.00782
 2070    0.01360   -0.00737   -0.00816
 2071    0.01386   -0.00777   -0.00797
 2072    0.01279   -0.00574   -0.00732
 2073    0.01570   -0.00373   -0.00745
 2074    0.01513   -0.00340   -0.00837
 2075    0.01778   -0.00295   -0.00789
 2076    0.01714   -0.00154   -0.00901
 2077    0.02064   -0.00142   -0.00893
 2078    0.02018   -0.00073   -0.00920
 2079    0.01349   -0.00771   -0.00834
 2080    0.01649   -0.00932   -0.00810
 2081    0.01517   -0.01076   -0.00818
 2082    0.01703   -0.01085   -0.00890
 2083    0.01996   -0.00746   -0.00898
 2084    0.01101   -0.01226   -0.00760
 2085    0.01014   -0.01480   -0.00791
 2086    0.01311   -0.01232   -0.01022
 2087    0.01353   -0.01338   -0.01147
 2088    0.01235   -0.01066   -0.00933
 2089    0.01228   -0.01037   -0.00933
 2090    0.01030   -0.00960   -0.00893
 2091    0.00929   -0.00857   -0.00840
 2092    0.01344   -0.00903   -0.00832
 2093    0.01273   -0.00925   -0.00777
 2094    0.01470   -0.00865   -0.00690
 2095    0.01440   -0.00875   -0.00731
 2096    0.01587   -0.00746   -0.00618
 2097    0.00815   -0.01000   -0.00809
 2098    0.00657   -0.00934   -0.00813
 2099    0.00728   -0.00845   -0.00778
 2100    0.00816   -0.00864   -0.00766
 2101    0.00477   -0.00996   -0.00771
 2102    0.00311   -0.01076   -0.00701
 2103    0.00082   -0.01077   -0.00691
 2104    0.00089   -0.01093   -0.00697
 2105   -0.00031   -0.01052   -0.00646
 2106    0.00668   -0.00752   -0.00734
 2107    0.00724   -0.00684   -0.00650
 2108    0.00569   -0.00699   -0.00627
 2109    0.00438   -0.00722   -0.00654
 2110    0.00769   -0.00627   -0.00636
 2111    0.00922   -0.00611   -0.00664
 2112    0.00901   -0.00555   -0.00661
 2113    0.01151   -0.00559   -0.00628
 2114    0.00626   -0.00684   -0.00596
 2115    0.00482   -0.00671   -0.00592
 2116    0.00418   -0.00557   -0.00506
 2117    0.00525   -0.00440   -0.00412
 2118    0.00534   -0.00666   -0.00620
 2119    0.00359   -0.00697   -0.00647
 2120    0.00258   -0.00871   -0.00764
 2121    0.00365   -0.00927   -0.00826
 2122    0.00090   -0.00903   -0.00837
 2123    0.00262   -0.00556   -0.00504
 2124    0.00169   -0.00448   -0.00396
 2125    0.00171   -0.00311   -0.00283
 2126    0.00161   -0.00327   -0.00299
 2127    0.00003   -0.00509   -0.00449
 2128   -0.00013   -0.00622   -0.00562
 2129    0.00053   -0.00627   -0.00562
 2130   -0.00079   -0.00677   -0.00646
 2131    0.00188   -0.00168   -0.00149
 2132    0.00215   -0.00005   -0.00025
 2133    0.00433    0.00086    0.00011
 2134    0.00501    0.00266    0.00150
 2135    0.00564    0.00001   -0.00094
 2136    0.00775    0.00074   -0.00063
 2137    0.00855    0.00119   -0.00054
 2138    0.00765    0.00002   -0.00137
 2139    0.00879   -0.00069   -0.00213
 2140    0.00860   -0.00123   -0.00235
 2141    0.01063   -0.00024   -0.00186
 2142    0.01094   -0.00077   -0.00228
 2143    0.01091   -0.00269   -0.00359
 2144    0.01172   -0.00319   -0.00411
 2145    0.01130   -0.00424   -0.00462
 2146    0.00995    0.00263    0.00057
 2147    0.01088    0.00310    0.00064
 2148    0.01276    0.00258   -0.00054
 2149    0.01352    0.00201   -0.00128
 2150    0.01196    0.00521    0.00257
 2151    0.01368    0.00631    0.00307
 2152    0.01013    0.00606    0.00403
 2153    0.01299    0.00251   -0.00066
 2154    0.01444    0.00211   -0.00177
 2155    0.01676    0.00362   -0.00118
 2156    0.01780    0.00312   -0.00219
 2157    0.01420    0.00201   -0.00194
 2158    0.01195    0.00044   -0.00289
 2159    0.01132    0.00058   -0.00270
 2160    0.01162   -0.00111   -0.00443
 2161    0.01755    0.00520    0.00028
 2162    0.01979    0.00696    0.00114
 2163    0.02045    0.00664    0.00064
 2164    0.02292    0.00733    0.00036
 2165    0.01948    0.00861    0.00344
 2166    0.02202    0.01071    0.00431
 2167    0.01854    0.00549    0.00026
 2168    0.01883    0.00502   -0.00020
 2169    0.01949    0.00346   -0.00174
 2170    0.02040    0.00293   -0.00233
 2171    0.01606    0.00424   -0.00015
 2172    0.01566    0.00586    0.00159
 2173    0.01324    0.00544    0.00200
 2174    0.01722    0.00777    0.00311
 2175    0.01948    0.00267   -0.00265
 2176    0.01979    0.00118   -0.00400
 2177    0.02174    0.00234   -0.00461
 2178    0.02260    0.00142   -0.00610
 2179    0.01759   -0.00079   -0.00493
 2180    0.01563   -0.00187   -0.00482
 2181    0.01364   -0.00180   -0.00416
 2182    0.01582   -0.00324   -0.00508
 2183    0.01198   -0.00276   -0.00430
 2184    0.01414   -0.00421   -0.00497
 2185    0.01232   -0.00395   -0.00480
 2186    0.01073   -0.00495   -0.00505
 2187    0.02329    0.00432   -0.00353
 2188    0.02530    0.00523   -0.00354
 2189    0.02409    0.00426   -0.00491
 2190    0.02577    0.00430   -0.00595
 2191    0.02974    0.00595   -0.00406
 2192    0.03346    0.00760   -0.00179
 2193    0.03157    0.00856   -0.00048
 2194    0.04674    0.00947   -0.00269
 2195    0.02154    0.00339   -0.00465
 2196    0.01950    0.00249   -0.00530
 2197    0.02066    0.00352   -0.00524
 2198    0.01984    0.00436   -0.00350
 2199    0.01702    0.00113   -0.00559
 2200    0.01641   -0.00044   -0.00696
 2201    0.01536    0.00050   -0.00631
 2202    0.01394   -0.00133   -0.00604
 2203    0.02098    0.00332   -0.00653
 2204    0.02245    0.00416   -0.00666
 2205    0.01991    0.00324   -0.00698
 2206    0.01719    0.00211   -0.00738
 2207    0.02591    0.00494   -0.00787
 2208    0.02960    0.00610   -0.00685
 2209    0.03239    0.00841   -0.00397
 2210    0.04455    0.01496   -0.00056
 2211    0.03052    0.00843   -0.00266
 2212    0.02082    0.00376   -0.00688
 2213    0.01855    0.00279   -0.00757
 2214    0.01846    0.00215   -0.00995
 2215    0.02094    0.00276   -0.01088
 2216    0.01955    0.00380   -0.00666
 2217    0.02270    0.00542   -0.00671
 2218    0.02427    0.00695   -0.00493
 2219    0.02328    0.00601   -0.00643
 2220    0.02630    0.00613   -0.00889
 2221    0.01666    0.00092   -0.01144
 2222    0.01705    0.00011   -0.01364
 2223    0.01762   -0.00053   -0.01406
 2224    0.01840   -0.00154   -0.01615
 2225    0.01953    0.00074   -0.01511
 2226    0.01894   -0.00008   -0.01577
 2227    0.01876    0.00077   -0.01369
 2228    0.02131    0.00242   -0.01307
 2229    0.01641   -0.00013   -0.01249
 2230    0.01740   -0.00019   -0.01273
 2231    0.01743   -0.00054   -0.01298
 2232    0.01367   -0.00224   -0.01203
 2233    0.01196   -0.00295   -0.01191
 2234    0.01860    0.00023   -0.01153
 2235    0.01692    0.00007   -0.00981
 2236    0.01157   -0.00373   -0.01153
 2237    0.00932   -0.00554   -0.01156
 2238    0.00854   -0.00607   -0.01029
 2239    0.00899   -0.00605   -0.00970
 2240    0.00940   -0.00572   -0.01184
 2241    0.01019   -0.00444   -0.01356
 2242    0.00659   -0.00640   -0.01178
 2243    0.00659   -0.00672   -0.01029
 2244    0.00556   -0.00686   -0.00914
 2245    0.00393   -0.00749   -0.00988
 2246    0.00350   -0.00752   -0.01035
 2247    0.00548   -0.00637   -0.00891
 2248    0.00682   -0.00532   -0.00852
 2249    0.00614   -0.00509   -0.00770
 2250    0.00910   -0.00443   -0.00831
 2251    0.00344   -0.00740   -0.00899
 2252    0.00206   -0.00749   -0.00904
 2253    0.00170   -0.00712   -0.00893
 2254    0.00200   -0.00748   -0.00842
 2255    0.00212   -0.00723   -0.00859
 2256    0.00126   -0.00740   -0.00820
 2257   -0.00008   -0.00628   -0.00634
 2258    0.00223   -0.00780   -0.00871
 2259   -0.00097   -0.00587   -0.00641
 2260    0.00112   -0.00681   -0.00819
 2261    0.00143   -0.00687   -0.00862
 2262    0.00107   -0.00664   -0.00800
 2263    0.00083   -0.00599   -0.00710
 2264    0.00043   -0.00530   -0.00609
 2265    0.00121   -0.00654   -0.00815
 2266    0.00070   -0.00647   -0.00795
 2267    0.00047   -0.00666   -0.00794
 2268    0.00095   -0.00651   -0.00811
 2269    0.00063   -0.00614   -0.00653
 2270    0.00015   -0.00540   -0.00496
 2271   -0.00006   -0.00509   -0.00468
 2272   -0.00026   -0.00568   -0.00536
 2273   -0.00012   -0.00573   -0.00473
 2274   -0.00061   -0.00498   -0.00247
 2275   -0.00001   -0.00602   -0.00507
 2276   -0.00035   -0.00400   -0.00370
 2277   -0.00065   -0.00374   -0.00354
 2278   -0.00026   -0.00324   -0.00200
 2279   -0.00053   -0.00224   -0.00037
 2280   -0.00076   -0.00234   -0.00308
 2281   -0.00033   -0.00316   -0.00473
 2282   -0.00060   -0.00150   -0.00402
 2283   -0.00018   -0.00483   -0.00575
 2284   -0.00037   -0.00382   -0.00213
 2285   -0.00031   -0.00349   -0.00072
 2286    0.00022   -0.00223   -0.00089
 2287    0.00047   -0.00316   -0.00107
 2288   -0.00042   -0.00400   -0.00135
 2289   -0.00055   -0.00431   -0.00196
 2290   -0.00063   -0.00419   -0.00007
 2291   -0.00086   -0.00542   -0.00048
 2292   -0.00126   -0.00524   -0.00012
 2293   -0.00112   -0.00428    0.00011
 2294   -0.00119   -0.00573   -0.00099
 2295   -0.00016   -0.00098   -0.00028
 2296   -0.00071    0.00033    0.00022
 2297   -0.00063    0.00108    0.00116
 2298   -0.00109    0.00099    0.00225
 2299   -0.00072    0.00145    0.00054
 2300   -0.00041    0.00094   -0.00029
 2301   -0.00106    0.00264    0.00017
 2302    0.00025    0.00049   -0.00107
 2303   -0.00046    0.00161    0.00082
 2304   -0.00095    0.00227    0.00167
 2305   -0.00197    0.00392    0.00194
 2306   -0.00167    0.00468    0.00196
 2307   -0.00092    0.00233    0.00205
 2308   -0.00013    0.00049    0.00216
 2309    0.00042   -0.00022    0.00201
 2310   -0.00006    0.00043    0.00358
 2311    0.00059   -0.00020    0.00293
 2312    0.00213   -0.00115    0.00121
 2313    0.00095   -0.00018    0.00337
 2314   -0.00336    0.00427    0.00299
 2315   -0.00402    0.00501    0.00319
 2316   -0.00501    0.00482    0.00424
 2317   -0.00506    0.00424    0.00433
