    1    0.00173    0.00648   -0.00815
    2    0.00233    0.00599   -0.00704
    3    0.00191    0.00425   -0.00475
    4    0.00151    0.00296   -0.00402
    5    0.00331    0.00611   -0.00962
    6    0.00291    0.00545   -0.00884
    7    0.00242    0.00549   -0.01148
    8    0.00266    0.00477   -0.00853
    9    0.00224    0.00462   -0.00426
   10    0.00212    0.00363   -0.00307
   11    0.00253    0.00254   -0.00286
   12    0.00270    0.00256   -0.00345
   13    0.00161    0.00426   -0.00262
   14    0.00181    0.00479   -0.00294
   15    0.00221    0.00550   -0.00263
   16    0.00245    0.00673   -0.00270
   17    0.00235    0.00490   -0.00201
   18    0.00256    0.00194   -0.00236
   19    0.00286    0.00124   -0.00227
   20    0.00286    0.00116   -0.00198
   21    0.00284    0.00146   -0.00173
   22    0.00287    0.00096   -0.00189
   23    0.00263    0.00088   -0.00206
   24    0.00252    0.00096   -0.00148
   25    0.00289    0.00061   -0.00251
   26    0.00324    0.00066   -0.00187
   27    0.00330    0.00058   -0.00151
   28    0.00298    0.00053   -0.00089
   29    0.00295    0.00052   -0.00075
   30    0.00353    0.00019   -0.00161
   31    0.00404   -0.00008   -0.00212
   32    0.00400   -0.00034   -0.00202
   33    0.00469   -0.00059   -0.00242
   34    0.00531   -0.00059   -0.00267
   35    0.00297    0.00049   -0.00043
   36    0.00274    0.00035    0.00011
   37    0.00268    0.00017   -0.00001
   38    0.00284    0.00002   -0.00032
   39    0.00286    0.00009    0.00063
   40    0.00322    0.00013    0.00069
   41    0.00310    0.00020   -0.00028
   42    0.00245    0.00015    0.00024
   43    0.00226    0.00001   -0.00001
   44    0.00197   -0.00009    0.00024
   45    0.00179   -0.00008    0.00049
   46    0.00213    0.00011   -0.00000
   47    0.00189    0.00003   -0.00001
   48    0.00203   -0.00017   -0.00049
   49    0.00229   -0.00004   -0.00070
   50    0.00195   -0.00027    0.00012
   51    0.00158   -0.00037    0.00021
   52    0.00121   -0.00025    0.00008
   53    0.00121   -0.00022    0.00001
   54    0.00150   -0.00059    0.00023
   55    0.00116   -0.00069    0.00009
   56    0.00116   -0.00098    0.00004
   57    0.00172   -0.00102    0.00015
   58    0.00080   -0.00074   -0.00001
   59    0.00098   -0.00012    0.00018
   60    0.00070    0.00004    0.00019
   61    0.00044    0.00000    0.00005
   62    0.00037   -0.00006    0.00000
   63    0.00064    0.00007    0.00037
   64    0.00041    0.00014    0.00023
   65    0.00059   -0.00011    0.00034
   66    0.00039    0.00021    0.00032
   67    0.00037   -0.00007   -0.00010
   68    0.00016   -0.00018   -0.00027
   69    0.00015   -0.00006   -0.00033
   70    0.00021   -0.00009   -0.00037
   71    0.00031   -0.00036   -0.00026
   72    0.00010   -0.00050   -0.00032
   73   -0.00006   -0.00026   -0.00015
   74    0.00032   -0.00081   -0.00062
   75   -0.00015   -0.00003   -0.00040
   76   -0.00052    0.00000   -0.00057
   77   -0.00036   -0.00023   -0.00068
   78   -0.00039   -0.00015   -0.00082
   79   -0.00072   -0.00010   -0.00079
   80   -0.00020   -0.00011   -0.00060
   81   -0.00013   -0.00007   -0.00046
   82   -0.00026   -0.00047   -0.00074
   83   -0.00008   -0.00084   -0.00113
   84    0.00027   -0.00079   -0.00092
   85    0.00021   -0.00072   -0.00128
   86    0.00010   -0.00095   -0.00099
   87    0.00032   -0.00154   -0.00151
   88    0.00029   -0.00162   -0.00179
   89    0.00050   -0.00146   -0.00152
   90    0.00053   -0.00254   -0.00211
   91    0.00055   -0.00068   -0.00085
   92    0.00092   -0.00065   -0.00084
   93    0.00080   -0.00026   -0.00079
   94    0.00098   -0.00017   -0.00100
   95    0.00103   -0.00060   -0.00077
   96    0.00138   -0.00090   -0.00093
   97    0.00164   -0.00094   -0.00064
   98    0.00215   -0.00086   -0.00073
   99    0.00059   -0.00014   -0.00053
  100    0.00053    0.00014   -0.00049
  101    0.00032    0.00022   -0.00065
  102    0.00038    0.00038   -0.00066
  103    0.00037    0.00032   -0.00021
  104    0.00066    0.00039   -0.00019
  105    0.00068    0.00027   -0.00024
  106    0.00041    0.00044   -0.00004
  107    0.00004    0.00008   -0.00089
  108   -0.00025    0.00002   -0.00096
  109   -0.00016   -0.00006   -0.00116
  110   -0.00037    0.00006   -0.00093
  111   -0.00064   -0.00014   -0.00104
  112   -0.00094    0.00010   -0.00102
  113   -0.00119    0.00041   -0.00091
  114   -0.00123    0.00002   -0.00112
  115    0.00033   -0.00025   -0.00121
  116    0.00061   -0.00041   -0.00139
  117    0.00076   -0.00010   -0.00132
  118    0.00083   -0.00006   -0.00135
  119    0.00091   -0.00061   -0.00158
  120    0.00138   -0.00072   -0.00169
  121    0.00117   -0.00088   -0.00176
  122    0.00173   -0.00100   -0.00192
  123    0.00133   -0.00102   -0.00197
  124    0.00087    0.00008   -0.00124
  125    0.00109    0.00028   -0.00105
  126    0.00080    0.00042   -0.00098
  127    0.00100    0.00055   -0.00099
  128    0.00131    0.00032   -0.00090
  129    0.00170    0.00034   -0.00081
  130    0.00156    0.00012   -0.00101
  131    0.00037    0.00054   -0.00073
  132    0.00004    0.00076   -0.00049
  133   -0.00025    0.00078   -0.00069
  134   -0.00035    0.00096   -0.00062
  135   -0.00046    0.00077   -0.00019
  136   -0.00037    0.00087   -0.00008
  137   -0.00081    0.00092   -0.00002
  138   -0.00012    0.00105    0.00018
  139   -0.00034    0.00058   -0.00086
  140   -0.00066    0.00049   -0.00084
  141   -0.00021    0.00061   -0.00092
  142   -0.00050    0.00075   -0.00076
  143   -0.00090    0.00014   -0.00108
  144   -0.00020   -0.00018   -0.00133
  145    0.00041    0.00045   -0.00119
  146    0.00087    0.00055   -0.00127
  147    0.00097    0.00085   -0.00108
  148    0.00117    0.00085   -0.00080
  149    0.00153    0.00045   -0.00149
  150    0.00169    0.00007   -0.00151
  151    0.00246   -0.00016   -0.00174
  152    0.00271   -0.00058   -0.00194
  153    0.00345   -0.00081   -0.00216
  154    0.00383   -0.00048   -0.00213
  155    0.00385   -0.00144   -0.00240
  156    0.00082    0.00095   -0.00091
  157    0.00075    0.00094   -0.00048
  158    0.00023    0.00107   -0.00013
  159    0.00023    0.00114    0.00041
  160    0.00086    0.00070   -0.00029
  161    0.00130    0.00056   -0.00034
  162    0.00136    0.00052   -0.00018
  163    0.00167    0.00037   -0.00043
  164   -0.00022    0.00128   -0.00026
  165   -0.00095    0.00151    0.00011
  166   -0.00144    0.00161    0.00013
  167   -0.00174    0.00188    0.00046
  168   -0.00149    0.00158    0.00007
  169   -0.00215    0.00163    0.00042
  170   -0.00314    0.00168    0.00048
  171   -0.00302    0.00148    0.00028
  172   -0.00167    0.00143    0.00053
  173   -0.00240    0.00147    0.00095
  174   -0.00082    0.00123    0.00048
  175   -0.00388    0.00167    0.00113
  176   -0.00491    0.00177    0.00112
  177   -0.00535    0.00169    0.00163
  178   -0.00518    0.00152    0.00220
  179   -0.00573    0.00224    0.00111
  180   -0.00615    0.00187    0.00172
  181   -0.00710    0.00152    0.00224
  182   -0.00704    0.00221    0.00217
  183   -0.00664    0.00200    0.00121
  184   -0.00825    0.00236    0.00283
  185   -0.00882    0.00273    0.00219
  186   -0.00712    0.00202    0.00149
  187   -0.00751    0.00228    0.00093
  188   -0.01176    0.00289    0.00176
  189   -0.01713    0.00330    0.00187
  190   -0.02131    0.00259    0.00140
  191   -0.01760    0.00255    0.00164
  192   -0.03230    0.00090   -0.00048
  193   -0.00568    0.00156    0.00162
  194   -0.00462    0.00127    0.00127
  195   -0.00394    0.00113    0.00054
  196   -0.00375    0.00105    0.00070
  197   -0.00397    0.00117    0.00152
  198   -0.00460    0.00118    0.00230
  199   -0.00520    0.00132    0.00321
  200   -0.00441    0.00112    0.00226
  201   -0.00537    0.00100    0.00329
  202   -0.00477    0.00092    0.00273
  203   -0.00375    0.00108    0.00159
  204   -0.00466    0.00060    0.00269
  205   -0.00352    0.00093    0.00154
  206   -0.00395    0.00074    0.00205
  207   -0.00377    0.00111   -0.00020
  208   -0.00315    0.00099   -0.00051
  209   -0.00254    0.00093   -0.00070
  210   -0.00275    0.00111   -0.00079
  211   -0.00371    0.00090   -0.00092
  212   -0.00435    0.00075   -0.00081
  213   -0.00342    0.00059   -0.00056
  214   -0.00399    0.00068   -0.00033
  215   -0.00483    0.00029   -0.00082
  216   -0.00568   -0.00004   -0.00159
  217   -0.00488    0.00053   -0.00037
  218   -0.00180    0.00059   -0.00085
  219   -0.00156    0.00059   -0.00079
  220   -0.00170    0.00056   -0.00097
  221   -0.00168    0.00048   -0.00103
  222   -0.00092    0.00048   -0.00052
  223   -0.00055    0.00051   -0.00024
  224   -0.00045    0.00057   -0.00018
  225   -0.00032    0.00058   -0.00011
  226   -0.00014    0.00064    0.00010
  227   -0.00002    0.00050    0.00023
  228    0.00017    0.00057    0.00031
  229   -0.00169    0.00068   -0.00086
  230   -0.00173    0.00074   -0.00114
  231   -0.00147    0.00073   -0.00115
  232   -0.00135    0.00074   -0.00111
  233   -0.00244    0.00102   -0.00142
  234   -0.00359    0.00104   -0.00110
  235   -0.00314    0.00128   -0.00159
  236   -0.00126    0.00075   -0.00131
  237   -0.00109    0.00082   -0.00103
  238   -0.00135    0.00098   -0.00129
  239   -0.00155    0.00116   -0.00176
  240   -0.00062    0.00104   -0.00104
  241   -0.00037    0.00085   -0.00075
  242   -0.00072    0.00140    0.00044
  243   -0.00037    0.00050   -0.00064
  244   -0.00112    0.00097   -0.00113
  245   -0.00126    0.00106   -0.00133
  246   -0.00116    0.00096   -0.00137
  247   -0.00095    0.00083   -0.00119
  248   -0.00092    0.00110   -0.00106
  249   -0.00098    0.00111   -0.00125
  250   -0.00098    0.00112   -0.00093
  251   -0.00142    0.00097   -0.00185
  252   -0.00134    0.00097   -0.00203
  253   -0.00128    0.00082   -0.00212
  254   -0.00121    0.00071   -0.00229
  255   -0.00177    0.00107   -0.00208
  256   -0.00242    0.00085   -0.00036
  257   -0.00249    0.00118   -0.00099
  258   -0.00202    0.00147    0.00078
  259   -0.00131    0.00093   -0.00221
  260   -0.00117    0.00084   -0.00239
  261   -0.00107    0.00092   -0.00199
  262   -0.00101    0.00105   -0.00182
  263   -0.00092    0.00098   -0.00180
  264   -0.00027    0.00095   -0.00116
  265   -0.00035    0.00102   -0.00142
  266    0.00030    0.00088   -0.00078
  267    0.00017    0.00084   -0.00074
  268    0.00005    0.00068   -0.00044
  269    0.00043    0.00049    0.00020
  270    0.00028    0.00071    0.00007
  271   -0.00085    0.00127   -0.00195
  272   -0.00132    0.00192   -0.00164
  273   -0.00187    0.00203   -0.00175
  274   -0.00187    0.00164   -0.00223
  275   -0.00199    0.00187   -0.00198
  276   -0.00150    0.00151   -0.00273
  277   -0.00181    0.00128   -0.00327
  278   -0.00209    0.00129   -0.00359
  279   -0.00162    0.00105   -0.00341
  280   -0.00249    0.00228   -0.00140
  281   -0.00330    0.00224   -0.00170
  282   -0.00347    0.00185   -0.00230
  283   -0.00331    0.00155   -0.00227
  284   -0.00480    0.00260   -0.00181
  285   -0.00460    0.00261   -0.00105
  286   -0.00139    0.00117   -0.00020
  287   -0.00063    0.00098    0.00038
  288   -0.00067    0.00104    0.00001
  289   -0.00376    0.00156   -0.00285
  290   -0.00370    0.00034   -0.00319
  291   -0.00303    0.00012   -0.00320
  292   -0.00336   -0.00093   -0.00300
  293   -0.00457   -0.00066   -0.00396
  294   -0.00560   -0.00103   -0.00328
  295   -0.00625   -0.00049   -0.00263
  296   -0.00467   -0.00018    0.00244
  297   -0.03785   -0.05532    0.05395
  298   -0.00251    0.00059   -0.00343
  299   -0.00227    0.00042   -0.00324
  300   -0.00245    0.00150   -0.00256
  301   -0.00240    0.00149   -0.00243
  302   -0.00222    0.00123   -0.00305
  303   -0.00199    0.00032   -0.00361
  304   -0.00232    0.00166   -0.00228
  305   -0.00240    0.00189   -0.00188
  306   -0.00300    0.00215   -0.00177
  307   -0.00292    0.00235   -0.00168
  308   -0.00191    0.00170   -0.00135
  309   -0.00129    0.00154   -0.00120
  310   -0.00075    0.00146   -0.00057
  311   -0.00115    0.00151   -0.00098
  312   -0.00353    0.00203   -0.00190
  313   -0.00435    0.00219   -0.00183
  314   -0.00446    0.00223   -0.00217
  315   -0.00500    0.00227   -0.00201
  316   -0.00404    0.00221   -0.00225
  317   -0.00413    0.00224   -0.00219
  318   -0.00366    0.00226   -0.00207
  319   -0.00415    0.00189   -0.00204
  320   -0.00420    0.00209   -0.00245
  321   -0.00369    0.00172   -0.00249
  322   -0.00359    0.00213   -0.00205
  323   -0.00337    0.00201   -0.00217
  324   -0.00366    0.00247   -0.00238
  325   -0.00355    0.00242   -0.00231
  326   -0.00260    0.00199   -0.00220
  327   -0.00267    0.00185   -0.00193
  328   -0.00233    0.00178   -0.00200
  329   -0.00409    0.00277   -0.00297
  330   -0.00444    0.00317   -0.00288
  331   -0.00406    0.00293   -0.00252
  332   -0.00360    0.00249   -0.00239
  333   -0.00512    0.00359   -0.00393
  334   -0.00527    0.00298   -0.00383
  335   -0.00438    0.00254   -0.00312
  336   -0.00423    0.00310   -0.00227
  337   -0.00412    0.00254   -0.00150
  338   -0.00484    0.00245   -0.00119
  339   -0.00459    0.00455   -0.00292
  340   -0.00397    0.00270   -0.00162
  341   -0.00457    0.00159   -0.00005
  342   -0.00328    0.00117    0.00020
  343   -0.00295    0.00115    0.00012
  344   -0.00353    0.00138   -0.00008
  345   -0.00322    0.00054    0.00114
  346   -0.00427    0.00064    0.00139
  347   -0.00530    0.00146    0.00064
  348   -0.00222    0.00096    0.00002
  349   -0.00187    0.00093    0.00009
  350   -0.00106    0.00047    0.00053
  351   -0.00035    0.00022    0.00073
  352   -0.00177    0.00114   -0.00038
  353   -0.00099    0.00030    0.00089
  354   -0.00074   -0.00007    0.00133
  355   -0.00007   -0.00011    0.00136
  356    0.00037   -0.00039    0.00154
  357   -0.00128   -0.00019    0.00157
  358   -0.00149    0.00008    0.00143
  359    0.00003    0.00010    0.00107
  360    0.00050    0.00012    0.00115
  361    0.00036    0.00035    0.00085
  362   -0.00007    0.00054    0.00051
  363    0.00054   -0.00003    0.00119
  364    0.00071    0.00035    0.00092
  365    0.00060    0.00061    0.00083
  366    0.00076    0.00055    0.00091
  367    0.00110    0.00041    0.00111
  368    0.00076    0.00059    0.00092
  369    0.00053    0.00072    0.00073
  370    0.00014    0.00088    0.00033
  371    0.00070    0.00067    0.00110
  372    0.00064    0.00059    0.00077
  373    0.00078    0.00060    0.00080
  374    0.00072    0.00067    0.00075
  375    0.00049    0.00081    0.00051
  376    0.00081    0.00050    0.00073
  377    0.00109    0.00045    0.00085
  378    0.00132    0.00048    0.00109
  379    0.00101    0.00046    0.00062
  380    0.00089    0.00054    0.00095
  381    0.00082    0.00056    0.00105
  382    0.00085    0.00053    0.00116
  383    0.00095    0.00050    0.00129
  384    0.00087    0.00054    0.00124
  385    0.00080    0.00046    0.00119
  386    0.00073    0.00042    0.00094
  387    0.00086    0.00041    0.00139
  388    0.00066    0.00036    0.00106
  389    0.00072    0.00022    0.00112
  390    0.00063    0.00011    0.00116
  391    0.00053    0.00000    0.00100
  392    0.00075    0.00013    0.00097
  393    0.00091   -0.00001    0.00107
  394    0.00105   -0.00001    0.00090
  395    0.00074   -0.00021    0.00089
  396    0.00063    0.00007    0.00140
  397    0.00052   -0.00004    0.00146
  398    0.00057   -0.00022    0.00161
  399    0.00071   -0.00015    0.00168
  400    0.00050    0.00007    0.00154
  401    0.00045    0.00013    0.00170
  402    0.00021    0.00008    0.00178
  403    0.00061    0.00031    0.00166
  404    0.00011    0.00007    0.00184
  405    0.00060    0.00035    0.00181
  406    0.00035    0.00027    0.00179
  407    0.00040   -0.00038    0.00149
  408    0.00032   -0.00073    0.00154
  409    0.00007   -0.00059    0.00201
  410   -0.00008   -0.00019    0.00215
  411    0.00021   -0.00085    0.00136
  412    0.00026   -0.00037    0.00148
  413    0.00034   -0.00032    0.00133
  414    0.00002   -0.00068    0.00224
  415   -0.00007   -0.00039    0.00233
  416   -0.00077   -0.00073    0.00232
  417   -0.00075   -0.00094    0.00218
  418    0.00041   -0.00035    0.00228
  419    0.00032   -0.00042    0.00219
  420    0.00006   -0.00032    0.00218
  421    0.00074   -0.00016    0.00217
  422   -0.00128   -0.00068    0.00229
  423   -0.00232   -0.00092    0.00265
  424   -0.00269   -0.00171    0.00254
  425   -0.00246   -0.00170    0.00220
  426   -0.00207   -0.00096    0.00264
  427   -0.00177   -0.00062    0.00250
  428   -0.00142   -0.00069    0.00236
  429   -0.00332   -0.00196    0.00291
  430   -0.00385   -0.00228    0.00278
  431   -0.00363   -0.00216    0.00237
  432   -0.00371   -0.00267    0.00209
  433   -0.00466   -0.00254    0.00329
  434   -0.00335   -0.00176    0.00252
  435   -0.00304   -0.00178    0.00215
  436   -0.00266   -0.00154    0.00184
  437   -0.00278   -0.00202    0.00151
  438   -0.00277   -0.00139    0.00239
  439   -0.00222   -0.00116    0.00206
  440   -0.00243   -0.00163    0.00160
  441   -0.00281   -0.00224    0.00123
  442   -0.00228   -0.00152    0.00159
  443   -0.00237   -0.00117    0.00196
  444   -0.00208   -0.00103    0.00174
  445   -0.00250   -0.00151    0.00180
  446   -0.00230   -0.00175    0.00152
  447   -0.00165   -0.00070    0.00196
  448   -0.00131   -0.00059    0.00178
  449   -0.00120   -0.00080    0.00186
  450   -0.00098   -0.00040    0.00160
  451   -0.00089   -0.00057    0.00177
  452   -0.00077   -0.00038    0.00162
  453   -0.00275   -0.00186    0.00196
  454   -0.00303   -0.00228    0.00180
  455   -0.00341   -0.00307    0.00165
  456   -0.00355   -0.00363    0.00164
  457   -0.00354   -0.00267    0.00185
  458   -0.00352   -0.00279    0.00205
  459   -0.00259   -0.00234    0.00249
  460   -0.00257   -0.00234    0.00267
  461   -0.00217   -0.00188    0.00244
  462   -0.00357   -0.00318    0.00143
  463   -0.00371   -0.00394    0.00107
  464   -0.00333   -0.00379    0.00079
  465   -0.00338   -0.00433    0.00030
  466   -0.00381   -0.00408    0.00102
  467   -0.00424   -0.00444    0.00137
  468   -0.00445   -0.00413    0.00184
  469   -0.00459   -0.00497    0.00146
  470   -0.00301   -0.00313    0.00111
  471   -0.00271   -0.00295    0.00078
  472   -0.00271   -0.00317    0.00061
  473   -0.00279   -0.00331    0.00005
  474   -0.00227   -0.00207    0.00067
  475   -0.00185   -0.00178    0.00040
  476   -0.00180   -0.00178   -0.00002
  477   -0.00164   -0.00144    0.00064
  478   -0.00153   -0.00164   -0.00007
  479   -0.00108   -0.00102    0.00063
  480   -0.00109   -0.00131    0.00034
  481   -0.00272   -0.00281    0.00092
  482   -0.00268   -0.00268    0.00090
  483   -0.00290   -0.00334    0.00060
  484   -0.00278   -0.00321    0.00031
  485   -0.00251   -0.00207    0.00131
  486   -0.00194   -0.00128    0.00148
  487   -0.00144   -0.00082    0.00132
  488   -0.00089   -0.00032    0.00155
  489   -0.00034    0.00013    0.00152
  490   -0.00037    0.00009    0.00137
  491    0.00021    0.00041    0.00164
  492   -0.00319   -0.00424    0.00073
  493   -0.00360   -0.00516    0.00064
  494   -0.00358   -0.00538   -0.00025
  495   -0.00361   -0.00553   -0.00044
  496   -0.00391   -0.00560    0.00083
  497   -0.00391   -0.00600    0.00189
  498   -0.00398   -0.00628    0.00237
  499   -0.00389   -0.00516    0.00201
  500   -0.00504   -0.00545    0.00158
  501   -0.00356   -0.00537   -0.00064
  502   -0.00365   -0.00563   -0.00157
  503   -0.00347   -0.00489   -0.00175
  504   -0.00382   -0.00507   -0.00248
  505   -0.00374   -0.00568   -0.00188
  506   -0.00381   -0.00695   -0.00235
  507   -0.00360   -0.00892   -0.00427
  508   -0.00533   -0.00953   -0.00408
  509   -0.01105    0.01472    0.02054
  510   -0.00312   -0.00416   -0.00106
  511   -0.00310   -0.00311   -0.00150
  512   -0.00304   -0.00283   -0.00124
  513   -0.00308   -0.00221   -0.00166
  514   -0.00251   -0.00242   -0.00056
  515   -0.00200   -0.00167   -0.00029
  516   -0.00130   -0.00089    0.00033
  517   -0.00134   -0.00088    0.00072
  518   -0.00066   -0.00052    0.00050
  519   -0.00298   -0.00301   -0.00076
  520   -0.00294   -0.00260   -0.00053
  521   -0.00335   -0.00318   -0.00093
  522   -0.00334   -0.00229   -0.00120
  523   -0.00281   -0.00285   -0.00018
  524   -0.00249   -0.00243    0.00059
  525   -0.00256   -0.00247   -0.00004
  526   -0.00250   -0.00285    0.00101
  527   -0.00366   -0.00458   -0.00153
  528   -0.00397   -0.00540   -0.00226
  529   -0.00430   -0.00502   -0.00343
  530   -0.00465   -0.00581   -0.00441
  531   -0.00424   -0.00722   -0.00221
  532   -0.00448   -0.00790   -0.00141
  533   -0.00452   -0.00666   -0.00075
  534   -0.00371   -0.00623    0.00017
  535   -0.00474   -0.00696   -0.00103
  536   -0.00415   -0.00400   -0.00329
  537   -0.00465   -0.00345   -0.00449
  538   -0.00495   -0.00214   -0.00442
  539   -0.00561   -0.00176   -0.00573
  540   -0.00453   -0.00316   -0.00496
  541   -0.00506   -0.00290   -0.00728
  542   -0.00545   -0.00200   -0.00709
  543   -0.00504   -0.00130   -0.00503
  544   -0.00711   -0.00154   -0.01129
  545   -0.00459   -0.00141   -0.00287
  546   -0.00472   -0.00013   -0.00225
  547   -0.00481    0.00053   -0.00243
  548   -0.00564    0.00178   -0.00212
  549   -0.00373    0.00025   -0.00123
  550   -0.00308    0.00055   -0.00086
  551   -0.00329   -0.00022   -0.00116
  552   -0.00206    0.00071   -0.00013
  553   -0.00437   -0.00035   -0.00236
  554   -0.00441    0.00006   -0.00207
  555   -0.00425    0.00244   -0.00144
  556   -0.00343    0.00295   -0.00094
  557   -0.00519   -0.00086   -0.00340
  558   -0.00488   -0.00339   -0.00421
  559   -0.00570   -0.00497   -0.00669
  560   -0.00524   -0.00845   -0.00769
  561   -0.00779   -0.01555   -0.01685
  562   -0.00533    0.00441   -0.00156
  563   -0.00602    0.00936   -0.00081
  564   -0.00699    0.00842   -0.00062
  565   -0.01341    0.01886    0.00211
  566   -0.00515    0.00457   -0.00116
  567   -0.00471    0.00340   -0.00093
  568   -0.00341    0.00319   -0.00131
  569   -0.00282    0.00370   -0.00198
  570   -0.00393    0.00247   -0.00096
  571   -0.00274    0.00246   -0.00088
  572   -0.00186    0.00166   -0.00059
  573   -0.00195    0.00147   -0.00042
  574   -0.00134    0.00164   -0.00040
  575   -0.00197    0.00118   -0.00082
  576   -0.00093    0.00041   -0.00135
  577   -0.00005    0.00037   -0.00113
  578    0.00039   -0.00004   -0.00017
  579    0.00005   -0.00004   -0.00057
  580    0.00085   -0.00083   -0.00079
  581    0.00053   -0.00099   -0.00242
  582   -0.00006   -0.00090   -0.00343
  583    0.00076   -0.00120   -0.00236
  584    0.00001    0.00066   -0.00162
  585    0.00066    0.00033   -0.00108
  586    0.00080   -0.00022   -0.00166
  587    0.00039    0.00006   -0.00246
  588    0.00040    0.00107   -0.00131
  589    0.00068    0.00035   -0.00066
  590   -0.00010    0.00141   -0.00096
  591    0.00123   -0.00082   -0.00108
  592    0.00159   -0.00128   -0.00146
  593    0.00156   -0.00114   -0.00193
  594    0.00158   -0.00103   -0.00149
  595    0.00219   -0.00178   -0.00104
  596    0.00250   -0.00219   -0.00166
  597    0.00140   -0.00132   -0.00266
  598    0.00141   -0.00189   -0.00351
  599    0.00208   -0.00192   -0.00341
  600    0.00335   -0.00352   -0.00318
  601    0.00086   -0.00231   -0.00517
  602    0.00155   -0.00230   -0.00483
  603    0.00134   -0.00178   -0.00345
  604    0.00273   -0.00211   -0.00305
  605    0.00332   -0.00260   -0.00289
  606    0.00297   -0.00233   -0.00153
  607    0.00306   -0.00253   -0.00070
  608    0.00346   -0.00266   -0.00258
  609    0.00418   -0.00369   -0.00279
  610    0.00593   -0.00351   -0.00363
  611    0.00300   -0.00541   -0.00062
  612    0.00565   -0.00453   -0.00246
  613    0.00249   -0.00186   -0.00108
  614    0.00229   -0.00158   -0.00020
  615    0.00267   -0.00184    0.00004
  616    0.00261   -0.00186   -0.00052
  617    0.00189   -0.00109    0.00012
  618    0.00192   -0.00089    0.00060
  619    0.00196   -0.00129    0.00017
  620    0.00291   -0.00187    0.00044
  621    0.00321   -0.00198    0.00043
  622    0.00277   -0.00142    0.00066
  623    0.00254   -0.00095    0.00088
  624    0.00316   -0.00185    0.00074
  625    0.00352   -0.00160    0.00027
  626    0.00295   -0.00102    0.00045
  627    0.00358   -0.00177   -0.00050
  628    0.00267   -0.00074    0.00013
  629    0.00313   -0.00152   -0.00080
  630    0.00270   -0.00099   -0.00042
  631    0.00199   -0.00110   -0.00084
  632    0.00261   -0.00136    0.00032
  633    0.00227   -0.00049    0.00038
  634    0.00217   -0.00028    0.00003
  635    0.00223   -0.00048   -0.00032
  636    0.00201   -0.00034    0.00027
  637    0.00193    0.00020    0.00055
  638    0.00187    0.00038    0.00089
  639    0.00166    0.00050    0.00047
  640    0.00160    0.00067    0.00101
  641    0.00134    0.00092    0.00064
  642    0.00134    0.00092    0.00094
  643    0.00203    0.00011    0.00023
  644    0.00165    0.00035   -0.00003
  645    0.00149    0.00080    0.00027
  646    0.00160    0.00085    0.00063
  647    0.00162    0.00017   -0.00023
  648    0.00177    0.00038    0.00014
  649    0.00180    0.00022   -0.00001
  650    0.00142    0.00018   -0.00070
  651    0.00114    0.00110    0.00004
  652    0.00089    0.00143    0.00024
  653    0.00086    0.00159    0.00010
  654    0.00087    0.00144   -0.00012
  655    0.00058    0.00170   -0.00013
  656    0.00062    0.00161   -0.00006
  657    0.00031    0.00186   -0.00050
  658    0.00046    0.00185   -0.00027
  659    0.00011    0.00211   -0.00062
  660    0.00089    0.00182    0.00028
  661    0.00102    0.00194    0.00016
  662    0.00075    0.00231   -0.00036
  663    0.00073    0.00256   -0.00041
  664    0.00120    0.00181    0.00070
  665    0.00128    0.00190    0.00061
  666    0.00141    0.00178    0.00100
  667    0.00140    0.00162    0.00127
  668    0.00145    0.00201    0.00099
  669    0.00053    0.00244   -0.00094
  670    0.00028    0.00313   -0.00171
  671    0.00071    0.00359   -0.00179
  672    0.00044    0.00484   -0.00265
  673   -0.00066    0.00307   -0.00212
  674   -0.00050    0.00230   -0.00205
  675   -0.00098    0.00318   -0.00223
  676    0.00091    0.00310   -0.00151
  677    0.00118    0.00334   -0.00161
  678    0.00121    0.00322   -0.00104
  679    0.00134    0.00263   -0.00041
  680    0.00131    0.00253   -0.00170
  681    0.00100    0.00230   -0.00215
  682    0.00150    0.00239   -0.00210
  683    0.00080    0.00152   -0.00204
  684    0.00106    0.00371   -0.00134
  685    0.00135    0.00363   -0.00089
  686    0.00177    0.00261   -0.00062
  687    0.00194    0.00237   -0.00110
  688    0.00201    0.00205    0.00004
  689    0.00224    0.00165    0.00004
  690    0.00217    0.00145   -0.00012
  691    0.00232    0.00108   -0.00014
  692    0.00248    0.00141   -0.00025
  693    0.00241    0.00146   -0.00022
  694    0.00249    0.00116    0.00034
  695    0.00258    0.00184   -0.00070
  696    0.00209    0.00159   -0.00008
  697    0.00218    0.00141   -0.00019
  698    0.00205    0.00114    0.00037
  699    0.00209    0.00104    0.00029
  700    0.00196    0.00163   -0.00048
  701    0.00165    0.00175   -0.00012
  702    0.00192    0.00121    0.00078
  703    0.00179    0.00110    0.00104
  704    0.00186    0.00087    0.00102
  705    0.00182    0.00081    0.00112
  706    0.00163    0.00110    0.00138
  707    0.00172    0.00094    0.00140
  708    0.00196    0.00075    0.00084
  709    0.00189    0.00058    0.00083
  710    0.00202    0.00055    0.00062
  711    0.00190    0.00052    0.00058
  712    0.00214    0.00063    0.00037
  713    0.00213    0.00058    0.00021
  714    0.00207    0.00062    0.00044
  715    0.00209    0.00056    0.00042
  716    0.00238    0.00056   -0.00016
  717    0.00246    0.00045   -0.00040
  718    0.00225    0.00045   -0.00028
  719    0.00204    0.00077    0.00059
  720    0.00201    0.00074    0.00074
  721    0.00200    0.00060    0.00094
  722    0.00207    0.00047    0.00095
  723    0.00189    0.00089    0.00079
  724    0.00178    0.00108    0.00045
  725    0.00180    0.00087    0.00088
  726    0.00167    0.00096    0.00010
  727    0.00188    0.00061    0.00109
  728    0.00175    0.00058    0.00116
  729    0.00173    0.00047    0.00106
  730    0.00174    0.00039    0.00112
  731    0.00177    0.00050    0.00084
  732    0.00163    0.00062    0.00073
  733    0.00170    0.00047    0.00082
  734    0.00146    0.00043    0.00083
  735    0.00146    0.00059    0.00046
  736    0.00123    0.00063    0.00029
  737    0.00129    0.00058    0.00027
  738    0.00111    0.00059   -0.00003
  739    0.00204    0.00038    0.00072
  740    0.00213    0.00024    0.00067
  741    0.00222    0.00010    0.00088
  742    0.00226   -0.00001    0.00091
  743    0.00213    0.00027    0.00050
  744    0.00206    0.00038    0.00027
  745    0.00216    0.00007    0.00039
  746    0.00199    0.00035    0.00001
  747    0.00228    0.00016    0.00098
  748    0.00238    0.00006    0.00109
  749    0.00210    0.00002    0.00121
  750    0.00219   -0.00021    0.00129
  751    0.00230    0.00015    0.00116
  752    0.00227    0.00022    0.00115
  753    0.00214    0.00049    0.00119
  754    0.00238    0.00003    0.00110
  755    0.00204    0.00054    0.00107
  756    0.00221    0.00028    0.00100
  757    0.00174    0.00018    0.00120
  758    0.00129    0.00012    0.00126
  759    0.00114    0.00008    0.00120
  760    0.00068   -0.00002    0.00146
  761    0.00100    0.00027    0.00104
  762    0.00123    0.00014    0.00110
  763    0.00093    0.00015    0.00116
  764    0.00143    0.00003    0.00134
  765    0.00116   -0.00005    0.00159
  766    0.00089    0.00037    0.00089
  767    0.00040    0.00048    0.00123
  768    0.00048    0.00065    0.00073
  769    0.00193   -0.00010    0.00127
  770    0.00218   -0.00028    0.00149
  771    0.00217   -0.00047    0.00194
  772    0.00255   -0.00081    0.00191
  773    0.00283   -0.00046    0.00091
  774    0.00201   -0.00050    0.00179
  775    0.00202   -0.00069    0.00207
  776    0.00155   -0.00069    0.00210
  777    0.00158   -0.00093    0.00209
  778    0.00220   -0.00077    0.00176
  779    0.00255   -0.00108    0.00134
  780    0.00256   -0.00141    0.00122
  781    0.00244   -0.00082    0.00122
  782    0.00097   -0.00054    0.00210
  783   -0.00065   -0.00050    0.00271
  784   -0.00152   -0.00016    0.00300
  785   -0.00204   -0.00013    0.00261
  786   -0.00080   -0.00060    0.00222
  787   -0.00050   -0.00060    0.00207
  788   -0.00062   -0.00069    0.00227
  789   -0.00016   -0.00045    0.00189
  790   -0.00099   -0.00021    0.00317
  791   -0.00159   -0.00004    0.00336
  792   -0.00272   -0.00006    0.00410
  793   -0.00324   -0.00002    0.00419
  794   -0.00051   -0.00017    0.00300
  795    0.00100    0.00008    0.00231
  796    0.00175   -0.00018    0.00169
  797    0.00137   -0.00019    0.00107
  798    0.00290   -0.00042    0.00093
  799   -0.00269   -0.00050    0.00456
  800   -0.00348   -0.00085    0.00517
  801   -0.00411   -0.00044    0.00453
  802   -0.00547   -0.00018    0.00527
  803   -0.00259   -0.00128    0.00530
  804   -0.00199   -0.00109    0.00437
  805   -0.00197   -0.00104    0.00406
  806   -0.00128   -0.00096    0.00354
  807   -0.00387   -0.00046    0.00357
  808   -0.00455    0.00022    0.00345
  809   -0.00490    0.00046    0.00299
  810   -0.00593    0.00068    0.00331
  811   -0.00389   -0.00005    0.00314
  812   -0.00346   -0.00046    0.00351
  813   -0.00278   -0.00047    0.00290
  814   -0.00215   -0.00089    0.00306
  815   -0.00128   -0.00111    0.00273
  816   -0.00407    0.00059    0.00238
  817   -0.00433    0.00085    0.00229
  818   -0.00450    0.00091    0.00253
  819   -0.00402    0.00077    0.00273
  820   -0.00312    0.00085    0.00179
  821   -0.00298    0.00098    0.00175
  822   -0.00279    0.00076    0.00196
  823   -0.00190    0.00102    0.00133
  824   -0.00529    0.00120    0.00241
  825   -0.00514    0.00131    0.00245
  826   -0.00447    0.00146    0.00197
  827   -0.00363    0.00140    0.00160
  828   -0.00437    0.00217    0.00188
  829   -0.00354    0.00231    0.00122
  830   -0.00401    0.00290    0.00146
  831   -0.00465    0.00332    0.00230
  832   -0.00266    0.00205    0.00177
  833   -0.00190    0.00144    0.00157
  834   -0.00092    0.00127    0.00123
  835   -0.00213    0.00108    0.00190
  836   -0.00015    0.00076    0.00134
  837   -0.00124    0.00076    0.00187
  838   -0.00015    0.00062    0.00161
  839   -0.00365    0.00272    0.00113
  840   -0.00468    0.00289    0.00166
  841   -0.00380    0.00304    0.00239
  842   -0.00271    0.00283    0.00245
  843   -0.00428    0.00253    0.00116
  844   -0.00295    0.00205    0.00087
  845   -0.00292    0.00166    0.00039
  846   -0.00416    0.00168    0.00027
  847   -0.00167    0.00145    0.00033
  848   -0.00502    0.00339    0.00333
  849   -0.00442    0.00460    0.00549
  850   -0.00294    0.00403    0.00471
  851   -0.00313    0.00363    0.00396
  852   -0.00753    0.00631    0.00763
  853   -0.01410    0.00759    0.01084
  854   -0.01408    0.00652    0.00795
  855   -0.02305    0.01142    0.02158
  856   -0.00132    0.00436    0.00491
  857   -0.00038    0.00397    0.00502
  858   -0.00016    0.00291    0.00378
  859    0.00003    0.00237    0.00344
  860   -0.00047    0.00254    0.00317
  861   -0.00020    0.00190    0.00223
  862    0.00012    0.00150    0.00214
  863    0.00011    0.00150    0.00236
  864   -0.00058    0.00191    0.00179
  865   -0.00024    0.00164    0.00122
  866    0.00040    0.00112    0.00141
  867    0.00069    0.00080    0.00133
  868    0.00074    0.00069    0.00114
  869    0.00050    0.00041    0.00118
  870    0.00111    0.00046    0.00048
  871    0.00141    0.00022    0.00024
  872    0.00110    0.00087    0.00069
  873    0.00087    0.00074    0.00077
  874    0.00100    0.00058    0.00074
  875    0.00094    0.00055    0.00095
  876    0.00122    0.00031    0.00078
  877    0.00104    0.00058    0.00046
  878    0.00134    0.00046    0.00044
  879    0.00164    0.00028    0.00034
  880    0.00127    0.00050    0.00051
  881    0.00063    0.00100    0.00132
  882    0.00057    0.00086    0.00143
  883    0.00054    0.00075    0.00117
  884    0.00076    0.00045    0.00047
  885   -0.00022    0.00150    0.00174
  886   -0.00049    0.00118    0.00186
  887   -0.00129    0.00153    0.00279
  888   -0.00190    0.00197    0.00291
  889   -0.00285    0.00245    0.00439
  890    0.00038    0.00079    0.00160
  891    0.00014    0.00047    0.00157
  892    0.00020   -0.00030    0.00105
  893    0.00009   -0.00121    0.00041
  894   -0.00009    0.00034    0.00215
  895   -0.00033   -0.00035    0.00262
  896   -0.00039   -0.00008    0.00320
  897   -0.00038   -0.00011    0.00271
  898   -0.00002    0.00032    0.00449
  899    0.00040   -0.00034    0.00061
  900    0.00041   -0.00090    0.00001
  901    0.00073   -0.00112   -0.00039
  902    0.00054   -0.00191   -0.00093
  903    0.00075   -0.00052   -0.00027
  904    0.00098   -0.00078   -0.00079
  905    0.00082   -0.00070   -0.00117
  906    0.00129   -0.00062   -0.00081
  907    0.00067   -0.00072   -0.00127
  908    0.00130   -0.00065   -0.00083
  909    0.00080   -0.00060   -0.00122
  910    0.00138   -0.00054    0.00006
  911    0.00189   -0.00079   -0.00012
  912    0.00195   -0.00144   -0.00109
  913    0.00233   -0.00223   -0.00183
  914    0.00262   -0.00030    0.00001
  915    0.00238   -0.00002    0.00028
  916    0.00228    0.00011    0.00084
  917    0.00243   -0.00010    0.00036
  918    0.00122   -0.00115   -0.00048
  919    0.00125   -0.00199   -0.00149
  920    0.00085   -0.00353   -0.00211
  921    0.00114   -0.00504   -0.00314
  922    0.00059   -0.00121   -0.00073
  923    0.00064   -0.00224   -0.00113
  924    0.00001   -0.00344   -0.00153
  925   -0.00086   -0.00482   -0.00201
  926   -0.00090   -0.00549   -0.00275
  927   -0.00108   -0.00692   -0.00379
  928   -0.00179   -0.00423   -0.00120
  929   -0.00165   -0.00372   -0.00048
  930   -0.00186   -0.00318    0.00021
  931   -0.00142   -0.00243    0.00022
  932   -0.00280   -0.00380    0.00086
  933   -0.00013   -0.00431   -0.00241
  934    0.00037   -0.00442   -0.00292
  935    0.00165   -0.00465   -0.00326
  936    0.00201   -0.00429   -0.00321
  937    0.00054   -0.00289   -0.00217
  938    0.00127   -0.00217   -0.00145
  939   -0.00008   -0.00264   -0.00215
  940    0.00241   -0.00491   -0.00337
  941    0.00377   -0.00537   -0.00424
  942    0.00617   -0.00850   -0.00632
  943    0.00649   -0.00670   -0.00601
  944    0.00456   -0.00605   -0.00505
  945    0.00520   -0.00557   -0.00573
  946    0.00658   -0.00688   -0.00645
  947    0.00762   -0.00798   -0.00711
  948    0.00621   -0.00613   -0.00779
  949    0.00550   -0.01114   -0.00691
  950    0.00676   -0.01580   -0.00783
  951    0.00437   -0.01180   -0.00595
  952    0.00523   -0.01320   -0.00613
  953    0.00572   -0.02168   -0.01112
  954    0.00106   -0.01700   -0.00935
  955   -0.00057   -0.02124   -0.01275
  956   -0.00330   -0.03624   -0.01237
  957   -0.01932   -0.07387   -0.12727
  958    0.00200   -0.00815   -0.00508
  959    0.00012   -0.00622   -0.00471
  960    0.00077   -0.00433   -0.00348
  961    0.00224   -0.00439   -0.00263
  962   -0.00122   -0.00513   -0.00446
  963   -0.00304   -0.00706   -0.00529
  964   -0.00360   -0.00581   -0.00459
  965   -0.00563   -0.00857   -0.00593
  966   -0.00019   -0.00327   -0.00383
  967    0.00121   -0.00265   -0.00254
  968    0.00093   -0.00135   -0.00214
  969    0.00043   -0.00133   -0.00259
  970    0.00074   -0.00251   -0.00319
  971   -0.00002   -0.00185   -0.00381
  972    0.00121   -0.00061   -0.00129
  973    0.00114    0.00009   -0.00101
  974    0.00048    0.00047   -0.00145
  975    0.00041    0.00062   -0.00135
  976    0.00132    0.00051   -0.00049
  977    0.00157   -0.00002   -0.00043
  978    0.00145   -0.00060   -0.00095
  979   -0.00002    0.00075   -0.00207
  980   -0.00064    0.00124   -0.00264
  981   -0.00114    0.00069   -0.00336
  982   -0.00131    0.00095   -0.00353
  983   -0.00132    0.00174   -0.00298
  984   -0.00080    0.00229   -0.00223
  985   -0.00016    0.00183   -0.00166
  986    0.00029    0.00238   -0.00132
  987    0.00022    0.00135   -0.00141
  988   -0.00108   -0.00019   -0.00385
  989   -0.00136   -0.00083   -0.00465
  990   -0.00081   -0.00090   -0.00392
  991   -0.00090   -0.00092   -0.00428
  992   -0.00178   -0.00200   -0.00560
  993   -0.00259   -0.00200   -0.00698
  994   -0.00286   -0.00076   -0.00692
  995   -0.00588   -0.00411   -0.01187
  996   -0.00038   -0.00089   -0.00315
  997    0.00006   -0.00084   -0.00257
  998    0.00001   -0.00023   -0.00231
  999    0.00006   -0.00028   -0.00216
 1000    0.00079   -0.00086   -0.00182
 1001    0.00113   -0.00167   -0.00194
 1002    0.00213   -0.00173   -0.00153
 1003    0.00272   -0.00265   -0.00195
 1004    0.00319   -0.00280   -0.00145
 1005    0.00333   -0.00241   -0.00088
 1006    0.00390   -0.00353   -0.00208
 1007   -0.00014    0.00032   -0.00218
 1008   -0.00003    0.00079   -0.00186
 1009   -0.00044    0.00082   -0.00252
 1010   -0.00010    0.00093   -0.00246
 1011   -0.00012    0.00139   -0.00163
 1012   -0.00103    0.00058   -0.00357
 1013   -0.00157    0.00055   -0.00465
 1014   -0.00120    0.00013   -0.00468
 1015   -0.00114    0.00031   -0.00518
 1016   -0.00265    0.00072   -0.00616
 1017   -0.00357    0.00166   -0.00640
 1018   -0.00449    0.00177   -0.00800
 1019   -0.00650    0.00324   -0.00993
 1020   -0.00765    0.00513   -0.00946
 1021   -0.00061   -0.00038   -0.00420
 1022   -0.00007   -0.00089   -0.00402
 1023    0.00047   -0.00034   -0.00338
 1024    0.00085   -0.00021   -0.00366
 1025    0.00003   -0.00130   -0.00330
 1026   -0.00043   -0.00213   -0.00384
 1027    0.00044    0.00001   -0.00290
 1028    0.00103    0.00026   -0.00242
 1029    0.00074    0.00052   -0.00269
 1030    0.00109    0.00049   -0.00259
 1031    0.00101    0.00042   -0.00177
 1032    0.00121    0.00059   -0.00144
 1033    0.00167    0.00051   -0.00129
 1034    0.00131    0.00098   -0.00129
 1035    0.00196    0.00068   -0.00090
 1036    0.00154    0.00106   -0.00104
 1037    0.00186    0.00084   -0.00087
 1038    0.00014    0.00079   -0.00282
 1039   -0.00015    0.00097   -0.00314
 1040   -0.00028    0.00079   -0.00356
 1041   -0.00005    0.00076   -0.00349
 1042   -0.00094    0.00136   -0.00338
 1043   -0.00095    0.00170   -0.00291
 1044   -0.00155    0.00221   -0.00351
 1045   -0.00162    0.00210   -0.00349
 1046   -0.00168    0.00278   -0.00405
 1047    0.00011    0.00055   -0.00417
 1048    0.00026    0.00040   -0.00482
 1049    0.00108    0.00037   -0.00432
 1050    0.00138    0.00023   -0.00502
 1051    0.00023    0.00057   -0.00580
 1052   -0.00129    0.00082   -0.00685
 1053   -0.00307    0.00000   -0.01057
 1054   -0.00438    0.00111   -0.01039
 1055   -0.00588    0.00035   -0.01389
 1056    0.00142    0.00035   -0.00348
 1057    0.00212    0.00016   -0.00299
 1058    0.00231    0.00025   -0.00252
 1059    0.00217    0.00024   -0.00225
 1060    0.00199    0.00013   -0.00224
 1061    0.00196    0.00015   -0.00202
 1062    0.00246    0.00034   -0.00175
 1063    0.00164    0.00009   -0.00153
 1064    0.00253    0.00036   -0.00265
 1065    0.00266    0.00039   -0.00238
 1066    0.00319    0.00043   -0.00196
 1067    0.00325    0.00040   -0.00184
 1068    0.00295    0.00046   -0.00248
 1069    0.00250    0.00056   -0.00331
 1070    0.00177    0.00062   -0.00327
 1071    0.00129    0.00059   -0.00319
 1072    0.00100    0.00075   -0.00381
 1073    0.00350    0.00064   -0.00214
 1074    0.00364    0.00077   -0.00196
 1075    0.00331    0.00053   -0.00157
 1076    0.00329    0.00048   -0.00159
 1077    0.00334    0.00101   -0.00168
 1078    0.00298    0.00031   -0.00142
 1079    0.00278    0.00016   -0.00113
 1080    0.00286    0.00039   -0.00127
 1081    0.00297    0.00043   -0.00129
 1082    0.00269    0.00014   -0.00112
 1083    0.00227    0.00003   -0.00080
 1084    0.00246    0.00030   -0.00087
 1085    0.00210   -0.00004   -0.00064
 1086    0.00282    0.00045   -0.00158
 1087    0.00276    0.00060   -0.00177
 1088    0.00302    0.00046   -0.00183
 1089    0.00311    0.00047   -0.00200
 1090    0.00236    0.00057   -0.00211
 1091    0.00207    0.00071   -0.00212
 1092    0.00158    0.00074   -0.00259
 1093    0.00133    0.00075   -0.00280
 1094    0.00111    0.00060   -0.00262
 1095    0.00313    0.00031   -0.00198
 1096    0.00338    0.00023   -0.00210
 1097    0.00349    0.00026   -0.00185
 1098    0.00365    0.00012   -0.00195
 1099    0.00349    0.00015   -0.00212
 1100    0.00330    0.00036   -0.00167
 1101    0.00314    0.00027   -0.00162
 1102    0.00306    0.00023   -0.00156
 1103    0.00298    0.00015   -0.00157
 1104    0.00281    0.00043   -0.00137
 1105    0.00308    0.00023   -0.00148
 1106    0.00301    0.00013   -0.00132
 1107    0.00326    0.00004   -0.00160
 1108    0.00316    0.00002   -0.00145
 1109    0.00296    0.00034   -0.00121
 1110    0.00287    0.00033   -0.00107
 1111    0.00260    0.00038   -0.00065
 1112    0.00299    0.00040   -0.00116
 1113    0.00256    0.00046   -0.00051
 1114    0.00274    0.00047   -0.00083
 1115    0.00346    0.00018   -0.00182
 1116    0.00371    0.00006   -0.00207
 1117    0.00380   -0.00028   -0.00212
 1118    0.00391   -0.00053   -0.00215
 1119    0.00380    0.00023   -0.00230
 1120    0.00380    0.00027   -0.00259
 1121    0.00392    0.00054   -0.00316
 1122    0.00358    0.00036   -0.00208
 1123    0.00380   -0.00032   -0.00206
 1124    0.00398   -0.00058   -0.00217
 1125    0.00375   -0.00069   -0.00211
 1126    0.00386   -0.00108   -0.00231
 1127    0.00395   -0.00048   -0.00208
 1128    0.00347   -0.00060   -0.00188
 1129    0.00321   -0.00077   -0.00176
 1130    0.00316   -0.00082   -0.00165
 1131    0.00302   -0.00093   -0.00156
 1132    0.00274   -0.00047   -0.00161
 1133    0.00227   -0.00053   -0.00149
 1134    0.00262   -0.00038   -0.00173
 1135    0.00325   -0.00055   -0.00158
 1136    0.00319   -0.00053   -0.00131
 1137    0.00341   -0.00081   -0.00125
 1138    0.00325   -0.00089   -0.00096
 1139    0.00329   -0.00020   -0.00126
 1140    0.00365   -0.00087   -0.00161
 1141    0.00388   -0.00117   -0.00166
 1142    0.00397   -0.00135   -0.00198
 1143    0.00420   -0.00161   -0.00201
 1144    0.00419   -0.00096   -0.00220
 1145    0.00461   -0.00115   -0.00270
 1146    0.00456   -0.00112   -0.00273
 1147    0.00460   -0.00148   -0.00274
 1148    0.00448   -0.00087   -0.00272
 1149    0.00395   -0.00149   -0.00192
 1150    0.00398   -0.00195   -0.00182
 1151    0.00371   -0.00195   -0.00142
 1152    0.00386   -0.00247   -0.00127
 1153    0.00370   -0.00183   -0.00193
 1154    0.00375   -0.00220   -0.00197
 1155    0.00339   -0.00224   -0.00179
 1156    0.00284   -0.00190   -0.00161
 1157    0.00371   -0.00307   -0.00165
 1158    0.00343   -0.00167   -0.00108
 1159    0.00302   -0.00156   -0.00060
 1160    0.00299   -0.00150   -0.00014
 1161    0.00308   -0.00167   -0.00007
 1162    0.00299   -0.00150   -0.00007
 1163    0.00284   -0.00152    0.00017
 1164    0.00301   -0.00157    0.00024
 1165    0.00338   -0.00148   -0.00035
 1166    0.00230   -0.00110    0.00071
 1167    0.00201   -0.00103    0.00057
 1168    0.00234   -0.00093    0.00044
 1169    0.00254   -0.00095    0.00071
 1170    0.00248   -0.00086    0.00019
 1171    0.00290   -0.00166    0.00056
 1172    0.00277   -0.00172    0.00072
 1173    0.00247   -0.00149    0.00141
 1174    0.00287   -0.00165    0.00103
 1175    0.00390   -0.00219   -0.00031
 1176    0.00481   -0.00222   -0.00166
 1177    0.00259   -0.00148    0.00142
 1178    0.00268   -0.00155    0.00100
 1179    0.00311   -0.00196    0.00073
 1180    0.00339   -0.00234    0.00106
 1181    0.00252   -0.00147    0.00078
 1182    0.00218   -0.00122    0.00065
 1183    0.00189   -0.00123    0.00030
 1184    0.00158   -0.00107    0.00036
 1185    0.00139   -0.00095    0.00043
 1186    0.00148   -0.00098    0.00034
 1187    0.00115   -0.00079    0.00041
 1188    0.00319   -0.00186    0.00010
 1189    0.00375   -0.00235   -0.00023
 1190    0.00395   -0.00299   -0.00032
 1191    0.00475   -0.00418   -0.00060
 1192    0.00389   -0.00205   -0.00096
 1193    0.00337   -0.00189   -0.00098
 1194    0.00466   -0.00262   -0.00143
 1195    0.00336   -0.00249   -0.00010
 1196    0.00339   -0.00278   -0.00025
 1197    0.00424   -0.00369    0.00019
 1198    0.00468   -0.00460   -0.00009
 1199    0.00279   -0.00210    0.00012
 1200    0.00288   -0.00203    0.00041
 1201    0.00287   -0.00238   -0.00001
 1202    0.00278   -0.00148    0.00090
 1203    0.00428   -0.00332    0.00093
 1204    0.00546   -0.00420    0.00196
 1205    0.00563   -0.00420    0.00208
 1206    0.00544   -0.00348    0.00257
 1207    0.00742   -0.00648    0.00226
 1208    0.01067   -0.00864    0.00513
 1209    0.01255   -0.00933    0.00720
 1210    0.01351   -0.01113    0.00611
 1211    0.00613   -0.00542    0.00145
 1212    0.00692   -0.00589    0.00194
 1213    0.00472   -0.00374    0.00113
 1214    0.00435   -0.00240    0.00136
 1215    0.00933   -0.00951    0.00120
 1216    0.01298   -0.01257    0.00282
 1217    0.00914   -0.00946    0.00144
 1218    0.00902   -0.01112   -0.00142
 1219    0.00628   -0.00686   -0.00012
 1220    0.00409   -0.00400    0.00036
 1221    0.00302   -0.00331    0.00017
 1222    0.00251   -0.00196    0.00068
 1223    0.00242   -0.00157    0.00071
 1224    0.00258   -0.00332   -0.00044
 1225    0.00188   -0.00305   -0.00010
 1226    0.00349   -0.00437   -0.00103
 1227    0.00250   -0.00160    0.00103
 1228    0.00236   -0.00070    0.00128
 1229    0.00176   -0.00065    0.00132
 1230    0.00139   -0.00103    0.00135
 1231    0.00291   -0.00014    0.00142
 1232    0.00364    0.00001    0.00145
 1233    0.00363    0.00039    0.00139
 1234    0.00419   -0.00028    0.00118
 1235    0.00159   -0.00026    0.00139
 1236    0.00132   -0.00019    0.00147
 1237    0.00123    0.00032    0.00161
 1238    0.00147    0.00049    0.00154
 1239    0.00114   -0.00033    0.00120
 1240    0.00102   -0.00068    0.00102
 1241    0.00075   -0.00079    0.00101
 1242    0.00116   -0.00093    0.00074
 1243    0.00067   -0.00111    0.00061
 1244    0.00112   -0.00138    0.00022
 1245    0.00090   -0.00132    0.00036
 1246    0.00106    0.00021    0.00175
 1247    0.00104    0.00051    0.00187
 1248    0.00105    0.00044    0.00162
 1249    0.00095    0.00036    0.00155
 1250    0.00095    0.00048    0.00187
 1251    0.00095    0.00060    0.00182
 1252    0.00114    0.00100    0.00179
 1253    0.00079    0.00063    0.00175
 1254    0.00109    0.00103    0.00177
 1255    0.00091    0.00085    0.00175
 1256    0.00123    0.00064    0.00157
 1257    0.00122    0.00059    0.00154
 1258    0.00125    0.00066    0.00160
 1259    0.00122    0.00074    0.00163
 1260    0.00138    0.00061    0.00138
 1261    0.00141    0.00049    0.00128
 1262    0.00150    0.00043    0.00117
 1263    0.00122    0.00039    0.00109
 1264    0.00150    0.00027    0.00096
 1265    0.00110    0.00034    0.00087
 1266    0.00123    0.00025    0.00083
 1267    0.00120    0.00059    0.00159
 1268    0.00127    0.00059    0.00158
 1269    0.00135    0.00050    0.00150
 1270    0.00121    0.00053    0.00143
 1271    0.00114    0.00066    0.00165
 1272    0.00106    0.00056    0.00157
 1273    0.00101    0.00073    0.00169
 1274    0.00099    0.00051    0.00161
 1275    0.00144    0.00046    0.00151
 1276    0.00142    0.00033    0.00148
 1277    0.00149    0.00021    0.00159
 1278    0.00153    0.00017    0.00161
 1279    0.00152    0.00034    0.00139
 1280    0.00145    0.00017    0.00140
 1281    0.00122    0.00023    0.00126
 1282    0.00157    0.00007    0.00145
 1283    0.00146    0.00019    0.00154
 1284    0.00155    0.00011    0.00168
 1285    0.00155   -0.00005    0.00163
 1286    0.00137    0.00003    0.00151
 1287    0.00154    0.00026    0.00168
 1288    0.00156    0.00036    0.00166
 1289    0.00147    0.00045    0.00160
 1290    0.00156    0.00031    0.00184
 1291    0.00137    0.00044    0.00156
 1292    0.00149    0.00037    0.00178
 1293    0.00143    0.00044    0.00166
 1294    0.00176   -0.00028    0.00174
 1295    0.00171   -0.00051    0.00174
 1296    0.00191   -0.00086    0.00185
 1297    0.00205   -0.00094    0.00183
 1298    0.00175   -0.00054    0.00168
 1299    0.00172   -0.00073    0.00164
 1300    0.00134   -0.00052    0.00162
 1301    0.00179   -0.00101    0.00175
 1302    0.00190   -0.00105    0.00192
 1303    0.00214   -0.00141    0.00208
 1304    0.00241   -0.00177    0.00200
 1305    0.00234   -0.00182    0.00193
 1306    0.00212   -0.00150    0.00211
 1307    0.00262   -0.00186    0.00249
 1308    0.00277   -0.00228    0.00247
 1309    0.00257   -0.00177    0.00252
 1310    0.00277   -0.00205    0.00189
 1311    0.00281   -0.00247    0.00162
 1312    0.00302   -0.00276    0.00140
 1313    0.00297   -0.00254    0.00130
 1314    0.00262   -0.00214    0.00108
 1315    0.00284   -0.00240    0.00038
 1316    0.00255   -0.00174    0.00129
 1317    0.00318   -0.00340    0.00143
 1318    0.00332   -0.00391    0.00116
 1319    0.00320   -0.00404    0.00211
 1320    0.00355   -0.00399    0.00187
 1321    0.00342   -0.00342    0.00001
 1322    0.00380   -0.00389   -0.00063
 1323    0.00415   -0.00457   -0.00008
 1324    0.00358   -0.00355   -0.00146
 1325    0.00325   -0.00388    0.00249
 1326    0.00345   -0.00372    0.00297
 1327    0.00345   -0.00302    0.00295
 1328    0.00370   -0.00287    0.00328
 1329    0.00318   -0.00263    0.00259
 1330    0.00311   -0.00207    0.00249
 1331    0.00286   -0.00171    0.00242
 1332    0.00273   -0.00169    0.00218
 1333    0.00289   -0.00199    0.00217
 1334    0.00309   -0.00217    0.00231
 1335    0.00308   -0.00184    0.00277
 1336    0.00329   -0.00266    0.00209
 1337    0.00334   -0.00208    0.00291
 1338    0.00349   -0.00267    0.00244
 1339    0.00267   -0.00133    0.00254
 1340    0.00247   -0.00095    0.00237
 1341    0.00223   -0.00073    0.00216
 1342    0.00217   -0.00060    0.00226
 1343    0.00240   -0.00069    0.00256
 1344    0.00216   -0.00030    0.00244
 1345    0.00203   -0.00024    0.00220
 1346    0.00220   -0.00014    0.00253
 1347    0.00207   -0.00069    0.00194
 1348    0.00191   -0.00046    0.00173
 1349    0.00179   -0.00020    0.00180
 1350    0.00180   -0.00023    0.00175
 1351    0.00202   -0.00071    0.00139
 1352    0.00194   -0.00091    0.00126
 1353    0.00163   -0.00059    0.00108
 1354    0.00224   -0.00129    0.00123
 1355    0.00155   -0.00059    0.00078
 1356    0.00225   -0.00142    0.00098
 1357    0.00188   -0.00111    0.00071
 1358    0.00186   -0.00114    0.00035
 1359    0.00154    0.00007    0.00176
 1360    0.00141    0.00024    0.00168
 1361    0.00140    0.00023    0.00156
 1362    0.00119    0.00035    0.00147
 1363    0.00123    0.00033    0.00168
 1364    0.00112    0.00046    0.00166
 1365    0.00085    0.00045    0.00159
 1366    0.00060    0.00041    0.00144
 1367    0.00093    0.00035    0.00150
 1368    0.00157    0.00025    0.00160
 1369    0.00161    0.00029    0.00152
 1370    0.00150    0.00044    0.00157
 1371    0.00150    0.00053    0.00160
 1372    0.00186    0.00016    0.00142
 1373    0.00196   -0.00015    0.00136
 1374    0.00214   -0.00026    0.00136
 1375    0.00189   -0.00016    0.00118
 1376    0.00134    0.00064    0.00155
 1377    0.00115    0.00084    0.00155
 1378    0.00116    0.00095    0.00148
 1379    0.00107    0.00099    0.00138
 1380    0.00084    0.00078    0.00163
 1381    0.00072    0.00085    0.00164
 1382    0.00047    0.00061    0.00171
 1383    0.00082    0.00100    0.00158
 1384    0.00129    0.00103    0.00139
 1385    0.00124    0.00125    0.00122
 1386    0.00095    0.00151    0.00121
 1387    0.00078    0.00169    0.00100
 1388    0.00080    0.00136    0.00134
 1389    0.00042    0.00137    0.00132
 1390    0.00026    0.00097    0.00138
 1391    0.00006    0.00074    0.00128
 1392    0.00037    0.00110    0.00135
 1393    0.00073    0.00146    0.00131
 1394    0.00067    0.00111    0.00151
 1395    0.00048    0.00092    0.00145
 1396   -0.00014   -0.00028    0.00208
 1397   -0.00043   -0.00055    0.00214
 1398   -0.00103   -0.00116    0.00247
 1399    0.00027    0.00090    0.00140
 1400    0.00017    0.00077    0.00145
 1401    0.00029    0.00101    0.00120
 1402    0.00048    0.00119    0.00108
 1403    0.00023    0.00073    0.00152
 1404    0.00003    0.00044    0.00164
 1405   -0.00079   -0.00011    0.00142
 1406   -0.00092    0.00008    0.00119
 1407    0.00003    0.00089    0.00104
 1408    0.00021    0.00121    0.00073
 1409    0.00041    0.00133    0.00067
 1410    0.00056    0.00142    0.00044
 1411    0.00004    0.00084    0.00077
 1412   -0.00047    0.00018    0.00093
 1413   -0.00024    0.00000    0.00114
 1414    0.00043    0.00111    0.00080
 1415    0.00057    0.00107    0.00057
 1416    0.00063    0.00089    0.00068
 1417    0.00043    0.00088    0.00091
 1418    0.00000    0.00130    0.00010
 1419   -0.00038    0.00144    0.00016
 1420   -0.00077    0.00116    0.00022
 1421   -0.00044    0.00154    0.00026
 1422   -0.00144    0.00079    0.00020
 1423   -0.00081    0.00095    0.00035
 1424   -0.00145    0.00052    0.00016
 1425    0.00082    0.00066    0.00064
 1426    0.00093    0.00043    0.00083
 1427    0.00044    0.00064    0.00070
 1428    0.00011    0.00090    0.00027
 1429    0.00113    0.00023    0.00067
 1430    0.00110    0.00021    0.00036
 1431    0.00085    0.00055    0.00027
 1432    0.00059    0.00060    0.00099
 1433    0.00023    0.00060    0.00105
 1434    0.00062    0.00037    0.00132
 1435    0.00114    0.00020    0.00157
 1436    0.00030    0.00073    0.00109
 1437    0.00006    0.00069    0.00116
 1438   -0.00010    0.00066    0.00096
 1439    0.00044    0.00044    0.00115
 1440    0.00092    0.00006    0.00163
 1441    0.00108    0.00018    0.00224
 1442    0.00058    0.00044    0.00203
 1443    0.00068   -0.00002    0.00125
 1444    0.00142   -0.00053    0.00180
 1445    0.00189   -0.00085    0.00217
 1446    0.00130   -0.00057    0.00186
 1447    0.00163   -0.00008    0.00255
 1448    0.00209   -0.00003    0.00289
 1449    0.00261   -0.00034    0.00337
 1450    0.00287   -0.00044    0.00343
 1451    0.00214    0.00006    0.00268
 1452    0.00184    0.00020    0.00231
 1453    0.00165    0.00026    0.00202
 1454    0.00155    0.00022    0.00204
 1455    0.00127    0.00028    0.00181
 1456    0.00118    0.00027    0.00172
 1457    0.00246   -0.00037    0.00357
 1458    0.00304   -0.00076    0.00379
 1459    0.00344   -0.00125    0.00368
 1460    0.00316   -0.00132    0.00323
 1461    0.00417   -0.00157    0.00407
 1462    0.00430   -0.00204    0.00402
 1463    0.00403   -0.00185    0.00383
 1464    0.00403   -0.00139    0.00385
 1465    0.00515   -0.00254    0.00477
 1466    0.00373   -0.00207    0.00355
 1467    0.00351   -0.00185    0.00324
 1468    0.00340   -0.00224    0.00318
 1469    0.00329   -0.00260    0.00319
 1470    0.00293   -0.00152    0.00295
 1471    0.00263   -0.00119    0.00272
 1472    0.00311   -0.00209    0.00299
 1473    0.00309   -0.00234    0.00306
 1474    0.00235   -0.00211    0.00268
 1475    0.00202   -0.00156    0.00243
 1476    0.00335   -0.00229    0.00314
 1477    0.00320   -0.00253    0.00314
 1478    0.00229   -0.00212    0.00265
 1479    0.00160   -0.00178    0.00246
 1480    0.00120   -0.00132    0.00223
 1481    0.00084   -0.00089    0.00193
 1482    0.00109   -0.00206    0.00268
 1483    0.00134   -0.00227    0.00244
 1484    0.00071   -0.00195    0.00234
 1485    0.00069   -0.00166    0.00213
 1486    0.00023   -0.00176    0.00252
 1487    0.00152   -0.00141    0.00235
 1488    0.00173   -0.00069    0.00207
 1489    0.00203   -0.00033    0.00191
 1490    0.00171    0.00023    0.00167
 1491    0.00217   -0.00094    0.00225
 1492    0.00235   -0.00165    0.00261
 1493    0.00136   -0.00193    0.00262
 1494    0.00366   -0.00243    0.00299
 1495    0.00220   -0.00073    0.00212
 1496    0.00243   -0.00066    0.00225
 1497    0.00214   -0.00036    0.00207
 1498    0.00216   -0.00029    0.00220
 1499    0.00271   -0.00081    0.00248
 1500    0.00273   -0.00118    0.00257
 1501    0.00291   -0.00099    0.00254
 1502    0.00194   -0.00031    0.00187
 1503    0.00178   -0.00030    0.00178
 1504    0.00152    0.00013    0.00180
 1505    0.00172    0.00023    0.00177
 1506    0.00137   -0.00038    0.00166
 1507    0.00129   -0.00038    0.00162
 1508    0.00170   -0.00051    0.00184
 1509    0.00098   -0.00063    0.00165
 1510    0.00115    0.00043    0.00163
 1511    0.00072    0.00086    0.00157
 1512    0.00053    0.00101    0.00180
 1513    0.00077    0.00084    0.00168
 1514   -0.00036    0.00143    0.00083
 1515   -0.00074    0.00136    0.00019
 1516   -0.00134    0.00164   -0.00025
 1517   -0.00078    0.00124   -0.00022
 1518    0.00062    0.00091    0.00210
 1519    0.00086    0.00055    0.00204
 1520    0.00132    0.00047    0.00224
 1521    0.00149    0.00042    0.00215
 1522    0.00081    0.00018    0.00230
 1523    0.00088    0.00013    0.00229
 1524    0.00075   -0.00048    0.00301
 1525    0.00033   -0.00061    0.00242
 1526    0.00033   -0.00219    0.00594
 1527    0.00196    0.00042    0.00227
 1528    0.00231    0.00014    0.00234
 1529    0.00213    0.00029    0.00212
 1530    0.00217    0.00025    0.00213
 1531    0.00250   -0.00030    0.00245
 1532    0.00276   -0.00060    0.00268
 1533    0.00294   -0.00088    0.00287
 1534    0.00269   -0.00044    0.00264
 1535    0.00196    0.00030    0.00202
 1536    0.00173    0.00037    0.00182
 1537    0.00158    0.00051    0.00174
 1538    0.00160    0.00050    0.00167
 1539    0.00164    0.00038    0.00175
 1540    0.00140    0.00060    0.00164
 1541    0.00130    0.00073    0.00144
 1542    0.00173    0.00062    0.00145
 1543    0.00175    0.00053    0.00139
 1544    0.00100    0.00089    0.00116
 1545    0.00190    0.00045    0.00165
 1546    0.00216    0.00031    0.00175
 1547    0.00201    0.00021    0.00174
 1548    0.00205    0.00011    0.00162
 1549    0.00224    0.00014    0.00192
 1550    0.00260    0.00007    0.00194
 1551    0.00286   -0.00013    0.00223
 1552    0.00375   -0.00024    0.00239
 1553    0.00424   -0.00012    0.00254
 1554    0.00185    0.00020    0.00183
 1555    0.00175    0.00019    0.00176
 1556    0.00168    0.00032    0.00161
 1557    0.00149    0.00022    0.00148
 1558    0.00170    0.00021    0.00180
 1559    0.00151    0.00023    0.00169
 1560    0.00183    0.00012    0.00211
 1561    0.00160    0.00044    0.00157
 1562    0.00134    0.00036    0.00154
 1563    0.00134    0.00025    0.00144
 1564    0.00129    0.00020    0.00134
 1565    0.00118    0.00049    0.00137
 1566    0.00118    0.00050    0.00138
 1567    0.00151    0.00018    0.00144
 1568    0.00155    0.00019    0.00135
 1569    0.00152    0.00011    0.00134
 1570    0.00144    0.00019    0.00152
 1571    0.00180    0.00032    0.00127
 1572    0.00169    0.00053    0.00087
 1573    0.00179    0.00072    0.00050
 1574    0.00236    0.00074    0.00089
 1575    0.00240    0.00083    0.00087
 1576    0.00186    0.00084    0.00068
 1577    0.00273    0.00069    0.00129
 1578    0.00166    0.00015    0.00136
 1579    0.00134   -0.00002    0.00147
 1580    0.00092    0.00005    0.00155
 1581    0.00071    0.00017    0.00158
 1582    0.00132   -0.00014    0.00136
 1583    0.00162   -0.00020    0.00134
 1584    0.00163   -0.00033    0.00127
 1585    0.00144   -0.00030    0.00131
 1586    0.00200   -0.00052    0.00130
 1587    0.00087    0.00018    0.00150
 1588    0.00059    0.00020    0.00162
 1589    0.00058    0.00013    0.00148
 1590    0.00038    0.00020    0.00154
 1591    0.00061    0.00020    0.00155
 1592    0.00058    0.00022    0.00159
 1593    0.00086    0.00026    0.00154
 1594    0.00034    0.00019    0.00159
 1595    0.00088    0.00023    0.00151
 1596    0.00035    0.00022    0.00160
 1597    0.00068    0.00024    0.00158
 1598    0.00093    0.00012    0.00133
 1599    0.00101   -0.00042    0.00139
 1600    0.00090   -0.00037    0.00188
 1601    0.00072   -0.00027    0.00180
 1602    0.00135   -0.00070    0.00147
 1603    0.00100   -0.00020    0.00096
 1604    0.00127   -0.00133    0.00157
 1605    0.00092   -0.00007    0.00204
 1606    0.00067    0.00037    0.00223
 1607   -0.00044    0.00098    0.00242
 1608   -0.00136    0.00151    0.00303
 1609    0.00100    0.00037    0.00244
 1610    0.00202    0.00048    0.00280
 1611    0.00303    0.00068    0.00228
 1612    0.00306    0.00072    0.00235
 1613    0.00298    0.00062    0.00196
 1614   -0.00033    0.00103    0.00178
 1615   -0.00104    0.00135    0.00154
 1616   -0.00093    0.00173    0.00168
 1617   -0.00116    0.00200    0.00185
 1618   -0.00077    0.00052    0.00137
 1619   -0.00024   -0.00011    0.00130
 1620   -0.00061   -0.00051    0.00096
 1621   -0.00053   -0.00038    0.00106
 1622   -0.00019   -0.00023    0.00109
 1623    0.00019   -0.00039    0.00112
 1624   -0.00009   -0.00017    0.00127
 1625   -0.00038    0.00116    0.00179
 1626   -0.00029    0.00131    0.00173
 1627   -0.00003    0.00102    0.00176
 1628    0.00030    0.00001    0.00130
 1629   -0.00005    0.00074    0.00167
 1630   -0.00008    0.00032    0.00186
 1631   -0.00049    0.00019    0.00202
 1632   -0.00098   -0.00001    0.00204
 1633   -0.00050    0.00028    0.00195
 1634   -0.00025    0.00171    0.00236
 1635   -0.00000    0.00072    0.00266
 1636   -0.00009   -0.00115    0.00055
 1637   -0.00052   -0.00228    0.00017
 1638   -0.00068    0.00218    0.00518
 1639   -0.00137    0.00051    0.00888
 1640   -0.00715    0.00558    0.02322
 1641   -0.00923    0.01236    0.02672
 1642   -0.01857    0.00059    0.04582
 1643    0.00034   -0.00033    0.00040
 1644    0.00027   -0.00186   -0.00094
 1645    0.00022   -0.00218   -0.00101
 1646   -0.00019   -0.00252   -0.00159
 1647    0.00040   -0.00130   -0.00018
 1648    0.00038   -0.00106   -0.00012
 1649    0.00009   -0.00140   -0.00044
 1650   -0.00013   -0.00163   -0.00052
 1651    0.00049   -0.00056    0.00050
 1652    0.00037   -0.00073    0.00052
 1653    0.00039   -0.00138    0.00006
 1654    0.00049   -0.00158   -0.00038
 1655    0.00046   -0.00136    0.00017
 1656    0.00003   -0.00145   -0.00080
 1657   -0.00025   -0.00141   -0.00102
 1658   -0.00015   -0.00120   -0.00071
 1659   -0.00024   -0.00101   -0.00076
 1660   -0.00045   -0.00156   -0.00147
 1661   -0.00061   -0.00123   -0.00163
 1662   -0.00064   -0.00174   -0.00176
 1663    0.00005   -0.00125   -0.00047
 1664    0.00018   -0.00107   -0.00021
 1665    0.00022   -0.00083    0.00015
 1666    0.00034   -0.00071    0.00045
 1667    0.00048   -0.00134   -0.00030
 1668    0.00059   -0.00155   -0.00069
 1669    0.00084   -0.00182   -0.00070
 1670    0.00105   -0.00206   -0.00105
 1671    0.00093   -0.00213   -0.00131
 1672    0.00060   -0.00191   -0.00129
 1673    0.00101   -0.00215   -0.00127
 1674    0.00010   -0.00068    0.00007
 1675    0.00012   -0.00042    0.00028
 1676    0.00009   -0.00028    0.00018
 1677    0.00002   -0.00027   -0.00014
 1678    0.00013   -0.00032    0.00035
 1679    0.00029   -0.00031    0.00054
 1680    0.00026   -0.00047    0.00038
 1681    0.00041   -0.00013    0.00077
 1682    0.00037   -0.00034    0.00067
 1683    0.00043   -0.00003    0.00112
 1684    0.00035   -0.00003    0.00111
 1685    0.00012   -0.00004    0.00027
 1686    0.00011    0.00000    0.00007
 1687    0.00021    0.00022    0.00020
 1688    0.00040    0.00029    0.00049
 1689    0.00026   -0.00014    0.00014
 1690    0.00021   -0.00019   -0.00002
 1691    0.00009    0.00040   -0.00009
 1692    0.00009    0.00068   -0.00009
 1693   -0.00019    0.00072   -0.00016
 1694   -0.00041    0.00072   -0.00031
 1695    0.00011    0.00077   -0.00013
 1696   -0.00014    0.00068   -0.00010
 1697   -0.00046    0.00070   -0.00026
 1698   -0.00053    0.00080   -0.00018
 1699   -0.00019    0.00080    0.00003
 1700   -0.00048    0.00057   -0.00032
 1701   -0.00047    0.00042   -0.00041
 1702   -0.00018    0.00056   -0.00001
 1703   -0.00087    0.00088   -0.00056
 1704   -0.00092    0.00094   -0.00056
 1705   -0.00133    0.00091   -0.00035
 1706   -0.00167    0.00097   -0.00063
 1707   -0.00120    0.00118   -0.00077
 1708   -0.00110    0.00082   -0.00004
 1709   -0.00140    0.00077    0.00006
 1710   -0.00198    0.00100    0.00004
 1711   -0.00178    0.00095    0.00024
 1712   -0.00094    0.00051    0.00050
 1713   -0.00131    0.00056    0.00068
 1714   -0.00160    0.00073    0.00050
 1715   -0.00086    0.00050    0.00092
 1716   -0.00273    0.00130   -0.00030
 1717   -0.00330    0.00156   -0.00054
 1718   -0.00421    0.00183   -0.00057
 1719   -0.00445    0.00166   -0.00058
 1720   -0.00323    0.00185   -0.00134
 1721   -0.00300    0.00172   -0.00165
 1722   -0.00481    0.00190   -0.00050
 1723   -0.00606    0.00204   -0.00043
 1724   -0.00700    0.00269   -0.00177
 1725   -0.00634    0.00321   -0.00282
 1726   -0.00619    0.00178    0.00034
 1727   -0.00765    0.00160    0.00124
 1728   -0.00783    0.00098    0.00201
 1729   -0.00960    0.00038    0.00312
 1730   -0.01018   -0.00060    0.00440
 1731   -0.00890    0.00258   -0.00204
 1732   -0.01034    0.00330   -0.00374
 1733   -0.01252    0.00412   -0.00392
 1734   -0.01219    0.00714   -0.00424
 1735   -0.01018    0.00315   -0.00352
 1736   -0.01506    0.00408   -0.00302
 1737   -0.01929    0.00651   -0.00340
 1738   -0.01185    0.02773    0.00008
 1739   -0.00458    0.05305   -0.00443
 1740   -0.01416    0.00833   -0.00241
 1741   -0.01283    0.03500    0.00367
 1742    0.00139    0.00404    0.01098
 1743    0.00196    0.00444    0.01058
 1744    0.00045    0.00395    0.00852
 1745   -0.00022    0.00282    0.00676
 1746    0.00269    0.00657    0.01103
 1747    0.00148    0.00302    0.00759
 1748    0.00180    0.00218    0.00688
 1749    0.00440    0.00252    0.00892
 1750    0.00044    0.00357    0.00784
 1751   -0.00049    0.00295    0.00609
 1752    0.00004    0.00218    0.00424
 1753    0.00059    0.00265    0.00442
 1754   -0.00075    0.00287    0.00693
 1755   -0.00132    0.00187    0.00451
 1756   -0.00182    0.00199    0.00504
 1757   -0.00268    0.00261    0.00639
 1758   -0.00191    0.00168    0.00401
 1759   -0.00070    0.00173    0.00262
 1760   -0.00028    0.00098    0.00108
 1761   -0.00096    0.00082   -0.00023
 1762   -0.00184    0.00085   -0.00020
 1763   -0.00023    0.00065    0.00076
 1764   -0.00091    0.00065    0.00035
 1765    0.00036    0.00085    0.00195
 1766   -0.00095    0.00024   -0.00049
 1767   -0.00066    0.00036   -0.00152
 1768   -0.00119    0.00008   -0.00254
 1769   -0.00140   -0.00019   -0.00330
 1770   -0.00111   -0.00019   -0.00349
 1771   -0.00093   -0.00002   -0.00307
 1772   -0.00065    0.00014   -0.00242
 1773   -0.00161    0.00018   -0.00207
 1774    0.00047    0.00028   -0.00181
 1775   -0.00153    0.00033   -0.00115
 1776    0.00083    0.00037   -0.00081
 1777   -0.00022    0.00050   -0.00040
 1778   -0.00181   -0.00024   -0.00359
 1779   -0.00169   -0.00032   -0.00385
 1780   -0.00183   -0.00038   -0.00409
 1781   -0.00218   -0.00043   -0.00401
 1782   -0.00166   -0.00016   -0.00325
 1783   -0.00134   -0.00026   -0.00322
 1784   -0.00149   -0.00003   -0.00285
 1785   -0.00165   -0.00029   -0.00431
 1786   -0.00162   -0.00026   -0.00443
 1787   -0.00138   -0.00025   -0.00381
 1788   -0.00120   -0.00010   -0.00347
 1789   -0.00155    0.00014   -0.00465
 1790   -0.00163    0.00019   -0.00475
 1791   -0.00162    0.00059   -0.00510
 1792   -0.00160    0.00089   -0.00486
 1793   -0.00192    0.00091   -0.00585
 1794   -0.00139   -0.00025   -0.00367
 1795   -0.00111   -0.00010   -0.00288
 1796   -0.00102    0.00017   -0.00255
 1797   -0.00112    0.00036   -0.00292
 1798   -0.00112   -0.00039   -0.00262
 1799   -0.00112   -0.00046   -0.00250
 1800   -0.00113   -0.00052   -0.00273
 1801   -0.00076    0.00019   -0.00203
 1802   -0.00075    0.00034   -0.00176
 1803   -0.00072    0.00037   -0.00170
 1804   -0.00064    0.00065   -0.00166
 1805   -0.00065    0.00035   -0.00119
 1806   -0.00048    0.00043   -0.00077
 1807   -0.00060    0.00067   -0.00094
 1808   -0.00026    0.00027   -0.00034
 1809   -0.00057    0.00016   -0.00156
 1810   -0.00040   -0.00001   -0.00120
 1811   -0.00068    0.00016   -0.00167
 1812   -0.00039    0.00025   -0.00134
 1813   -0.00028   -0.00031   -0.00084
 1814   -0.00076   -0.00072   -0.00141
 1815    0.00004   -0.00051   -0.00028
 1816   -0.00102    0.00020   -0.00248
 1817   -0.00111   -0.00007   -0.00321
 1818   -0.00143   -0.00071   -0.00363
 1819   -0.00188   -0.00086   -0.00480
 1820   -0.00150   -0.00081   -0.00361
 1821   -0.00190   -0.00108   -0.00377
 1822   -0.00202   -0.00100   -0.00427
 1823   -0.00191   -0.00073   -0.00409
 1824   -0.00174   -0.00129   -0.00324
 1825   -0.00184   -0.00164   -0.00342
 1826   -0.00180   -0.00219   -0.00294
 1827   -0.00217   -0.00232   -0.00332
 1828   -0.00196   -0.00281   -0.00325
 1829   -0.00237   -0.00119   -0.00472
 1830   -0.00258   -0.00097   -0.00477
 1831   -0.00277   -0.00091   -0.00411
 1832   -0.00311   -0.00123   -0.00395
 1833   -0.00254   -0.00067   -0.00527
 1834   -0.00234   -0.00038   -0.00566
 1835   -0.00214   -0.00035   -0.00496
 1836   -0.00273   -0.00058   -0.00380
 1837   -0.00327   -0.00037   -0.00303
 1838   -0.00357    0.00009   -0.00257
 1839   -0.00298    0.00016   -0.00259
 1840   -0.00298   -0.00037   -0.00295
 1841   -0.00275   -0.00061   -0.00297
 1842   -0.00303   -0.00039   -0.00242
 1843   -0.00220   -0.00067   -0.00275
 1844   -0.00391   -0.00011   -0.00182
 1845   -0.00381    0.00028   -0.00059
 1846   -0.00409    0.00058    0.00002
 1847   -0.00450    0.00010   -0.00007
 1848   -0.00455    0.00022    0.00023
 1849   -0.00432   -0.00000   -0.00053
 1850   -0.00411    0.00087    0.00168
 1851   -0.00334    0.00080    0.00020
 1852   -0.00344    0.00105    0.00086
 1853   -0.00300    0.00136    0.00223
 1854   -0.00236    0.00187    0.00287
 1855   -0.00295    0.00086   -0.00021
 1856   -0.00332    0.00056   -0.00127
 1857   -0.00227    0.00031   -0.00166
 1858   -0.00332    0.00040   -0.00130
 1859   -0.00321    0.00159    0.00319
 1860   -0.00288    0.00238    0.00471
 1861   -0.00227    0.00224    0.00480
 1862   -0.00242    0.00227    0.00443
 1863   -0.00447    0.00363    0.00653
 1864   -0.00443    0.00304    0.00635
 1865   -0.00425    0.00310    0.00712
 1866   -0.00401    0.00260    0.00590
 1867   -0.00358    0.00409    0.00902
 1868   -0.00165    0.00229    0.00472
 1869   -0.00089    0.00178    0.00399
 1870   -0.00023    0.00195    0.00504
 1871   -0.00022    0.00270    0.00666
 1872   -0.00079    0.00107    0.00259
 1873   -0.00140    0.00093    0.00141
 1874   -0.00058    0.00111    0.00284
 1875    0.00020    0.00131    0.00434
 1876    0.00060    0.00130    0.00491
 1877    0.00076   -0.00019    0.00348
 1878    0.00062   -0.00053    0.00219
 1879    0.00047    0.00211    0.00549
 1880    0.00139    0.00274    0.00797
 1881    0.00041    0.00467    0.00970
 1882   -0.00086    0.00575    0.00966
 1883    0.00049    0.00647    0.01358
 1884    0.00136   -0.00087    0.00412
 1885    0.00119   -0.00218    0.00307
 1886    0.00115   -0.00253    0.00183
 1887    0.00088   -0.00333    0.00105
 1888    0.00194   -0.00251    0.00416
 1889    0.00284   -0.00116    0.00590
 1890    0.00199   -0.00050    0.00574
 1891    0.00129   -0.00180    0.00188
 1892    0.00114   -0.00198    0.00076
 1893    0.00083   -0.00157   -0.00004
 1894    0.00087   -0.00164   -0.00092
 1895    0.00099   -0.00201    0.00091
 1896    0.00083   -0.00041    0.00158
 1897    0.00067   -0.00082    0.00034
 1898    0.00040   -0.00047   -0.00029
 1899    0.00054   -0.00131   -0.00102
 1900    0.00041   -0.00194   -0.00099
 1901    0.00002    0.00014    0.00019
 1902   -0.00014    0.00110    0.00100
 1903   -0.00027    0.00155    0.00079
 1904   -0.00049    0.00168    0.00213
 1905    0.00070   -0.00121   -0.00166
 1906    0.00090   -0.00161   -0.00221
 1907    0.00069   -0.00119   -0.00215
 1908    0.00034   -0.00070   -0.00182
 1909    0.00119   -0.00160   -0.00282
 1910    0.00087   -0.00104   -0.00272
 1911    0.00144   -0.00203   -0.00290
 1912    0.00089   -0.00136   -0.00260
 1913    0.00076   -0.00083   -0.00261
 1914    0.00066   -0.00040   -0.00257
 1915    0.00051   -0.00004   -0.00238
 1916    0.00114   -0.00096   -0.00292
 1917    0.00121   -0.00147   -0.00285
 1918    0.00097   -0.00026   -0.00264
 1919    0.00047   -0.00145   -0.00250
 1920    0.00080   -0.00050   -0.00285
 1921    0.00072   -0.00030   -0.00287
 1922    0.00012   -0.00009   -0.00254
 1923    0.00009   -0.00004   -0.00229
 1924    0.00093   -0.00038   -0.00327
 1925    0.00074   -0.00029   -0.00337
 1926    0.00086   -0.00018   -0.00385
 1927    0.00077   -0.00004   -0.00370
 1928    0.00155   -0.00057   -0.00409
 1929    0.00019   -0.00012   -0.00235
 1930   -0.00019    0.00023   -0.00179
 1931   -0.00036    0.00052   -0.00159
 1932   -0.00045    0.00066   -0.00156
 1933   -0.00020    0.00072   -0.00154
 1934   -0.00010    0.00041   -0.00174
 1935   -0.00029    0.00061   -0.00166
 1936    0.00012    0.00005   -0.00180
 1937   -0.00035    0.00030   -0.00173
 1938   -0.00067    0.00030   -0.00185
 1939   -0.00046    0.00023   -0.00191
 1940   -0.00086    0.00022   -0.00193
 1941   -0.00052    0.00006   -0.00182
 1942   -0.00073    0.00015   -0.00194
 1943   -0.00069   -0.00012   -0.00142
 1944    0.00001    0.00014   -0.00204
 1945    0.00023    0.00005   -0.00210
 1946    0.00019   -0.00021   -0.00197
 1947    0.00013   -0.00043   -0.00186
 1948    0.00047    0.00008   -0.00225
 1949    0.00055    0.00022   -0.00235
 1950    0.00080    0.00044   -0.00236
 1951    0.00116    0.00072   -0.00192
 1952    0.00179    0.00116   -0.00181
 1953    0.00010   -0.00004   -0.00196
 1954    0.00003   -0.00027   -0.00180
 1955   -0.00019   -0.00051   -0.00173
 1956   -0.00025   -0.00083   -0.00156
 1957   -0.00009   -0.00020   -0.00183
 1958   -0.00065    0.00006   -0.00159
 1959   -0.00130    0.00033   -0.00122
 1960   -0.00126   -0.00030   -0.00168
 1961   -0.00155   -0.00045   -0.00158
 1962   -0.00143    0.00070   -0.00101
 1963   -0.00115    0.00118   -0.00044
 1964   -0.00127    0.00097   -0.00009
 1965   -0.00115    0.00162    0.00096
 1966   -0.00183    0.00192    0.00231
 1967   -0.00087   -0.00035   -0.00191
 1968   -0.00081   -0.00059   -0.00212
 1969   -0.00057   -0.00094   -0.00202
 1970   -0.00068   -0.00104   -0.00215
 1971   -0.00066   -0.00042   -0.00215
 1972   -0.00090   -0.00017   -0.00219
 1973   -0.00056   -0.00059   -0.00216
 1974   -0.00055   -0.00020   -0.00240
 1975   -0.00031   -0.00109   -0.00186
 1976   -0.00019   -0.00133   -0.00174
 1977   -0.00023   -0.00161   -0.00173
 1978   -0.00023   -0.00174   -0.00161
 1979    0.00008   -0.00123   -0.00152
 1980    0.00028   -0.00140   -0.00134
 1981    0.00066   -0.00153   -0.00119
 1982    0.00066   -0.00127   -0.00137
 1983    0.00093   -0.00152   -0.00113
 1984   -0.00041   -0.00156   -0.00174
 1985   -0.00057   -0.00189   -0.00179
 1986   -0.00080   -0.00172   -0.00185
 1987   -0.00095   -0.00193   -0.00200
 1988   -0.00084   -0.00177   -0.00143
 1989   -0.00076   -0.00170   -0.00107
 1990   -0.00084   -0.00179   -0.00083
 1991   -0.00029   -0.00182   -0.00122
 1992   -0.00094   -0.00145   -0.00197
 1993   -0.00128   -0.00137   -0.00191
 1994   -0.00122   -0.00163   -0.00208
 1995   -0.00156   -0.00170   -0.00203
 1996   -0.00199   -0.00096   -0.00176
 1997   -0.00280   -0.00084   -0.00122
 1998   -0.00303   -0.00118   -0.00106
 1999   -0.00419   -0.00149    0.00027
 2000   -0.00464   -0.00099    0.00031
 2001   -0.00098   -0.00162   -0.00222
 2002   -0.00073   -0.00171   -0.00219
 2003   -0.00033   -0.00177   -0.00187
 2004   -0.00009   -0.00171   -0.00160
 2005   -0.00064   -0.00160   -0.00227
 2006   -0.00111   -0.00141   -0.00241
 2007   -0.00111   -0.00176   -0.00261
 2008   -0.00075   -0.00206   -0.00238
 2009   -0.00154   -0.00161   -0.00285
 2010   -0.00031   -0.00173   -0.00182
 2011   -0.00002   -0.00172   -0.00157
 2012    0.00018   -0.00159   -0.00149
 2013    0.00080   -0.00197   -0.00141
 2014    0.00016   -0.00144   -0.00160
 2015    0.00025   -0.00121   -0.00153
 2016    0.00042   -0.00112   -0.00142
 2017    0.00035   -0.00107   -0.00152
 2018    0.00019   -0.00113   -0.00156
 2019    0.00002   -0.00125   -0.00161
 2020    0.00048   -0.00109   -0.00132
 2021   -0.00025   -0.00121   -0.00158
 2022    0.00093   -0.00152   -0.00139
 2023    0.00119   -0.00141   -0.00138
 2024    0.00089   -0.00100   -0.00136
 2025    0.00085   -0.00086   -0.00127
 2026    0.00183   -0.00153   -0.00134
 2027    0.00160   -0.00169   -0.00130
 2028    0.00136   -0.00178   -0.00142
 2029    0.00104   -0.00068   -0.00161
 2030    0.00098   -0.00027   -0.00164
 2031    0.00126   -0.00020   -0.00137
 2032    0.00117    0.00003   -0.00155
 2033    0.00091   -0.00028   -0.00180
 2034    0.00101   -0.00050   -0.00163
 2035    0.00118   -0.00086   -0.00157
 2036    0.00137   -0.00053   -0.00127
 2037    0.00146   -0.00046   -0.00096
 2038    0.00133   -0.00060   -0.00066
 2039    0.00131   -0.00060   -0.00041
 2040    0.00176   -0.00077   -0.00086
 2041    0.00188   -0.00084   -0.00119
 2042    0.00174   -0.00086   -0.00147
 2043    0.00214   -0.00105   -0.00083
 2044    0.00109   -0.00066   -0.00074
 2045    0.00105   -0.00073   -0.00053
 2046    0.00076   -0.00051   -0.00068
 2047    0.00067   -0.00052   -0.00068
 2048    0.00111   -0.00103   -0.00056
 2049    0.00132   -0.00119   -0.00057
 2050    0.00142   -0.00144   -0.00055
 2051    0.00134   -0.00159   -0.00083
 2052    0.00160   -0.00142   -0.00036
 2053    0.00073   -0.00027   -0.00105
 2054    0.00057   -0.00013   -0.00132
 2055    0.00070    0.00011   -0.00038
 2056    0.00123    0.00049   -0.00053
 2057    0.00050   -0.00014   -0.00160
 2058    0.00043   -0.00046   -0.00158
 2059    0.00028   -0.00044   -0.00179
 2060    0.00018   -0.00024   -0.00201
 2061    0.00031   -0.00061   -0.00172
 2062    0.00056    0.00025   -0.00028
 2063    0.00083    0.00079   -0.00015
 2064    0.00067    0.00077   -0.00068
 2065    0.00028    0.00056   -0.00082
 2066    0.00056    0.00110    0.00028
 2067    0.00051    0.00114    0.00043
 2068    0.00122    0.00213    0.00073
 2069    0.00095    0.00220    0.00103
 2070    0.00081    0.00162    0.00084
 2071    0.00110    0.00098    0.00049
 2072    0.00070    0.00108    0.00050
 2073    0.00087    0.00101   -0.00084
 2074    0.00064    0.00074   -0.00142
 2075    0.00080    0.00150   -0.00101
 2076    0.00106    0.00205   -0.00079
 2077    0.00051    0.00024   -0.00211
 2078    0.00041    0.00011   -0.00209
 2079    0.00020    0.00007   -0.00251
 2080   -0.00007    0.00001   -0.00245
 2081    0.00023    0.00170   -0.00132
 2082   -0.00035    0.00280   -0.00134
 2083   -0.00161    0.00229   -0.00319
 2084   -0.00141    0.00148   -0.00404
 2085   -0.00051    0.00339   -0.00014
 2086   -0.00015    0.00335    0.00156
 2087   -0.00003    0.00232    0.00583
 2088    0.00143    0.00528    0.00969
 2089   -0.00301    0.00296   -0.00388
 2090   -0.00395    0.00277   -0.00533
 2091   -0.00702    0.00720   -0.00688
 2092   -0.01074    0.01082   -0.00821
 2093   -0.00432    0.00097   -0.00616
 2094   -0.00501    0.00099   -0.00637
 2095   -0.00391    0.00013   -0.00570
 2096   -0.00525    0.00096   -0.00494
 2097   -0.00236   -0.00039   -0.00407
 2098   -0.00457    0.00019   -0.00321
 2099   -0.00318   -0.00015   -0.00309
 2100   -0.00715    0.00864   -0.00640
 2101   -0.01181    0.02006   -0.01047
 2102   -0.01314    0.02073   -0.00711
 2103   -0.01812    0.02761   -0.00691
 2104   -0.01312    0.02925   -0.01658
 2105   -0.01047    0.01436   -0.00124
 2106   -0.01487    0.01498    0.00795
 2107   -0.01972    0.01504    0.01636
 2108   -0.02730    0.01374    0.02942
 2109   -0.01092    0.01369    0.00475
 2110   -0.00775    0.01282    0.00522
 2111   -0.00235    0.00889    0.00219
 2112   -0.00265    0.00662   -0.00045
 2113   -0.01127    0.01195   -0.00052
 2114   -0.03148    0.02081    0.00544
 2115   -0.01059    0.01843    0.00731
 2116   -0.71603   -0.05127    0.34594
 2117    0.32571    0.31731   -0.17066
 2118    0.00010    0.00907    0.00469
 2119    0.00177    0.00663    0.00321
 2120   -0.00152    0.00393   -0.00471
 2121    0.00039    0.00289   -0.00273
 2122    0.00454    0.00858    0.00676
 2123    0.00441    0.01049    0.01007
 2124    0.00298    0.00805    0.00424
 2125    0.00309    0.00643    0.00316
 2126    0.00254    0.00764    0.00386
 2127    0.00099    0.00268   -0.00134
 2128    0.00095    0.00079   -0.00254
 2129    0.00202    0.00067   -0.00229
 2130    0.00206    0.00085   -0.00207
 2131    0.00049    0.00015   -0.00301
 2132   -0.00048    0.00060   -0.00332
 2133   -0.00065   -0.00011   -0.00338
 2134   -0.00156    0.00059   -0.00414
 2135    0.00277    0.00004   -0.00316
 2136    0.00340    0.00009   -0.00341
 2137    0.00357   -0.00068   -0.00397
 2138    0.00288   -0.00156   -0.00396
 2139    0.00492    0.00010   -0.00485
 2140    0.00632    0.00011   -0.00559
 2141    0.00558    0.00145   -0.00306
 2142    0.00500    0.00214   -0.00196
 2143    0.00609    0.00130   -0.00280
 2144    0.00371   -0.00039   -0.00386
 2145    0.00288   -0.00102   -0.00390
 2146    0.00353   -0.00159   -0.00455
 2147    0.00441   -0.00190   -0.00503
 2148    0.00281   -0.00061   -0.00386
 2149    0.00185   -0.00016   -0.00305
 2150    0.00140    0.00003   -0.00290
 2151    0.00186   -0.00024   -0.00269
 2152    0.00312   -0.00202   -0.00419
 2153    0.00347   -0.00263   -0.00453
 2154    0.00305   -0.00332   -0.00434
 2155    0.00278   -0.00363   -0.00416
 2156    0.00285   -0.00339   -0.00413
 2157    0.00250   -0.00396   -0.00373
 2158    0.00182   -0.00368   -0.00297
 2159    0.00150   -0.00297   -0.00283
 2160    0.00251   -0.00413   -0.00372
 2161    0.00315   -0.00501   -0.00406
 2162    0.00303   -0.00526   -0.00372
 2163    0.00381   -0.00639   -0.00403
 2164    0.00485   -0.00715   -0.00504
 2165    0.00678   -0.00978   -0.00623
 2166    0.00497   -0.00584   -0.00490
 2167    0.00172   -0.00419   -0.00253
 2168    0.00126   -0.00391   -0.00177
 2169    0.00101   -0.00376   -0.00125
 2170    0.00114   -0.00403   -0.00151
 2171    0.00141   -0.00441   -0.00137
 2172    0.00169   -0.00539   -0.00129
 2173    0.00168   -0.00409   -0.00198
 2174    0.00078   -0.00325   -0.00071
 2175    0.00048   -0.00304   -0.00028
 2176    0.00069   -0.00371    0.00030
 2177    0.00057   -0.00374    0.00038
 2178    0.00055   -0.00220    0.00037
 2179   -0.00007   -0.00153   -0.00018
 2180    0.00019   -0.00083    0.00053
 2181   -0.00028   -0.00140   -0.00074
 2182    0.00113   -0.00442    0.00072
 2183    0.00140   -0.00501    0.00125
 2184    0.00177   -0.00601    0.00067
 2185    0.00207   -0.00613    0.00084
 2186    0.00162   -0.00580    0.00156
 2187    0.00205   -0.00625    0.00207
 2188    0.00183   -0.00604   -0.00026
 2189    0.00222   -0.00657   -0.00101
 2190    0.00200   -0.00634   -0.00102
 2191    0.00275   -0.00708   -0.00128
 2192    0.00230   -0.00652   -0.00184
 2193    0.00278   -0.00706   -0.00202
 2194    0.00265   -0.00642   -0.00247
 2195    0.00324   -0.00814   -0.00193
 2196    0.00131   -0.00538   -0.00074
 2197    0.00110   -0.00481   -0.00096
 2198    0.00051   -0.00505   -0.00022
 2199    0.00015   -0.00489    0.00007
 2200   -0.00001   -0.00329   -0.00166
 2201   -0.00018   -0.00305   -0.00264
 2202    0.00075   -0.00330   -0.00238
 2203   -0.00001   -0.00239   -0.00276
 2204    0.00134   -0.00301   -0.00289
 2205    0.00083   -0.00211   -0.00305
 2206    0.00111   -0.00280   -0.00327
 2207    0.00190   -0.00262   -0.00356
 2208    0.00121   -0.00538    0.00062
 2209    0.00121   -0.00546    0.00157
 2210    0.00124   -0.00484    0.00180
 2211    0.00256   -0.00569    0.00199
 2212    0.00220   -0.00714    0.00194
 2213    0.00268   -0.00801    0.00179
 2214    0.00276   -0.00778    0.00216
 2215    0.00337   -0.00861    0.00117
 2216    0.00077   -0.00369    0.00137
 2217    0.00074   -0.00291    0.00102
 2218    0.00122   -0.00245    0.00227
 2219    0.00101   -0.00129    0.00377
 2220   -0.00056   -0.00203    0.00003
 2221   -0.00219   -0.00271   -0.00254
 2222    0.00058   -0.00125    0.00086
 2223   -0.00168   -0.00246   -0.00238
 2224    0.00258   -0.00282    0.00253
 2225    0.00400   -0.00193    0.00432
 2226    0.00451   -0.00030    0.00451
 2227    0.00276   -0.00007    0.00319
 2228    0.00968   -0.00236    0.00586
 2229    0.01499   -0.00210    0.00859
 2230    0.02066    0.00111    0.01290
 2231    0.03347    0.00593    0.01857
 2232    0.01494   -0.00010    0.01095
 2233    0.00663    0.00182    0.00647
 2234    0.00638    0.00242    0.00697
 2235    0.00727    0.00030    0.00515
 2236    0.01050   -0.00115    0.00493
 2237    0.00892    0.00577    0.01023
 2238    0.01338    0.00459    0.01143
 2239    0.02270    0.01363    0.01765
 2240    0.03611    0.01789    0.03188
 2241    0.11473    0.04457    0.08244
 2242    0.00450    0.00099    0.00422
 2243    0.00486   -0.00012    0.00236
 2244    0.00615   -0.00107    0.00050
 2245    0.00849   -0.00174   -0.00058
 2246    0.00808    0.00028    0.00265
 2247    0.00691    0.00156    0.00490
 2248    0.01076    0.00239    0.00791
 2249    0.01987    0.00247    0.00745
 2250    0.00871    0.00353    0.01236
 2251    0.00450   -0.00114    0.00020
 2252    0.00376   -0.00133   -0.00065
 2253    0.00179   -0.00117   -0.00184
 2254    0.00073   -0.00070   -0.00176
 2255    0.00324   -0.00145   -0.00091
 2256    0.00197   -0.00189   -0.00053
 2257    0.00116    0.00026   -0.00334
 2258    0.00038    0.00014   -0.00412
 2259   -0.00049    0.00016   -0.00529
 2260   -0.00076    0.00086   -0.00555
 2261    0.00072    0.00046   -0.00468
 2262    0.00147    0.00021   -0.00442
 2263   -0.00020    0.00026   -0.00479
 2264   -0.00083   -0.00007   -0.00474
 2265   -0.00102   -0.00012   -0.00481
 2266   -0.00092    0.00014   -0.00440
 2267   -0.00087    0.00010   -0.00439
 2268   -0.00101   -0.00019   -0.00415
 2269   -0.00110   -0.00023   -0.00379
 2270   -0.00122   -0.00022   -0.00343
 2271   -0.00177   -0.00051   -0.00420
 2272   -0.00104    0.00051   -0.00417
 2273   -0.00083    0.00053   -0.00356
 2274   -0.00067    0.00042   -0.00268
 2275   -0.00035    0.00067   -0.00220
 2276   -0.00100    0.00095   -0.00291
 2277   -0.00139    0.00125   -0.00397
 2278   -0.00137    0.00098   -0.00368
 2279   -0.00143    0.00181   -0.00517
 2280   -0.00161    0.00134   -0.00448
 2281   -0.00173    0.00183   -0.00515
 2282   -0.00067    0.00022   -0.00257
 2283   -0.00043    0.00005   -0.00196
 2284   -0.00042    0.00013   -0.00151
 2285   -0.00054    0.00014   -0.00151
 2286   -0.00060   -0.00023   -0.00224
 2287   -0.00033   -0.00034   -0.00199
 2288   -0.00005   -0.00027   -0.00165
 2289   -0.00046   -0.00055   -0.00210
 2290   -0.00033    0.00028   -0.00103
 2291   -0.00031    0.00033   -0.00075
 2292   -0.00007    0.00010   -0.00067
 2293    0.00017    0.00008   -0.00040
 2294   -0.00038    0.00075   -0.00066
 2295   -0.00029    0.00060   -0.00045
 2296   -0.00054    0.00113   -0.00107
 2297    0.00001   -0.00007   -0.00052
 2298    0.00028   -0.00037   -0.00056
 2299    0.00034   -0.00040   -0.00028
 2300    0.00031   -0.00029   -0.00017
 2301    0.00026   -0.00057   -0.00057
 2302    0.00015   -0.00071   -0.00091
 2303    0.00009   -0.00083   -0.00085
 2304    0.00019   -0.00073   -0.00112
 2305    0.00049   -0.00039   -0.00016
 2306    0.00058   -0.00039   -0.00002
 2307    0.00079   -0.00059    0.00017
 2308    0.00089   -0.00075    0.00016
 2309    0.00058   -0.00053    0.00014
 2310    0.00032   -0.00034    0.00007
 2311    0.00023   -0.00030   -0.00000
 2312   -0.00000    0.00018    0.00026
 2313   -0.00010    0.00021    0.00001
 2314   -0.00012    0.00015   -0.00015
 2315   -0.00020    0.00029   -0.00014
 2316    0.00087   -0.00053    0.00025
 2317    0.00106   -0.00062    0.00038
 2318    0.00122   -0.00046    0.00059
 2319    0.00115   -0.00028    0.00062
 2320    0.00089   -0.00069    0.00033
 2321    0.00070   -0.00085    0.00006
 2322    0.00052   -0.00083    0.00004
 2323    0.00086   -0.00115   -0.00019
 2324    0.00150   -0.00056    0.00068
 2325    0.00179   -0.00037    0.00084
 2326    0.00178   -0.00020    0.00093
 2327    0.00173   -0.00030    0.00098
 2328    0.00217   -0.00046    0.00090
 2329    0.00217   -0.00065    0.00084
 2330    0.00245   -0.00088    0.00096
 2331    0.00295   -0.00073    0.00124
 2332    0.00330   -0.00109    0.00170
 2333    0.00336   -0.00150    0.00154
 2334    0.00363   -0.00117    0.00188
 2335    0.00179    0.00003    0.00098
 2336    0.00174    0.00024    0.00124
 2337    0.00193    0.00051    0.00121
 2338    0.00211    0.00048    0.00098
