    1    0.02859    0.00623   -0.00736
    2    0.02688    0.00586   -0.01082
    3    0.02389    0.00536   -0.00944
    4    0.02309    0.00388   -0.00631
    5    0.02644    0.00584   -0.01293
    6    0.02546    0.00553   -0.01640
    7    0.02526    0.00503   -0.01718
    8    0.02167    0.00461   -0.02022
    9    0.02207    0.00483   -0.01117
   10    0.01996    0.00374   -0.01023
   11    0.01742    0.00340   -0.01230
   12    0.01793    0.00340   -0.01465
   13    0.02100    0.00489   -0.01054
   14    0.02265    0.00674   -0.01342
   15    0.02485    0.00996   -0.01327
   16    0.02939    0.00976   -0.01281
   17    0.02519    0.01064   -0.01446
   18    0.01517    0.00247   -0.01118
   19    0.01335    0.00180   -0.01264
   20    0.01332    0.00182   -0.01442
   21    0.01418    0.00276   -0.01511
   22    0.01161    0.00047   -0.01104
   23    0.01174   -0.00003   -0.00900
   24    0.01052   -0.00113   -0.00745
   25    0.01172   -0.00064   -0.00988
   26    0.01094    0.00139   -0.01550
   27    0.00951    0.00228   -0.01660
   28    0.00826    0.00182   -0.01488
   29    0.00750    0.00092   -0.01352
   30    0.00751    0.00204   -0.01785
   31    0.00903    0.00176   -0.02019
   32    0.00659    0.00188   -0.02115
   33    0.00761    0.00114   -0.02347
   34    0.00924    0.00281   -0.02574
   35    0.00786    0.00194   -0.01392
   36    0.00689    0.00039   -0.01169
   37    0.00548    0.00016   -0.01176
   38    0.00477    0.00063   -0.01348
   39    0.00559    0.00016   -0.01068
   40    0.00686    0.00142   -0.01275
   41    0.00845    0.00306   -0.01450
   42    0.00511   -0.00071   -0.01029
   43    0.00416   -0.00086   -0.01001
   44    0.00338   -0.00118   -0.00829
   45    0.00370   -0.00154   -0.00645
   46    0.00398   -0.00171   -0.00902
   47    0.00305   -0.00245   -0.00864
   48    0.00212   -0.00275   -0.01007
   49    0.00227   -0.00304   -0.01056
   50    0.00282   -0.00084   -0.00876
   51    0.00233   -0.00065   -0.00697
   52    0.00228   -0.00104   -0.00592
   53    0.00192   -0.00185   -0.00625
   54    0.00207   -0.00055   -0.00786
   55    0.00184   -0.00047   -0.00525
   56    0.00181   -0.00056   -0.00548
   57    0.00138   -0.00012   -0.00715
   58    0.00171    0.00025   -0.00408
   59    0.00234   -0.00084   -0.00414
   60    0.00237   -0.00104   -0.00337
   61    0.00173   -0.00060   -0.00301
   62    0.00236   -0.00007   -0.00173
   63    0.00277   -0.00085   -0.00182
   64    0.00305   -0.00103   -0.00142
   65    0.00268   -0.00011   -0.00059
   66    0.00343   -0.00090   -0.00038
   67    0.00123   -0.00091   -0.00401
   68    0.00127   -0.00089   -0.00431
   69    0.00091   -0.00140   -0.00487
   70    0.00000   -0.00182   -0.00579
   71    0.00047   -0.00155   -0.00541
   72   -0.00043   -0.00149   -0.00522
   73    0.00056   -0.00028   -0.00338
   74   -0.00171   -0.00257   -0.00721
   75    0.00118   -0.00132   -0.00409
   76    0.00061   -0.00210   -0.00396
   77   -0.00057   -0.00297   -0.00484
   78   -0.00144   -0.00340   -0.00492
   79    0.00171   -0.00232   -0.00319
   80    0.00259   -0.00146   -0.00276
   81    0.00213   -0.00081   -0.00243
   82   -0.00035   -0.00269   -0.00507
   83   -0.00151   -0.00390   -0.00648
   84   -0.00279   -0.00523   -0.00859
   85   -0.00501   -0.00530   -0.01052
   86   -0.00263   -0.00436   -0.00748
   87   -0.00481   -0.00743   -0.01169
   88   -0.00600   -0.00796   -0.01442
   89   -0.00366   -0.00509   -0.00979
   90   -0.00757   -0.00859   -0.01828
   91   -0.00208   -0.00425   -0.00909
   92   -0.00250   -0.00461   -0.01045
   93   -0.00244   -0.00396   -0.00933
   94   -0.00342   -0.00463   -0.01086
   95   -0.00131   -0.00392   -0.01023
   96   -0.00111   -0.00369   -0.01152
   97    0.00035   -0.00274   -0.01044
   98    0.00165   -0.00286   -0.01235
   99   -0.00174   -0.00344   -0.00771
  100   -0.00149   -0.00371   -0.00690
  101   -0.00262   -0.00391   -0.00679
  102   -0.00344   -0.00438   -0.00723
  103   -0.00027   -0.00273   -0.00517
  104    0.00078   -0.00270   -0.00545
  105    0.00104   -0.00259   -0.00631
  106    0.00144   -0.00232   -0.00408
  107   -0.00314   -0.00394   -0.00649
  108   -0.00490   -0.00481   -0.00630
  109   -0.00733   -0.00540   -0.00786
  110   -0.00887   -0.00618   -0.00707
  111   -0.00459   -0.00471   -0.00619
  112   -0.00251   -0.00400   -0.00475
  113   -0.00253   -0.00374   -0.00444
  114   -0.00224   -0.00409   -0.00464
  115   -0.00667   -0.00610   -0.00993
  116   -0.00829   -0.00730   -0.01162
  117   -0.00781   -0.00697   -0.01125
  118   -0.00924   -0.00735   -0.01140
  119   -0.00756   -0.00719   -0.01384
  120   -0.00885   -0.00815   -0.01485
  121   -0.00826   -0.00785   -0.01679
  122   -0.00910   -0.00888   -0.01773
  123   -0.00867   -0.00921   -0.01711
  124   -0.00591   -0.00595   -0.01065
  125   -0.00520   -0.00565   -0.00946
  126   -0.00601   -0.00608   -0.00773
  127   -0.00656   -0.00595   -0.00661
  128   -0.00309   -0.00470   -0.00887
  129   -0.00183   -0.00451   -0.00795
  130   -0.00224   -0.00428   -0.01007
  131   -0.00636   -0.00602   -0.00715
  132   -0.00760   -0.00621   -0.00516
  133   -0.01054   -0.00672   -0.00495
  134   -0.01151   -0.00664   -0.00321
  135   -0.00689   -0.00558   -0.00433
  136   -0.00503   -0.00498   -0.00426
  137   -0.00431   -0.00489   -0.00381
  138   -0.00419   -0.00535   -0.00294
  139   -0.01169   -0.00731   -0.00638
  140   -0.01509   -0.00763   -0.00593
  141   -0.01519   -0.00835   -0.00648
  142   -0.01785   -0.00812   -0.00515
  143   -0.01617   -0.00770   -0.00761
  144   -0.01465   -0.00945   -0.00985
  145   -0.01289   -0.00781   -0.00819
  146   -0.01249   -0.00783   -0.00843
  147   -0.01194   -0.00728   -0.00573
  148   -0.01278   -0.00759   -0.00504
  149   -0.00963   -0.00696   -0.01002
  150   -0.01020   -0.00760   -0.01238
  151   -0.00741   -0.00688   -0.01377
  152   -0.00754   -0.00741   -0.01607
  153   -0.00688   -0.00769   -0.01745
  154   -0.00622   -0.00759   -0.01677
  155   -0.00645   -0.00897   -0.01958
  156   -0.01064   -0.00700   -0.00442
  157   -0.00990   -0.00682   -0.00177
  158   -0.01270   -0.00719    0.00014
  159   -0.01263   -0.00771    0.00285
  160   -0.00755   -0.00612   -0.00104
  161   -0.00496   -0.00548   -0.00224
  162   -0.00313   -0.00505   -0.00142
  163   -0.00386   -0.00540   -0.00154
  164   -0.01505   -0.00722   -0.00093
  165   -0.01837   -0.00767    0.00111
  166   -0.01800   -0.00740    0.00242
  167   -0.01913   -0.00841    0.00496
  168   -0.01603   -0.00665    0.00105
  169   -0.01565   -0.00677    0.00165
  170   -0.01786   -0.00625    0.00024
  171   -0.01744   -0.00581   -0.00123
  172   -0.01165   -0.00648    0.00059
  173   -0.01023   -0.00620    0.00050
  174   -0.00997   -0.00625    0.00152
  175   -0.01869   -0.00715    0.00171
  176   -0.02079   -0.00701    0.00093
  177   -0.01816   -0.00693    0.00095
  178   -0.01410   -0.00666    0.00162
  179   -0.02495   -0.00806    0.00259
  180   -0.01830   -0.00610    0.00049
  181   -0.01266   -0.00454    0.00178
  182   -0.01061   -0.00342    0.00140
  183   -0.01298   -0.00334   -0.00078
  184   -0.00730   -0.00250    0.00112
  185   -0.00612   -0.00065    0.00066
  186   -0.00445   -0.00079   -0.00062
  187   -0.00272   -0.00011   -0.00132
  188   -0.00518    0.00025    0.00020
  189   -0.00414   -0.00132   -0.00018
  190   -0.00331   -0.00040   -0.00070
  191   -0.00436    0.00095   -0.00070
  192   -0.00181   -0.00140   -0.00137
  193   -0.00429   -0.00195   -0.00073
  194   -0.00210   -0.00227   -0.00147
  195   -0.00290   -0.00233   -0.00189
  196   -0.00482   -0.00324   -0.00180
  197   -0.00159   -0.00314   -0.00138
  198   -0.00065   -0.00396   -0.00123
  199   -0.00187   -0.00478   -0.00035
  200    0.00113   -0.00432   -0.00166
  201   -0.00066   -0.00523   -0.00033
  202    0.00097   -0.00495   -0.00123
  203    0.00255   -0.00399   -0.00231
  204    0.00273   -0.00499   -0.00169
  205    0.00409   -0.00407   -0.00279
  206    0.00429   -0.00454   -0.00255
  207   -0.00124   -0.00225   -0.00250
  208   -0.00128   -0.00258   -0.00293
  209    0.00088   -0.00274   -0.00311
  210    0.00205   -0.00223   -0.00311
  211   -0.00142   -0.00233   -0.00330
  212   -0.00045   -0.00127   -0.00345
  213   -0.00038   -0.00012   -0.00311
  214    0.00030    0.00123   -0.00337
  215    0.00200    0.00119   -0.00341
  216    0.00253    0.00224   -0.00344
  217    0.00309    0.00057   -0.00355
  218    0.00073   -0.00362   -0.00289
  219    0.00174   -0.00325   -0.00309
  220    0.00190   -0.00278   -0.00288
  221    0.00156   -0.00294   -0.00313
  222    0.00112   -0.00319   -0.00284
  223    0.00125   -0.00345   -0.00273
  224   -0.00000   -0.00371   -0.00326
  225    0.00211   -0.00321   -0.00258
  226   -0.00008   -0.00404   -0.00321
  227    0.00216   -0.00346   -0.00237
  228    0.00096   -0.00399   -0.00275
  229    0.00299   -0.00173   -0.00241
  230    0.00341   -0.00085   -0.00189
  231    0.00365   -0.00042   -0.00164
  232    0.00394   -0.00056   -0.00176
  233    0.00416   -0.00008   -0.00191
  234    0.00420    0.00099   -0.00114
  235    0.00346   -0.00013   -0.00251
  236    0.00372    0.00025   -0.00130
  237    0.00417    0.00072    0.00051
  238    0.00480    0.00173    0.00125
  239    0.00553    0.00189    0.00075
  240    0.00475    0.00216    0.00186
  241    0.00422    0.00202    0.00121
  242    0.00399    0.00241    0.00200
  243    0.00388    0.00137    0.00044
  244    0.00513    0.00212    0.00182
  245    0.00553    0.00236    0.00232
  246    0.00442    0.00353    0.00435
  247    0.00410    0.00356    0.00464
  248    0.00579    0.00147    0.00132
  249    0.00654    0.00143    0.00203
  250    0.00562    0.00062    0.00018
  251    0.00509    0.00403    0.00529
  252    0.00464    0.00525    0.00666
  253    0.00469    0.00530    0.00725
  254    0.00435    0.00603    0.00807
  255    0.00500    0.00607    0.00749
  256    0.00474    0.00599    0.00729
  257    0.00398    0.00685    0.00820
  258    0.00372    0.00648    0.00794
  259    0.00558    0.00446    0.00617
  260    0.00577    0.00435    0.00638
  261    0.00665    0.00312    0.00456
  262    0.00726    0.00232    0.00339
  263    0.00710    0.00299    0.00428
  264    0.00798    0.00159    0.00295
  265    0.00956    0.00155    0.00245
  266    0.00964    0.00076    0.00154
  267    0.00698    0.00099    0.00288
  268    0.00563    0.00087    0.00315
  269    0.00449    0.00047    0.00320
  270    0.00564    0.00003    0.00234
  271    0.00999    0.00269    0.00301
  272    0.01182    0.00269    0.00256
  273    0.01289    0.00247    0.00193
  274    0.01211    0.00271    0.00202
  275    0.01214    0.00372    0.00375
  276    0.01234    0.00473    0.00499
  277    0.01055    0.00515    0.00618
  278    0.00962    0.00583    0.00770
  279    0.00935    0.00479    0.00555
  280    0.01522    0.00226    0.00141
  281    0.01657    0.00189    0.00081
  282    0.01709    0.00318    0.00167
  283    0.01698    0.00293    0.00128
  284    0.01888    0.00135    0.00049
  285    0.01880    0.00020   -0.00064
  286    0.01733    0.00011   -0.00126
  287    0.01730    0.00062   -0.00076
  288    0.01560   -0.00018   -0.00192
  289    0.01713    0.00448    0.00253
  290    0.01700    0.00544    0.00329
  291    0.01473    0.00562    0.00366
  292    0.01504    0.00643    0.00417
  293    0.01837    0.00719    0.00436
  294    0.02303    0.00797    0.00483
  295    0.02567    0.00949    0.00609
  296    0.02273    0.00929    0.00661
  297    0.03185    0.00951    0.00929
  298    0.01258    0.00490    0.00354
  299    0.01094    0.00496    0.00375
  300    0.01079    0.00383    0.00273
  301    0.01017    0.00377    0.00253
  302    0.00923    0.00538    0.00498
  303    0.00920    0.00649    0.00607
  304    0.01196    0.00282    0.00183
  305    0.01184    0.00176    0.00067
  306    0.01308    0.00178    0.00010
  307    0.01293    0.00150   -0.00046
  308    0.01205    0.00086    0.00005
  309    0.01069    0.00070    0.00051
  310    0.01105    0.00011   -0.00000
  311    0.00927    0.00037    0.00051
  312    0.01518    0.00257    0.00069
  313    0.01665    0.00253    0.00023
  314    0.01604    0.00350    0.00073
  315    0.01686    0.00328    0.00033
  316    0.01434    0.00402    0.00147
  317    0.01383    0.00466    0.00189
  318    0.01209    0.00381    0.00126
  319    0.01062    0.00337    0.00103
  320    0.01259    0.00541    0.00314
  321    0.01126    0.00501    0.00348
  322    0.01135    0.00202   -0.00010
  323    0.00984    0.00128   -0.00121
  324    0.01018    0.00104   -0.00218
  325    0.01145    0.00091   -0.00214
  326    0.00927    0.00077   -0.00161
  327    0.00845   -0.00019   -0.00240
  328    0.00858    0.00129   -0.00058
  329    0.00929    0.00102   -0.00303
  330    0.00945    0.00094   -0.00309
  331    0.00998    0.00006   -0.00353
  332    0.00924   -0.00061   -0.00367
  333    0.00750    0.00106   -0.00399
  334    0.00717    0.00152   -0.00333
  335    0.00800    0.00133   -0.00279
  336    0.01083    0.00032   -0.00359
  337    0.01164   -0.00029   -0.00423
  338    0.01030   -0.00083   -0.00437
  339    0.00959   -0.00003   -0.00431
  340    0.01402   -0.00029   -0.00474
  341    0.01009   -0.00169   -0.00453
  342    0.01036   -0.00228   -0.00466
  343    0.00917   -0.00247   -0.00431
  344    0.00762   -0.00261   -0.00394
  345    0.01047   -0.00371   -0.00500
  346    0.00907   -0.00376   -0.00462
  347    0.00911   -0.00266   -0.00432
  348    0.00962   -0.00236   -0.00421
  349    0.00853   -0.00259   -0.00384
  350    0.00860   -0.00325   -0.00393
  351    0.00951   -0.00359   -0.00422
  352    0.00897   -0.00227   -0.00366
  353    0.00719   -0.00377   -0.00357
  354    0.00700   -0.00388   -0.00353
  355    0.00665   -0.00380   -0.00336
  356    0.00688   -0.00392   -0.00359
  357    0.00562   -0.00382   -0.00277
  358    0.00373   -0.00380   -0.00236
  359    0.00622   -0.00363   -0.00312
  360    0.00590   -0.00377   -0.00296
  361    0.00574   -0.00355   -0.00273
  362    0.00554   -0.00329   -0.00262
  363    0.00477   -0.00334   -0.00246
  364    0.00595   -0.00360   -0.00277
  365    0.00589   -0.00332   -0.00242
  366    0.00524   -0.00355   -0.00223
  367    0.00497   -0.00400   -0.00243
  368    0.00627   -0.00327   -0.00233
  369    0.00595   -0.00270   -0.00164
  370    0.00596   -0.00194   -0.00125
  371    0.00632   -0.00273   -0.00140
  372    0.00474   -0.00325   -0.00190
  373    0.00441   -0.00335   -0.00174
  374    0.00418   -0.00290   -0.00115
  375    0.00422   -0.00234   -0.00078
  376    0.00405   -0.00319   -0.00183
  377    0.00384   -0.00348   -0.00205
  378    0.00393   -0.00371   -0.00214
  379    0.00351   -0.00319   -0.00237
  380    0.00403   -0.00359   -0.00101
  381    0.00372   -0.00321   -0.00036
  382    0.00343   -0.00358   -0.00029
  383    0.00320   -0.00394   -0.00073
  384    0.00351   -0.00345   -0.00037
  385    0.00291   -0.00311    0.00034
  386    0.00306   -0.00194    0.00132
  387    0.00244   -0.00342   -0.00001
  388    0.00343   -0.00250    0.00041
  389    0.00312   -0.00215    0.00065
  390    0.00253   -0.00171    0.00156
  391    0.00279   -0.00116    0.00248
  392    0.00321   -0.00154    0.00049
  393    0.00245   -0.00098    0.00087
  394    0.00267   -0.00104   -0.00033
  395    0.00206   -0.00020    0.00181
  396    0.00164   -0.00235    0.00184
  397    0.00068   -0.00217    0.00280
  398   -0.00022   -0.00217    0.00348
  399   -0.00023   -0.00217    0.00285
  400    0.00045   -0.00293    0.00210
  401   -0.00012   -0.00409    0.00130
  402   -0.00184   -0.00466    0.00139
  403    0.00041   -0.00441    0.00048
  404   -0.00248   -0.00662    0.00040
  405    0.00053   -0.00571   -0.00057
  406   -0.00083   -0.00667   -0.00085
  407   -0.00129   -0.00138    0.00463
  408   -0.00236   -0.00084    0.00546
  409   -0.00345   -0.00281    0.00508
  410   -0.00466   -0.00372    0.00455
  411   -0.00249   -0.00004    0.00644
  412   -0.00216   -0.00042    0.00607
  413   -0.00090   -0.00054    0.00499
  414   -0.00328   -0.00315    0.00487
  415   -0.00359   -0.00563    0.00390
  416   -0.00579   -0.00652    0.00428
  417   -0.00514   -0.00715    0.00366
  418   -0.00159   -0.00605    0.00273
  419   -0.00186   -0.00747    0.00189
  420   -0.00179   -0.00826    0.00076
  421   -0.00058   -0.00600    0.00152
  422   -0.00861   -0.00695    0.00422
  423   -0.01223   -0.00830    0.00580
  424   -0.01451   -0.01395    0.00464
  425   -0.01432   -0.01455    0.00212
  426   -0.01234   -0.00815    0.00690
  427   -0.01272   -0.00914    0.00524
  428   -0.01019   -0.00420    0.00735
  429   -0.01728   -0.01451    0.00582
  430   -0.01980   -0.01620    0.00464
  431   -0.02022   -0.01617    0.00244
  432   -0.02019   -0.01737    0.00073
  433   -0.02193   -0.01774    0.00684
  434   -0.02009   -0.01491    0.00309
  435   -0.01975   -0.01467    0.00152
  436   -0.01789   -0.01349   -0.00042
  437   -0.01950   -0.01453   -0.00176
  438   -0.01932   -0.01330    0.00268
  439   -0.01826   -0.01285    0.00117
  440   -0.01961   -0.01418   -0.00122
  441   -0.02216   -0.01603   -0.00142
  442   -0.01973   -0.01458   -0.00258
  443   -0.01584   -0.01204    0.00004
  444   -0.01397   -0.01130   -0.00084
  445   -0.01516   -0.01311   -0.00235
  446   -0.01511   -0.01372   -0.00360
  447   -0.01151   -0.01075    0.00040
  448   -0.00939   -0.01041   -0.00094
  449   -0.00726   -0.01127   -0.00143
  450   -0.00870   -0.00994   -0.00167
  451   -0.00580   -0.01132   -0.00250
  452   -0.00636   -0.01055   -0.00267
  453   -0.01551   -0.01397   -0.00237
  454   -0.01575   -0.01481   -0.00374
  455   -0.01839   -0.01544   -0.00457
  456   -0.01894   -0.01478   -0.00505
  457   -0.01567   -0.01481   -0.00294
  458   -0.01320   -0.01367   -0.00288
  459   -0.00961   -0.01279   -0.00179
  460   -0.00855   -0.01273   -0.00252
  461   -0.00901   -0.01213    0.00000
  462   -0.02072   -0.01687   -0.00343
  463   -0.02371   -0.01755   -0.00424
  464   -0.02369   -0.01599   -0.00495
  465   -0.02567   -0.01453   -0.00614
  466   -0.02545   -0.01928   -0.00350
  467   -0.02651   -0.02152   -0.00271
  468   -0.02660   -0.02132   -0.00227
  469   -0.02696   -0.02190   -0.00189
  470   -0.02264   -0.01608   -0.00353
  471   -0.02271   -0.01523   -0.00380
  472   -0.02227   -0.01495   -0.00504
  473   -0.02566   -0.01336   -0.00606
  474   -0.02024   -0.01495   -0.00353
  475   -0.01819   -0.01402   -0.00435
  476   -0.02124   -0.01436   -0.00441
  477   -0.01560   -0.01426   -0.00374
  478   -0.01951   -0.01346   -0.00463
  479   -0.01442   -0.01358   -0.00407
  480   -0.01566   -0.01321   -0.00435
  481   -0.01883   -0.01451   -0.00582
  482   -0.01654   -0.01402   -0.00716
  483   -0.01787   -0.01136   -0.00882
  484   -0.01853   -0.00917   -0.01002
  485   -0.01291   -0.01307   -0.00716
  486   -0.01056   -0.01311   -0.00585
  487   -0.00932   -0.01228   -0.00646
  488   -0.00633   -0.01142   -0.00521
  489   -0.00496   -0.01054   -0.00493
  490   -0.00660   -0.01094   -0.00529
  491   -0.00226   -0.00921   -0.00429
  492   -0.01855   -0.00982   -0.00860
  493   -0.02007   -0.00501   -0.00980
  494   -0.02475   -0.00274   -0.00979
  495   -0.02562    0.00349   -0.01063
  496   -0.02043   -0.00501   -0.00901
  497   -0.01668   -0.00413   -0.00934
  498   -0.01839   -0.00165   -0.01047
  499   -0.01583   -0.00234   -0.01104
  500   -0.01986    0.00583   -0.01773
  501   -0.02903   -0.00579   -0.00864
  502   -0.03555   -0.00303   -0.00825
  503   -0.03715   -0.00281   -0.00717
  504   -0.04301    0.00303   -0.00641
  505   -0.03992   -0.00674   -0.00697
  506   -0.04110   -0.00647   -0.00661
  507   -0.04857    0.00248   -0.00418
  508   -0.05408    0.00574   -0.00199
  509   -0.06306    0.00261    0.00210
  510   -0.03272   -0.00745   -0.00703
  511   -0.03142   -0.00897   -0.00641
  512   -0.03025   -0.00360   -0.00726
  513   -0.03337   -0.00018   -0.00577
  514   -0.02670   -0.01416   -0.00476
  515   -0.02550   -0.01512   -0.00311
  516   -0.01895   -0.01552   -0.00377
  517   -0.01537   -0.01397   -0.00547
  518   -0.01617   -0.01415   -0.00337
  519   -0.02439   -0.00233   -0.01042
  520   -0.02127    0.00409   -0.01176
  521   -0.02904    0.01510   -0.01115
  522   -0.03151    0.01985   -0.01269
  523   -0.01755    0.00622   -0.01127
  524   -0.01248    0.00083   -0.01226
  525   -0.01624    0.01533   -0.01137
  526   -0.01046    0.00076   -0.01140
  527   -0.03382    0.01844   -0.00896
  528   -0.04383    0.03290   -0.00840
  529   -0.05474    0.03365   -0.00398
  530   -0.06296    0.04669   -0.00244
  531   -0.04722    0.03424   -0.00646
  532   -0.04286    0.04323   -0.01107
  533   -0.03176    0.02838   -0.01172
  534   -0.02619    0.02326   -0.01273
  535   -0.03270    0.02488   -0.01268
  536   -0.05486    0.02212   -0.00119
  537   -0.06627    0.02077    0.00673
  538   -0.06433    0.02219    0.00662
  539   -0.07529    0.02812    0.01471
  540   -0.06522    0.00914    0.00716
  541   -0.08303    0.00872    0.01548
  542   -0.10202    0.01180    0.03450
  543   -0.09256    0.00539    0.03401
  544   -0.11575    0.02412    0.04427
  545   -0.05072    0.01714   -0.00122
  546   -0.04616    0.01715   -0.00412
  547   -0.04805    0.02885   -0.00760
  548   -0.04798    0.02858   -0.00863
  549   -0.03357    0.00664   -0.00856
  550   -0.02896   -0.00228   -0.00623
  551   -0.03543   -0.00423   -0.00114
  552   -0.01947   -0.00405   -0.00945
  553   -0.05070    0.03953   -0.01026
  554   -0.05470    0.05527   -0.01532
  555   -0.04755    0.05080   -0.02220
  556   -0.03838    0.04061   -0.02605
  557   -0.07012    0.07033   -0.00591
  558   -0.08012    0.06873    0.00249
  559   -0.10106    0.09049    0.02062
  560   -0.11215    0.07843    0.03264
  561   -0.11115    0.07643    0.02323
  562   -0.05217    0.05697   -0.02299
  563   -0.04608    0.05103   -0.03029
  564   -0.04020    0.03490   -0.02454
  565   -0.04216    0.03886   -0.02378
  566   -0.03477    0.02208   -0.02151
  567   -0.02696    0.01335   -0.01823
  568   -0.01998    0.00959   -0.02454
  569   -0.01929    0.01032   -0.02829
  570   -0.02436    0.00796   -0.01459
  571   -0.02294    0.00552   -0.01685
  572   -0.01683    0.00006   -0.01504
  573   -0.01321   -0.00055   -0.01627
  574   -0.01764   -0.00122   -0.01043
  575   -0.01496    0.00256   -0.02467
  576   -0.01146   -0.00039   -0.02855
  577   -0.00766    0.00076   -0.02596
  578   -0.00637   -0.00035   -0.02204
  579   -0.00904   -0.00022   -0.02878
  580   -0.00533   -0.00086   -0.03000
  581   -0.00562   -0.00135   -0.03424
  582   -0.00887   -0.00374   -0.04005
  583   -0.00351   -0.00133   -0.03294
  584   -0.00659    0.00207   -0.02712
  585   -0.00355    0.00091   -0.02299
  586   -0.00275   -0.00021   -0.02478
  587   -0.00418    0.00063   -0.02734
  588   -0.00349    0.00308   -0.02235
  589   -0.00210    0.00101   -0.01707
  590   -0.00577    0.00359   -0.02228
  591   -0.00055   -0.00075   -0.02294
  592    0.00078   -0.00061   -0.02423
  593    0.00115    0.00001   -0.02320
  594    0.00150   -0.00017   -0.01936
  595    0.00359   -0.00023   -0.02298
  596    0.00543    0.00099   -0.02534
  597    0.00066    0.00029   -0.02523
  598    0.00092    0.00095   -0.02383
  599    0.00395    0.00257   -0.02172
  600    0.00422    0.00389   -0.01296
  601   -0.00049   -0.00071   -0.03037
  602   -0.00128   -0.00149   -0.03377
  603    0.00051    0.00024   -0.02960
  604    0.00645    0.00367   -0.02265
  605    0.00643    0.00333   -0.01768
  606    0.00580    0.00179   -0.01201
  607    0.00597    0.00202   -0.00633
  608    0.00973    0.00233   -0.02059
  609    0.01620    0.00677   -0.02673
  610    0.01800    0.00865   -0.02835
  611    0.01035    0.00091   -0.02008
  612    0.00891   -0.00180   -0.01984
  613    0.00481    0.00164   -0.01251
  614    0.00454    0.00031   -0.00861
  615    0.00362    0.00102   -0.00245
  616    0.00250    0.00117   -0.00046
  617    0.00367   -0.00084   -0.00959
  618    0.00362   -0.00179   -0.00748
  619    0.00408   -0.00125   -0.01285
  620    0.00370    0.00084    0.00109
  621    0.00326    0.00007    0.00607
  622    0.00347   -0.00038    0.00361
  623    0.00392   -0.00093    0.00219
  624    0.00353    0.00022    0.00765
  625    0.00312   -0.00032    0.01035
  626    0.00407   -0.00118    0.00876
  627    0.00212   -0.00013    0.01483
  628    0.00479   -0.00131    0.01013
  629    0.00305   -0.00109    0.01647
  630    0.00442   -0.00135    0.01411
  631    0.00552   -0.00090    0.01569
  632    0.00375   -0.00066    0.00420
  633    0.00558    0.00037    0.00220
  634    0.00795    0.00038    0.00514
  635    0.00931    0.00097    0.00820
  636    0.00480   -0.00010   -0.00006
  637    0.00693   -0.00102   -0.00173
  638    0.00713   -0.00201   -0.00287
  639    0.00807   -0.00004   -0.00171
  640    0.00746   -0.00266   -0.00393
  641    0.00876   -0.00062   -0.00314
  642    0.00855   -0.00185   -0.00441
  643    0.00886   -0.00025    0.00411
  644    0.01132   -0.00032    0.00573
  645    0.01262   -0.00071    0.00374
  646    0.01167   -0.00161    0.00153
  647    0.01071   -0.00084    0.00632
  648    0.01280   -0.00020    0.00865
  649    0.01227   -0.00055    0.00782
  650    0.00929   -0.00134    0.00666
  651    0.01515   -0.00040    0.00501
  652    0.01678   -0.00097    0.00338
  653    0.01740   -0.00156    0.00350
  654    0.01756   -0.00156    0.00510
  655    0.01995   -0.00074    0.00605
  656    0.02022   -0.00189    0.00559
  657    0.01943   -0.00116    0.00606
  658    0.01530   -0.00165    0.00221
  659    0.01575   -0.00333    0.00153
  660    0.01675   -0.00253    0.00190
  661    0.01727   -0.00267    0.00155
  662    0.02042   -0.00308    0.00262
  663    0.02063   -0.00284    0.00228
  664    0.01539   -0.00321   -0.00034
  665    0.01655   -0.00323   -0.00081
  666    0.01390   -0.00307   -0.00195
  667    0.01154   -0.00319   -0.00225
  668    0.01477   -0.00240   -0.00227
  669    0.02166   -0.00240    0.00404
  670    0.02499   -0.00267    0.00471
  671    0.02524   -0.00158    0.00303
  672    0.02767   -0.00169    0.00314
  673    0.02781   -0.00232    0.00684
  674    0.02555   -0.00122    0.00710
  675    0.02840   -0.00211    0.00883
  676    0.02281   -0.00143    0.00203
  677    0.02208   -0.00029   -0.00003
  678    0.02156   -0.00031   -0.00204
  679    0.01951   -0.00153   -0.00216
  680    0.01979   -0.00051   -0.00051
  681    0.02109   -0.00023    0.00202
  682    0.01908    0.00030   -0.00305
  683    0.01948   -0.00051    0.00106
  684    0.02264    0.00070   -0.00387
  685    0.01987    0.00215   -0.00534
  686    0.01677    0.00191   -0.00706
  687    0.01608    0.00216   -0.00804
  688    0.01465    0.00145   -0.00788
  689    0.01217    0.00085   -0.00867
  690    0.01168    0.00037   -0.00812
  691    0.00973    0.00062   -0.00929
  692    0.01254    0.00303   -0.01120
  693    0.01294    0.00361   -0.01091
  694    0.01189    0.00335   -0.00986
  695    0.01380    0.00470   -0.01249
  696    0.01234   -0.00041   -0.00575
  697    0.01142   -0.00100   -0.00545
  698    0.00987   -0.00157   -0.00429
  699    0.00891   -0.00195   -0.00405
  700    0.01341   -0.00119   -0.00387
  701    0.01513   -0.00179   -0.00195
  702    0.01013   -0.00178   -0.00403
  703    0.00881   -0.00263   -0.00351
  704    0.00720   -0.00288   -0.00358
  705    0.00646   -0.00333   -0.00309
  706    0.00744   -0.00305   -0.00331
  707    0.00633   -0.00239   -0.00383
  708    0.00661   -0.00279   -0.00442
  709    0.00544   -0.00307   -0.00464
  710    0.00516   -0.00330   -0.00429
  711    0.00450   -0.00356   -0.00375
  712    0.00556   -0.00295   -0.00467
  713    0.00500   -0.00306   -0.00389
  714    0.00547   -0.00314   -0.00238
  715    0.00450   -0.00341   -0.00159
  716    0.00557   -0.00307   -0.00423
  717    0.00433   -0.00328   -0.00583
  718    0.00534   -0.00326   -0.00261
  719    0.00698   -0.00273   -0.00227
  720    0.00747   -0.00293   -0.00127
  721    0.00633   -0.00325   -0.00143
  722    0.00598   -0.00320   -0.00055
  723    0.00873   -0.00281   -0.00129
  724    0.01087   -0.00241   -0.00059
  725    0.01196   -0.00215    0.00155
  726    0.01158   -0.00223    0.00142
  727    0.00562   -0.00353   -0.00197
  728    0.00491   -0.00373   -0.00203
  729    0.00411   -0.00374   -0.00168
  730    0.00401   -0.00377   -0.00136
  731    0.00352   -0.00385   -0.00195
  732    0.00232   -0.00390   -0.00176
  733    0.00215   -0.00381   -0.00048
  734    0.00152   -0.00391    0.00003
  735    0.00141   -0.00396   -0.00255
  736    0.00073   -0.00388   -0.00353
  737    0.00178   -0.00359   -0.00392
  738   -0.00068   -0.00416   -0.00465
  739    0.00265   -0.00363    0.00026
  740    0.00266   -0.00345    0.00196
  741    0.00307   -0.00337    0.00190
  742    0.00215   -0.00352    0.00263
  743    0.00406   -0.00332    0.00261
  744    0.00362   -0.00355    0.00237
  745    0.00401   -0.00322    0.00507
  746    0.00531   -0.00296    0.00331
  747    0.00408   -0.00315    0.00081
  748    0.00423   -0.00336    0.00055
  749    0.00358   -0.00362    0.00033
  750    0.00389   -0.00350    0.00048
  751    0.00486   -0.00344   -0.00053
  752    0.00584   -0.00321   -0.00021
  753    0.00645   -0.00321   -0.00086
  754    0.00591   -0.00225    0.00083
  755    0.00727   -0.00281   -0.00067
  756    0.00713   -0.00225    0.00079
  757    0.00341   -0.00377   -0.00031
  758    0.00325   -0.00373   -0.00080
  759    0.00205   -0.00385    0.00011
  760    0.00230   -0.00395    0.00029
  761    0.00304   -0.00376   -0.00132
  762    0.00084   -0.00408    0.00103
  763   -0.00072   -0.00450    0.00211
  764   -0.00110   -0.00468    0.00357
  765   -0.00201   -0.00560    0.00427
  766   -0.00253   -0.00493    0.00298
  767   -0.00492   -0.00599    0.00461
  768   -0.00273   -0.00482    0.00120
  769   -0.00006   -0.00433    0.00458
  770    0.00041   -0.00382    0.00561
  771    0.00175   -0.00250    0.00378
  772    0.00041   -0.00159    0.00516
  773    0.00120   -0.00214    0.00607
  774    0.00353   -0.00312    0.00217
  775    0.00495   -0.00323    0.00165
  776    0.00559   -0.00397    0.00084
  777    0.00700   -0.00439    0.00008
  778    0.00552   -0.00319    0.00027
  779    0.00544   -0.00225    0.00089
  780    0.00639   -0.00126    0.00052
  781    0.00449   -0.00246    0.00030
  782    0.00327   -0.00419    0.00173
  783    0.00298   -0.00491    0.00105
  784   -0.00004   -0.00736    0.00293
  785   -0.00132   -0.00690    0.00279
  786    0.00293   -0.00424    0.00037
  787    0.00478   -0.00384   -0.00071
  788    0.00592   -0.00469   -0.00134
  789    0.00523   -0.00371   -0.00134
  790   -0.00121   -0.00784    0.00442
  791   -0.00487   -0.01008    0.00720
  792   -0.00359   -0.01095    0.00694
  793   -0.00584   -0.01160    0.00759
  794   -0.00555   -0.01053    0.00953
  795   -0.00562   -0.00833    0.00886
  796   -0.00664   -0.00769    0.01190
  797   -0.00872   -0.00894    0.01623
  798   -0.00563   -0.00527    0.01235
  799   -0.00128   -0.01090    0.00654
  800   -0.00105   -0.01040    0.00629
  801   -0.00112   -0.00895    0.00470
  802   -0.00085   -0.00999    0.00350
  803    0.00223   -0.00954    0.00335
  804    0.00441   -0.00823    0.00049
  805    0.00579   -0.00882   -0.00164
  806    0.00412   -0.00690    0.00036
  807   -0.00110   -0.00777    0.00388
  808   -0.00055   -0.00766    0.00186
  809   -0.00281   -0.00790    0.00251
  810   -0.00366   -0.00792    0.00221
  811    0.00151   -0.00652    0.00071
  812    0.00334   -0.00627   -0.00066
  813    0.00433   -0.00604   -0.00083
  814    0.00608   -0.00616   -0.00256
  815    0.00785   -0.00648   -0.00407
  816   -0.00397   -0.00797    0.00312
  817   -0.00542   -0.00755    0.00309
  818   -0.00815   -0.00897    0.00481
  819   -0.00911   -0.01008    0.00571
  820   -0.00498   -0.00691    0.00259
  821   -0.00335   -0.00595    0.00102
  822   -0.00126   -0.00580    0.00058
  823   -0.00319   -0.00562    0.00058
  824   -0.01010   -0.00863    0.00472
  825   -0.01434   -0.01001    0.00689
  826   -0.01588   -0.00966    0.00708
  827   -0.01470   -0.00864    0.00556
  828   -0.01933   -0.01183    0.01060
  829   -0.02050   -0.01200    0.01084
  830   -0.02595   -0.01303    0.01120
  831   -0.02888   -0.01492    0.01319
  832   -0.01851   -0.01265    0.01311
  833   -0.01526   -0.01086    0.01206
  834   -0.01334   -0.00935    0.01014
  835   -0.01445   -0.01142    0.01359
  836   -0.01107   -0.00781    0.00921
  837   -0.01235   -0.00992    0.01225
  838   -0.01110   -0.00842    0.01062
  839   -0.02676   -0.01159    0.00890
  840   -0.03225   -0.01229    0.00868
  841   -0.03294   -0.01456    0.01140
  842   -0.02865   -0.01501    0.01358
  843   -0.03350   -0.01049    0.00582
  844   -0.03040   -0.01045    0.00386
  845   -0.03173   -0.00967    0.00051
  846   -0.03649   -0.00914   -0.00062
  847   -0.02742   -0.01007   -0.00096
  848   -0.04021   -0.01651    0.01238
  849   -0.04202   -0.01828    0.01651
  850   -0.03894   -0.01697    0.01327
  851   -0.04115   -0.01703    0.00910
  852   -0.05464   -0.02314    0.01883
  853   -0.06585   -0.02824    0.02637
  854   -0.08697   -0.03772    0.04050
  855   -0.06039   -0.02356    0.02191
  856   -0.03170   -0.01514    0.01474
  857   -0.02757   -0.01345    0.01286
  858   -0.02273   -0.01155    0.00989
  859   -0.02096   -0.01083    0.00715
  860   -0.02146   -0.01157    0.01111
  861   -0.01785   -0.01042    0.00886
  862   -0.01430   -0.00923    0.00963
  863   -0.01327   -0.00916    0.01270
  864   -0.01776   -0.01051    0.00976
  865   -0.01457   -0.00945    0.00847
  866   -0.01223   -0.00843    0.00700
  867   -0.00884   -0.00750    0.00735
  868   -0.00683   -0.00691    0.00876
  869   -0.00475   -0.00626    0.01066
  870   -0.00741   -0.00674    0.00439
  871   -0.00409   -0.00562    0.00478
  872   -0.00936   -0.00728    0.00310
  873   -0.00734   -0.00696    0.00779
  874   -0.00594   -0.00636    0.00880
  875   -0.00705   -0.00671    0.01223
  876   -0.00551   -0.00611    0.01390
  877   -0.00595   -0.00611    0.00671
  878   -0.00422   -0.00536    0.00701
  879   -0.00158   -0.00485    0.00657
  880   -0.00478   -0.00515    0.00489
  881   -0.00961   -0.00811    0.01335
  882   -0.01093   -0.00893    0.01701
  883   -0.00964   -0.00810    0.01932
  884   -0.00927   -0.00708    0.02113
  885   -0.01414   -0.01116    0.01729
  886   -0.01577   -0.01276    0.02040
  887   -0.02008   -0.01583    0.02367
  888   -0.02294   -0.01815    0.02256
  889   -0.02878   -0.02193    0.02669
  890   -0.00900   -0.00784    0.01879
  891   -0.00737   -0.00669    0.02065
  892   -0.00388   -0.00468    0.02104
  893   -0.00253   -0.00322    0.02377
  894   -0.00731   -0.00577    0.02056
  895   -0.00597   -0.00490    0.02397
  896   -0.00893   -0.00507    0.02662
  897   -0.01158   -0.00571    0.02748
  898   -0.00871   -0.00500    0.02857
  899   -0.00263   -0.00505    0.01814
  900   -0.00006   -0.00340    0.01795
  901   -0.00031   -0.00348    0.01948
  902    0.00147   -0.00239    0.02124
  903    0.00099   -0.00346    0.01473
  904    0.00393   -0.00240    0.01444
  905    0.00629   -0.00162    0.01459
  906    0.00422   -0.00257    0.01375
  907    0.00866   -0.00077    0.01433
  908    0.00649   -0.00139    0.01275
  909    0.00902   -0.00069    0.01317
  910   -0.00264   -0.00474    0.01843
  911   -0.00322   -0.00486    0.01889
  912   -0.00415   -0.00462    0.02248
  913   -0.00491   -0.00414    0.02404
  914   -0.00562   -0.00591    0.01729
  915   -0.00456   -0.00599    0.01349
  916   -0.00548   -0.00644    0.01109
  917   -0.00163   -0.00457    0.01172
  918   -0.00468   -0.00404    0.02460
  919   -0.00550   -0.00371    0.02870
  920   -0.00294   -0.00159    0.03038
  921   -0.00370   -0.00002    0.03415
  922   -0.00809   -0.00419    0.02900
  923   -0.00964   -0.00220    0.03341
  924   -0.00042   -0.00120    0.02877
  925    0.00233    0.00076    0.03046
  926    0.00398    0.00146    0.03090
  927    0.00598    0.00283    0.03317
  928    0.00414    0.00006    0.02814
  929    0.00281   -0.00053    0.02899
  930    0.00299   -0.00156    0.02572
  931    0.00392   -0.00191    0.02305
  932    0.00280   -0.00141    0.02670
  933    0.00408    0.00091    0.02869
  934    0.00617    0.00167    0.02821
  935    0.00411    0.00188    0.02882
  936    0.00521    0.00228    0.02744
  937    0.00726    0.00129    0.02407
  938    0.00472    0.00003    0.02193
  939    0.00908    0.00122    0.02322
  940    0.00181    0.00106    0.03086
  941   -0.00149    0.00257    0.03135
  942   -0.00035    0.00376    0.03450
  943    0.00002    0.00317    0.03208
  944   -0.00482    0.00176    0.03446
  945   -0.00661    0.00360    0.03238
  946   -0.00783   -0.00076    0.03539
  947   -0.01142    0.00073    0.04165
  948   -0.00818   -0.00199    0.03298
  949    0.00165    0.00488    0.03816
  950    0.00344    0.00617    0.04084
  951    0.00842    0.00455    0.03929
  952    0.01116    0.00384    0.04232
  953    0.00210    0.00974    0.04770
  954    0.00534    0.01042    0.05115
  955    0.00444    0.01598    0.06421
  956    0.00926    0.01641    0.07548
  957    0.01515    0.00837    0.08189
  958    0.00969    0.00404    0.03476
  959    0.01314    0.00540    0.03388
  960    0.01498    0.00260    0.03074
  961    0.01273    0.00087    0.02839
  962    0.01395    0.00500    0.03138
  963    0.01426    0.00552    0.03388
  964    0.01530    0.00446    0.03080
  965    0.01473    0.00509    0.03373
  966    0.01731    0.00472    0.03202
  967    0.01752    0.00415    0.02879
  968    0.01704    0.00380    0.02336
  969    0.01734    0.00377    0.02329
  970    0.02083    0.00561    0.03141
  971    0.02293    0.00577    0.03114
  972    0.01704    0.00269    0.01923
  973    0.01644    0.00291    0.01483
  974    0.01897    0.00204    0.01577
  975    0.01916    0.00089    0.01408
  976    0.01445    0.00203    0.01032
  977    0.01169    0.00280    0.00948
  978    0.01427    0.00272    0.01617
  979    0.02194    0.00242    0.01834
  980    0.02511    0.00142    0.01937
  981    0.02540    0.00222    0.02116
  982    0.02614    0.00201    0.01993
  983    0.02939    0.00218    0.02224
  984    0.02962    0.00229    0.02036
  985    0.02445    0.00319    0.01843
  986    0.02279    0.00268    0.01482
  987    0.02294    0.00424    0.02072
  988    0.02425    0.00346    0.02413
  989    0.02334    0.00401    0.02570
  990    0.02063    0.00350    0.02326
  991    0.02054    0.00359    0.02367
  992    0.02289    0.00499    0.02988
  993    0.02652    0.00609    0.03339
  994    0.03031    0.00521    0.03320
  995    0.02726    0.00714    0.03841
  996    0.01859    0.00280    0.02148
  997    0.01592    0.00223    0.01934
  998    0.01710    0.00153    0.01629
  999    0.01592    0.00142    0.01552
 1000    0.01353    0.00196    0.01772
 1001    0.01160    0.00185    0.02049
 1002    0.00921    0.00170    0.01909
 1003    0.00742    0.00089    0.02226
 1004    0.00640   -0.00100    0.02020
 1005    0.00605   -0.00114    0.01555
 1006    0.00522   -0.00045    0.02357
 1007    0.01914    0.00132    0.01489
 1008    0.02053    0.00079    0.01268
 1009    0.02249    0.00082    0.01389
 1010    0.02207    0.00062    0.01223
 1011    0.02274   -0.00005    0.01176
 1012    0.02418    0.00174    0.01712
 1013    0.02594    0.00187    0.01889
 1014    0.02387    0.00190    0.01914
 1015    0.02466    0.00142    0.01819
 1016    0.02918    0.00198    0.02327
 1017    0.03299    0.00137    0.02365
 1018    0.03586    0.00161    0.02873
 1019    0.04116    0.00032    0.03002
 1020    0.03857    0.00104    0.02668
 1021    0.02078    0.00236    0.02004
 1022    0.01775    0.00246    0.01993
 1023    0.01639    0.00142    0.01631
 1024    0.01538    0.00107    0.01561
 1025    0.01532    0.00248    0.02133
 1026    0.01622    0.00394    0.02598
 1027    0.01636    0.00099    0.01396
 1028    0.01515    0.00011    0.01050
 1029    0.01737   -0.00000    0.00902
 1030    0.01593   -0.00047    0.00691
 1031    0.01477   -0.00009    0.00876
 1032    0.01356   -0.00088    0.00582
 1033    0.01081   -0.00139    0.00512
 1034    0.01474   -0.00107    0.00385
 1035    0.00950   -0.00195    0.00232
 1036    0.01342   -0.00155    0.00118
 1037    0.01097   -0.00184    0.00060
 1038    0.02058    0.00016    0.00961
 1039    0.02321    0.00026    0.00836
 1040    0.02316    0.00030    0.00888
 1041    0.02389    0.00036    0.00673
 1042    0.02695    0.00013    0.00984
 1043    0.02716    0.00032    0.00855
 1044    0.03101    0.00028    0.00950
 1045    0.03211    0.00015    0.01029
 1046    0.03360    0.00015    0.00999
 1047    0.02119    0.00072    0.01172
 1048    0.02091    0.00113    0.01327
 1049    0.01657    0.00038    0.01146
 1050    0.01548    0.00036    0.01231
 1051    0.02122    0.00191    0.01800
 1052    0.02664    0.00262    0.02097
 1053    0.02768    0.00445    0.02854
 1054    0.03493    0.00531    0.03397
 1055    0.04240    0.01126    0.05524
 1056    0.01440   -0.00026    0.00924
 1057    0.01066   -0.00103    0.00754
 1058    0.01024   -0.00147    0.00361
 1059    0.00974   -0.00180    0.00148
 1060    0.00880   -0.00141    0.00804
 1061    0.00536   -0.00251    0.00781
 1062    0.00402   -0.00297    0.00543
 1063    0.00426   -0.00285    0.01011
 1064    0.01059   -0.00149    0.00302
 1065    0.01023   -0.00195   -0.00050
 1066    0.00660   -0.00273   -0.00249
 1067    0.00615   -0.00278   -0.00580
 1068    0.01078   -0.00184   -0.00017
 1069    0.01547   -0.00102    0.00313
 1070    0.01984   -0.00098    0.00079
 1071    0.01873   -0.00071   -0.00262
 1072    0.02665   -0.00146    0.00376
 1073    0.00407   -0.00338   -0.00035
 1074    0.00106   -0.00433   -0.00159
 1075    0.00114   -0.00429   -0.00294
 1076    0.00028   -0.00466   -0.00549
 1077   -0.00145   -0.00504    0.00104
 1078    0.00212   -0.00377   -0.00103
 1079    0.00222   -0.00379   -0.00191
 1080    0.00382   -0.00356   -0.00454
 1081    0.00314   -0.00391   -0.00631
 1082    0.00313   -0.00337    0.00069
 1083    0.00136   -0.00387    0.00323
 1084    0.00359   -0.00343   -0.00047
 1085    0.00222   -0.00354    0.00593
 1086    0.00617   -0.00307   -0.00450
 1087    0.00809   -0.00275   -0.00667
 1088    0.00679   -0.00264   -0.00965
 1089    0.00690   -0.00235   -0.01125
 1090    0.01079   -0.00193   -0.00582
 1091    0.01230   -0.00162   -0.00320
 1092    0.01525   -0.00092   -0.00172
 1093    0.01697   -0.00048   -0.00336
 1094    0.01642   -0.00092    0.00101
 1095    0.00573   -0.00319   -0.01016
 1096    0.00458   -0.00336   -0.01264
 1097    0.00239   -0.00393   -0.01305
 1098    0.00179   -0.00410   -0.01524
 1099    0.00359   -0.00388   -0.01314
 1100    0.00108   -0.00440   -0.01100
 1101   -0.00064   -0.00513   -0.01130
 1102    0.00043   -0.00466   -0.01207
 1103   -0.00043   -0.00443   -0.01327
 1104   -0.00214   -0.00537   -0.00887
 1105    0.00220   -0.00407   -0.01123
 1106    0.00324   -0.00378   -0.01151
 1107    0.00369   -0.00333   -0.01380
 1108    0.00317   -0.00274   -0.01427
 1109    0.00512   -0.00321   -0.01006
 1110    0.00576   -0.00246   -0.01018
 1111    0.00563   -0.00244   -0.00887
 1112    0.00685   -0.00192   -0.01166
 1113    0.00618   -0.00179   -0.00943
 1114    0.00685   -0.00129   -0.01097
 1115    0.00462   -0.00269   -0.01472
 1116    0.00505   -0.00191   -0.01672
 1117    0.00351   -0.00291   -0.01863
 1118    0.00359   -0.00256   -0.02028
 1119    0.00655   -0.00102   -0.01723
 1120    0.00841   -0.00037   -0.01632
 1121    0.01008    0.00069   -0.01742
 1122    0.00844   -0.00052   -0.01481
 1123    0.00202   -0.00394   -0.01821
 1124    0.00057   -0.00472   -0.01984
 1125    0.00012   -0.00450   -0.01986
 1126   -0.00022   -0.00513   -0.02179
 1127   -0.00107   -0.00568   -0.01887
 1128    0.00023   -0.00457   -0.01785
 1129   -0.00002   -0.00477   -0.01709
 1130    0.00115   -0.00378   -0.01735
 1131    0.00108   -0.00395   -0.01799
 1132   -0.00077   -0.00451   -0.01516
 1133   -0.00140   -0.00425   -0.01429
 1134   -0.00266   -0.00474   -0.01508
 1135    0.00222   -0.00291   -0.01675
 1136    0.00327   -0.00193   -0.01621
 1137    0.00314   -0.00142   -0.01812
 1138    0.00327   -0.00101   -0.01797
 1139    0.00409   -0.00101   -0.01560
 1140    0.00291   -0.00175   -0.02000
 1141    0.00286   -0.00120   -0.02254
 1142    0.00264   -0.00252   -0.02286
 1143    0.00297   -0.00200   -0.02319
 1144    0.00260   -0.00078   -0.02513
 1145    0.00263    0.00022   -0.02903
 1146    0.00200   -0.00121   -0.03149
 1147    0.00097   -0.00273   -0.03418
 1148    0.00204   -0.00108   -0.03159
 1149    0.00191   -0.00433   -0.02263
 1150    0.00157   -0.00591   -0.02194
 1151    0.00197   -0.00504   -0.01947
 1152    0.00188   -0.00580   -0.01792
 1153    0.00012   -0.00653   -0.02151
 1154   -0.00140   -0.00929   -0.02395
 1155   -0.00104   -0.00848   -0.02261
 1156   -0.00106   -0.00792   -0.02051
 1157   -0.00025   -0.01246   -0.02459
 1158    0.00257   -0.00353   -0.01748
 1159    0.00245   -0.00207   -0.01441
 1160    0.00216   -0.00097   -0.01372
 1161    0.00268   -0.00176   -0.01297
 1162    0.00221   -0.00022   -0.01466
 1163    0.00109    0.00110   -0.01318
 1164    0.00068    0.00250   -0.01429
 1165    0.00195    0.00307   -0.01731
 1166    0.00104    0.00225   -0.00934
 1167    0.00141    0.00330   -0.00960
 1168    0.00221    0.00209   -0.00983
 1169    0.00234    0.00194   -0.00762
 1170    0.00233    0.00157   -0.01174
 1171   -0.00060    0.00363   -0.01259
 1172   -0.00221    0.00524   -0.01423
 1173   -0.00477    0.00786   -0.00991
 1174   -0.00582    0.00940   -0.00967
 1175   -0.00032    0.00401   -0.01804
 1176    0.00416    0.00127   -0.02690
 1177   -0.00410    0.00803   -0.00808
 1178   -0.00414    0.00967   -0.00541
 1179   -0.00696    0.01159   -0.00622
 1180   -0.00963    0.01201   -0.00883
 1181   -0.00217    0.00881   -0.00364
 1182   -0.00027    0.00722   -0.00284
 1183    0.00058    0.00618   -0.00223
 1184    0.00168    0.00460   -0.00207
 1185    0.00202    0.00381   -0.00176
 1186    0.00163    0.00406   -0.00175
 1187    0.00208    0.00305   -0.00176
 1188   -0.00728    0.01299   -0.00402
 1189   -0.01058    0.01544   -0.00443
 1190   -0.00929    0.01493   -0.00274
 1191   -0.01116    0.01838   -0.00180
 1192   -0.01604    0.02243   -0.00248
 1193   -0.01419    0.02508    0.00041
 1194   -0.02692    0.03185   -0.00381
 1195   -0.00685    0.01296   -0.00270
 1196   -0.00501    0.01137   -0.00141
 1197   -0.00663    0.01168   -0.00261
 1198   -0.00655    0.01279   -0.00139
 1199   -0.00290    0.00915   -0.00130
 1200   -0.00271    0.00734   -0.00349
 1201   -0.00297    0.00593   -0.00481
 1202   -0.00126    0.00671   -0.00385
 1203   -0.00755    0.01016   -0.00435
 1204   -0.00991    0.00955   -0.00564
 1205   -0.00832    0.00792   -0.00549
 1206   -0.00470    0.00447   -0.00550
 1207   -0.01492    0.01553   -0.00536
 1208   -0.02149    0.01810   -0.00957
 1209   -0.04260    0.03084   -0.01980
 1210   -0.02040    0.01569   -0.00973
 1211   -0.00943    0.01068   -0.00498
 1212   -0.00856    0.00980   -0.00438
 1213   -0.00592    0.00750   -0.00268
 1214   -0.00535    0.00450   -0.00243
 1215   -0.01002    0.01376   -0.00401
 1216   -0.00800    0.01584   -0.00118
 1217   -0.00872    0.01238   -0.00044
 1218   -0.01193    0.01081    0.00256
 1219   -0.02060    0.01008    0.00651
 1220   -0.00491    0.00834   -0.00202
 1221   -0.00356    0.00580    0.00015
 1222   -0.00269    0.00290   -0.00058
 1223   -0.00196    0.00272   -0.00074
 1224   -0.00250    0.00697    0.00124
 1225   -0.00313    0.00846    0.00256
 1226   -0.00230    0.00845    0.00014
 1227   -0.00255    0.00036   -0.00094
 1228   -0.00199   -0.00054   -0.00161
 1229   -0.00177   -0.00111    0.00011
 1230   -0.00227   -0.00211    0.00236
 1231   -0.00342   -0.00092   -0.00291
 1232   -0.00390   -0.00080   -0.00503
 1233   -0.00633   -0.00078   -0.00422
 1234   -0.00147   -0.00201   -0.00760
 1235   -0.00064   -0.00133   -0.00070
 1236    0.00015   -0.00140    0.00056
 1237    0.00164   -0.00269   -0.00081
 1238    0.00220   -0.00229   -0.00207
 1239    0.00045   -0.00036    0.00074
 1240    0.00010    0.00008    0.00221
 1241    0.00008    0.00029    0.00349
 1242   -0.00026    0.00126    0.00139
 1243   -0.00027    0.00146    0.00464
 1244   -0.00008    0.00233    0.00267
 1245   -0.00019    0.00245    0.00416
 1246    0.00169   -0.00325    0.00001
 1247    0.00207   -0.00430   -0.00075
 1248    0.00268   -0.00397   -0.00103
 1249    0.00226   -0.00354   -0.00015
 1250    0.00165   -0.00522   -0.00066
 1251    0.00258   -0.00570   -0.00151
 1252    0.00364   -0.00459   -0.00203
 1253    0.00225   -0.00647   -0.00207
 1254    0.00464   -0.00502   -0.00243
 1255    0.00352   -0.00633   -0.00270
 1256    0.00385   -0.00371   -0.00180
 1257    0.00396   -0.00389   -0.00198
 1258    0.00409   -0.00455   -0.00229
 1259    0.00428   -0.00476   -0.00252
 1260    0.00440   -0.00369   -0.00257
 1261    0.00419   -0.00324   -0.00227
 1262    0.00439   -0.00309   -0.00289
 1263    0.00378   -0.00297   -0.00217
 1264    0.00392   -0.00263   -0.00329
 1265    0.00363   -0.00272   -0.00260
 1266    0.00356   -0.00240   -0.00302
 1267    0.00370   -0.00486   -0.00204
 1268    0.00372   -0.00508   -0.00259
 1269    0.00399   -0.00480   -0.00243
 1270    0.00392   -0.00466   -0.00201
 1271    0.00310   -0.00566   -0.00290
 1272    0.00262   -0.00509   -0.00216
 1273    0.00276   -0.00599   -0.00309
 1274    0.00160   -0.00566   -0.00227
 1275    0.00412   -0.00493   -0.00281
 1276    0.00431   -0.00482   -0.00285
 1277    0.00415   -0.00504   -0.00326
 1278    0.00392   -0.00539   -0.00366
 1279    0.00452   -0.00434   -0.00258
 1280    0.00473   -0.00416   -0.00248
 1281    0.00447   -0.00387   -0.00232
 1282    0.00485   -0.00403   -0.00214
 1283    0.00453   -0.00491   -0.00319
 1284    0.00488   -0.00504   -0.00367
 1285    0.00571   -0.00475   -0.00394
 1286    0.00606   -0.00444   -0.00357
 1287    0.00490   -0.00495   -0.00354
 1288    0.00387   -0.00510   -0.00324
 1289    0.00378   -0.00481   -0.00256
 1290    0.00270   -0.00566   -0.00355
 1291    0.00310   -0.00474   -0.00227
 1292    0.00175   -0.00579   -0.00330
 1293    0.00172   -0.00550   -0.00266
 1294    0.00593   -0.00493   -0.00459
 1295    0.00667   -0.00465   -0.00499
 1296    0.00709   -0.00510   -0.00613
 1297    0.00644   -0.00513   -0.00698
 1298    0.00600   -0.00414   -0.00434
 1299    0.00602   -0.00346   -0.00348
 1300    0.00708   -0.00387   -0.00449
 1301    0.00556   -0.00366   -0.00265
 1302    0.00825   -0.00490   -0.00651
 1303    0.00887   -0.00492   -0.00778
 1304    0.00946   -0.00464   -0.00803
 1305    0.00977   -0.00433   -0.00693
 1306    0.01024   -0.00525   -0.00812
 1307    0.01092   -0.00527   -0.00978
 1308    0.01005   -0.00510   -0.00996
 1309    0.01193   -0.00552   -0.01078
 1310    0.00854   -0.00411   -0.00942
 1311    0.00857   -0.00356   -0.00981
 1312    0.00861   -0.00253   -0.01406
 1313    0.00749   -0.00269   -0.01544
 1314    0.00725   -0.00272   -0.01019
 1315    0.00784   -0.00189   -0.01123
 1316    0.00708   -0.00324   -0.00690
 1317    0.00959   -0.00276   -0.01405
 1318    0.01058   -0.00058   -0.01844
 1319    0.01005   -0.00158   -0.01826
 1320    0.00972   -0.00174   -0.02119
 1321    0.01014    0.00136   -0.02222
 1322    0.01164    0.00310   -0.02615
 1323    0.01281    0.00289   -0.02710
 1324    0.01131    0.00332   -0.02765
 1325    0.01048   -0.00356   -0.01619
 1326    0.01040   -0.00384   -0.01576
 1327    0.00872   -0.00401   -0.01517
 1328    0.00812   -0.00393   -0.01553
 1329    0.00778   -0.00435   -0.01429
 1330    0.00608   -0.00459   -0.01367
 1331    0.00604   -0.00483   -0.01158
 1332    0.00668   -0.00452   -0.01113
 1333    0.00459   -0.00389   -0.01532
 1334    0.00397   -0.00382   -0.01745
 1335    0.00274   -0.00362   -0.01748
 1336    0.00485   -0.00321   -0.02005
 1337    0.00273   -0.00320   -0.01990
 1338    0.00414   -0.00298   -0.02162
 1339    0.00548   -0.00532   -0.01051
 1340    0.00527   -0.00545   -0.00881
 1341    0.00347   -0.00544   -0.00873
 1342    0.00189   -0.00549   -0.00902
 1343    0.00519   -0.00569   -0.00771
 1344    0.00492   -0.00594   -0.00618
 1345    0.00632   -0.00551   -0.00578
 1346    0.00434   -0.00582   -0.00562
 1347    0.00388   -0.00542   -0.00828
 1348    0.00277   -0.00542   -0.00805
 1349    0.00282   -0.00580   -0.00651
 1350    0.00381   -0.00570   -0.00572
 1351    0.00294   -0.00418   -0.00902
 1352    0.00244   -0.00393   -0.01119
 1353    0.00077   -0.00357   -0.01224
 1354    0.00354   -0.00376   -0.01264
 1355    0.00017   -0.00275   -0.01468
 1356    0.00314   -0.00317   -0.01492
 1357    0.00125   -0.00282   -0.01626
 1358    0.00086   -0.00170   -0.01914
 1359    0.00133   -0.00598   -0.00633
 1360    0.00116   -0.00633   -0.00557
 1361    0.00162   -0.00614   -0.00603
 1362    0.00089   -0.00591   -0.00691
 1363   -0.00050   -0.00719   -0.00565
 1364   -0.00012   -0.00726   -0.00462
 1365   -0.00238   -0.00825   -0.00432
 1366   -0.00252   -0.00848   -0.00467
 1367   -0.00354   -0.00860   -0.00464
 1368    0.00278   -0.00596   -0.00493
 1369    0.00367   -0.00545   -0.00453
 1370    0.00396   -0.00573   -0.00425
 1371    0.00412   -0.00558   -0.00375
 1372    0.00428   -0.00456   -0.00376
 1373    0.00405   -0.00422   -0.00402
 1374    0.00452   -0.00383   -0.00262
 1375    0.00397   -0.00394   -0.00518
 1376    0.00444   -0.00561   -0.00442
 1377    0.00472   -0.00597   -0.00441
 1378    0.00628   -0.00549   -0.00375
 1379    0.00624   -0.00519   -0.00432
 1380    0.00289   -0.00725   -0.00461
 1381    0.00305   -0.00744   -0.00429
 1382    0.00138   -0.00838   -0.00466
 1383    0.00472   -0.00683   -0.00399
 1384    0.00763   -0.00492   -0.00298
 1385    0.00975   -0.00423   -0.00220
 1386    0.01052   -0.00495   -0.00208
 1387    0.01269   -0.00447   -0.00093
 1388    0.00831   -0.00588   -0.00299
 1389    0.00735   -0.00669   -0.00297
 1390    0.00561   -0.00730   -0.00409
 1391    0.00347   -0.00731   -0.00500
 1392    0.00694   -0.00777   -0.00254
 1393    0.00859   -0.00521   -0.00244
 1394    0.00677   -0.00585   -0.00204
 1395    0.00528   -0.00656   -0.00146
 1396    0.00111   -0.00936    0.00002
 1397   -0.00082   -0.00926   -0.00075
 1398   -0.00192   -0.01031    0.00123
 1399    0.00559   -0.00655   -0.00491
 1400    0.00312   -0.00594   -0.00734
 1401    0.00467   -0.00461   -0.00666
 1402    0.00815   -0.00443   -0.00493
 1403    0.00178   -0.00679   -0.00754
 1404   -0.00062   -0.00816   -0.00742
 1405   -0.00498   -0.00819   -0.00941
 1406   -0.00711   -0.00804   -0.00982
 1407    0.00297   -0.00290   -0.00781
 1408    0.00497   -0.00235   -0.00675
 1409    0.00417   -0.00325   -0.00732
 1410    0.00446   -0.00187   -0.00628
 1411   -0.00028    0.00121   -0.00904
 1412   -0.00446    0.00271   -0.01029
 1413   -0.00179   -0.00114   -0.00940
 1414    0.00197   -0.00180   -0.00989
 1415    0.00140   -0.00098   -0.01073
 1416    0.00090   -0.00267   -0.00957
 1417    0.00032   -0.00391   -0.00941
 1418   -0.00326    0.00210   -0.01560
 1419   -0.00694    0.00635   -0.01855
 1420   -0.00824    0.00328   -0.01692
 1421   -0.01113    0.01111   -0.01879
 1422   -0.01167    0.00431   -0.01721
 1423   -0.01502    0.01532   -0.01929
 1424   -0.01535    0.01021   -0.01820
 1425    0.00073   -0.00256   -0.01008
 1426    0.00018   -0.00355   -0.00989
 1427   -0.00271   -0.00356   -0.01109
 1428   -0.00432   -0.00155   -0.01371
 1429    0.00093   -0.00269   -0.01021
 1430    0.00135   -0.00147   -0.00999
 1431    0.00058   -0.00159   -0.01079
 1432   -0.00310   -0.00492   -0.00962
 1433   -0.00565   -0.00541   -0.00942
 1434   -0.00470   -0.00554   -0.00964
 1435   -0.00230   -0.00572   -0.00892
 1436   -0.00610   -0.00707   -0.00775
 1437   -0.00953   -0.00802   -0.00642
 1438   -0.00662   -0.00749   -0.00799
 1439   -0.00672   -0.00492   -0.01060
 1440   -0.00527   -0.00454   -0.01106
 1441   -0.00622   -0.00465   -0.00915
 1442   -0.00993   -0.00391   -0.00840
 1443   -0.00600   -0.00324   -0.01364
 1444   -0.00437   -0.00306   -0.01451
 1445   -0.00187   -0.00380   -0.01401
 1446   -0.00564   -0.00219   -0.01608
 1447   -0.00359   -0.00513   -0.00905
 1448   -0.00226   -0.00517   -0.00847
 1449   -0.00106   -0.00484   -0.00988
 1450    0.00120   -0.00483   -0.00962
 1451   -0.00009   -0.00593   -0.00773
 1452   -0.00134   -0.00659   -0.00642
 1453   -0.00257   -0.00676   -0.00676
 1454   -0.00148   -0.00709   -0.00587
 1455   -0.00399   -0.00766   -0.00588
 1456   -0.00300   -0.00776   -0.00576
 1457   -0.00202   -0.00421   -0.01131
 1458   -0.00131   -0.00376   -0.01261
 1459    0.00232   -0.00430   -0.01298
 1460    0.00337   -0.00474   -0.01253
 1461    0.00332   -0.00420   -0.01384
 1462    0.00578   -0.00427   -0.01376
 1463    0.00711   -0.00447   -0.01191
 1464    0.00677   -0.00446   -0.01036
 1465    0.00628   -0.00435   -0.01497
 1466    0.00842   -0.00458   -0.01204
 1467    0.00965   -0.00493   -0.01033
 1468    0.01116   -0.00502   -0.01084
 1469    0.01119   -0.00485   -0.01205
 1470    0.00893   -0.00493   -0.00931
 1471    0.00976   -0.00512   -0.00810
 1472    0.01269   -0.00525   -0.00984
 1473    0.01411   -0.00537   -0.01018
 1474    0.01386   -0.00509   -0.00915
 1475    0.01298   -0.00517   -0.00825
 1476    0.01596   -0.00594   -0.00995
 1477    0.01641   -0.00622   -0.01091
 1478    0.01465   -0.00561   -0.00933
 1479    0.01406   -0.00577   -0.00846
 1480    0.01442   -0.00534   -0.00735
 1481    0.01374   -0.00470   -0.00630
 1482    0.01403   -0.00660   -0.00868
 1483    0.01356   -0.00662   -0.00953
 1484    0.01200   -0.00591   -0.00764
 1485    0.01158   -0.00557   -0.00750
 1486    0.01071   -0.00543   -0.00623
 1487    0.01586   -0.00555   -0.00756
 1488    0.01660   -0.00474   -0.00649
 1489    0.01588   -0.00402   -0.00590
 1490    0.01558   -0.00319   -0.00498
 1491    0.01879   -0.00472   -0.00680
 1492    0.02145   -0.00616   -0.00699
 1493    0.01986   -0.00685   -0.00749
 1494    0.02759   -0.00630   -0.00705
 1495    0.01523   -0.00456   -0.00637
 1496    0.01427   -0.00434   -0.00569
 1497    0.01273   -0.00433   -0.00558
 1498    0.01191   -0.00436   -0.00531
 1499    0.01427   -0.00470   -0.00628
 1500    0.01347   -0.00505   -0.00727
 1501    0.01600   -0.00468   -0.00634
 1502    0.01244   -0.00430   -0.00574
 1503    0.01103   -0.00433   -0.00554
 1504    0.01047   -0.00390   -0.00457
 1505    0.00938   -0.00409   -0.00450
 1506    0.01104   -0.00437   -0.00564
 1507    0.00986   -0.00451   -0.00536
 1508    0.00905   -0.00484   -0.00565
 1509    0.00984   -0.00480   -0.00543
 1510    0.01106   -0.00320   -0.00389
 1511    0.01058   -0.00275   -0.00309
 1512    0.01074   -0.00286   -0.00302
 1513    0.00967   -0.00282   -0.00265
 1514    0.01119   -0.00198   -0.00285
 1515    0.01046   -0.00195   -0.00312
 1516    0.01115   -0.00128   -0.00293
 1517    0.00906   -0.00196   -0.00277
 1518    0.01196   -0.00295   -0.00341
 1519    0.01220   -0.00276   -0.00355
 1520    0.01089   -0.00349   -0.00414
 1521    0.01045   -0.00323   -0.00391
 1522    0.01361   -0.00272   -0.00410
 1523    0.01455   -0.00225   -0.00432
 1524    0.01595   -0.00248   -0.00572
 1525    0.01769   -0.00182   -0.00572
 1526    0.01913   -0.00097   -0.00466
 1527    0.01015   -0.00418   -0.00466
 1528    0.00824   -0.00444   -0.00484
 1529    0.00705   -0.00453   -0.00430
 1530    0.00573   -0.00474   -0.00437
 1531    0.00814   -0.00486   -0.00569
 1532    0.00915   -0.00475   -0.00637
 1533    0.00922   -0.00481   -0.00730
 1534    0.01021   -0.00462   -0.00614
 1535    0.00722   -0.00433   -0.00375
 1536    0.00613   -0.00434   -0.00325
 1537    0.00594   -0.00384   -0.00252
 1538    0.00482   -0.00405   -0.00236
 1539    0.00656   -0.00408   -0.00312
 1540    0.00721   -0.00320   -0.00222
 1541    0.00702   -0.00260   -0.00134
 1542    0.00675   -0.00282   -0.00158
 1543    0.00607   -0.00255   -0.00076
 1544    0.00823   -0.00182   -0.00084
 1545    0.00719   -0.00338   -0.00258
 1546    0.00644   -0.00356   -0.00280
 1547    0.00479   -0.00399   -0.00276
 1548    0.00440   -0.00404   -0.00268
 1549    0.00690   -0.00386   -0.00387
 1550    0.00727   -0.00416   -0.00437
 1551    0.00589   -0.00471   -0.00490
 1552    0.00487   -0.00492   -0.00613
 1553    0.00480   -0.00491   -0.00729
 1554    0.00394   -0.00453   -0.00307
 1555    0.00259   -0.00507   -0.00331
 1556    0.00208   -0.00467   -0.00202
 1557    0.00113   -0.00482   -0.00189
 1558    0.00154   -0.00577   -0.00362
 1559   -0.00028   -0.00655   -0.00401
 1560    0.00186   -0.00588   -0.00432
 1561    0.00283   -0.00396   -0.00122
 1562    0.00270   -0.00312   -0.00019
 1563    0.00273   -0.00264    0.00049
 1564    0.00182   -0.00234    0.00115
 1565    0.00389   -0.00253    0.00024
 1566    0.00423   -0.00288   -0.00041
 1567    0.00364   -0.00238    0.00032
 1568    0.00355   -0.00166    0.00090
 1569    0.00249   -0.00229    0.00056
 1570    0.00192   -0.00176    0.00134
 1571    0.00483   -0.00145    0.00079
 1572    0.00594   -0.00051    0.00137
 1573    0.00738   -0.00011    0.00146
 1574    0.00790   -0.00089    0.00025
 1575    0.00888   -0.00104   -0.00042
 1576    0.00941   -0.00064   -0.00005
 1577    0.00949   -0.00167   -0.00162
 1578    0.00207   -0.00357   -0.00063
 1579    0.00044   -0.00408   -0.00064
 1580   -0.00117   -0.00374    0.00020
 1581   -0.00246   -0.00405    0.00040
 1582    0.00016   -0.00543   -0.00233
 1583    0.00156   -0.00566   -0.00339
 1584    0.00092   -0.00664   -0.00509
 1585   -0.00069   -0.00697   -0.00525
 1586    0.00173   -0.00688   -0.00602
 1587   -0.00109   -0.00403    0.00056
 1588   -0.00206   -0.00392    0.00144
 1589   -0.00171   -0.00275    0.00229
 1590   -0.00253   -0.00245    0.00254
 1591   -0.00112   -0.00369    0.00095
 1592   -0.00195   -0.00463    0.00017
 1593   -0.00159   -0.00525   -0.00081
 1594   -0.00269   -0.00530    0.00014
 1595   -0.00225   -0.00649   -0.00164
 1596   -0.00255   -0.00596   -0.00113
 1597   -0.00249   -0.00694   -0.00207
 1598   -0.00039   -0.00157    0.00270
 1599   -0.00003    0.00006    0.00389
 1600   -0.00098   -0.00010    0.00363
 1601   -0.00216    0.00070    0.00436
 1602    0.00121    0.00102    0.00427
 1603    0.00185    0.00078    0.00413
 1604    0.00142    0.00239    0.00552
 1605   -0.00060   -0.00090    0.00242
 1606   -0.00136   -0.00155    0.00218
 1607   -0.00261   -0.00211    0.00189
 1608   -0.00322   -0.00206    0.00216
 1609    0.00113   -0.00250    0.00217
 1610    0.00335   -0.00168    0.00325
 1611    0.00334   -0.00208    0.00025
 1612    0.00288   -0.00339   -0.00103
 1613    0.00453   -0.00153    0.00039
 1614   -0.00438   -0.00297    0.00139
 1615   -0.00734   -0.00377    0.00075
 1616   -0.00572   -0.00331    0.00232
 1617   -0.00670   -0.00371    0.00238
 1618   -0.00748   -0.00685    0.00022
 1619   -0.00705   -0.00744   -0.00136
 1620   -0.00995   -0.00966   -0.00301
 1621   -0.00970   -0.00986   -0.00204
 1622   -0.00800   -0.00892   -0.00255
 1623   -0.00684   -0.00934   -0.00300
 1624   -0.00734   -0.00881   -0.00186
 1625   -0.00461   -0.00244    0.00343
 1626   -0.00486   -0.00213    0.00507
 1627   -0.00404   -0.00032    0.00582
 1628   -0.00331    0.00075    0.00607
 1629   -0.00378   -0.00301    0.00563
 1630   -0.00612   -0.00369    0.00420
 1631   -0.00906   -0.00531    0.00492
 1632   -0.01130   -0.00692    0.00361
 1633   -0.00946   -0.00475    0.00641
 1634   -0.00423   -0.00003    0.00610
 1635   -0.00359    0.00127    0.00633
 1636   -0.00300    0.00225    0.00633
 1637   -0.00205    0.00296    0.00631
 1638   -0.00299    0.00201    0.00666
 1639   -0.00806   -0.00514    0.00105
 1640   -0.00645   -0.01751   -0.01510
 1641    0.05662   -0.12173   -0.20014
 1642   -0.05784    0.09197    0.18596
 1643   -0.00344    0.00218    0.00748
 1644   -0.00281    0.00358    0.00835
 1645   -0.00189    0.00461    0.00962
 1646   -0.00032    0.00651    0.01066
 1647   -0.00276    0.00275    0.00897
 1648   -0.00198    0.00308    0.00932
 1649   -0.00021    0.00440    0.00972
 1650   -0.00004    0.00369    0.00921
 1651   -0.00267    0.00089    0.00857
 1652   -0.00226    0.00190    0.00825
 1653   -0.00299    0.00309    0.00872
 1654   -0.00172    0.00395    0.00910
 1655   -0.00444    0.00276    0.00857
 1656    0.00050    0.00524    0.01031
 1657    0.00168    0.00593    0.01030
 1658    0.00205    0.00530    0.00949
 1659    0.00263    0.00548    0.00897
 1660    0.00270    0.00781    0.01094
 1661    0.00277    0.00793    0.01121
 1662    0.00282    0.00802    0.01072
 1663    0.00173    0.00469    0.00917
 1664    0.00186    0.00474    0.00781
 1665    0.00189    0.00352    0.00675
 1666    0.00137    0.00201    0.00584
 1667    0.00166    0.00462    0.00682
 1668    0.00171    0.00569    0.00678
 1669    0.00134    0.00559    0.00655
 1670    0.00148    0.00732    0.00565
 1671    0.00225    0.00819    0.00563
 1672    0.00222    0.00795    0.00595
 1673    0.00282    0.00933    0.00512
 1674    0.00224    0.00335    0.00692
 1675    0.00230    0.00235    0.00581
 1676    0.00290    0.00281    0.00543
 1677    0.00324    0.00342    0.00613
 1678    0.00218    0.00168    0.00577
 1679    0.00124    0.00089    0.00579
 1680    0.00067    0.00155    0.00674
 1681    0.00076   -0.00049    0.00461
 1682   -0.00049    0.00083    0.00645
 1683   -0.00054   -0.00092    0.00435
 1684   -0.00116   -0.00046    0.00502
 1685    0.00327    0.00169    0.00372
 1686    0.00335    0.00179    0.00346
 1687    0.00387    0.00073    0.00244
 1688    0.00403   -0.00053    0.00162
 1689    0.00338    0.00090    0.00262
 1690    0.00316    0.00205    0.00339
 1691    0.00392    0.00100    0.00211
 1692    0.00401    0.00055    0.00103
 1693    0.00376    0.00058    0.00060
 1694    0.00414    0.00103    0.00093
 1695    0.00433    0.00034    0.00139
 1696    0.00400   -0.00056   -0.00038
 1697    0.00393   -0.00095   -0.00091
 1698    0.00432   -0.00155   -0.00143
 1699    0.00445   -0.00200   -0.00152
 1700    0.00315   -0.00127   -0.00144
 1701    0.00288   -0.00053   -0.00105
 1702    0.00287   -0.00145   -0.00162
 1703    0.00464   -0.00134   -0.00186
 1704    0.00512   -0.00174   -0.00225
 1705    0.00458   -0.00228   -0.00252
 1706    0.00423   -0.00197   -0.00252
 1707    0.00607   -0.00129   -0.00233
 1708    0.00441   -0.00279   -0.00258
 1709    0.00353   -0.00308   -0.00261
 1710    0.00415   -0.00296   -0.00282
 1711    0.00489   -0.00344   -0.00299
 1712    0.00317   -0.00341   -0.00236
 1713    0.00187   -0.00369   -0.00205
 1714    0.00053   -0.00409   -0.00211
 1715    0.00195   -0.00386   -0.00173
 1716    0.00385   -0.00261   -0.00298
 1717    0.00435   -0.00231   -0.00335
 1718    0.00354   -0.00189   -0.00324
 1719    0.00228   -0.00158   -0.00309
 1720    0.00570   -0.00157   -0.00362
 1721    0.00543   -0.00045   -0.00333
 1722    0.00408   -0.00207   -0.00324
 1723    0.00309   -0.00170   -0.00293
 1724    0.00342   -0.00021   -0.00330
 1725    0.00474    0.00040   -0.00377
 1726    0.00370   -0.00251   -0.00291
 1727    0.00251   -0.00287   -0.00218
 1728    0.00392   -0.00362   -0.00220
 1729    0.00250   -0.00417   -0.00157
 1730    0.00076   -0.00536   -0.00026
 1731    0.00176    0.00065   -0.00291
 1732    0.00129    0.00214   -0.00311
 1733    0.00116    0.00282   -0.00314
 1734    0.00208    0.00426   -0.00361
 1735   -0.00034    0.00271   -0.00254
 1736    0.00010    0.00228   -0.00260
 1737   -0.00031    0.00409   -0.00249
 1738   -0.00087    0.00729   -0.00268
 1739    0.00014    0.01068   -0.00374
 1740    0.00183    0.00310   -0.00304
 1741   -0.00205    0.00873   -0.00217
 1742   -0.00935   -0.00991   -0.01044
 1743   -0.01138   -0.00864   -0.00886
 1744   -0.00895   -0.00618   -0.00635
 1745   -0.00650   -0.00518   -0.00578
 1746   -0.01301   -0.00828   -0.00840
 1747   -0.01458   -0.01036   -0.01100
 1748   -0.01625   -0.00979   -0.01007
 1749   -0.01333   -0.00759   -0.00779
 1750   -0.01037   -0.00487   -0.00509
 1751   -0.00878   -0.00270   -0.00281
 1752   -0.00964   -0.00108   -0.00090
 1753   -0.01194   -0.00084   -0.00010
 1754   -0.00965   -0.00233   -0.00271
 1755   -0.00810   -0.00023   -0.00045
 1756   -0.00854   -0.00010   -0.00041
 1757   -0.00823   -0.00161   -0.00248
 1758   -0.00854    0.00156    0.00180
 1759   -0.00736   -0.00015    0.00011
 1760   -0.00737    0.00165    0.00190
 1761   -0.00568    0.00345    0.00377
 1762   -0.00393    0.00356    0.00368
 1763   -0.00691    0.00163    0.00145
 1764   -0.00434    0.00194    0.00145
 1765   -0.00921   -0.00018   -0.00023
 1766   -0.00370    0.00247    0.00177
 1767   -0.00630    0.00529    0.00535
 1768   -0.00423    0.00721    0.00694
 1769   -0.00208    0.00855    0.00800
 1770   -0.00275    0.00881    0.00769
 1771   -0.00528    0.00797    0.00839
 1772   -0.00733    0.00648    0.00757
 1773   -0.00568    0.00620    0.00759
 1774   -0.01074    0.00520    0.00706
 1775   -0.00769    0.00527    0.00675
 1776   -0.01245    0.00419    0.00616
 1777   -0.01070    0.00431    0.00584
 1778   -0.00057    0.00912    0.00880
 1779    0.00040    0.00979    0.00927
 1780    0.00083    0.01028    0.01037
 1781    0.00135    0.01045    0.01060
 1782    0.00135    0.00901    0.00852
 1783    0.00212    0.00940    0.00903
 1784    0.00095    0.00798    0.00730
 1785    0.00057    0.01057    0.01071
 1786    0.00170    0.01061    0.01156
 1787    0.00242    0.00998    0.01104
 1788    0.00224    0.01000    0.01066
 1789    0.00144    0.00994    0.01160
 1790    0.00252    0.00902    0.01175
 1791    0.00309    0.00795    0.01198
 1792    0.00484    0.00775    0.01164
 1793    0.00565    0.00740    0.01299
 1794    0.00260    0.00928    0.01109
 1795    0.00274    0.00850    0.01011
 1796    0.00310    0.00755    0.00949
 1797    0.00350    0.00740    0.00943
 1798    0.00313    0.00835    0.01013
 1799    0.00320    0.00841    0.01044
 1800    0.00312    0.00918    0.01037
 1801    0.00328    0.00643    0.00876
 1802    0.00365    0.00527    0.00773
 1803    0.00374    0.00461    0.00741
 1804    0.00422    0.00395    0.00676
 1805    0.00348    0.00462    0.00683
 1806    0.00440    0.00298    0.00531
 1807    0.00485    0.00271    0.00448
 1808    0.00406    0.00214    0.00455
 1809    0.00325    0.00481    0.00794
 1810    0.00290    0.00448    0.00773
 1811    0.00364    0.00486    0.00780
 1812    0.00389    0.00423    0.00710
 1813    0.00227    0.00454    0.00829
 1814    0.00270    0.00637    0.00941
 1815    0.00176    0.00362    0.00810
 1816    0.00382    0.00573    0.00887
 1817    0.00447    0.00648    0.00986
 1818    0.00439    0.00750    0.01109
 1819    0.00488    0.00779    0.01211
 1820    0.00392    0.00820    0.01130
 1821    0.00399    0.00890    0.01189
 1822    0.00324    0.00970    0.01253
 1823    0.00292    0.00999    0.01170
 1824    0.00378    0.00948    0.01147
 1825    0.00410    0.01032    0.01175
 1826    0.00369    0.01073    0.01151
 1827    0.00418    0.01152    0.01168
 1828    0.00391    0.01207    0.01157
 1829    0.00318    0.00996    0.01305
 1830    0.00200    0.01026    0.01243
 1831    0.00218    0.01034    0.01168
 1832    0.00263    0.01055    0.01200
 1833    0.00059    0.00958    0.01253
 1834    0.00068    0.00921    0.01286
 1835   -0.00116    0.00940    0.01136
 1836    0.00218    0.01019    0.01042
 1837    0.00272    0.00956    0.00950
 1838    0.00156    0.00872    0.00817
 1839    0.00035    0.00837    0.00787
 1840    0.00334    0.00941    0.00891
 1841    0.00375    0.00992    0.00965
 1842    0.00420    0.00869    0.00775
 1843    0.00389    0.00965    0.00940
 1844    0.00185    0.00812    0.00742
 1845    0.00061    0.00625    0.00578
 1846    0.00149    0.00528    0.00426
 1847    0.00284    0.00594    0.00426
 1848    0.00053    0.00588    0.00518
 1849   -0.00021    0.00671    0.00685
 1850   -0.00128    0.00372    0.00328
 1851    0.00022    0.00406    0.00331
 1852    0.00099    0.00307    0.00191
 1853   -0.00014    0.00099   -0.00020
 1854   -0.00208   -0.00026   -0.00080
 1855    0.00082    0.00334    0.00249
 1856    0.00214    0.00506    0.00411
 1857    0.00164    0.00502    0.00428
 1858    0.00391    0.00540    0.00438
 1859    0.00085   -0.00002   -0.00192
 1860   -0.00014   -0.00247   -0.00432
 1861   -0.00041   -0.00327   -0.00543
 1862    0.00149   -0.00365   -0.00639
 1863    0.00115   -0.00283   -0.00577
 1864    0.00210   -0.00177   -0.00475
 1865    0.00023   -0.00149   -0.00380
 1866    0.00030    0.00006   -0.00182
 1867   -0.00147   -0.00321   -0.00541
 1868   -0.00224   -0.00430   -0.00548
 1869   -0.00238   -0.00496   -0.00579
 1870   -0.00418   -0.00746   -0.00792
 1871   -0.00612   -0.00882   -0.00915
 1872   -0.00303   -0.00330   -0.00396
 1873   -0.00058   -0.00109   -0.00164
 1874   -0.00555   -0.00322   -0.00354
 1875   -0.00348   -0.00846   -0.00891
 1876   -0.00494   -0.01091   -0.01094
 1877   -0.00632   -0.00973   -0.00952
 1878   -0.00507   -0.00778   -0.00764
 1879   -0.00338   -0.01316   -0.01276
 1880   -0.00104   -0.01442   -0.01430
 1881   -0.00275   -0.01714   -0.01664
 1882   -0.00122   -0.01802   -0.01760
 1883   -0.00550   -0.01852   -0.01810
 1884   -0.00861   -0.01082   -0.01069
 1885   -0.00943   -0.00982   -0.00964
 1886   -0.00725   -0.01008   -0.00955
 1887   -0.00659   -0.00841   -0.00809
 1888   -0.01264   -0.01160   -0.01107
 1889   -0.01404   -0.01283   -0.01244
 1890   -0.01155   -0.01324   -0.01284
 1891   -0.00562   -0.01197   -0.01111
 1892   -0.00295   -0.01237   -0.01114
 1893   -0.00053   -0.01060   -0.00909
 1894    0.00140   -0.01058   -0.00851
 1895   -0.00196   -0.01517   -0.01374
 1896   -0.00393   -0.01837   -0.01658
 1897   -0.00077   -0.00932   -0.00814
 1898    0.00131   -0.00761   -0.00644
 1899    0.00169   -0.00582   -0.00458
 1900   -0.00021   -0.00450   -0.00381
 1901    0.00107   -0.00651   -0.00587
 1902    0.00139   -0.00830   -0.00774
 1903    0.00236   -0.01062   -0.00960
 1904    0.00151   -0.00728   -0.00742
 1905    0.00419   -0.00564   -0.00397
 1906    0.00489   -0.00383   -0.00213
 1907    0.00512   -0.00134   -0.00043
 1908    0.00521   -0.00136   -0.00050
 1909    0.00786   -0.00425   -0.00209
 1910    0.00949   -0.00463   -0.00193
 1911    0.00788   -0.00650   -0.00360
 1912    0.00528    0.00059    0.00086
 1913    0.00525    0.00278    0.00228
 1914    0.00696    0.00325    0.00269
 1915    0.00631    0.00423    0.00325
 1916    0.00480    0.00460    0.00347
 1917    0.00247    0.00456    0.00311
 1918    0.00482    0.00646    0.00477
 1919    0.00044    0.00454    0.00301
 1920    0.00881    0.00236    0.00235
 1921    0.00985    0.00317    0.00278
 1922    0.00969    0.00201    0.00199
 1923    0.00941    0.00308    0.00223
 1924    0.01215    0.00232    0.00268
 1925    0.01307   -0.00034    0.00114
 1926    0.01554   -0.00049    0.00112
 1927    0.01794   -0.00214    0.00047
 1928    0.01506    0.00097    0.00215
 1929    0.00921   -0.00022    0.00048
 1930    0.00888   -0.00129   -0.00035
 1931    0.00730    0.00036    0.00062
 1932    0.00716    0.00111    0.00095
 1933    0.00831   -0.00466   -0.00265
 1934    0.01026   -0.00642   -0.00354
 1935    0.01225   -0.00582   -0.00280
 1936    0.01000   -0.00886   -0.00557
 1937    0.00618    0.00107    0.00116
 1938    0.00506    0.00264    0.00233
 1939    0.00589    0.00463    0.00330
 1940    0.00592    0.00520    0.00359
 1941    0.00338    0.00299    0.00263
 1942    0.00278    0.00452    0.00384
 1943    0.00199    0.00128    0.00108
 1944    0.00651    0.00534    0.00364
 1945    0.00676    0.00707    0.00431
 1946    0.00697    0.00713    0.00376
 1947    0.00691    0.00787    0.00406
 1948    0.00735    0.00762    0.00458
 1949    0.00669    0.00787    0.00521
 1950    0.00750    0.00820    0.00548
 1951    0.00669    0.00833    0.00614
 1952    0.00747    0.00893    0.00640
 1953    0.00758    0.00590    0.00291
 1954    0.00768    0.00587    0.00209
 1955    0.00715    0.00614    0.00236
 1956    0.00721    0.00678    0.00221
 1957    0.00847    0.00427    0.00102
 1958    0.00738    0.00469    0.00222
 1959    0.00716    0.00434    0.00224
 1960    0.00637    0.00626    0.00374
 1961    0.00649    0.00670    0.00378
 1962    0.00612    0.00279    0.00168
 1963    0.00570    0.00062   -0.00006
 1964    0.00494   -0.00052   -0.00120
 1965    0.00478   -0.00274   -0.00414
 1966    0.00515   -0.00257   -0.00548
 1967    0.00600    0.00709    0.00449
 1968    0.00592    0.00823    0.00547
 1969    0.00617    0.00896    0.00537
 1970    0.00602    0.00949    0.00600
 1971    0.00556    0.00837    0.00592
 1972    0.00481    0.00771    0.00597
 1973    0.00525    0.00896    0.00682
 1974    0.00452    0.00791    0.00613
 1975    0.00664    0.00886    0.00450
 1976    0.00674    0.00929    0.00434
 1977    0.00669    0.00974    0.00424
 1978    0.00711    0.01046    0.00424
 1979    0.00720    0.00894    0.00335
 1980    0.00699    0.00925    0.00323
 1981    0.00759    0.00909    0.00255
 1982    0.00766    0.00845    0.00199
 1983    0.00802    0.00940    0.00210
 1984    0.00683    0.00923    0.00376
 1985    0.00719    0.00959    0.00367
 1986    0.00685    0.00986    0.00456
 1987    0.00687    0.01001    0.00463
 1988    0.00750    0.00849    0.00251
 1989    0.00847    0.00807    0.00103
 1990    0.00994    0.00800   -0.00051
 1991    0.00830    0.00766    0.00121
 1992    0.00668    0.00983    0.00521
 1993    0.00642    0.01003    0.00578
 1994    0.00657    0.01098    0.00664
 1995    0.00663    0.01147    0.00715
 1996    0.00611    0.00933    0.00604
 1997    0.00652    0.00815    0.00481
 1998    0.00635    0.00842    0.00431
 1999    0.00591    0.00749    0.00274
 2000    0.00612    0.00792    0.00249
 2001    0.00660    0.01089    0.00660
 2002    0.00561    0.01118    0.00722
 2003    0.00557    0.01119    0.00633
 2004    0.00400    0.01078    0.00625
 2005    0.00469    0.01040    0.00853
 2006    0.00451    0.01033    0.00937
 2007    0.00451    0.01072    0.01004
 2008    0.00348    0.01094    0.01094
 2009    0.00428    0.01114    0.00975
 2010    0.00685    0.01131    0.00575
 2011    0.00680    0.01126    0.00507
 2012    0.00622    0.01066    0.00499
 2013    0.00513    0.01062    0.00481
 2014    0.00585    0.01008    0.00565
 2015    0.00540    0.00952    0.00562
 2016    0.00607    0.00939    0.00519
 2017    0.00612    0.00927    0.00518
 2018    0.00500    0.00911    0.00645
 2019    0.00423    0.00930    0.00740
 2020    0.00451    0.00874    0.00647
 2021    0.00417    0.00919    0.00831
 2022    0.00513    0.00958    0.00495
 2023    0.00532    0.00937    0.00457
 2024    0.00582    0.00892    0.00484
 2025    0.00521    0.00858    0.00511
 2026    0.00346    0.01017    0.00510
 2027    0.00344    0.01048    0.00523
 2028    0.00363    0.01011    0.00521
 2029    0.00643    0.00851    0.00438
 2030    0.00729    0.00816    0.00452
 2031    0.00683    0.00825    0.00482
 2032    0.00650    0.00809    0.00500
 2033    0.00759    0.00741    0.00368
 2034    0.00727    0.00737    0.00276
 2035    0.00692    0.00786    0.00313
 2036    0.00582    0.00791    0.00461
 2037    0.00515    0.00744    0.00424
 2038    0.00404    0.00685    0.00408
 2039    0.00415    0.00564    0.00304
 2040    0.00445    0.00753    0.00412
 2041    0.00332    0.00805    0.00465
 2042    0.00324    0.00879    0.00553
 2043    0.00235    0.00792    0.00352
 2044    0.00440    0.00732    0.00473
 2045    0.00425    0.00701    0.00466
 2046    0.00446    0.00748    0.00548
 2047    0.00439    0.00704    0.00557
 2048    0.00383    0.00713    0.00470
 2049    0.00303    0.00676    0.00335
 2050    0.00228    0.00713    0.00330
 2051    0.00265    0.00756    0.00417
 2052    0.00147    0.00663    0.00180
 2053    0.00481    0.00787    0.00545
 2054    0.00512    0.00820    0.00597
 2055    0.00515    0.00820    0.00626
 2056    0.00549    0.00840    0.00593
 2057    0.00576    0.00855    0.00615
 2058    0.00560    0.00877    0.00617
 2059    0.00614    0.00884    0.00571
 2060    0.00598    0.00862    0.00573
 2061    0.00648    0.00909    0.00559
 2062    0.00491    0.00877    0.00703
 2063    0.00459    0.00961    0.00749
 2064    0.00442    0.00986    0.00783
 2065    0.00384    0.00928    0.00814
 2066    0.00419    0.00903    0.00730
 2067    0.00403    0.00773    0.00584
 2068    0.00438    0.00895    0.00613
 2069    0.00393    0.00916    0.00562
 2070    0.00241    0.00711    0.00373
 2071    0.00137    0.00451    0.00107
 2072    0.00197    0.00545    0.00217
 2073    0.00427    0.01008    0.00771
 2074    0.00310    0.01010    0.00757
 2075    0.00163    0.01079    0.00799
 2076    0.00168    0.01120    0.00804
 2077    0.00280    0.00936    0.00696
 2078    0.00350    0.00877    0.00662
 2079    0.00352    0.00778    0.00578
 2080    0.00319    0.00884    0.00712
 2081    0.00084    0.01106    0.00796
 2082   -0.00094    0.01214    0.00806
 2083   -0.00274    0.01187    0.00784
 2084   -0.00247    0.01175    0.00789
 2085    0.00006    0.01224    0.00853
 2086    0.00171    0.01120    0.00897
 2087   -0.00194    0.01413    0.00870
 2088    0.00232    0.01170    0.00899
 2089   -0.00492    0.01213    0.00726
 2090   -0.00759    0.01163    0.00667
 2091   -0.00971    0.01281    0.00716
 2092   -0.00888    0.01307    0.00731
 2093   -0.00875    0.00992    0.00595
 2094   -0.01168    0.00862    0.00526
 2095   -0.01215    0.00831    0.00534
 2096   -0.01409    0.00802    0.00526
 2097   -0.01549    0.00707    0.00514
 2098   -0.01755    0.00709    0.00506
 2099   -0.01884    0.00673    0.00499
 2100   -0.01151    0.01363    0.00738
 2101   -0.01347    0.01528    0.00719
 2102   -0.01228    0.01798    0.00756
 2103   -0.01220    0.01925    0.00731
 2104   -0.01601    0.01330    0.00705
 2105   -0.00883    0.01974    0.00775
 2106   -0.00828    0.02154    0.00878
 2107   -0.00733    0.02057    0.00940
 2108   -0.00337    0.02223    0.00652
 2109   -0.00680    0.01810    0.00907
 2110   -0.00511    0.01762    0.00973
 2111   -0.00325    0.01557    0.00917
 2112   -0.00371    0.01425    0.00892
 2113   -0.00507    0.01693    0.00893
 2114   -0.00523    0.01869    0.00881
 2115   -0.00231    0.02209    0.00939
 2116    0.00443    0.02667    0.00644
 2117    0.02500    0.04273   -0.00335
 2118    0.00023    0.01557    0.00840
 2119    0.00178    0.01444    0.00862
 2120    0.00155    0.01302    0.00816
 2121    0.00121    0.01347    0.00884
 2122    0.00405    0.01526    0.00881
 2123    0.00452    0.01558    0.00826
 2124    0.00670    0.01562    0.00776
 2125    0.00645    0.01449    0.00897
 2126    0.00786    0.01591    0.00679
 2127    0.00137    0.01163    0.00766
 2128    0.00084    0.01047    0.00706
 2129    0.00297    0.01020    0.00704
 2130    0.00420    0.01035    0.00740
 2131   -0.00029    0.00941    0.00627
 2132   -0.00235    0.00952    0.00614
 2133   -0.00250    0.00824    0.00541
 2134   -0.00466    0.00957    0.00597
 2135    0.00304    0.00997    0.00685
 2136    0.00525    0.00967    0.00704
 2137    0.00637    0.00767    0.00575
 2138    0.00529    0.00618    0.00447
 2139    0.00541    0.01033    0.00745
 2140    0.00800    0.01050    0.00822
 2141    0.00876    0.01187    0.01040
 2142    0.00764    0.01335    0.01113
 2143    0.01048    0.01120    0.01076
 2144    0.00851    0.00742    0.00611
 2145    0.01023    0.00577    0.00493
 2146    0.01054    0.00415    0.00377
 2147    0.01085    0.00467    0.00431
 2148    0.01288    0.00645    0.00584
 2149    0.01152    0.00680    0.00640
 2150    0.01021    0.00645    0.00560
 2151    0.01138    0.00756    0.00736
 2152    0.01021    0.00195    0.00229
 2153    0.01044   -0.00004    0.00105
 2154    0.00772   -0.00104    0.00000
 2155    0.00745   -0.00330   -0.00151
 2156    0.00578    0.00049    0.00077
 2157    0.00296   -0.00027   -0.00018
 2158    0.00165   -0.00089   -0.00098
 2159    0.00201    0.00021   -0.00011
 2160    0.00150    0.00191    0.00087
 2161    0.00240    0.00255    0.00157
 2162   -0.00009    0.00384    0.00201
 2163   -0.00233    0.00173    0.00032
 2164   -0.00508    0.00223    0.00027
 2165   -0.00712    0.00020   -0.00148
 2166   -0.00608    0.00489    0.00201
 2167   -0.00006   -0.00300   -0.00277
 2168   -0.00146   -0.00398   -0.00360
 2169   -0.00356   -0.00247   -0.00285
 2170   -0.00444   -0.00086   -0.00178
 2171   -0.00284   -0.00660   -0.00595
 2172   -0.00502   -0.00647   -0.00605
 2173   -0.00047   -0.00838   -0.00695
 2174   -0.00449   -0.00290   -0.00317
 2175   -0.00667   -0.00185   -0.00270
 2176   -0.00947   -0.00272   -0.00381
 2177   -0.01122   -0.00160   -0.00295
 2178   -0.00686   -0.00241   -0.00305
 2179   -0.00470   -0.00095   -0.00156
 2180   -0.00435   -0.00194   -0.00234
 2181   -0.00524    0.00120    0.00006
 2182   -0.01008   -0.00485   -0.00531
 2183   -0.01247   -0.00604   -0.00662
 2184   -0.01321   -0.00437   -0.00551
 2185   -0.01612   -0.00424   -0.00556
 2186   -0.01196   -0.00855   -0.00868
 2187   -0.01479   -0.00993   -0.00981
 2188   -0.01072   -0.00312   -0.00426
 2189   -0.01093   -0.00149   -0.00308
 2190   -0.01218    0.00087   -0.00156
 2191   -0.01301    0.00256   -0.00041
 2192   -0.00758   -0.00089   -0.00219
 2193   -0.00646   -0.00299   -0.00358
 2194   -0.00405   -0.00378   -0.00394
 2195   -0.00797   -0.00403   -0.00470
 2196   -0.01269    0.00117   -0.00134
 2197   -0.01360    0.00343    0.00010
 2198   -0.01618    0.00259   -0.00012
 2199   -0.01723    0.00404    0.00110
 2200   -0.01080    0.00444    0.00167
 2201   -0.00835    0.00571    0.00264
 2202   -0.00568    0.00487    0.00222
 2203   -0.00835    0.00771    0.00346
 2204   -0.00352    0.00606    0.00314
 2205   -0.00626    0.00911    0.00454
 2206   -0.00385    0.00816    0.00436
 2207   -0.00175    0.00937    0.00546
 2208   -0.01819    0.00032   -0.00189
 2209   -0.02133   -0.00040   -0.00274
 2210   -0.02123    0.00015   -0.00191
 2211   -0.02392    0.00063   -0.00127
 2212   -0.02577    0.00066   -0.00229
 2213   -0.02855   -0.00038   -0.00385
 2214   -0.02517   -0.00098   -0.00416
 2215   -0.03984   -0.00104   -0.00488
 2216   -0.01831   -0.00010   -0.00184
 2217   -0.01716    0.00041   -0.00118
 2218   -0.01881   -0.00151   -0.00255
 2219   -0.01770   -0.00343   -0.00432
 2220   -0.01362    0.00138    0.00004
 2221   -0.01274    0.00373    0.00194
 2222   -0.01280    0.00152    0.00049
 2223   -0.00946    0.00438    0.00248
 2224   -0.02071   -0.00101   -0.00182
 2225   -0.02278   -0.00289   -0.00305
 2226   -0.02102   -0.00233   -0.00233
 2227   -0.01725   -0.00112   -0.00134
 2228   -0.02823   -0.00367   -0.00365
 2229   -0.03211   -0.00393   -0.00458
 2230   -0.03331   -0.00670   -0.00783
 2231   -0.04248   -0.01230   -0.01162
 2232   -0.03009   -0.00671   -0.00797
 2233   -0.02317   -0.00356   -0.00319
 2234   -0.02161   -0.00298   -0.00261
 2235   -0.02186   -0.00109    0.00011
 2236   -0.02476   -0.00027    0.00100
 2237   -0.02407   -0.00504   -0.00437
 2238   -0.02452   -0.00763   -0.00733
 2239   -0.02597   -0.00969   -0.00974
 2240   -0.03075   -0.00987   -0.00924
 2241   -0.03737   -0.01283   -0.01264
 2242   -0.01974   -0.00022    0.00148
 2243   -0.02019    0.00171    0.00417
 2244   -0.01976    0.00382    0.00570
 2245   -0.01978    0.00532    0.00787
 2246   -0.02511    0.00173    0.00479
 2247   -0.02600    0.00083    0.00419
 2248   -0.02660   -0.00181    0.00108
 2249   -0.03183   -0.00342    0.00005
 2250   -0.02307   -0.00257   -0.00039
 2251   -0.01845    0.00335    0.00445
 2252   -0.01784    0.00498    0.00579
 2253   -0.01258    0.00668    0.00653
 2254   -0.01075    0.00629    0.00618
 2255   -0.01863    0.00423    0.00479
 2256   -0.01653    0.00308    0.00288
 2257   -0.01138    0.00841    0.00716
 2258   -0.00842    0.00965    0.00833
 2259   -0.00687    0.01030    0.00805
 2260   -0.00738    0.01041    0.00770
 2261   -0.00901    0.01017    0.00957
 2262   -0.01062    0.00893    0.01037
 2263   -0.00470    0.01071    0.01078
 2264   -0.00433    0.01000    0.00820
 2265   -0.00265    0.01026    0.00789
 2266   -0.00093    0.01080    0.00937
 2267   -0.00063    0.01088    0.01007
 2268   -0.00162    0.00916    0.00723
 2269   -0.00286    0.00765    0.00580
 2270   -0.00136    0.00674    0.00510
 2271   -0.00467    0.00765    0.00546
 2272   -0.00019    0.01103    0.00908
 2273    0.00096    0.01080    0.00988
 2274    0.00178    0.01004    0.00960
 2275    0.00163    0.01049    0.00889
 2276    0.00066    0.01085    0.00967
 2277    0.00073    0.01148    0.00974
 2278    0.00221    0.00999    0.00973
 2279   -0.00027    0.01189    0.00917
 2280    0.00326    0.00982    0.00956
 2281    0.00146    0.01088    0.00940
 2282    0.00219    0.00975    0.00972
 2283    0.00277    0.00938    0.00933
 2284    0.00314    0.00847    0.00907
 2285    0.00322    0.00820    0.00916
 2286    0.00312    0.00930    0.00947
 2287    0.00386    0.00917    0.00910
 2288    0.00426    0.00914    0.00824
 2289    0.00396    0.00938    0.00886
 2290    0.00334    0.00827    0.00858
 2291    0.00327    0.00718    0.00735
 2292    0.00372    0.00706    0.00669
 2293    0.00437    0.00770    0.00657
 2294    0.00328    0.00707    0.00655
 2295    0.00341    0.00541    0.00499
 2296    0.00324    0.00716    0.00707
 2297    0.00355    0.00589    0.00635
 2298    0.00371    0.00542    0.00580
 2299    0.00317    0.00400    0.00398
 2300    0.00308    0.00307    0.00297
 2301    0.00375    0.00547    0.00615
 2302    0.00386    0.00685    0.00769
 2303    0.00374    0.00635    0.00809
 2304    0.00421    0.00771    0.00766
 2305    0.00327    0.00426    0.00321
 2306    0.00270    0.00303    0.00105
 2307    0.00224    0.00290    0.00130
 2308    0.00247    0.00366    0.00119
 2309    0.00291    0.00261    0.00068
 2310    0.00263    0.00241    0.00118
 2311    0.00201    0.00120   -0.00029
 2312    0.00201    0.00263    0.00057
 2313    0.00292    0.00199    0.00073
 2314    0.00302    0.00157    0.00097
 2315    0.00311    0.00228    0.00117
 2316    0.00240    0.00203    0.00065
 2317    0.00237    0.00201    0.00033
 2318    0.00175    0.00113   -0.00122
 2319    0.00230    0.00012   -0.00193
 2320    0.00206    0.00234    0.00155
 2321    0.00237    0.00309    0.00328
 2322    0.00238    0.00252    0.00416
 2323    0.00227    0.00418    0.00336
 2324    0.00163    0.00114   -0.00221
 2325    0.00216    0.00045   -0.00393
 2326    0.00263   -0.00054   -0.00354
 2327    0.00180   -0.00040   -0.00291
 2328    0.00220    0.00058   -0.00581
 2329    0.00167    0.00123   -0.00622
 2330    0.00097    0.00254   -0.00674
 2331    0.00101    0.00302   -0.00938
 2332    0.00004    0.00474   -0.01108
 2333   -0.00079    0.00572   -0.01014
 2334    0.00008    0.00572   -0.01420
 2335    0.00345   -0.00120   -0.00442
 2336    0.00348   -0.00161   -0.00350
 2337    0.00502   -0.00128   -0.00539
 2338    0.00575   -0.00126   -0.00704
