    1   -0.00705    0.00142   -0.00168
    2   -0.00611    0.00064    0.00023
    3   -0.00552    0.00040    0.00061
    4   -0.00604    0.00098   -0.00055
    5   -0.00467    0.00023    0.00040
    6   -0.00401   -0.00054    0.00258
    7   -0.00223   -0.00089    0.00270
    8   -0.00118   -0.00167    0.00478
    9   -0.00451   -0.00030    0.00222
   10   -0.00397   -0.00054    0.00283
   11   -0.00225   -0.00119    0.00370
   12   -0.00179   -0.00150    0.00441
   13   -0.00536   -0.00061    0.00419
   14   -0.00596   -0.00104    0.00577
   15   -0.00776   -0.00122    0.00662
   16   -0.00916   -0.00084    0.00592
   17   -0.00772   -0.00239    0.00828
   18   -0.00138   -0.00131    0.00369
   19    0.00015   -0.00181    0.00444
   20   -0.00005   -0.00232    0.00648
   21   -0.00128   -0.00224    0.00725
   22    0.00112   -0.00181    0.00368
   23    0.00142   -0.00125    0.00156
   24    0.00243   -0.00140    0.00116
   25    0.00222   -0.00126    0.00067
   26    0.00129   -0.00275    0.00733
   27    0.00128   -0.00323    0.00920
   28    0.00124   -0.00323    0.00970
   29    0.00186   -0.00304    0.00878
   30    0.00254   -0.00363    0.00981
   31    0.00270   -0.00377    0.00959
   32    0.00380   -0.00406    0.01061
   33    0.00410   -0.00406    0.01020
   34    0.00277   -0.00396    0.01087
   35    0.00037   -0.00345    0.01113
   36    0.00048   -0.00370    0.01192
   37    0.00175   -0.00382    0.01229
   38    0.00232   -0.00411    0.01282
   39   -0.00023   -0.00416    0.01359
   40   -0.00092   -0.00423    0.01372
   41   -0.00054   -0.00389    0.01226
   42    0.00205   -0.00377    0.01168
   43    0.00312   -0.00388    0.01164
   44    0.00271   -0.00413    0.01297
   45    0.00212   -0.00414    0.01297
   46    0.00364   -0.00364    0.01011
   47    0.00473   -0.00388    0.01004
   48    0.00599   -0.00407    0.00991
   49    0.00664   -0.00382    0.00786
   50    0.00309   -0.00427    0.01401
   51    0.00289   -0.00450    0.01496
   52    0.00301   -0.00452    0.01429
   53    0.00379   -0.00449    0.01350
   54    0.00324   -0.00462    0.01590
   55    0.00247   -0.00452    0.01704
   56    0.00276   -0.00443    0.01796
   57    0.00312   -0.00456    0.01864
   58    0.00219   -0.00392    0.01844
   59    0.00224   -0.00477    0.01466
   60    0.00241   -0.00479    0.01433
   61    0.00227   -0.00508    0.01497
   62    0.00155   -0.00533    0.01573
   63    0.00177   -0.00494    0.01431
   64    0.00208   -0.00525    0.01356
   65    0.00135   -0.00504    0.01521
   66    0.00167   -0.00520    0.01326
   67    0.00380   -0.00533    0.01447
   68    0.00340   -0.00550    0.01538
   69    0.00575   -0.00598    0.01411
   70    0.00693   -0.00576    0.01286
   71    0.00388   -0.00486    0.01616
   72    0.00420   -0.00467    0.01730
   73    0.00501   -0.00556    0.01653
   74    0.00433   -0.00415    0.01802
   75    0.00628   -0.00637    0.01419
   76    0.00779   -0.00667    0.01313
   77    0.01045   -0.00695    0.01201
   78    0.01096   -0.00675    0.01069
   79    0.00865   -0.00715    0.01374
   80    0.00582   -0.00691    0.01498
   81    0.00419   -0.00656    0.01544
   82    0.01025   -0.00683    0.01315
   83    0.01257   -0.00715    0.01249
   84    0.01256   -0.00664    0.01159
   85    0.01414   -0.00707    0.01068
   86    0.01264   -0.00657    0.01434
   87    0.01519   -0.00741    0.01457
   88    0.01321   -0.00537    0.01543
   89    0.01091   -0.00463    0.01437
   90    0.01702   -0.00846    0.01746
   91    0.01091   -0.00595    0.01215
   92    0.01080   -0.00563    0.01147
   93    0.01056   -0.00559    0.01006
   94    0.01123   -0.00542    0.00883
   95    0.00910   -0.00515    0.01239
   96    0.00933   -0.00521    0.01360
   97    0.00731   -0.00511    0.01491
   98    0.00754   -0.00515    0.01358
   99    0.00959   -0.00573    0.01005
  100    0.00941   -0.00541    0.00857
  101    0.01104   -0.00580    0.00714
  102    0.01138   -0.00562    0.00557
  103    0.00828   -0.00565    0.00896
  104    0.00666   -0.00514    0.00921
  105    0.00630   -0.00481    0.00974
  106    0.00540   -0.00533    0.01051
  107    0.01210   -0.00649    0.00785
  108    0.01423   -0.00691    0.00664
  109    0.01573   -0.00687    0.00595
  110    0.01716   -0.00689    0.00448
  111    0.01541   -0.00769    0.00785
  112    0.01440   -0.00780    0.00848
  113    0.01362   -0.00743    0.00766
  114    0.01506   -0.00836    0.01006
  115    0.01486   -0.00660    0.00689
  116    0.01614   -0.00637    0.00645
  117    0.01559   -0.00571    0.00501
  118    0.01670   -0.00561    0.00376
  119    0.01529   -0.00610    0.00806
  120    0.01679   -0.00661    0.00893
  121    0.01673   -0.00671    0.01060
  122    0.01788   -0.00708    0.01154
  123    0.01788   -0.00740    0.01342
  124    0.01377   -0.00525    0.00512
  125    0.01316   -0.00476    0.00364
  126    0.01417   -0.00478    0.00204
  127    0.01470   -0.00455    0.00038
  128    0.01134   -0.00439    0.00401
  129    0.01092   -0.00400    0.00244
  130    0.01036   -0.00448    0.00555
  131    0.01452   -0.00520    0.00232
  132    0.01568   -0.00535    0.00080
  133    0.01770   -0.00571   -0.00017
  134    0.01848   -0.00560   -0.00177
  135    0.01582   -0.00595    0.00155
  136    0.01411   -0.00577    0.00231
  137    0.01444   -0.00626    0.00308
  138    0.01331   -0.00506    0.00100
  139    0.01851   -0.00603    0.00083
  140    0.02043   -0.00651    0.00017
  141    0.02042   -0.00587   -0.00096
  142    0.02155   -0.00605   -0.00250
  143    0.02132   -0.00702    0.00171
  144    0.02188   -0.00792    0.00273
  145    0.02116   -0.00802    0.00443
  146    0.02298   -0.00843    0.00218
  147    0.02122   -0.00882    0.00541
  148    0.02349   -0.00940    0.00335
  149    0.02274   -0.00945    0.00501
  150    0.02302   -0.01000    0.00607
  151    0.01899   -0.00546   -0.00038
  152    0.01878   -0.00514   -0.00135
  153    0.01824   -0.00465   -0.00320
  154    0.01854   -0.00445   -0.00448
  155    0.01736   -0.00501   -0.00009
  156    0.01789   -0.00545    0.00150
  157    0.01637   -0.00527    0.00252
  158    0.01668   -0.00563    0.00423
  159    0.01723   -0.00577    0.00436
  160    0.01729   -0.00549    0.00298
  161    0.01744   -0.00578    0.00610
  162    0.01734   -0.00444   -0.00322
  163    0.01674   -0.00406   -0.00483
  164    0.01833   -0.00446   -0.00613
  165    0.01817   -0.00404   -0.00767
  166    0.01521   -0.00394   -0.00410
  167    0.01352   -0.00361   -0.00305
  168    0.01218   -0.00345   -0.00239
  169    0.01302   -0.00309   -0.00429
  170    0.01988   -0.00523   -0.00559
  171    0.02149   -0.00561   -0.00671
  172    0.02159   -0.00586   -0.00647
  173    0.02253   -0.00593   -0.00762
  174    0.02045   -0.00598   -0.00494
  175    0.02051   -0.00615   -0.00449
  176    0.02205   -0.00703   -0.00364
  177    0.02246   -0.00743   -0.00256
  178    0.01850   -0.00583   -0.00319
  179    0.01838   -0.00609   -0.00274
  180    0.01699   -0.00512   -0.00385
  181    0.02282   -0.00715   -0.00436
  182    0.02433   -0.00794   -0.00390
  183    0.02384   -0.00810   -0.00329
  184    0.02237   -0.00757   -0.00366
  185    0.02612   -0.00809   -0.00541
  186    0.02486   -0.00878   -0.00255
  187    0.02440   -0.00904   -0.00198
  188    0.02415   -0.00947   -0.00021
  189    0.02459   -0.00982    0.00071
  190    0.02351   -0.00968    0.00048
  191    0.02357   -0.01032    0.00234
  192    0.02162   -0.01007    0.00336
  193    0.02112   -0.01048    0.00488
  194    0.02438   -0.01084    0.00268
  195    0.02668   -0.01116    0.00186
  196    0.02749   -0.01131    0.00185
  197    0.02662   -0.01172    0.00304
  198    0.02905   -0.01120    0.00054
  199    0.02030   -0.00924    0.00248
  200    0.01811   -0.00889    0.00324
  201    0.01763   -0.00865    0.00409
  202    0.01805   -0.00829    0.00331
  203    0.01693   -0.00820    0.00210
  204    0.01728   -0.00808    0.00151
  205    0.01860   -0.00809    0.00020
  206    0.01623   -0.00792    0.00209
  207    0.01841   -0.00799   -0.00005
  208    0.01695   -0.00786    0.00109
  209    0.01471   -0.00780    0.00339
  210    0.01627   -0.00773    0.00141
  211    0.01396   -0.00774    0.00367
  212    0.01471   -0.00770    0.00282
  213    0.01640   -0.00876    0.00576
  214    0.01562   -0.00853    0.00680
  215    0.01351   -0.00815    0.00797
  216    0.01297   -0.00845    0.00829
  217    0.01699   -0.00934    0.00797
  218    0.01955   -0.01013    0.00696
  219    0.01990   -0.00957    0.00615
  220    0.02143   -0.00962    0.00451
  221    0.02337   -0.01003    0.00428
  222    0.02449   -0.01098    0.00570
  223    0.02419   -0.00982    0.00266
  224    0.01235   -0.00751    0.00846
  225    0.00992   -0.00702    0.00946
  226    0.01037   -0.00754    0.01085
  227    0.01143   -0.00797    0.01140
  228    0.00886   -0.00648    0.00924
  229    0.00888   -0.00616    0.00773
  230    0.00995   -0.00601    0.00640
  231    0.00777   -0.00599    0.00775
  232    0.00944   -0.00547    0.00514
  233    0.00753   -0.00562    0.00653
  234    0.00861   -0.00522    0.00528
  235    0.00929   -0.00793    0.01133
  236    0.00911   -0.00852    0.01226
  237    0.00679   -0.00779    0.01312
  238    0.00576   -0.00739    0.01292
  239    0.01010   -0.00928    0.01237
  240    0.00870   -0.00952    0.01325
  241    0.01254   -0.01017    0.01237
  242    0.00508   -0.00781    0.01443
  243    0.00312   -0.00749    0.01508
  244    0.00279   -0.00845    0.01472
  245    0.00261   -0.00914    0.01495
  246    0.00124   -0.00685    0.01583
  247    0.00027   -0.00624    0.01667
  248   -0.00157   -0.00516    0.01736
  249    0.00109   -0.00624    0.01673
  250    0.00162   -0.00814    0.01487
  251    0.00092   -0.00851    0.01486
  252   -0.00099   -0.00807    0.01562
  253   -0.00071   -0.00721    0.01570
  254    0.00156   -0.00806    0.01449
  255    0.00121   -0.00813    0.01464
  256    0.00234   -0.00794    0.01375
  257   -0.00146   -0.00837    0.01532
  258   -0.00225   -0.00691    0.01468
  259   -0.00158   -0.00674    0.01415
  260   -0.00088   -0.00600    0.01313
  261   -0.00300   -0.00642    0.01391
  262   -0.00507   -0.00635    0.01434
  263   -0.00632   -0.00473    0.01270
  264   -0.00501   -0.00512    0.01512
  265   -0.00088   -0.00752    0.01499
  266   -0.00007   -0.00747    0.01498
  267    0.00046   -0.00794    0.01566
  268    0.00080   -0.00819    0.01569
  269    0.00077   -0.00758    0.01599
  270    0.00064   -0.00735    0.01628
  271    0.00061   -0.00749    0.01714
  272    0.00023   -0.00705    0.01716
  273    0.00039   -0.00654    0.01614
  274    0.00068   -0.00642    0.01547
  275    0.00054   -0.00593    0.01522
  276    0.00059   -0.00617    0.01485
  277    0.00090   -0.00803    0.01758
  278    0.00086   -0.00835    0.01851
  279    0.00118   -0.00937    0.01858
  280    0.00138   -0.00970    0.01786
  281    0.00100   -0.00815    0.01912
  282    0.00133   -0.00768    0.01795
  283    0.00125   -0.00808    0.01697
  284    0.00141   -0.00892    0.01781
  285    0.00097   -0.00796    0.01623
  286    0.00110   -0.00968    0.01926
  287    0.00133   -0.01053    0.01909
  288    0.00161   -0.01139    0.01890
  289    0.00194   -0.01181    0.01801
  290    0.00121   -0.01071    0.02022
  291    0.00074   -0.00983    0.02023
  292    0.00025   -0.00900    0.02093
  293    0.00020   -0.00922    0.02220
  294    0.00004   -0.00820    0.02015
  295    0.00095   -0.01180    0.01947
  296    0.00097   -0.01295    0.01917
  297    0.00136   -0.01262    0.01827
  298    0.00131   -0.01379    0.01775
  299    0.00117   -0.01314    0.02014
  300    0.00116   -0.01367    0.02147
  301    0.00113   -0.01369    0.02297
  302    0.00095   -0.01272    0.02311
  303    0.00107   -0.01538    0.02455
  304    0.00083   -0.01158    0.01780
  305    0.00069   -0.01123    0.01713
  306    0.00096   -0.01144    0.01656
  307    0.00155   -0.01175    0.01617
  308   -0.00002   -0.00981    0.01665
  309   -0.00013   -0.00937    0.01589
  310    0.00202   -0.01101    0.01647
  311    0.00237   -0.01096    0.01558
  312    0.00313   -0.01191    0.01539
  313    0.00425   -0.01143    0.01478
  314    0.00246   -0.01004    0.01551
  315    0.00180   -0.00931    0.01567
  316    0.00175   -0.00856    0.01593
  317    0.00178   -0.00848    0.01508
  318    0.00309   -0.01247    0.01635
  319    0.00327   -0.01351    0.01650
  320    0.00459   -0.01427    0.01603
  321    0.00584   -0.01451    0.01584
  322    0.00478   -0.01422    0.01599
  323    0.00551   -0.01505    0.01593
  324    0.00674   -0.01313    0.01530
  325    0.00675   -0.01347    0.01525
  326    0.00306   -0.01529    0.01523
  327    0.00140   -0.01320    0.01577
  328    0.00626   -0.01227    0.01479
  329    0.00758   -0.01143    0.01408
  330    0.00970   -0.01124    0.01390
  331    0.00896   -0.01157    0.01342
  332    0.00621   -0.01052    0.01357
  333    0.00796   -0.00960    0.01281
  334    0.00487   -0.01019    0.01408
  335    0.01136   -0.01130    0.01355
  336    0.01241   -0.01167    0.01246
  337    0.01153   -0.01100    0.01144
  338    0.01096   -0.01024    0.01101
  339    0.01413   -0.01165    0.01230
  340    0.01414   -0.01185    0.01369
  341    0.01202   -0.01145    0.01383
  342    0.01202   -0.01144    0.01097
  343    0.01133   -0.01063    0.00979
  344    0.01323   -0.01059    0.00875
  345    0.01476   -0.01118    0.00883
  346    0.01059   -0.01063    0.01003
  347    0.01327   -0.00997    0.00766
  348    0.01188   -0.00929    0.00762
  349    0.01149   -0.00897    0.00762
  350    0.01249   -0.00894    0.00719
  351    0.01227   -0.00884    0.00637
  352    0.01397   -0.00911    0.00543
  353    0.01472   -0.00977    0.00636
  354    0.01016   -0.00849    0.00798
  355    0.00964   -0.00797    0.00776
  356    0.00927   -0.00739    0.00653
  357    0.00873   -0.00715    0.00655
  358    0.00838   -0.00796    0.00913
  359    0.00964   -0.00692    0.00538
  360    0.00932   -0.00630    0.00418
  361    0.00807   -0.00571    0.00407
  362    0.00760   -0.00510    0.00317
  363    0.01057   -0.00629    0.00266
  364    0.01136   -0.00637    0.00225
  365    0.00775   -0.00587    0.00514
  366    0.00662   -0.00534    0.00539
  367    0.00586   -0.00564    0.00686
  368    0.00629   -0.00609    0.00752
  369    0.00698   -0.00507    0.00424
  370    0.00461   -0.00518    0.00736
  371    0.00389   -0.00530    0.00870
  372    0.00312   -0.00477    0.00857
  373    0.00257   -0.00422    0.00788
  374    0.00313   -0.00543    0.00970
  375    0.00224   -0.00564    0.01102
  376    0.00280   -0.00626    0.01176
  377    0.00168   -0.00551    0.01165
  378    0.00317   -0.00477    0.00917
  379    0.00270   -0.00438    0.00915
  380    0.00196   -0.00453    0.01040
  381    0.00209   -0.00488    0.01139
  382    0.00349   -0.00460    0.00878
  383    0.00323   -0.00433    0.00837
  384    0.00340   -0.00371    0.00683
  385    0.00389   -0.00466    0.00859
  386    0.00117   -0.00419    0.01030
  387    0.00063   -0.00436    0.01121
  388    0.00038   -0.00419    0.01124
  389    0.00005   -0.00365    0.01043
  390   -0.00007   -0.00403    0.01130
  391   -0.00051   -0.00403    0.01204
  392    0.00001   -0.00465    0.01280
  393   -0.00128   -0.00352    0.01176
  394    0.00044   -0.00452    0.01209
  395    0.00011   -0.00450    0.01229
  396   -0.00027   -0.00455    0.01267
  397   -0.00008   -0.00469    0.01319
  398    0.00056   -0.00471    0.01278
  399    0.00023   -0.00482    0.01313
  400    0.00062   -0.00477    0.01339
  401    0.00030   -0.00525    0.01396
  402   -0.00082   -0.00434    0.01230
  403   -0.00113   -0.00433    0.01249
  404   -0.00163   -0.00443    0.01224
  405   -0.00198   -0.00428    0.01172
  406   -0.00173   -0.00372    0.01204
  407   -0.00269   -0.00316    0.01110
  408   -0.00366   -0.00280    0.01075
  409   -0.00230   -0.00294    0.01048
  410   -0.00427   -0.00212    0.00982
  411   -0.00292   -0.00229    0.00940
  412   -0.00404   -0.00182    0.00910
  413   -0.00149   -0.00486    0.01274
  414   -0.00219   -0.00521    0.01258
  415   -0.00338   -0.00435    0.01193
  416   -0.00412   -0.00365    0.01186
  417   -0.00212   -0.00560    0.01294
  418   -0.00117   -0.00502    0.01344
  419   -0.00111   -0.00467    0.01338
  420   -0.00450   -0.00414    0.01151
  421   -0.00566   -0.00301    0.01059
  422   -0.00702   -0.00292    0.01109
  423   -0.00740   -0.00288    0.01118
  424   -0.00536   -0.00271    0.00999
  425   -0.00578   -0.00176    0.00856
  426   -0.00572   -0.00126    0.00828
  427   -0.00514   -0.00167    0.00811
  428   -0.00715   -0.00324    0.01129
  429   -0.00844   -0.00300    0.01181
  430   -0.00979   -0.00191    0.01086
  431   -0.00957   -0.00127    0.00987
  432   -0.00840   -0.00294    0.01241
  433   -0.00825   -0.00236    0.01224
  434   -0.00704   -0.00431    0.01288
  435   -0.01083   -0.00170    0.01147
  436   -0.01198   -0.00098    0.01088
  437   -0.01263   -0.00082    0.01056
  438   -0.01318    0.00000    0.00975
  439   -0.01311   -0.00098    0.01154
  440   -0.01253   -0.00123    0.01137
  441   -0.01301   -0.00080    0.01116
  442   -0.01213   -0.00048    0.01049
  443   -0.01298    0.00011    0.01003
  444   -0.01289   -0.00128    0.01221
  445   -0.01305   -0.00072    0.01208
  446   -0.01486   -0.00037    0.01200
  447   -0.01589   -0.00009    0.01181
  448   -0.01523   -0.00039    0.01235
  449   -0.01073   -0.00086    0.01058
  450   -0.00977   -0.00060    0.00995
  451   -0.01036    0.00022    0.00877
  452   -0.01063    0.00081    0.00805
  453   -0.00831   -0.00110    0.01007
  454   -0.00762   -0.00077    0.00911
  455   -0.00746   -0.00028    0.00840
  456   -0.00717   -0.00080    0.00894
  457   -0.00707   -0.00000    0.00777
  458   -0.00704   -0.00024    0.00805
  459   -0.01046    0.00040    0.00852
  460   -0.01078    0.00126    0.00741
  461   -0.01214    0.00207    0.00707
  462   -0.01228    0.00308    0.00599
  463   -0.01050    0.00119    0.00734
  464   -0.00982    0.00166    0.00619
  465   -0.00870    0.00119    0.00613
  466   -0.00828    0.00160    0.00514
  467   -0.00843    0.00034    0.00726
  468   -0.01326    0.00183    0.00792
  469   -0.01472    0.00261    0.00776
  470   -0.01490    0.00290    0.00761
  471   -0.01565    0.00390    0.00682
  472   -0.01594    0.00211    0.00876
  473   -0.01656    0.00227    0.00860
  474   -0.01774    0.00309    0.00838
  475   -0.01573    0.00181    0.00886
  476   -0.01407    0.00202    0.00829
  477   -0.01405    0.00218    0.00820
  478   -0.01338    0.00277    0.00692
  479   -0.01410    0.00355    0.00647
  480   -0.01249    0.00097    0.00899
  481   -0.01177    0.00101    0.00878
  482   -0.01245    0.00148    0.00922
  483   -0.01060    0.00093    0.00820
  484   -0.01208    0.00153    0.00909
  485   -0.00990    0.00102    0.00812
  486   -0.01048    0.00125    0.00857
  487   -0.01225    0.00271    0.00635
  488   -0.01176    0.00365    0.00491
  489   -0.01284    0.00514    0.00399
  490   -0.01292    0.00598    0.00313
  491   -0.01057    0.00330    0.00460
  492   -0.00958    0.00240    0.00528
  493   -0.00914    0.00228    0.00522
  494   -0.00789    0.00170    0.00528
  495   -0.00719    0.00125    0.00573
  496   -0.00761    0.00134    0.00610
  497   -0.00611    0.00072    0.00578
  498   -0.01363    0.00546    0.00417
  499   -0.01467    0.00693    0.00323
  500   -0.01590    0.00771    0.00334
  501   -0.01610    0.00892    0.00234
  502   -0.01557    0.00699    0.00375
  503   -0.01453    0.00651    0.00359
  504   -0.01434    0.00777    0.00220
  505   -0.01356    0.00689    0.00262
  506   -0.01472    0.00712    0.00294
  507   -0.01674    0.00697    0.00466
  508   -0.01794    0.00752    0.00497
  509   -0.01718    0.00737    0.00472
  510   -0.01788    0.00828    0.00434
  511   -0.01925    0.00687    0.00658
  512   -0.02094    0.00771    0.00691
  513   -0.02228    0.00937    0.00667
  514   -0.02498    0.01100    0.00803
  515   -0.02676    0.01073    0.01092
  516   -0.01571    0.00620    0.00495
  517   -0.01476    0.00589    0.00464
  518   -0.01433    0.00690    0.00312
  519   -0.01438    0.00723    0.00280
  520   -0.01300    0.00443    0.00511
  521   -0.01209    0.00396    0.00532
  522   -0.01039    0.00287    0.00553
  523   -0.00990    0.00289    0.00521
  524   -0.00954    0.00228    0.00607
  525   -0.01385    0.00738    0.00219
  526   -0.01362    0.00843    0.00072
  527   -0.01507    0.00986    0.00041
  528   -0.01502    0.01030   -0.00036
  529   -0.01314    0.00875    0.00008
  530   -0.01162    0.00756    0.00005
  531   -0.01310    0.00997   -0.00135
  532   -0.01134    0.00731    0.00004
  533   -0.01646    0.01050    0.00095
  534   -0.01809    0.01198    0.00079
  535   -0.01916    0.01175    0.00187
  536   -0.02084    0.01265    0.00235
  537   -0.01919    0.01291    0.00080
  538   -0.01889    0.01394   -0.00068
  539   -0.01696    0.01289   -0.00115
  540   -0.01589    0.01316   -0.00219
  541   -0.01656    0.01194   -0.00040
  542   -0.01821    0.01056    0.00230
  543   -0.01902    0.01018    0.00339
  544   -0.01789    0.00997    0.00268
  545   -0.01864    0.01034    0.00304
  546   -0.01882    0.00879    0.00475
  547   -0.01983    0.00846    0.00606
  548   -0.01841    0.00740    0.00620
  549   -0.01680    0.00643    0.00612
  550   -0.01944    0.00731    0.00686
  551   -0.01616    0.00932    0.00188
  552   -0.01489    0.00906    0.00093
  553   -0.01505    0.01046   -0.00068
  554   -0.01390    0.01016   -0.00197
  555   -0.01318    0.00774    0.00068
  556   -0.01220    0.00636    0.00175
  557   -0.01315    0.00600    0.00343
  558   -0.01064    0.00561    0.00146
  559   -0.01667    0.01182   -0.00058
  560   -0.01719    0.01352   -0.00207
  561   -0.01603    0.01364   -0.00351
  562   -0.01509    0.01385   -0.00483
  563   -0.01918    0.01498   -0.00146
  564   -0.02053    0.01503   -0.00032
  565   -0.02259    0.01589    0.00085
  566   -0.02427    0.01908    0.00032
  567   -0.02690    0.02100    0.00281
  568   -0.01618    0.01326   -0.00325
  569   -0.01528    0.01354   -0.00460
  570   -0.01417    0.01203   -0.00389
  571   -0.01460    0.01291   -0.00375
  572   -0.01302    0.01020   -0.00332
  573   -0.01175    0.00889   -0.00272
  574   -0.01025    0.00866   -0.00425
  575   -0.01004    0.00927   -0.00572
  576   -0.01104    0.00757   -0.00177
  577   -0.01018    0.00744   -0.00270
  578   -0.00915    0.00624   -0.00170
  579   -0.00896    0.00548   -0.00041
  580   -0.00873    0.00625   -0.00218
  581   -0.00921    0.00784   -0.00394
  582   -0.00779    0.00743   -0.00522
  583   -0.00653    0.00629   -0.00508
  584   -0.00605    0.00539   -0.00373
  585   -0.00730    0.00700   -0.00515
  586   -0.00558    0.00618   -0.00594
  587   -0.00513    0.00663   -0.00791
  588   -0.00616    0.00770   -0.00884
  589   -0.00378    0.00594   -0.00854
  590   -0.00604    0.00658   -0.00635
  591   -0.00478    0.00578   -0.00642
  592   -0.00350    0.00559   -0.00780
  593   -0.00375    0.00631   -0.00929
  594   -0.00512    0.00601   -0.00665
  595   -0.00383    0.00499   -0.00687
  596   -0.00621    0.00596   -0.00521
  597   -0.00225    0.00458   -0.00734
  598   -0.00110    0.00420   -0.00865
  599   -0.00057    0.00426   -0.01002
  600   -0.00037    0.00387   -0.00951
  601    0.00017    0.00309   -0.00775
  602    0.00130    0.00280   -0.00893
  603   -0.00028    0.00479   -0.01166
  604    0.00027    0.00467   -0.01321
  605    0.00187    0.00367   -0.01313
  606    0.00249    0.00350   -0.01448
  607    0.00018    0.00539   -0.01500
  608    0.00024    0.00525   -0.01433
  609   -0.00068    0.00520   -0.01242
  610    0.00259    0.00291   -0.01192
  611    0.00410    0.00194   -0.01168
  612    0.00415    0.00158   -0.01040
  613    0.00531    0.00092   -0.01042
  614    0.00478    0.00141   -0.01093
  615    0.00650    0.00071   -0.01166
  616    0.00721    0.00068   -0.01218
  617    0.00719   -0.00009   -0.01043
  618    0.00759    0.00014   -0.01100
  619    0.00279    0.00199   -0.00947
  620    0.00256    0.00169   -0.00828
  621    0.00272    0.00189   -0.00943
  622    0.00204    0.00256   -0.01075
  623    0.00112    0.00210   -0.00696
  624    0.00088    0.00178   -0.00579
  625    0.00093    0.00189   -0.00581
  626    0.00370    0.00123   -0.00901
  627    0.00381    0.00139   -0.00980
  628    0.00267    0.00143   -0.00831
  629    0.00291    0.00084   -0.00674
  630    0.00526    0.00078   -0.00998
  631    0.00546    0.00096   -0.01080
  632    0.00479    0.00089   -0.00970
  633    0.00623    0.00123   -0.01281
  634    0.00489    0.00109   -0.01037
  635    0.00627    0.00145   -0.01351
  636    0.00561    0.00134   -0.01229
  637    0.00561    0.00141   -0.01296
  638    0.00151    0.00208   -0.00893
  639    0.00037    0.00216   -0.00776
  640   -0.00018    0.00258   -0.00879
  641   -0.00052    0.00318   -0.01049
  642   -0.00094    0.00276   -0.00719
  643   -0.00211    0.00316   -0.00623
  644   -0.00213    0.00257   -0.00450
  645   -0.00340    0.00395   -0.00700
  646   -0.00310    0.00282   -0.00360
  647   -0.00458    0.00432   -0.00609
  648   -0.00447    0.00372   -0.00442
  649   -0.00025    0.00229   -0.00776
  650   -0.00091    0.00264   -0.00846
  651   -0.00209    0.00270   -0.00699
  652   -0.00199    0.00229   -0.00531
  653    0.00040    0.00214   -0.00875
  654    0.00122    0.00139   -0.00699
  655    0.00267    0.00101   -0.00756
  656    0.00161    0.00155   -0.00848
  657   -0.00329    0.00327   -0.00765
  658   -0.00459    0.00342   -0.00654
  659   -0.00422    0.00287   -0.00572
  660   -0.00339    0.00280   -0.00661
  661   -0.00622    0.00435   -0.00764
  662   -0.00674    0.00493   -0.00790
  663   -0.00850    0.00582   -0.00871
  664   -0.00893    0.00644   -0.00884
  665   -0.01062    0.00748   -0.00960
  666   -0.00478    0.00267   -0.00407
  667   -0.00464    0.00218   -0.00313
  668   -0.00619    0.00277   -0.00375
  669   -0.00735    0.00304   -0.00338
  670   -0.00441    0.00155   -0.00101
  671   -0.00421    0.00098   -0.00003
  672   -0.00399    0.00042    0.00188
  673   -0.00338    0.00015    0.00262
  674   -0.00458    0.00005    0.00285
  675   -0.00594    0.00274   -0.00459
  676   -0.00730    0.00320   -0.00518
  677   -0.00726    0.00285   -0.00420
  678   -0.00857    0.00316   -0.00394
  679   -0.00739    0.00404   -0.00739
  680   -0.00546    0.00359   -0.00802
  681   -0.00820    0.00465   -0.00843
  682   -0.00556    0.00219   -0.00363
  683   -0.00501    0.00159   -0.00258
  684   -0.00530    0.00100   -0.00046
  685   -0.00464    0.00066    0.00032
  686   -0.00307    0.00120   -0.00295
  687   -0.00286    0.00172   -0.00517
  688   -0.00254    0.00057   -0.00143
  689   -0.00095    0.00144   -0.00583
  690   -0.00622    0.00087    0.00066
  691   -0.00647    0.00034    0.00276
  692   -0.00468   -0.00039    0.00382
  693   -0.00342   -0.00058    0.00335
  694   -0.00414   -0.00106    0.00537
  695   -0.00279   -0.00180    0.00653
  696   -0.00144   -0.00172    0.00541
  697   -0.00021   -0.00209    0.00609
  698   -0.00254   -0.00219    0.00767
  699   -0.00357   -0.00288    0.00924
  700   -0.00373   -0.00302    0.00992
  701   -0.00403   -0.00293    0.00967
  702   -0.00160   -0.00122    0.00380
  703   -0.00016   -0.00123    0.00277
  704    0.00021   -0.00146    0.00300
  705    0.00137   -0.00149    0.00216
  706   -0.00032   -0.00057    0.00068
  707   -0.00159    0.00012   -0.00011
  708   -0.00056   -0.00147    0.00403
  709   -0.00028   -0.00150    0.00423
  710    0.00110   -0.00208    0.00468
  711    0.00160   -0.00208    0.00417
  712   -0.00105   -0.00156    0.00549
  713   -0.00101   -0.00231    0.00747
  714    0.00142   -0.00260    0.00603
  715    0.00280   -0.00299    0.00641
  716    0.00388   -0.00291    0.00479
  717    0.00455   -0.00308    0.00465
  718    0.00412   -0.00254    0.00364
  719    0.00526   -0.00241    0.00193
  720    0.00473   -0.00202    0.00061
  721    0.00572   -0.00209   -0.00030
  722    0.00561   -0.00232    0.00102
  723    0.00635   -0.00273    0.00229
  724    0.00651   -0.00212   -0.00094
  725    0.00347   -0.00160    0.00048
  726    0.00287   -0.00109   -0.00058
  727    0.00335   -0.00142    0.00006
  728    0.00367   -0.00122   -0.00100
  729    0.00119   -0.00054   -0.00052
  730    0.00052   -0.00014   -0.00134
  731    0.00062   -0.00004   -0.00130
  732    0.00110    0.00030   -0.00334
  733    0.00325   -0.00193    0.00183
  734    0.00341   -0.00229    0.00270
  735    0.00481   -0.00263    0.00226
  736    0.00522   -0.00275    0.00183
  737    0.00575   -0.00292    0.00224
  738    0.00729   -0.00319    0.00161
  739    0.00777   -0.00283   -0.00034
  740    0.00870   -0.00311   -0.00084
  741    0.00804   -0.00342    0.00194
  742    0.00867   -0.00394    0.00354
  743    0.00696   -0.00389    0.00499
  744    0.00950   -0.00414    0.00350
  745    0.00735   -0.00233   -0.00148
  746    0.00762   -0.00192   -0.00346
  747    0.00708   -0.00176   -0.00367
  748    0.00787   -0.00178   -0.00464
  749    0.00681   -0.00125   -0.00464
  750    0.00760   -0.00148   -0.00474
  751    0.00679   -0.00067   -0.00663
  752    0.00673   -0.00090   -0.00573
  753    0.00579   -0.00163   -0.00265
  754    0.00525   -0.00147   -0.00258
  755    0.00616   -0.00208   -0.00186
  756    0.00641   -0.00197   -0.00252
  757    0.00373   -0.00123   -0.00148
  758    0.00256   -0.00044   -0.00233
  759    0.00138   -0.00021   -0.00149
  760    0.00231    0.00017   -0.00402
  761    0.00045    0.00055   -0.00256
  762    0.00094    0.00079   -0.00413
  763    0.00667   -0.00269   -0.00060
  764    0.00757   -0.00340    0.00015
  765    0.00902   -0.00354   -0.00123
  766    0.00943   -0.00372   -0.00148
  767    0.00777   -0.00393    0.00168
  768    0.00978   -0.00337   -0.00219
  769    0.01130   -0.00354   -0.00358
  770    0.01123   -0.00292   -0.00524
  771    0.01202   -0.00300   -0.00577
  772    0.01219   -0.00355   -0.00415
  773    0.01368   -0.00360   -0.00575
  774    0.01261   -0.00411   -0.00255
  775    0.01017   -0.00221   -0.00597
  776    0.00984   -0.00155   -0.00758
  777    0.00941   -0.00161   -0.00732
  778    0.00972   -0.00142   -0.00857
  779    0.00849   -0.00093   -0.00811
  780    0.00858   -0.00187   -0.00578
  781    0.00805   -0.00181   -0.00546
  782    0.00914   -0.00256   -0.00473
  783    0.00879   -0.00269   -0.00411
  784    0.00659   -0.00157   -0.00429
  785    0.00552   -0.00078   -0.00528
  786    0.00526   -0.00031   -0.00645
  787    0.00484   -0.00063   -0.00469
  788    0.01049   -0.00308   -0.00479
  789    0.01148   -0.00383   -0.00410
  790    0.01319   -0.00381   -0.00526
  791    0.01436   -0.00446   -0.00478
  792    0.01140   -0.00449   -0.00238
  793    0.01002   -0.00450   -0.00113
  794    0.00996   -0.00451   -0.00103
  795    0.00912   -0.00440   -0.00010
  796    0.01340   -0.00317   -0.00694
  797    0.01505   -0.00316   -0.00832
  798    0.01594   -0.00343   -0.00859
  799    0.01739   -0.00366   -0.00936
  800    0.01473   -0.00240   -0.01004
  801    0.01394   -0.00214   -0.00986
  802    0.01366   -0.00152   -0.01173
  803    0.01489   -0.00136   -0.01332
  804    0.01234   -0.00108   -0.01191
  805    0.01513   -0.00342   -0.00796
  806    0.01610   -0.00401   -0.00798
  807    0.01687   -0.00490   -0.00665
  808    0.01811   -0.00545   -0.00663
  809    0.01514   -0.00375   -0.00783
  810    0.01378   -0.00398   -0.00585
  811    0.01376   -0.00437   -0.00483
  812    0.01285   -0.00384   -0.00535
  813    0.01654   -0.00525   -0.00543
  814    0.01727   -0.00589   -0.00409
  815    0.01825   -0.00620   -0.00408
  816    0.01948   -0.00683   -0.00382
  817    0.01573   -0.00610   -0.00251
  818    0.01466   -0.00592   -0.00227
  819    0.01326   -0.00614   -0.00065
  820    0.01222   -0.00577   -0.00033
  821    0.01132   -0.00487   -0.00152
  822    0.01762   -0.00572   -0.00456
  823    0.01839   -0.00601   -0.00448
  824    0.01949   -0.00570   -0.00621
  825    0.01927   -0.00508   -0.00744
  826    0.01711   -0.00574   -0.00394
  827    0.01610   -0.00604   -0.00210
  828    0.01494   -0.00595   -0.00146
  829    0.01522   -0.00575   -0.00162
  830    0.02092   -0.00625   -0.00624
  831    0.02232   -0.00612   -0.00788
  832    0.02245   -0.00598   -0.00795
  833    0.02135   -0.00602   -0.00686
  834    0.02356   -0.00579   -0.00956
  835    0.02368   -0.00558   -0.00992
  836    0.02571   -0.00606   -0.01064
  837    0.02697   -0.00619   -0.01164
  838    0.02235   -0.00463   -0.01129
  839    0.02050   -0.00425   -0.01069
  840    0.01929   -0.00419   -0.00964
  841    0.01979   -0.00385   -0.01115
  842    0.01759   -0.00386   -0.00902
  843    0.01824   -0.00354   -0.01052
  844    0.01719   -0.00352   -0.00949
  845    0.02595   -0.00632   -0.01016
  846    0.02791   -0.00668   -0.01099
  847    0.02763   -0.00589   -0.01286
  848    0.02593   -0.00508   -0.01336
  849    0.02840   -0.00726   -0.00961
  850    0.02666   -0.00666   -0.00931
  851    0.02709   -0.00713   -0.00789
  852    0.02881   -0.00804   -0.00741
  853    0.02569   -0.00668   -0.00740
  854    0.02955   -0.00608   -0.01407
  855    0.02968   -0.00553   -0.01620
  856    0.02838   -0.00522   -0.01571
  857    0.02909   -0.00568   -0.01473
  858    0.03253   -0.00601   -0.01766
  859    0.03408   -0.00625   -0.01893
  860    0.03245   -0.00581   -0.01839
  861    0.03756   -0.00700   -0.02060
  862    0.02668   -0.00450   -0.01670
  863    0.02539   -0.00416   -0.01661
  864    0.02353   -0.00408   -0.01491
  865    0.02271   -0.00390   -0.01429
  866    0.02310   -0.00408   -0.01407
  867    0.02149   -0.00396   -0.01245
  868    0.01972   -0.00317   -0.01301
  869    0.01939   -0.00268   -0.01440
  870    0.02135   -0.00414   -0.01177
  871    0.01971   -0.00393   -0.01052
  872    0.01878   -0.00305   -0.01183
  873    0.01718   -0.00241   -0.01217
  874    0.01596   -0.00206   -0.01206
  875    0.01494   -0.00143   -0.01319
  876    0.01640   -0.00245   -0.01062
  877    0.01488   -0.00191   -0.01106
  878    0.01772   -0.00294   -0.01043
  879    0.01584   -0.00244   -0.01069
  880    0.01482   -0.00225   -0.01043
  881    0.01529   -0.00201   -0.01207
  882    0.01417   -0.00144   -0.01278
  883    0.01460   -0.00280   -0.00855
  884    0.01341   -0.00261   -0.00792
  885    0.01176   -0.00192   -0.00813
  886    0.01346   -0.00328   -0.00593
  887    0.01684   -0.00233   -0.01263
  888    0.01742   -0.00209   -0.01425
  889    0.01685   -0.00144   -0.01596
  890    0.01629   -0.00101   -0.01689
  891    0.01929   -0.00252   -0.01462
  892    0.02002   -0.00231   -0.01603
  893    0.02186   -0.00242   -0.01736
  894    0.02342   -0.00297   -0.01664
  895    0.02543   -0.00310   -0.01825
  896    0.01694   -0.00136   -0.01634
  897    0.01635   -0.00075   -0.01785
  898    0.01435   -0.00016   -0.01770
  899    0.01363    0.00029   -0.01907
  900    0.01691   -0.00087   -0.01816
  901    0.01616   -0.00027   -0.01975
  902    0.01706   -0.00019   -0.02174
  903    0.01714   -0.00010   -0.02238
  904    0.01773   -0.00025   -0.02293
  905    0.01353   -0.00033   -0.01600
  906    0.01169    0.00011   -0.01565
  907    0.01113    0.00041   -0.01593
  908    0.00992    0.00104   -0.01689
  909    0.01095   -0.00016   -0.01363
  910    0.00909    0.00030   -0.01321
  911    0.00797    0.00080   -0.01393
  912    0.00841    0.00028   -0.01207
  913    0.00621    0.00126   -0.01357
  914    0.00670    0.00063   -0.01162
  915    0.00560    0.00116   -0.01238
  916    0.01191   -0.00001   -0.01510
  917    0.01142    0.00024   -0.01519
  918    0.01181    0.00057   -0.01717
  919    0.01096    0.00100   -0.01777
  920    0.01234   -0.00040   -0.01385
  921    0.01187   -0.00088   -0.01178
  922    0.01279   -0.00157   -0.01048
  923    0.00995   -0.00045   -0.01098
  924    0.01315    0.00033   -0.01819
  925    0.01368    0.00067   -0.02024
  926    0.01241    0.00135   -0.02150
  927    0.01204    0.00174   -0.02289
  928    0.01545    0.00019   -0.02089
  929    0.01608    0.00039   -0.02284
  930    0.01172    0.00146   -0.02109
  931    0.01048    0.00211   -0.02223
  932    0.00874    0.00260   -0.02181
  933    0.00770    0.00323   -0.02298
  934    0.01037    0.00207   -0.02178
  935    0.01183    0.00184   -0.02283
  936    0.01183    0.00170   -0.02217
  937    0.01084    0.00169   -0.02070
  938    0.01296    0.00163   -0.02323
  939    0.00837    0.00233   -0.02018
  940    0.00665    0.00268   -0.01954
  941    0.00655    0.00269   -0.01942
  942    0.00524    0.00294   -0.01867
  943    0.00601    0.00241   -0.01756
  944    0.00718    0.00171   -0.01621
  945    0.00584    0.00246   -0.01766
  946    0.00788    0.00248   -0.02015
  947    0.00812    0.00232   -0.01999
  948    0.00672    0.00300   -0.02099
  949    0.00591    0.00314   -0.02006
  950    0.00990    0.00195   -0.02096
  951    0.01031    0.00148   -0.02002
  952    0.01215    0.00125   -0.02077
  953    0.01278    0.00162   -0.02271
  954    0.01300    0.00063   -0.01939
  955    0.00634    0.00352   -0.02276
  956    0.00501    0.00422   -0.02383
  957    0.00309    0.00482   -0.02330
  958    0.00174    0.00551   -0.02413
  959    0.00555    0.00448   -0.02617
  960    0.00560    0.00471   -0.02688
  961    0.00581    0.00522   -0.02985
  962    0.00394    0.00627   -0.03106
  963    0.00312    0.00684   -0.03208
  964    0.00293    0.00455   -0.02201
  965    0.00127    0.00490   -0.02166
  966   -0.00015    0.00519   -0.02020
  967    0.00033    0.00487   -0.01904
  968    0.00164    0.00454   -0.02092
  969    0.00249    0.00464   -0.02243
  970    0.00250    0.00441   -0.02149
  971    0.00350    0.00455   -0.02362
  972   -0.00178    0.00564   -0.02038
  973   -0.00304    0.00572   -0.01897
  974   -0.00284    0.00515   -0.01695
  975   -0.00218    0.00489   -0.01706
  976   -0.00470    0.00635   -0.01987
  977   -0.00510    0.00648   -0.02012
  978   -0.00354    0.00511   -0.01519
  979   -0.00347    0.00467   -0.01329
  980   -0.00421    0.00488   -0.01348
  981   -0.00363    0.00446   -0.01260
  982   -0.00427    0.00483   -0.01172
  983   -0.00400    0.00498   -0.01229
  984   -0.00405    0.00536   -0.01467
  985   -0.00568    0.00558   -0.01458
  986   -0.00657    0.00595   -0.01490
  987   -0.00549    0.00574   -0.01600
  988   -0.00535    0.00552   -0.01542
  989   -0.00852    0.00680   -0.01598
  990   -0.00979    0.00702   -0.01479
  991   -0.00939    0.00695   -0.01453
  992   -0.01031    0.00745   -0.01361
  993   -0.00811    0.00665   -0.01517
  994   -0.00453    0.00573   -0.01754
  995   -0.00330    0.00553   -0.01870
  996   -0.00165    0.00474   -0.01762
  997   -0.00086    0.00452   -0.01803
  998   -0.00281    0.00585   -0.02065
  999   -0.00441    0.00664   -0.02205
 1000   -0.00556    0.00706   -0.02232
 1001   -0.00458    0.00691   -0.02318
 1002   -0.00114    0.00431   -0.01631
 1003    0.00026    0.00356   -0.01510
 1004   -0.00022    0.00337   -0.01364
 1005    0.00089    0.00284   -0.01311
 1006    0.00080    0.00319   -0.01409
 1007    0.00176    0.00325   -0.01539
 1008    0.00187    0.00301   -0.01440
 1009    0.00281    0.00313   -0.01561
 1010    0.00261    0.00330   -0.01533
 1011    0.00155    0.00339   -0.01389
 1012    0.00351    0.00330   -0.01655
 1013   -0.00188    0.00376   -0.01295
 1014   -0.00261    0.00367   -0.01173
 1015   -0.00258    0.00385   -0.01267
 1016   -0.00219    0.00345   -0.01174
 1017   -0.00454    0.00424   -0.01106
 1018   -0.00292    0.00438   -0.01453
 1019   -0.00287    0.00461   -0.01569
 1020   -0.00100    0.00406   -0.01592
 1021   -0.00075    0.00394   -0.01582
 1022   -0.00379    0.00542   -0.01779
 1023   -0.00587    0.00613   -0.01779
 1024   -0.00660    0.00688   -0.02005
 1025   -0.00891    0.00783   -0.02057
 1026   -0.01040    0.00826   -0.01989
 1027    0.00031    0.00370   -0.01628
 1028    0.00221    0.00312   -0.01649
 1029    0.00288    0.00247   -0.01462
 1030    0.00388    0.00213   -0.01461
 1031    0.00336    0.00295   -0.01717
 1032    0.00289    0.00365   -0.01946
 1033    0.00223    0.00228   -0.01297
 1034    0.00269    0.00166   -0.01104
 1035    0.00205    0.00176   -0.01055
 1036    0.00293    0.00125   -0.00963
 1037    0.00194    0.00156   -0.00950
 1038    0.00240    0.00092   -0.00752
 1039    0.00392    0.00026   -0.00695
 1040    0.00124    0.00093   -0.00619
 1041    0.00430   -0.00034   -0.00505
 1042    0.00165    0.00030   -0.00436
 1043    0.00318   -0.00035   -0.00376
 1044    0.00052    0.00237   -0.01120
 1045   -0.00024    0.00259   -0.01101
 1046    0.00087    0.00249   -0.01203
 1047    0.00092    0.00231   -0.01136
 1048   -0.00210    0.00334   -0.01178
 1049   -0.00352    0.00347   -0.01058
 1050   -0.00535    0.00427   -0.01156
 1051   -0.00613    0.00459   -0.01152
 1052   -0.00605    0.00471   -0.01238
 1053    0.00177    0.00257   -0.01364
 1054    0.00285    0.00249   -0.01487
 1055    0.00479    0.00179   -0.01429
 1056    0.00589    0.00166   -0.01519
 1057    0.00271    0.00298   -0.01715
 1058    0.00072    0.00376   -0.01794
 1059    0.00071    0.00426   -0.02009
 1060   -0.00133    0.00513   -0.02109
 1061   -0.00146    0.00560   -0.02368
 1062    0.00512    0.00135   -0.01291
 1063    0.00688    0.00062   -0.01234
 1064    0.00712    0.00019   -0.01051
 1065    0.00679   -0.00008   -0.00884
 1066    0.00740    0.00043   -0.01214
 1067    0.00933   -0.00010   -0.01233
 1068    0.01019   -0.00063   -0.01113
 1069    0.01010    0.00005   -0.01385
 1070    0.00765    0.00012   -0.01086
 1071    0.00785   -0.00028   -0.00924
 1072    0.00932   -0.00100   -0.00817
 1073    0.00917   -0.00137   -0.00641
 1074    0.00806   -0.00009   -0.01018
 1075    0.00673    0.00064   -0.01157
 1076    0.00498    0.00094   -0.01057
 1077    0.00413    0.00088   -0.00934
 1078    0.00444    0.00128   -0.01119
 1079    0.01067   -0.00119   -0.00917
 1080    0.01215   -0.00181   -0.00823
 1081    0.01159   -0.00218   -0.00660
 1082    0.01206   -0.00273   -0.00494
 1083    0.01363   -0.00195   -0.00966
 1084    0.01077   -0.00174   -0.00715
 1085    0.01013   -0.00191   -0.00576
 1086    0.00892   -0.00204   -0.00404
 1087    0.00894   -0.00250   -0.00232
 1088    0.00932   -0.00152   -0.00676
 1089    0.01063   -0.00154   -0.00806
 1090    0.00828   -0.00161   -0.00513
 1091    0.00997   -0.00109   -0.00913
 1092    0.00785   -0.00156   -0.00450
 1093    0.00670   -0.00159   -0.00287
 1094    0.00759   -0.00208   -0.00139
 1095    0.00701   -0.00230    0.00049
 1096    0.00544   -0.00086   -0.00377
 1097    0.00411   -0.00032   -0.00457
 1098    0.00300    0.00041   -0.00579
 1099    0.00271    0.00037   -0.00532
 1100    0.00250    0.00089   -0.00740
 1101    0.00895   -0.00230   -0.00225
 1102    0.00993   -0.00266   -0.00103
 1103    0.01078   -0.00324    0.00007
 1104    0.01093   -0.00356    0.00170
 1105    0.01117   -0.00264   -0.00255
 1106    0.01140   -0.00333   -0.00066
 1107    0.01226   -0.00383    0.00032
 1108    0.01106   -0.00395    0.00200
 1109    0.01139   -0.00420    0.00344
 1110    0.01299   -0.00380   -0.00098
 1111    0.00961   -0.00353    0.00181
 1112    0.00830   -0.00348    0.00335
 1113    0.00793   -0.00364    0.00488
 1114    0.00787   -0.00381    0.00647
 1115    0.00682   -0.00295    0.00274
 1116    0.00547   -0.00288    0.00416
 1117    0.00502   -0.00286    0.00465
 1118    0.00445   -0.00285    0.00530
 1119    0.00382   -0.00283    0.00590
 1120    0.00346   -0.00276    0.00629
 1121    0.00761   -0.00344    0.00451
 1122    0.00714   -0.00357    0.00588
 1123    0.00854   -0.00394    0.00671
 1124    0.00832   -0.00416    0.00825
 1125    0.00637   -0.00324    0.00515
 1126    0.00456   -0.00288    0.00498
 1127    0.00372   -0.00267    0.00448
 1128    0.00407   -0.00288    0.00540
 1129    0.01008   -0.00409    0.00568
 1130    0.01144   -0.00451    0.00625
 1131    0.01157   -0.00472    0.00771
 1132    0.01209   -0.00509    0.00901
 1133    0.01306   -0.00467    0.00463
 1134    0.01122   -0.00479    0.00748
 1135    0.01131   -0.00520    0.00870
 1136    0.00981   -0.00504    0.01002
 1137    0.00976   -0.00491    0.01137
 1138    0.01151   -0.00518    0.00787
 1139    0.01108   -0.00503    0.00915
 1140    0.01309   -0.00529    0.00653
 1141    0.00846   -0.00466    0.00971
 1142    0.00690   -0.00446    0.01097
 1143    0.00675   -0.00452    0.01263
 1144    0.00605   -0.00469    0.01382
 1145    0.00578   -0.00404    0.01021
 1146    0.00747   -0.00462    0.01245
 1147    0.00736   -0.00484    0.01381
 1148    0.00860   -0.00518    0.01503
 1149    0.00835   -0.00540    0.01648
 1150    0.00735   -0.00460    0.01315
 1151    0.00904   -0.00485    0.01317
 1152    0.01043   -0.00486    0.01204
 1153    0.01173   -0.00517    0.01262
 1154    0.01039   -0.00467    0.01045
 1155    0.00985   -0.00529    0.01395
 1156    0.01109   -0.00561    0.01481
 1157    0.01054   -0.00593    0.01639
 1158    0.01139   -0.00652    0.01763
 1159    0.01248   -0.00600    0.01371
 1160    0.01429   -0.00675    0.01454
 1161    0.01441   -0.00693    0.01562
 1162    0.01351   -0.00675    0.01536
 1163    0.01574   -0.00802    0.01700
 1164    0.00898   -0.00557    0.01649
 1165    0.00767   -0.00521    0.01783
 1166    0.00729   -0.00492    0.01959
 1167    0.00796   -0.00431    0.02057
 1168    0.00609   -0.00501    0.01975
 1169    0.00492   -0.00468    0.02131
 1170    0.00402   -0.00525    0.02125
 1171    0.00427   -0.00541    0.01967
 1172    0.00377   -0.00447    0.02162
 1173    0.00299   -0.00476    0.02059
 1174    0.00292   -0.00489    0.01964
 1175    0.00242   -0.00528    0.01997
 1176    0.00346   -0.00491    0.01833
 1177    0.00352   -0.00535    0.02264
 1178    0.00230   -0.00600    0.02291
 1179    0.00221   -0.00631    0.02308
 1180    0.00224   -0.00643    0.02406
 1181    0.00238   -0.00628    0.02395
 1182    0.00365   -0.00612    0.02201
 1183    0.00193   -0.00656    0.02213
 1184    0.00192   -0.00726    0.02170
 1185    0.00189   -0.00843    0.02150
 1186    0.00198   -0.00861    0.02186
 1187    0.00171   -0.00709    0.02067
 1188    0.00178   -0.00643    0.02074
 1189    0.00161   -0.00657    0.01984
 1190    0.00129   -0.00566    0.01971
 1191    0.00123   -0.00518    0.01951
 1192    0.00145   -0.00538    0.01902
 1193    0.00093   -0.00450    0.01920
 1194    0.00165   -0.00923    0.02098
 1195    0.00143   -0.01061    0.02087
 1196    0.00118   -0.01077    0.01991
 1197    0.00052   -0.01132    0.01985
 1198    0.00138   -0.01160    0.02089
 1199    0.00093   -0.01234    0.01956
 1200    0.00147   -0.01338    0.02162
 1201    0.00111   -0.00945    0.01960
 1202    0.00051   -0.00891    0.01880
 1203   -0.00016   -0.00935    0.01856
 1204   -0.00041   -0.00973    0.01818
 1205    0.00027   -0.00756    0.01846
 1206   -0.00046   -0.00679    0.01745
 1207   -0.00025   -0.00763    0.01704
 1208   -0.00065   -0.00617    0.01706
 1209   -0.00019   -0.00892    0.01911
 1210   -0.00033   -0.00945    0.01912
 1211   -0.00117   -0.00894    0.01813
 1212   -0.00148   -0.00796    0.01730
 1213   -0.00047   -0.01060    0.01974
 1214   -0.00021   -0.01169    0.02011
 1215   -0.00065   -0.01265    0.02027
 1216    0.00041   -0.01146    0.02036
 1217   -0.00167   -0.00966    0.01831
 1218   -0.00268   -0.00943    0.01748
 1219   -0.00263   -0.00846    0.01653
 1220   -0.00295   -0.00702    0.01546
 1221   -0.00419   -0.00994    0.01760
 1222   -0.00506   -0.00982    0.01651
 1223   -0.00441   -0.00972    0.01599
 1224   -0.00715   -0.01038    0.01722
 1225   -0.00295   -0.01129    0.01309
 1226   -0.00229   -0.00885    0.01650
 1227   -0.00169   -0.00837    0.01529
 1228   -0.00194   -0.00698    0.01491
 1229   -0.00135   -0.00664    0.01492
 1230   -0.00113   -0.00864    0.01560
 1231   -0.00136   -0.00823    0.01465
 1232   -0.00069   -0.00939    0.01571
 1233   -0.00284   -0.00602    0.01410
 1234   -0.00292   -0.00491    0.01325
 1235   -0.00266   -0.00474    0.01274
 1236   -0.00307   -0.00480    0.01235
 1237   -0.00358   -0.00404    0.01195
 1238   -0.00341   -0.00437    0.01226
 1239   -0.00283   -0.00403    0.01254
 1240   -0.00400   -0.00472    0.01257
 1241   -0.00207   -0.00462    0.01262
 1242   -0.00177   -0.00470    0.01225
 1243   -0.00219   -0.00353    0.01132
 1244   -0.00211   -0.00333    0.01098
 1245   -0.00088   -0.00503    0.01315
 1246   -0.00060   -0.00574    0.01387
 1247   -0.00042   -0.00595    0.01413
 1248   -0.00046   -0.00607    0.01455
 1249   -0.00014   -0.00654    0.01469
 1250   -0.00004   -0.00689    0.01531
 1251    0.00027   -0.00694    0.01513
 1252   -0.00201   -0.00345    0.01082
 1253   -0.00188   -0.00270    0.00969
 1254   -0.00125   -0.00294    0.00970
 1255   -0.00097   -0.00341    0.01041
 1256   -0.00302   -0.00221    0.00897
 1257   -0.00317   -0.00146    0.00770
 1258   -0.00269   -0.00125    0.00680
 1259   -0.00378   -0.00082    0.00688
 1260   -0.00318   -0.00058    0.00544
 1261   -0.00371   -0.00029    0.00550
 1262   -0.00092   -0.00258    0.00882
 1263   -0.00027   -0.00281    0.00854
 1264   -0.00049   -0.00221    0.00730
 1265   -0.00077   -0.00169    0.00611
 1266    0.00068   -0.00294    0.00810
 1267    0.00107   -0.00343    0.00938
 1268    0.00107   -0.00346    0.00978
 1269    0.00171   -0.00389    0.00994
 1270    0.00166   -0.00385    0.01083
 1271    0.00217   -0.00428    0.01089
 1272    0.00216   -0.00424    0.01143
 1273   -0.00041   -0.00238    0.00765
 1274   -0.00055   -0.00201    0.00665
 1275    0.00028   -0.00237    0.00672
 1276    0.00072   -0.00296    0.00778
 1277   -0.00170   -0.00161    0.00687
 1278   -0.00164   -0.00222    0.00821
 1279   -0.00259   -0.00121    0.00668
 1280   -0.00259   -0.00183    0.00844
 1281    0.00058   -0.00204    0.00544
 1282    0.00156   -0.00241    0.00518
 1283    0.00109   -0.00229    0.00507
 1284    0.00040   -0.00163    0.00429
 1285    0.00248   -0.00234    0.00373
 1286    0.00350   -0.00292    0.00372
 1287    0.00444   -0.00357    0.00443
 1288    0.00408   -0.00260    0.00199
 1289    0.00164   -0.00291    0.00589
 1290    0.00151   -0.00282    0.00585
 1291    0.00268   -0.00312    0.00497
 1292    0.00355   -0.00377    0.00541
 1293    0.00121   -0.00327    0.00740
 1294    0.00005   -0.00294    0.00811
 1295   -0.00005   -0.00323    0.00889
 1296   -0.00090   -0.00233    0.00798
 1297   -0.00096   -0.00293    0.00941
 1298   -0.00191   -0.00209    0.00863
 1299   -0.00189   -0.00239    0.00931
 1300    0.00263   -0.00258    0.00375
 1301    0.00377   -0.00274    0.00271
 1302    0.00349   -0.00246    0.00227
 1303    0.00239   -0.00191    0.00228
 1304    0.00422   -0.00238    0.00120
 1305    0.00567   -0.00292    0.00048
 1306    0.00627   -0.00319    0.00057
 1307    0.00622   -0.00300   -0.00022
 1308    0.00449   -0.00292    0.00198
 1309    0.00440   -0.00267    0.00148
 1310    0.00502   -0.00231   -0.00034
 1311    0.00608   -0.00261   -0.00111
 1312    0.00514   -0.00339    0.00226
 1313    0.00461   -0.00320    0.00249
 1314    0.00472   -0.00286    0.00139
 1315    0.00398   -0.00343    0.00389
 1316    0.00424   -0.00162   -0.00103
 1317    0.00459   -0.00120   -0.00283
 1318    0.00407   -0.00089   -0.00311
 1319    0.00278   -0.00036   -0.00256
 1320    0.00392   -0.00049   -0.00382
 1321    0.00441   -0.00012   -0.00573
 1322    0.00431   -0.00079   -0.00339
 1323    0.00510   -0.00111   -0.00408
 1324    0.00471   -0.00089   -0.00459
 1325    0.00393   -0.00100   -0.00304
 1326    0.00316   -0.00038   -0.00331
 1327    0.00371    0.00016   -0.00591
 1328    0.00414    0.00049   -0.00747
 1329    0.00520   -0.00005   -0.00749
 1330    0.00349    0.00137   -0.00869
 1331    0.00423   -0.00164   -0.00157
 1332    0.00368   -0.00183   -0.00018
 1333    0.00223   -0.00126    0.00073
 1334    0.00153   -0.00119    0.00168
 1335    0.00186   -0.00088    0.00043
 1336    0.00052   -0.00040    0.00124
 1337    0.00076   -0.00080    0.00187
 1338    0.00170   -0.00108    0.00118
 1339   -0.00053    0.00063    0.00012
 1340   -0.00126    0.00118   -0.00017
 1341   -0.00264    0.00170    0.00060
 1342   -0.00078    0.00125   -0.00115
 1343   -0.00298    0.00209    0.00013
 1344   -0.00186    0.00183   -0.00093
 1345   -0.00009   -0.00084    0.00322
 1346   -0.00000   -0.00118    0.00385
 1347   -0.00085   -0.00046    0.00319
 1348   -0.00207    0.00020    0.00325
 1349   -0.00037   -0.00162    0.00559
 1350   -0.00046   -0.00197    0.00646
 1351    0.00082   -0.00264    0.00637
 1352   -0.00107   -0.00225    0.00808
 1353   -0.00022   -0.00056    0.00256
 1354   -0.00091    0.00003    0.00188
 1355   -0.00092   -0.00037    0.00280
 1356    0.00005   -0.00108    0.00331
 1357   -0.00036    0.00037    0.00016
 1358   -0.00078    0.00105   -0.00093
 1359   -0.00203    0.00200   -0.00156
 1360    0.00014    0.00077   -0.00137
 1361   -0.00244    0.00268   -0.00258
 1362   -0.00021    0.00137   -0.00238
 1363   -0.00151    0.00235   -0.00295
 1364   -0.00192    0.00299   -0.00398
 1365   -0.00198    0.00008    0.00309
 1366   -0.00202   -0.00019    0.00378
 1367   -0.00214    0.00039    0.00247
 1368   -0.00301    0.00117    0.00169
 1369   -0.00309   -0.00008    0.00491
 1370   -0.00334   -0.00020    0.00545
 1371   -0.00436   -0.00005    0.00632
 1372   -0.00502    0.00027    0.00614
 1373   -0.00457   -0.00023    0.00703
 1374   -0.00129   -0.00001    0.00227
 1375   -0.00125    0.00043    0.00100
 1376   -0.00158    0.00038    0.00169
 1377   -0.00095   -0.00029    0.00268
 1378    0.00011    0.00009   -0.00002
 1379    0.00063    0.00011   -0.00078
 1380    0.00201   -0.00023   -0.00187
 1381   -0.00035    0.00097   -0.00174
 1382   -0.00268    0.00108    0.00116
 1383   -0.00319    0.00104    0.00182
 1384   -0.00378    0.00177    0.00032
 1385   -0.00469    0.00260   -0.00059
 1386   -0.00428    0.00114    0.00294
 1387   -0.00481    0.00095    0.00365
 1388   -0.00522    0.00063    0.00475
 1389   -0.00477    0.00114    0.00311
 1390   -0.00331    0.00151   -0.00001
 1391   -0.00383    0.00214   -0.00140
 1392   -0.00529    0.00268   -0.00135
 1393   -0.00603    0.00330   -0.00272
 1394   -0.00555    0.00247    0.00020
 1395   -0.00653    0.00289    0.00039
 1396   -0.00748    0.00359   -0.00007
 1397   -0.00846    0.00414   -0.00040
 1398   -0.00673    0.00221    0.00210
 1399   -0.00610    0.00151    0.00278
 1400   -0.00585    0.00077    0.00432
 1401   -0.00691    0.00102    0.00406
 1402   -0.00760    0.00094    0.00448
 1403   -0.00725    0.00079    0.00493
 1404   -0.00798    0.00120    0.00412
 1405   -0.00712    0.00374   -0.00021
 1406   -0.00785    0.00442   -0.00076
 1407   -0.00817    0.00518   -0.00256
 1408   -0.00763    0.00516   -0.00359
 1409   -0.00734    0.00405   -0.00010
 1410   -0.00741    0.00340    0.00159
 1411   -0.00875    0.00400    0.00191
 1412   -0.00913    0.00466    0.00135
 1413   -0.00916    0.00612   -0.00315
 1414   -0.00967    0.00701   -0.00488
 1415   -0.00855    0.00658   -0.00541
 1416   -0.00808    0.00664   -0.00684
 1417   -0.01095    0.00800   -0.00505
 1418   -0.01039    0.00771   -0.00335
 1419   -0.00997    0.00656   -0.00226
 1420   -0.00806    0.00612   -0.00428
 1421   -0.00710    0.00561   -0.00459
 1422   -0.00604    0.00466   -0.00322
 1423   -0.00632    0.00431   -0.00190
 1424   -0.00759    0.00654   -0.00514
 1425   -0.00883    0.00716   -0.00427
 1426   -0.00881    0.00659   -0.00271
 1427   -0.00995    0.00835   -0.00483
 1428   -0.00997    0.00723   -0.00192
 1429   -0.01100    0.00913   -0.00399
 1430   -0.01106    0.00842   -0.00258
 1431   -0.00518    0.00424   -0.00360
 1432   -0.00437    0.00344   -0.00224
 1433   -0.00531    0.00360   -0.00118
 1434   -0.00627    0.00440   -0.00177
 1435   -0.00330    0.00315   -0.00322
 1436   -0.00312    0.00354   -0.00493
 1437   -0.00450    0.00442   -0.00518
 1438   -0.00519    0.00290    0.00033
 1439   -0.00613    0.00301    0.00136
 1440   -0.00540    0.00254    0.00167
 1441   -0.00433    0.00168    0.00232
 1442   -0.00655    0.00261    0.00286
 1443   -0.00759    0.00273    0.00390
 1444   -0.00710    0.00303    0.00258
 1445   -0.00603    0.00314    0.00118
 1446   -0.00545    0.00276    0.00142
 1447   -0.00600    0.00248    0.00307
 1448   -0.00741    0.00309    0.00345
 1449   -0.00584    0.00350    0.00018
 1450   -0.00488    0.00311    0.00013
 1451   -0.00447    0.00238    0.00132
 1452   -0.00458    0.00352   -0.00125
 1453   -0.00494    0.00153    0.00399
 1454   -0.00506    0.00108    0.00559
 1455   -0.00498    0.00093    0.00569
 1456   -0.00449    0.00035    0.00693
 1457   -0.00417    0.00013    0.00663
 1458   -0.00462    0.00023    0.00676
 1459   -0.00574    0.00055    0.00749
 1460   -0.00424    0.00010    0.00620
 1461   -0.00573    0.00049    0.00736
 1462   -0.00494    0.00029    0.00666
 1463   -0.00505    0.00145    0.00449
 1464   -0.00489    0.00140    0.00451
 1465   -0.00341    0.00052    0.00448
 1466   -0.00233    0.00008    0.00419
 1467   -0.00327    0.00034    0.00481
 1468   -0.00189   -0.00047    0.00479
 1469   -0.00108   -0.00137    0.00588
 1470   -0.00164   -0.00156    0.00715
 1471   -0.00211   -0.00047    0.00519
 1472    0.00028   -0.00194    0.00531
 1473    0.00113   -0.00278    0.00613
 1474    0.00264   -0.00343    0.00551
 1475    0.00311   -0.00318    0.00417
 1476    0.00096   -0.00273    0.00617
 1477    0.00174   -0.00357    0.00704
 1478    0.00325   -0.00420    0.00643
 1479    0.00473   -0.00487    0.00602
 1480    0.00550   -0.00535    0.00596
 1481    0.00495   -0.00532    0.00666
 1482    0.00508   -0.00548    0.00705
 1483    0.00662   -0.00618    0.00675
 1484    0.00689   -0.00564    0.00508
 1485    0.00771   -0.00603    0.00494
 1486    0.00793   -0.00679    0.00637
 1487    0.00806   -0.00690    0.00666
 1488    0.00901   -0.00620    0.00369
 1489    0.00888   -0.00541    0.00209
 1490    0.00917   -0.00533    0.00156
 1491    0.00837   -0.00467    0.00108
 1492    0.01015   -0.00587    0.00162
 1493    0.00808   -0.00724    0.00725
 1494    0.00856   -0.00784    0.00868
 1495    0.00734   -0.00764    0.00984
 1496    0.00705   -0.00815    0.01089
 1497    0.00940   -0.00832    0.00920
 1498    0.01094   -0.00890    0.00836
 1499    0.01130   -0.00887    0.00740
 1500    0.01178   -0.00935    0.00857
 1501    0.00603   -0.00704    0.00960
 1502    0.00474   -0.00686    0.01072
 1503    0.00398   -0.00629    0.01028
 1504    0.00273   -0.00588    0.01087
 1505    0.00372   -0.00640    0.01101
 1506    0.00329   -0.00558    0.00962
 1507    0.00434   -0.00698    0.01151
 1508    0.00483   -0.00620    0.00931
 1509    0.00433   -0.00570    0.00876
 1510    0.00362   -0.00586    0.01011
 1511    0.00259   -0.00530    0.01024
 1512    0.00537   -0.00580    0.00761
 1513    0.00488   -0.00529    0.00710
 1514    0.00430   -0.00443    0.00587
 1515    0.00588   -0.00567    0.00667
 1516    0.00412   -0.00659    0.01100
 1517    0.00335   -0.00678    0.01209
 1518    0.00231   -0.00666    0.01301
 1519    0.00164   -0.00638    0.01326
 1520    0.00397   -0.00746    0.01261
 1521    0.00492   -0.00762    0.01187
 1522    0.00543   -0.00847    0.01249
 1523    0.00457   -0.00745    0.01156
 1524    0.00228   -0.00697    0.01356
 1525    0.00134   -0.00685    0.01440
 1526    0.00051   -0.00579    0.01382
 1527   -0.00019   -0.00545    0.01434
 1528    0.00145   -0.00737    0.01491
 1529    0.00051   -0.00699    0.01576
 1530    0.00054   -0.00678    0.01555
 1531    0.00122   -0.00794    0.01621
 1532    0.00081   -0.00853    0.01799
 1533    0.00065   -0.00529    0.01263
 1534   -0.00025   -0.00440    0.01200
 1535   -0.00051   -0.00402    0.01168
 1536   -0.00141   -0.00338    0.01176
 1537    0.00000   -0.00393    0.01064
 1538    0.00014   -0.00409    0.01092
 1539    0.00059   -0.00395    0.00982
 1540   -0.00025   -0.00440    0.01225
 1541    0.00029   -0.00436    0.01128
 1542    0.00017   -0.00409    0.01096
 1543   -0.00021   -0.00429    0.01207
 1544   -0.00081   -0.00386    0.01201
 1545    0.00115   -0.00432    0.01015
 1546    0.00009   -0.00501    0.01304
 1547   -0.00018   -0.00529    0.01393
 1548   -0.00103   -0.00472    0.01430
 1549   -0.00137   -0.00456    0.01462
 1550    0.00036   -0.00621    0.01475
 1551   -0.00139   -0.00441    0.01432
 1552   -0.00231   -0.00381    0.01471
 1553   -0.00286   -0.00305    0.01412
 1554   -0.00349   -0.00272    0.01450
 1555   -0.00251   -0.00358    0.01467
 1556   -0.00348   -0.00303    0.01523
 1557   -0.00374   -0.00277    0.01511
 1558   -0.00451   -0.00230    0.01556
 1559   -0.00442   -0.00283    0.01682
 1560   -0.00267   -0.00286    0.01307
 1561   -0.00311   -0.00222    0.01241
 1562   -0.00286   -0.00249    0.01265
 1563   -0.00337   -0.00203    0.01261
 1564   -0.00325   -0.00192    0.01113
 1565   -0.00402   -0.00127    0.01028
 1566   -0.00343   -0.00161    0.01081
 1567   -0.00222   -0.00319    0.01289
 1568   -0.00173   -0.00348    0.01305
 1569   -0.00167   -0.00341    0.01362
 1570   -0.00174   -0.00346    0.01363
 1571   -0.00072   -0.00421    0.01313
 1572   -0.00053   -0.00420    0.01223
 1573   -0.00195   -0.00343    0.01430
 1574   -0.00227   -0.00338    0.01492
 1575   -0.00316   -0.00275    0.01491
 1576   -0.00356   -0.00267    0.01523
 1577   -0.00215   -0.00356    0.01567
 1578   -0.00161   -0.00452    0.01615
 1579   -0.00123   -0.00480    0.01722
 1580   -0.00196   -0.00472    0.01755
 1581   -0.00204   -0.00528    0.01760
 1582   -0.00115   -0.00578    0.01736
 1583   -0.00257   -0.00507    0.01793
 1584   -0.00380   -0.00235    0.01450
 1585   -0.00457   -0.00154    0.01435
 1586   -0.00437   -0.00161    0.01403
 1587   -0.00492   -0.00126    0.01413
 1588   -0.00483   -0.00098    0.01355
 1589   -0.00513   -0.00106    0.01393
 1590   -0.00565   -0.00052    0.01296
 1591   -0.00575   -0.00019    0.01185
 1592   -0.00642   -0.00025    0.01307
 1593   -0.00391   -0.00195    0.01355
 1594   -0.00403   -0.00216    0.01334
 1595   -0.00312   -0.00269    0.01356
 1596   -0.00343   -0.00263    0.01374
 1597   -0.00340   -0.00256    0.01270
 1598   -0.00366   -0.00219    0.01172
 1599   -0.00365   -0.00193    0.01129
 1600   -0.00403   -0.00204    0.01106
 1601   -0.00428   -0.00143    0.00997
 1602   -0.00448   -0.00153    0.00990
 1603   -0.00490   -0.00114    0.00926
 1604   -0.00244   -0.00304    0.01373
 1605   -0.00220   -0.00349    0.01399
 1606   -0.00306   -0.00273    0.01434
 1607   -0.00320   -0.00288    0.01436
 1608   -0.00143   -0.00435    0.01411
 1609   -0.00047   -0.00495    0.01397
 1610   -0.00034   -0.00509    0.01370
 1611   -0.00373   -0.00223    0.01485
 1612   -0.00444   -0.00192    0.01551
 1613   -0.00483   -0.00113    0.01543
 1614   -0.00523   -0.00082    0.01588
 1615   -0.00540   -0.00196    0.01648
 1616   -0.00485   -0.00255    0.01661
 1617   -0.00564   -0.00263    0.01760
 1618   -0.00606   -0.00242    0.01827
 1619   -0.00522   -0.00269    0.01718
 1620   -0.00531   -0.00075    0.01485
 1621   -0.00606   -0.00053    0.01425
 1622   -0.00498   -0.00068    0.01419
 1623   -0.00568   -0.00013    0.01387
 1624   -0.00631   -0.00058    0.01333
 1625   -0.00699    0.00020    0.01297
 1626   -0.00846    0.00038    0.01169
 1627   -0.00761   -0.00037    0.01145
 1628   -0.00681   -0.00042    0.01133
 1629   -0.00683   -0.00002    0.01160
 1630   -0.00592   -0.00074    0.01097
 1631   -0.00381   -0.00162    0.01426
 1632   -0.00345   -0.00216    0.01413
 1633   -0.00282   -0.00260    0.01395
 1634   -0.00212   -0.00375    0.01381
 1635   -0.00273   -0.00272    0.01388
 1636   -0.00320   -0.00245    0.01356
 1637   -0.00470   -0.00234    0.01347
 1638   -0.00647   -0.00213    0.01313
 1639   -0.00484   -0.00253    0.01368
 1640   -0.00389   -0.00196    0.01494
 1641   -0.00389   -0.00275    0.01492
 1642   -0.00145   -0.00476    0.01157
 1643   -0.00103   -0.00530    0.01141
 1644   -0.00453   -0.00176    0.01592
 1645   -0.00575   -0.00254    0.01799
 1646   -0.00646   -0.00126    0.01928
 1647   -0.00619   -0.00051    0.01894
 1648   -0.00800   -0.00096    0.02142
 1649   -0.00079   -0.00604    0.00922
 1650    0.00033   -0.00840    0.00711
 1651    0.00163   -0.00789    0.00890
 1652    0.00299   -0.00805    0.00845
 1653    0.00080   -0.00726    0.01049
 1654    0.00231   -0.00699    0.01091
 1655    0.00262   -0.00715    0.01149
 1656    0.00178   -0.00710    0.01202
 1657    0.00045   -0.00572    0.01253
 1658    0.00049   -0.00537    0.01289
 1659    0.00131   -0.00652    0.01219
 1660    0.00385   -0.00708    0.01135
 1661    0.00079   -0.00652    0.01189
 1662    0.00337   -0.00743    0.01140
 1663    0.00329   -0.00728    0.01158
 1664    0.00271   -0.00669    0.01238
 1665    0.00214   -0.00655    0.01256
 1666    0.00421   -0.00737    0.00992
 1667    0.00386   -0.00736    0.00955
 1668    0.00530   -0.00780    0.00824
 1669    0.00261   -0.00653    0.01283
 1670    0.00179   -0.00651    0.01376
 1671    0.00101   -0.00607    0.01417
 1672    0.00069   -0.00592    0.01428
 1673    0.00204   -0.00645    0.01448
 1674    0.00365   -0.00738    0.01371
 1675    0.00446   -0.00756    0.01283
 1676    0.00552   -0.00858    0.01210
 1677    0.00766   -0.01036    0.00939
 1678    0.00722   -0.00983    0.00821
 1679    0.00899   -0.01188    0.00747
 1680    0.00099   -0.00609    0.01399
 1681    0.00095   -0.00592    0.01397
 1682    0.00085   -0.00602    0.01435
 1683    0.00109   -0.00608    0.01433
 1684    0.00078   -0.00572    0.01375
 1685    0.00032   -0.00524    0.01351
 1686    0.00023   -0.00524    0.01340
 1687   -0.00018   -0.00467    0.01325
 1688   -0.00019   -0.00476    0.01329
 1689   -0.00083   -0.00419    0.01310
 1690   -0.00081   -0.00417    0.01328
 1691    0.00080   -0.00588    0.01440
 1692    0.00086   -0.00581    0.01457
 1693    0.00092   -0.00572    0.01415
 1694    0.00100   -0.00538    0.01342
 1695    0.00081   -0.00565    0.01496
 1696    0.00082   -0.00566    0.01546
 1697    0.00105   -0.00601    0.01449
 1698    0.00135   -0.00608    0.01392
 1699    0.00172   -0.00605    0.01395
 1700    0.00180   -0.00643    0.01440
 1701    0.00137   -0.00599    0.01399
 1702    0.00275   -0.00586    0.01287
 1703    0.00380   -0.00613    0.01259
 1704    0.00429   -0.00620    0.01157
 1705    0.00391   -0.00585    0.01071
 1706    0.00417   -0.00605    0.01228
 1707    0.00375   -0.00613    0.01350
 1708    0.00399   -0.00563    0.01141
 1709    0.00527   -0.00685    0.01136
 1710    0.00596   -0.00703    0.01032
 1711    0.00753   -0.00708    0.00944
 1712    0.00852   -0.00760    0.00977
 1713    0.00629   -0.00774    0.01096
 1714    0.00792   -0.00671    0.00800
 1715    0.00982   -0.00704    0.00692
 1716    0.01061   -0.00756    0.00682
 1717    0.01014   -0.00741    0.00655
 1718    0.00973   -0.00647    0.00537
 1719    0.01129   -0.00648    0.00397
 1720    0.01203   -0.00656    0.00417
 1721    0.01096   -0.00580    0.00259
 1722    0.01190   -0.00818    0.00722
 1723    0.01283   -0.00875    0.00754
 1724    0.01473   -0.00938    0.00713
 1725    0.01549   -0.00952    0.00723
 1726    0.01187   -0.00919    0.00908
 1727    0.01176   -0.00954    0.01030
 1728    0.01555   -0.00958    0.00662
 1729    0.01769   -0.01010    0.00621
 1730    0.01849   -0.01106    0.00771
 1731    0.01803   -0.01140    0.00819
 1732    0.01822   -0.00974    0.00481
 1733    0.02021   -0.01002    0.00373
 1734    0.02049   -0.00940    0.00231
 1735    0.02261   -0.00963    0.00117
 1736    0.02272   -0.00894   -0.00037
 1737    0.01954   -0.01159    0.00820
 1738    0.02068   -0.01261    0.00971
 1739    0.02254   -0.01333    0.00943
 1740    0.02322   -0.01404    0.01050
 1741    0.02138   -0.01300    0.01040
 1742    0.02353   -0.01281    0.00779
 1743    0.02541   -0.01319    0.00711
 1744    0.02800   -0.01444    0.00828
 1745    0.02995   -0.01485    0.00757
 1746    0.02474   -0.01312    0.00710
 1747    0.02793   -0.01511    0.00986
 1748   -0.00411    0.01596   -0.04976
 1749   -0.00479    0.01613   -0.04827
 1750   -0.00290    0.01399   -0.04430
 1751   -0.00218    0.01282   -0.04194
 1752   -0.00869    0.01815   -0.04724
 1753   -0.01074    0.01826   -0.04392
 1754   -0.01514    0.02047   -0.04270
 1755   -0.01690    0.02280   -0.04780
 1756   -0.00207    0.01340   -0.04371
 1757   -0.00008    0.01126   -0.04038
 1758   -0.00249    0.01165   -0.03680
 1759   -0.00412    0.01279   -0.03726
 1760    0.00282    0.01020   -0.04243
 1761    0.00541    0.00784   -0.03946
 1762    0.00902    0.00663   -0.04201
 1763    0.01036    0.00688   -0.04553
 1764    0.01006    0.00541   -0.04005
 1765   -0.00241    0.01029   -0.03291
 1766   -0.00422    0.01019   -0.02893
 1767   -0.00184    0.00751   -0.02534
 1768    0.00112    0.00585   -0.02567
 1769   -0.00730    0.01145   -0.02696
 1770   -0.00592    0.00999   -0.02520
 1771   -0.01002    0.01411   -0.03025
 1772   -0.00815    0.01049   -0.02236
 1773   -0.00294    0.00719   -0.02219
 1774   -0.00074    0.00470   -0.01879
 1775   -0.00148    0.00401   -0.01421
 1776   -0.00434    0.00558   -0.01343
 1777   -0.00018    0.00479   -0.01878
 1778    0.00110    0.00536   -0.02316
 1779    0.00470    0.00393   -0.02472
 1780   -0.00061    0.00739   -0.02623
 1781    0.00625    0.00442   -0.02896
 1782    0.00072    0.00825   -0.03042
 1783    0.00417    0.00658   -0.03171
 1784    0.00035    0.00188   -0.01150
 1785   -0.00051    0.00128   -0.00752
 1786    0.00098   -0.00038   -0.00462
 1787    0.00342   -0.00171   -0.00423
 1788    0.00010    0.00061   -0.00748
 1789   -0.00029   -0.00019   -0.00343
 1790   -0.00143    0.00260   -0.01037
 1791   -0.00056    0.00005   -0.00232
 1792    0.00063   -0.00110    0.00091
 1793    0.00064   -0.00216    0.00448
 1794   -0.00077   -0.00147    0.00496
 1795   -0.00015   -0.00068    0.00173
 1796    0.00139   -0.00143    0.00310
 1797    0.00140   -0.00124    0.00288
 1798    0.00060   -0.00242    0.00590
 1799    0.00072   -0.00238    0.00540
 1800    0.00233   -0.00333    0.00576
 1801    0.00205   -0.00419    0.00845
 1802    0.00183   -0.00476    0.01063
 1803    0.00227   -0.00466    0.01042
 1804    0.00287   -0.00499    0.00816
 1805    0.00384   -0.00548    0.00855
 1806    0.00314   -0.00476    0.00564
 1807    0.00152   -0.00535    0.01210
 1808    0.00143   -0.00594    0.01344
 1809    0.00188   -0.00632    0.01386
 1810    0.00158   -0.00676    0.01474
 1811    0.00100   -0.00617    0.01413
 1812    0.00085   -0.00647    0.01473
 1813    0.00053   -0.00695    0.01501
 1814    0.00088   -0.00621    0.01464
 1815    0.00268   -0.00636    0.01325
 1816    0.00238   -0.00688    0.01354
 1817    0.00323   -0.00657    0.01328
 1818    0.00278   -0.00625    0.01380
 1819    0.00243   -0.00706    0.01274
 1820    0.00403   -0.00660    0.01132
 1821    0.00139   -0.00664    0.01303
 1822    0.00423   -0.00584    0.01229
 1823    0.00477   -0.00504    0.01102
 1824    0.00632   -0.00426    0.00844
 1825    0.00821   -0.00397    0.00658
 1826    0.00678   -0.00431    0.00682
 1827    0.00806   -0.00370    0.00370
 1828    0.00763   -0.00345    0.00075
 1829    0.00550   -0.00345    0.00165
 1830    0.00858   -0.00455    0.00401
 1831    0.00866   -0.00442    0.00133
 1832    0.00820   -0.00600    0.00180
 1833    0.00969   -0.00678   -0.00146
 1834    0.00867   -0.00700   -0.00154
 1835    0.00883   -0.00300   -0.00308
 1836    0.00784   -0.00228   -0.00599
 1837    0.00920   -0.00290   -0.00921
 1838    0.01188   -0.00354   -0.01171
 1839    0.00768   -0.00100   -0.00789
 1840    0.00677   -0.00128   -0.00446
 1841    0.00531    0.00068   -0.01090
 1842    0.00787   -0.00296   -0.00921
 1843    0.00916   -0.00355   -0.01200
 1844    0.00808   -0.00171   -0.01593
 1845    0.00549   -0.00001   -0.01577
 1846    0.00791   -0.00381   -0.00957
 1847    0.00796   -0.00514   -0.00555
 1848    0.00886   -0.00451   -0.01169
 1849    0.00572   -0.00466   -0.00320
 1850    0.00974   -0.00138   -0.01981
 1851    0.00953    0.00075   -0.02463
 1852    0.00949    0.00099   -0.02571
 1853    0.01154    0.00008   -0.02567
 1854    0.01285    0.00046   -0.02862
 1855    0.01255    0.00005   -0.02793
 1856    0.01172    0.00224   -0.03304
 1857    0.00636    0.00295   -0.02623
 1858    0.00536    0.00379   -0.02712
 1859    0.00427    0.00590   -0.03165
 1860    0.00237    0.00749   -0.03314
 1861    0.00255    0.00441   -0.02373
 1862    0.00296    0.00247   -0.01892
 1863    0.00019    0.00378   -0.01695
 1864    0.00519    0.00042   -0.01829
 1865    0.00526    0.00575   -0.03406
 1866    0.00417    0.00794   -0.03860
 1867    0.00201    0.00892   -0.03811
 1868    0.00278    0.00802   -0.03676
 1869    0.00755    0.00687   -0.04169
 1870    0.01034    0.00529   -0.04217
 1871    0.00995    0.00648   -0.04470
 1872    0.00972    0.00629   -0.04255
 1873    0.00985    0.00784   -0.04891
 1874   -0.00125    0.01108   -0.03896
 1875   -0.00425    0.01247   -0.03790
 1876   -0.00669    0.01488   -0.04125
 1877   -0.00616    0.01556   -0.04453
 1878   -0.00635    0.01264   -0.03375
 1879   -0.00427    0.01034   -0.02966
 1880   -0.00746    0.01346   -0.03374
 1881   -0.00940    0.01611   -0.04052
 1882   -0.01239    0.01857   -0.04314
 1883   -0.01566    0.02003   -0.04045
 1884   -0.01559    0.01898   -0.03683
 1885   -0.01187    0.01904   -0.04611
 1886   -0.00964    0.01877   -0.05051
 1887   -0.00849    0.01882   -0.05304
 1888   -0.00639    0.01727   -0.05139
 1889   -0.00941    0.02016   -0.05747
 1890   -0.01859    0.02220   -0.04220
 1891   -0.02185    0.02374   -0.03983
 1892   -0.02288    0.02392   -0.03827
 1893   -0.02495    0.02461   -0.03526
 1894   -0.02438    0.02612   -0.04296
 1895   -0.02228    0.02546   -0.04604
 1896   -0.01878    0.02348   -0.04641
 1897   -0.02133    0.02335   -0.04023
 1898   -0.02197    0.02353   -0.03900
 1899   -0.02045    0.02153   -0.03475
 1900   -0.02152    0.02178   -0.03267
 1901   -0.02038    0.02352   -0.04276
 1902   -0.02176    0.02541   -0.04686
 1903   -0.01777    0.01956   -0.03360
 1904   -0.01589    0.01732   -0.02991
 1905   -0.01822    0.01760   -0.02583
 1906   -0.01981    0.01864   -0.02533
 1907   -0.01275    0.01515   -0.02997
 1908   -0.01021    0.01459   -0.03381
 1909   -0.01077    0.01579   -0.03646
 1910   -0.00764    0.01311   -0.03414
 1911   -0.01812    0.01685   -0.02295
 1912   -0.01963    0.01689   -0.01880
 1913   -0.01703    0.01484   -0.01600
 1914   -0.01408    0.01312   -0.01688
 1915   -0.02013    0.01670   -0.01665
 1916   -0.01695    0.01442   -0.01627
 1917   -0.02278    0.01898   -0.01880
 1918   -0.01874    0.01504   -0.01292
 1919   -0.01690    0.01305   -0.00990
 1920   -0.01394    0.01062   -0.00813
 1921   -0.01076    0.00866   -0.00734
 1922   -0.01915    0.01373   -0.00688
 1923   -0.02207    0.01608   -0.00861
 1924   -0.01676    0.01131   -0.00415
 1925   -0.02070    0.01597   -0.01149
 1926   -0.01479    0.01093   -0.00765
 1927   -0.01218    0.00882   -0.00629
 1928   -0.00938    0.00753   -0.00901
 1929   -0.00657    0.00524   -0.00749
 1930   -0.01400    0.00975   -0.00566
 1931   -0.01161    0.00776   -0.00360
 1932   -0.01285    0.00866   -0.00408
 1933   -0.01268    0.00792   -0.00110
 1934   -0.01417    0.01017   -0.00717
 1935   -0.00992    0.00889   -0.01303
 1936   -0.00740    0.00770   -0.01598
 1937   -0.00545    0.00679   -0.01553
 1938   -0.00294    0.00500   -0.01623
 1939   -0.00895    0.00989   -0.02040
 1940   -0.01004    0.01066   -0.02088
 1941   -0.00867    0.00919   -0.01903
 1942   -0.01260    0.01311   -0.02337
 1943   -0.00710    0.00784   -0.01495
 1944   -0.00557    0.00694   -0.01456
 1945   -0.00307    0.00450   -0.01096
 1946   -0.00082    0.00291   -0.01155
 1947   -0.00806    0.00867   -0.01443
 1948   -0.00642    0.00725   -0.01321
 1949   -0.00999    0.01095   -0.01865
 1950   -0.00395    0.00421   -0.00762
 1951   -0.00224    0.00218   -0.00430
 1952    0.00008    0.00037   -0.00485
 1953    0.00179   -0.00169   -0.00351
 1954   -0.00391    0.00232   -0.00109
 1955   -0.00572    0.00283    0.00011
 1956   -0.00760    0.00335    0.00304
 1957   -0.00964    0.00410    0.00420
 1958   -0.01159    0.00492    0.00703
 1959   -0.00030    0.00102   -0.00699
 1960    0.00199   -0.00080   -0.00803
 1961    0.00360   -0.00189   -0.01036
 1962    0.00550   -0.00411   -0.01014
 1963    0.00093    0.00005   -0.00982
 1964    0.00314   -0.00037   -0.01298
 1965    0.00442   -0.00113   -0.01522
 1966    0.00559   -0.00260   -0.01294
 1967    0.00726   -0.00398   -0.01421
 1968    0.00360    0.00139   -0.01842
 1969    0.00238    0.00289   -0.02182
 1970    0.00051    0.00549   -0.02497
 1971   -0.00012    0.00715   -0.02904
 1972    0.00277    0.00660   -0.03267
 1973    0.00431   -0.00216   -0.00991
 1974    0.00544   -0.00353   -0.00763
 1975    0.00708   -0.00569   -0.00592
 1976    0.00810   -0.00718   -0.00542
 1977    0.00336   -0.00275   -0.00501
 1978    0.00246   -0.00111   -0.00654
 1979    0.00443   -0.00444   -0.00178
 1980    0.00011    0.00007   -0.00457
 1981    0.00659   -0.00587   -0.00483
 1982    0.00796   -0.00780   -0.00327
 1983    0.01000   -0.00916   -0.00566
 1984    0.01137   -0.01101   -0.00464
 1985    0.00725   -0.00750   -0.00223
 1986    0.00879   -0.00925   -0.00007
 1987    0.00857   -0.00903    0.00030
 1988    0.00701   -0.00779    0.00157
 1989    0.01032   -0.01048   -0.00063
 1990    0.00984   -0.00845   -0.00880
 1991    0.01201   -0.00943   -0.01172
 1992    0.01308   -0.01006   -0.01231
 1993    0.01532   -0.01170   -0.01351
 1994    0.01155   -0.00839   -0.01511
 1995    0.01088   -0.00801   -0.01454
 1996    0.01052   -0.00726   -0.01736
 1997    0.01060   -0.00857   -0.01145
 1998    0.01169   -0.00895   -0.01164
 1999    0.01256   -0.00942   -0.01232
 2000    0.01300   -0.01030   -0.00910
 2001    0.01464   -0.01139   -0.00916
 2002    0.01124   -0.00754   -0.01279
 2003    0.01198   -0.00667   -0.01694
 2004    0.01366   -0.00745   -0.01824
 2005    0.01568   -0.00659   -0.02313
 2006    0.01437   -0.00387   -0.02493
 2007    0.01182   -0.00988   -0.00590
 2008    0.01105   -0.01040   -0.00272
 2009    0.01093   -0.01178   -0.00040
 2010    0.01103   -0.01284    0.00070
 2011    0.00814   -0.00911    0.00036
 2012    0.00810   -0.00805   -0.00129
 2013    0.00878   -0.00861   -0.00196
 2014    0.00792   -0.00859    0.00090
 2015    0.01037   -0.00872   -0.00547
 2016    0.01194   -0.01187   -0.00071
 2017    0.01231   -0.01335    0.00141
 2018    0.01060   -0.01227    0.00420
 2019    0.01031   -0.01282    0.00657
 2020    0.00890   -0.01066    0.00479
 2021    0.00720   -0.00953    0.00720
 2022    0.00645   -0.00852    0.00724
 2023    0.00554   -0.00761    0.00505
 2024    0.00562   -0.00820    0.00775
 2025    0.00569   -0.00875    0.00832
 2026    0.00394   -0.00709    0.01032
 2027    0.00442   -0.00769    0.00818
 2028    0.00601   -0.00867    0.00946
 2029    0.00481   -0.00738    0.01012
 2030    0.00285   -0.00576    0.00995
 2031    0.00230   -0.00541    0.01113
 2032    0.00429   -0.00802    0.01304
 2033    0.00425   -0.00839    0.01439
 2034    0.00554   -0.00892    0.01243
 2035    0.00185   -0.00447    0.00847
 2036   -0.00025   -0.00242    0.00818
 2037   -0.00131   -0.00209    0.01115
 2038   -0.00281   -0.00107    0.01100
 2039   -0.00111   -0.00125    0.00648
 2040    0.00111   -0.00273    0.00447
 2041    0.00264   -0.00481    0.00691
 2042   -0.00035   -0.00303    0.01340
 2043   -0.00033   -0.00295    0.01575
 2044   -0.00028   -0.00372    0.01648
 2045   -0.00079   -0.00330    0.01731
 2046    0.00096   -0.00434    0.01782
 2047    0.00082   -0.00401    0.01793
 2048   -0.00107   -0.00234    0.01646
 2049    0.00152   -0.00495    0.01945
 2050    0.00042   -0.00457    0.01570
 2051    0.00059   -0.00500    0.01618
 2052   -0.00013   -0.00426    0.01497
 2053   -0.00021   -0.00432    0.01539
 2054    0.00167   -0.00587    0.01595
 2055    0.00206   -0.00661    0.01702
 2056    0.00263   -0.00750    0.01671
 2057    0.00319   -0.00769    0.01569
 2058    0.00265   -0.00808    0.01747
 2059   -0.00081   -0.00330    0.01321
 2060   -0.00175   -0.00243    0.01135
 2061   -0.00359   -0.00115    0.01146
 2062   -0.00524   -0.00020    0.01206
 2063   -0.00171   -0.00198    0.00818
 2064    0.00042   -0.00338    0.00734
 2065    0.00104   -0.00279    0.00397
 2066   -0.00001   -0.00148    0.00181
 2067    0.00241   -0.00385    0.00315
 2068   -0.00418   -0.00099    0.01157
 2069   -0.00634    0.00052    0.01165
 2070   -0.00704    0.00123    0.00903
 2071   -0.00537    0.00014    0.00931
 2072   -0.00616    0.00022    0.01447
 2073   -0.00458   -0.00014    0.01577
 2074   -0.00676    0.00142    0.01612
 2075   -0.00528    0.00074    0.01772
 2076   -0.00313   -0.00087    0.01678
 2077   -0.00315   -0.00093    0.01608
 2078   -0.00202   -0.00128    0.01780
 2079   -0.00928    0.00295    0.00628
 2080   -0.01074    0.00440    0.00345
 2081   -0.01358    0.00594    0.00382
 2082   -0.01655    0.00751    0.00418
 2083   -0.01076    0.00544   -0.00008
 2084   -0.00792    0.00424   -0.00108
 2085   -0.00861    0.00584   -0.00418
 2086   -0.00573    0.00292   -0.00171
 2087   -0.01318    0.00586    0.00371
 2088   -0.01611    0.00729    0.00414
 2089   -0.01706    0.00871    0.00089
 2090   -0.01468    0.00794   -0.00025
 2091   -0.01471    0.00527    0.00724
 2092   -0.01129    0.00346    0.01048
 2093   -0.01791    0.00690    0.00784
 2094   -0.01323    0.00479    0.01177
 2095   -0.02056    0.01124   -0.00082
 2096   -0.02203    0.01284   -0.00378
 2097   -0.02607    0.01440   -0.00253
 2098   -0.02848    0.01575   -0.00164
 2099   -0.02287    0.01436   -0.00727
 2100   -0.02380    0.01553   -0.01065
 2101   -0.02142    0.01434   -0.01222
 2102   -0.02725    0.01848   -0.01244
 2103   -0.02219    0.01613   -0.01529
 2104   -0.02814    0.02002   -0.01524
 2105   -0.02583    0.01878   -0.01673
 2106   -0.02567    0.01431   -0.00276
 2107   -0.02925    0.01545   -0.00148
 2108   -0.03055    0.01584    0.00174
 2109   -0.03413    0.01791    0.00206
 2110   -0.03187    0.01857   -0.00498
 2111   -0.02727    0.01377    0.00459
 2112   -0.02793    0.01391    0.00862
 2113   -0.03159    0.01354    0.00991
 2114   -0.03386    0.01370    0.01328
 2115   -0.03047    0.01387    0.00711
 2116   -0.03212    0.01454    0.00727
 2117   -0.02892    0.01302    0.00702
 2118   -0.02620    0.01264    0.00431
 2119   -0.03466    0.01696    0.00383
 2120   -0.03662    0.01846    0.00409
 2121   -0.03961    0.02209    0.00102
 2122   -0.04254    0.02407    0.00201
 2123   -0.04496    0.02724   -0.00154
 2124   -0.02784    0.01221    0.00844
 2125   -0.02515    0.01101    0.00843
 2126   -0.02691    0.01314    0.00570
 2127   -0.03049    0.01544    0.00561
 2128   -0.02460    0.01028    0.01094
 2129   -0.02099    0.00857    0.01285
 2130   -0.01643    0.00661    0.01487
 2131   -0.01813    0.00681    0.01482
 2132   -0.01003    0.00405    0.01720
 2133   -0.02404    0.01239    0.00334
 2134   -0.02514    0.01451    0.00026
 2135   -0.02473    0.01405    0.00152
 2136   -0.02190    0.01160    0.00314
 2137   -0.02277    0.01415   -0.00290
 2138   -0.02289    0.01424   -0.00432
 2139   -0.01991    0.01332   -0.00709
 2140   -0.02687    0.01724   -0.00606
 2141   -0.02811    0.01670    0.00138
 2142   -0.02869    0.01676    0.00332
 2143   -0.02755    0.01678    0.00120
 2144   -0.02820    0.01816   -0.00245
 2145   -0.03329    0.01910    0.00489
 2146   -0.03403    0.01888    0.00790
 2147   -0.03255    0.01761    0.01118
 2148   -0.03263    0.01659    0.01211
 2149   -0.03202    0.01704    0.01392
 2150   -0.02589    0.01503    0.00281
 2151   -0.02462    0.01457    0.00073
 2152   -0.02731    0.01724   -0.00109
 2153   -0.03028    0.01853    0.00089
 2154   -0.02261    0.01261    0.00337
 2155   -0.01779    0.01066    0.00491
 2156   -0.01598    0.00937    0.00334
 2157   -0.01688    0.00997    0.00822
 2158   -0.02615    0.01768   -0.00475
 2159   -0.02862    0.01985   -0.00685
 2160   -0.03026    0.02186   -0.01011
 2161   -0.03113    0.02313   -0.01335
 2162   -0.03107    0.02204   -0.00913
 2163   -0.03241    0.02372   -0.01198
 2164   -0.02957    0.02257   -0.01489
 2165   -0.02656    0.02032   -0.01376
 2166   -0.03405    0.02407   -0.00962
 2167   -0.03754    0.02545   -0.00691
 2168   -0.04098    0.02811   -0.00869
 2169   -0.04469    0.02948   -0.00606
 2170   -0.04605    0.02928   -0.00263
 2171   -0.04974    0.03075   -0.00028
 2172   -0.04418    0.02773   -0.00143
 2173   -0.03032    0.02417   -0.01885
 2174   -0.02792    0.02329   -0.02197
 2175   -0.02769    0.02315   -0.02230
 2176   -0.02980    0.02401   -0.02044
 2177   -0.02891    0.02485   -0.02623
 2178   -0.03235    0.02729   -0.02726
 2179   -0.02859    0.02462   -0.02611
 2180   -0.02521    0.02203   -0.02453
 2181   -0.02492    0.02190   -0.02519
 2182   -0.02784    0.02438   -0.02766
 2183   -0.02901    0.02486   -0.02692
 2184   -0.02139    0.02034   -0.02758
 2185   -0.01810    0.01769   -0.02518
 2186   -0.01524    0.01646   -0.02792
 2187   -0.01758    0.01628   -0.02182
 2188   -0.02920    0.02595   -0.03033
 2189   -0.03237    0.02843   -0.03260
 2190   -0.03582    0.02976   -0.02967
 2191   -0.03833    0.03137   -0.03038
 2192   -0.03290    0.02964   -0.03578
 2193   -0.03595    0.03214   -0.03822
 2194   -0.03608    0.02920   -0.02626
 2195   -0.03928    0.03036   -0.02323
 2196   -0.03958    0.03003   -0.02111
 2197   -0.04254    0.03132   -0.01891
 2198   -0.03882    0.02947   -0.02014
 2199   -0.04045    0.03087   -0.02164
 2200   -0.03920    0.02979   -0.02004
 2201   -0.04250    0.03289   -0.02472
 2202   -0.03675    0.02834   -0.02171
 2203   -0.03679    0.02784   -0.01984
 2204   -0.03627    0.02828   -0.02300
 2205   -0.03588    0.02766   -0.02199
 2206   -0.03364    0.02491   -0.01681
 2207   -0.03418    0.02444   -0.01348
 2208   -0.03207    0.02325   -0.01308
 2209   -0.03700    0.02511   -0.01045
 2210   -0.03255    0.02281   -0.00985
 2211   -0.03755    0.02474   -0.00738
 2212   -0.03536    0.02362   -0.00706
 2213   -0.03591    0.02318   -0.00373
 2214   -0.03674    0.02943   -0.02677
 2215   -0.03617    0.02987   -0.03028
 2216   -0.03237    0.02757   -0.03011
 2217   -0.03223    0.02777   -0.03116
 2218   -0.03978    0.03202   -0.03070
 2219   -0.04409    0.03464   -0.03192
 2220   -0.04391    0.03471   -0.03226
 2221   -0.04846    0.03660   -0.03218
 2222   -0.02963    0.02545   -0.02863
 2223   -0.02619    0.02318   -0.02811
 2224   -0.02442    0.02332   -0.03223
 2225   -0.02396    0.02362   -0.03460
 2226   -0.02372    0.02098   -0.02507
 2227   -0.02470    0.02049   -0.02049
 2228   -0.01992    0.01876   -0.02555
 2229   -0.02344    0.01873   -0.01785
 2230   -0.02354    0.02307   -0.03287
 2231   -0.02214    0.02332   -0.03700
 2232   -0.01827    0.02094   -0.03709
 2233   -0.01669    0.01907   -0.03391
 2234   -0.02392    0.02455   -0.03817
 2235   -0.02827    0.02690   -0.03837
 2236   -0.03020    0.02886   -0.04243
 2237   -0.03150    0.02920   -0.04644
 2238   -0.03122    0.02952   -0.04210
 2239   -0.01699    0.02113   -0.04068
 2240   -0.01337    0.01923   -0.04115
 2241   -0.01215    0.01812   -0.03901
 2242   -0.01447    0.01946   -0.03900
 2243   -0.01171    0.01972   -0.04593
 2244   -0.01342    0.02167   -0.04906
 2245   -0.01208    0.02252   -0.05414
 2246   -0.00834    0.02072   -0.05556
 2247   -0.00851    0.02077   -0.05606
 2248   -0.00876    0.01574   -0.03730
 2249   -0.00740    0.01418   -0.03519
 2250   -0.00962    0.01395   -0.03079
 2251   -0.00889    0.01286   -0.02880
 2252   -0.00732    0.01501   -0.03822
 2253   -0.00336    0.01355   -0.04066
 2254   -0.00305    0.01457   -0.04475
 2255   -0.00499    0.01648   -0.04792
 2256   -0.00100    0.01336   -0.04489
 2257   -0.01198    0.01492   -0.02964
 2258   -0.01382    0.01474   -0.02540
 2259   -0.01136    0.01254   -0.02147
 2260   -0.00928    0.01151   -0.02218
 2261   -0.01738    0.01695   -0.02499
 2262   -0.01718    0.01727   -0.02611
 2263   -0.01170    0.01120   -0.01756
 2264   -0.00966    0.00868   -0.01383
 2265   -0.01152    0.00853   -0.01103
 2266   -0.01386    0.00932   -0.00974
 2267   -0.00848    0.00733   -0.01156
 2268   -0.00664    0.00705   -0.01428
 2269   -0.00562    0.00510   -0.00811
 2270   -0.00971    0.00737   -0.00981
 2271   -0.01039    0.00686   -0.00680
 2272   -0.00770    0.00471   -0.00302
 2273   -0.00527    0.00321   -0.00308
 2274   -0.00993    0.00715   -0.00754
 2275   -0.01121    0.00920   -0.01137
 2276   -0.01056    0.00898   -0.01148
 2277   -0.01468    0.01158   -0.01228
 2278   -0.00862    0.00420   -0.00017
 2279   -0.00646    0.00217    0.00323
 2280   -0.00562    0.00137    0.00460
 2281   -0.00762    0.00254    0.00435
 2282   -0.00773    0.00193    0.00548
 2283   -0.00745    0.00189    0.00462
 2284   -0.00514   -0.00033    0.00692
 2285   -0.00909    0.00360    0.00236
 2286   -0.00485   -0.00031    0.00593
 2287   -0.00721    0.00224    0.00297
 2288   -0.00361   -0.00029    0.00575
 2289   -0.00290   -0.00122    0.00705
 2290   -0.00182   -0.00284    0.01057
 2291   -0.00091   -0.00360    0.01126
 2292   -0.00104   -0.00212    0.00568
 2293   -0.00017   -0.00316    0.00665
 2294   -0.00110   -0.00246    0.00667
 2295    0.00158   -0.00392    0.00488
 2296   -0.00257   -0.00244    0.01195
 2297   -0.00200   -0.00333    0.01409
 2298   -0.00138   -0.00384    0.01443
 2299   -0.00183   -0.00313    0.01401
 2300   -0.00298   -0.00304    0.01531
 2301   -0.00164   -0.00455    0.01675
 2302   -0.00372   -0.00288    0.01521
 2303   -0.00014   -0.00474    0.01511
 2304    0.00054   -0.00493    0.01557
 2305    0.00049   -0.00496    0.01658
 2306    0.00046   -0.00520    0.01643
 2307    0.00114   -0.00558    0.01502
 2308    0.00141   -0.00575    0.01330
 2309    0.00191   -0.00619    0.01311
 2310    0.00144   -0.00548    0.01207
 2311    0.00053   -0.00477    0.01714
 2312    0.00060   -0.00478    0.01774
 2313    0.00090   -0.00501    0.01766
 2314    0.00110   -0.00524    0.01813
 2315    0.00052   -0.00434    0.01814
 2316   -0.00023   -0.00368    0.01810
 2317    0.00046   -0.00417    0.01841
 2318    0.00021   -0.00396    0.01868
 2319   -0.00034   -0.00484    0.01816
 2320   -0.00049   -0.00537    0.01785
 2321   -0.00150   -0.00431    0.01821
 2322    0.00099   -0.00527    0.01710
 2323    0.00099   -0.00555    0.01664
 2324    0.00103   -0.00529    0.01614
 2325    0.00137   -0.00500    0.01579
 2326    0.00089   -0.00580    0.01582
 2327    0.00143   -0.00602    0.01601
 2328    0.00127   -0.00595    0.01543
 2329    0.00215   -0.00663    0.01625
 2330    0.00071   -0.00519    0.01590
 2331    0.00076   -0.00479    0.01535
 2332    0.00003   -0.00458    0.01450
 2333   -0.00047   -0.00471    0.01447
 2334    0.00074   -0.00501    0.01590
 2335    0.00149   -0.00506    0.01676
 2336    0.00134   -0.00544    0.01765
 2337    0.00114   -0.00536    0.01733
 2338    0.00083   -0.00559    0.01806
 2339    0.00092   -0.00628    0.01914
 2340    0.00069   -0.00562    0.01754
 2341    0.00022   -0.00421    0.01345
 2342   -0.00032   -0.00385    0.01240
 2343   -0.00037   -0.00340    0.01148
 2344    0.00038   -0.00343    0.01111
