    1   -0.00574    0.01903   -0.00493
    2   -0.00644    0.02159   -0.00705
    3   -0.00373    0.01876   -0.00342
    4   -0.00392    0.01545   -0.00211
    5   -0.01272    0.02190   -0.01206
    6   -0.01382    0.02581   -0.01567
    7   -0.03175    0.02915   -0.02861
    8   -0.03231    0.03532   -0.03000
    9   -0.00236    0.02188   -0.00392
   10   -0.00100    0.02021   -0.00127
   11   -0.00197    0.01815   -0.00128
   12   -0.00349    0.01960   -0.00328
   13    0.00028    0.02341   -0.00063
   14    0.00070    0.02852   -0.00357
   15    0.00544    0.03317   -0.00361
   16    0.00774    0.03549   -0.00245
   17    0.00631    0.03376   -0.00290
   18   -0.00109    0.01595    0.00038
   19   -0.00194    0.01466    0.00004
   20   -0.00155    0.01634    0.00006
   21   -0.00041    0.01817    0.00022
   22   -0.00161    0.01246    0.00137
   23   -0.00264    0.01112    0.00127
   24   -0.00144    0.01037    0.00305
   25   -0.00495    0.01063   -0.00024
   26   -0.00204    0.01522   -0.00007
   27   -0.00106    0.01497    0.00004
   28    0.00002    0.01426    0.00127
   29   -0.00009    0.01368    0.00226
   30   -0.00214    0.01422   -0.00014
   31   -0.00336    0.01564   -0.00093
   32   -0.00378    0.01493   -0.00080
   33   -0.00560    0.01589   -0.00150
   34   -0.00579    0.01686   -0.00219
   35    0.00029    0.01431    0.00105
   36    0.00056    0.01326    0.00241
   37   -0.00049    0.01302    0.00186
   38   -0.00176    0.01303    0.00091
   39    0.00029    0.01189    0.00182
   40    0.00067    0.01232    0.00097
   41    0.00076    0.01414    0.00014
   42   -0.00015    0.01192    0.00311
   43   -0.00105    0.01196    0.00255
   44   -0.00210    0.01060    0.00238
   45   -0.00152    0.01005    0.00323
   46   -0.00038    0.01152    0.00371
   47   -0.00047    0.01142    0.00364
   48   -0.00191    0.01154    0.00307
   49   -0.00199    0.01144    0.00322
   50   -0.00338    0.01079    0.00106
   51   -0.00390    0.01021    0.00040
   52   -0.00357    0.00993    0.00140
   53   -0.00328    0.01019    0.00193
   54   -0.00435    0.01045   -0.00070
   55   -0.00495    0.00981   -0.00163
   56   -0.00483    0.01025   -0.00283
   57   -0.00514    0.01022   -0.00324
   58   -0.00488    0.00882   -0.00368
   59   -0.00371    0.00858    0.00170
   60   -0.00286    0.00840    0.00208
   61   -0.00359    0.00826    0.00141
   62   -0.00463    0.00749    0.00036
   63   -0.00263    0.00813    0.00229
   64   -0.00137    0.00717    0.00307
   65   -0.00337    0.00757    0.00124
   66   -0.00098    0.00620    0.00330
   67   -0.00255    0.00891    0.00215
   68   -0.00247    0.00973    0.00166
   69   -0.00126    0.00986    0.00162
   70   -0.00010    0.01026    0.00218
   71   -0.00275    0.00990    0.00029
   72   -0.00213    0.01058   -0.00011
   73   -0.00222    0.00992   -0.00133
   74   -0.00215    0.01188    0.00047
   75   -0.00047    0.00925    0.00170
   76    0.00209    0.00919    0.00241
   77    0.00184    0.01055    0.00237
   78    0.00242    0.01049    0.00294
   79    0.00260    0.00956    0.00275
   80   -0.00176    0.00899    0.00085
   81   -0.00199    0.00873    0.00098
   82    0.00071    0.01148    0.00196
   83    0.00045    0.01290    0.00282
   84   -0.00036    0.01292    0.00211
   85    0.00003    0.01254    0.00344
   86   -0.00097    0.01320    0.00165
   87   -0.00173    0.01456    0.00261
   88   -0.00226    0.01464    0.00206
   89   -0.00265    0.01396    0.00085
   90   -0.00331    0.01694    0.00269
   91   -0.00138    0.01225    0.00204
   92   -0.00169    0.01217    0.00208
   93   -0.00101    0.01150    0.00236
   94   -0.00141    0.01142    0.00246
   95   -0.00232    0.01190    0.00211
   96   -0.00336    0.01242    0.00143
   97   -0.00410    0.01207    0.00076
   98   -0.00424    0.01237    0.00137
   99   -0.00027    0.01081    0.00293
  100    0.00050    0.00990    0.00349
  101    0.00063    0.00935    0.00335
  102    0.00113    0.00872    0.00353
  103    0.00149    0.00871    0.00366
  104    0.00205    0.00836    0.00385
  105    0.00042    0.00921    0.00387
  106    0.00328    0.00760    0.00462
  107    0.00098    0.00955    0.00401
  108    0.00164    0.00935    0.00396
  109    0.00118    0.00940    0.00408
  110    0.00148    0.00835    0.00360
  111    0.00283    0.00968    0.00414
  112    0.00449    0.00861    0.00478
  113    0.00600    0.00718    0.00542
  114    0.00545    0.00919    0.00461
  115   -0.00069    0.01050    0.00341
  116   -0.00199    0.01096    0.00313
  117   -0.00226    0.00985    0.00271
  118   -0.00334    0.00931    0.00251
  119   -0.00308    0.01170    0.00270
  120   -0.00498    0.01187    0.00222
  121   -0.00541    0.01182    0.00239
  122   -0.00748    0.01192    0.00218
  123   -0.00821    0.01182    0.00271
  124   -0.00178    0.00967    0.00297
  125   -0.00214    0.00855    0.00314
  126   -0.00111    0.00736    0.00324
  127   -0.00201    0.00624    0.00267
  128   -0.00135    0.00910    0.00319
  129   -0.00117    0.00832    0.00335
  130   -0.00202    0.01045    0.00295
  131    0.00054    0.00693    0.00335
  132    0.00225    0.00523    0.00270
  133    0.00128    0.00501    0.00225
  134    0.00130    0.00321    0.00187
  135    0.00458    0.00493    0.00273
  136    0.00586    0.00509    0.00334
  137    0.00768    0.00464    0.00310
  138    0.00687    0.00381    0.00346
  139    0.00029    0.00611    0.00229
  140   -0.00079    0.00588    0.00217
  141   -0.00342    0.00492    0.00177
  142   -0.00455    0.00347    0.00138
  143   -0.00099    0.00757    0.00249
  144   -0.00254    0.00897    0.00267
  145   -0.00469    0.00594    0.00195
  146   -0.00696    0.00520    0.00130
  147   -0.00682    0.00316    0.00049
  148   -0.00891    0.00179   -0.00027
  149   -0.00738    0.00656    0.00150
  150   -0.00841    0.00814    0.00191
  151   -0.00833    0.00941    0.00161
  152   -0.00926    0.01095    0.00161
  153   -0.01121    0.01150    0.00155
  154   -0.01208    0.01046    0.00142
  155   -0.01217    0.01326    0.00174
  156   -0.00465    0.00289    0.00092
  157   -0.00401    0.00088    0.00062
  158   -0.00390   -0.00124   -0.00003
  159   -0.00445   -0.00388   -0.00036
  160   -0.00148    0.00124    0.00163
  161   -0.00164    0.00273    0.00217
  162    0.00093    0.00325    0.00320
  163   -0.00324    0.00237    0.00161
  164   -0.00303   -0.00079    0.00020
  165   -0.00259   -0.00320    0.00008
  166    0.00128   -0.00412    0.00074
  167    0.00216   -0.00721    0.00092
  168    0.00351   -0.00207    0.00073
  169    0.00749   -0.00298    0.00086
  170    0.00921   -0.00246    0.00066
  171    0.00796   -0.00016    0.00048
  172    0.00839   -0.00138    0.00116
  173    0.01215   -0.00179    0.00079
  174    0.00726   -0.00166    0.00175
  175    0.01154   -0.00429   -0.00011
  176    0.01382   -0.00406    0.00002
  177    0.01748   -0.00376   -0.00056
  178    0.01867   -0.00398   -0.00123
  179    0.01322   -0.00689    0.00004
  180    0.01976   -0.00313   -0.00037
  181    0.02370   -0.00237   -0.00117
  182    0.02449   -0.00176   -0.00078
  183    0.02261   -0.00043    0.00091
  184    0.02757   -0.00175   -0.00177
  185    0.02988   -0.00148   -0.00098
  186    0.02652    0.00032    0.00088
  187    0.02802   -0.00034    0.00095
  188    0.03651   -0.00172    0.00001
  189    0.04637   -0.00235   -0.00017
  190    0.05580   -0.00028    0.00089
  191    0.04820   -0.00025    0.00089
  192    0.08006    0.00431    0.00512
  193    0.02378    0.00039   -0.00000
  194    0.02144    0.00090    0.00048
  195    0.01864    0.00237    0.00197
  196    0.01713    0.00270    0.00160
  197    0.02094   -0.00012    0.00027
  198    0.02347   -0.00131   -0.00122
  199    0.02473   -0.00242   -0.00305
  200    0.02438   -0.00133   -0.00068
  201    0.02614   -0.00243   -0.00335
  202    0.02603   -0.00185   -0.00189
  203    0.02342   -0.00072    0.00060
  204    0.02684   -0.00140   -0.00183
  205    0.02392   -0.00073    0.00104
  206    0.02582   -0.00111    0.00020
  207    0.01813    0.00313    0.00375
  208    0.01528    0.00443    0.00430
  209    0.01359    0.00455    0.00487
  210    0.01508    0.00399    0.00494
  211    0.01573    0.00531    0.00513
  212    0.01717    0.00543    0.00477
  213    0.01357    0.00583    0.00376
  214    0.01499    0.00507    0.00327
  215    0.01633    0.00620    0.00441
  216    0.01806    0.00800    0.00617
  217    0.01613    0.00475    0.00340
  218    0.00992    0.00648    0.00595
  219    0.00815    0.00665    0.00601
  220    0.00853    0.00681    0.00535
  221    0.00764    0.00721    0.00444
  222    0.00559    0.00681    0.00521
  223    0.00660    0.00629    0.00473
  224    0.00737    0.00601    0.00458
  225    0.00755    0.00547    0.00483
  226    0.00849    0.00536    0.00494
  227    0.00886    0.00502    0.00538
  228    0.00930    0.00479    0.00515
  229    0.00864    0.00558    0.00485
  230    0.00853    0.00523    0.00375
  231    0.00591    0.00426    0.00414
  232    0.00608    0.00459    0.00499
  233    0.01131    0.00375    0.00412
  234    0.01006    0.00241    0.00398
  235    0.01457    0.00280    0.00568
  236    0.00395    0.00422    0.00436
  237    0.00060    0.00292    0.00262
  238    0.00032   -0.00042    0.00205
  239    0.00074   -0.00274    0.00265
  240   -0.00355    0.00213   -0.00109
  241   -0.00491    0.00319   -0.00186
  242   -0.00532    0.00257   -0.00491
  243   -0.00341    0.00448   -0.00033
  244   -0.00153   -0.00154    0.00044
  245   -0.00404   -0.00375   -0.00023
  246   -0.00585   -0.00415   -0.00197
  247   -0.00666   -0.00356   -0.00299
  248   -0.00109   -0.00260    0.00134
  249   -0.00219   -0.00328   -0.00011
  250    0.00188   -0.00079    0.00344
  251   -0.00804   -0.00608   -0.00409
  252   -0.01002   -0.00558   -0.00776
  253   -0.01047   -0.00468   -0.00772
  254   -0.01022   -0.00438   -0.00917
  255   -0.01036   -0.00565   -0.00971
  256   -0.00806   -0.00711   -0.01177
  257   -0.00789   -0.00738   -0.01341
  258   -0.00814   -0.00686   -0.01569
  259   -0.01010   -0.00535   -0.00499
  260   -0.00960   -0.00482   -0.00489
  261   -0.00823   -0.00538   -0.00241
  262   -0.00452   -0.00628    0.00026
  263   -0.00793   -0.00457   -0.00108
  264   -0.00379   -0.00598    0.00230
  265   -0.00314   -0.00684    0.00449
  266   -0.00119   -0.00763    0.00714
  267   -0.00349   -0.00390    0.00258
  268   -0.00473   -0.00178    0.00143
  269   -0.00336   -0.00110    0.00254
  270   -0.00219   -0.00185    0.00340
  271   -0.00427   -0.00782    0.00394
  272   -0.00354   -0.00975    0.00631
  273   -0.00406   -0.01151    0.00719
  274   -0.00419   -0.01176    0.00567
  275   -0.00652   -0.01007    0.00545
  276   -0.00621   -0.00768    0.00259
  277   -0.00777   -0.00834    0.00000
  278   -0.00690   -0.01084    0.00151
  279   -0.00894   -0.00661   -0.00302
  280   -0.00426   -0.01257    0.00913
  281   -0.00617   -0.01471    0.00887
  282   -0.00806   -0.01593    0.00743
  283   -0.00894   -0.01657    0.00645
  284   -0.00716   -0.01480    0.01158
  285   -0.00680   -0.01406    0.01349
  286   -0.00472   -0.01231    0.01426
  287   -0.00323   -0.01211    0.01760
  288   -0.00304   -0.01159    0.01249
  289   -0.01004   -0.01720    0.00748
  290   -0.01083   -0.02027    0.00627
  291   -0.00873   -0.01875    0.00444
  292   -0.00894   -0.02183    0.00299
  293   -0.01109   -0.02198    0.00752
  294   -0.00830   -0.01530    0.00369
  295   -0.00732   -0.01460    0.00279
  296   -0.00561   -0.01455    0.00299
  297   -0.00408   -0.01444    0.00209
  298   -0.00844   -0.01097    0.00092
  299   -0.00938   -0.01109   -0.00186
  300   -0.00441   -0.01420    0.00345
  301   -0.00318   -0.01313    0.00341
  302   -0.00388   -0.01492    0.00337
  303    0.00006   -0.01237    0.00372
  304   -0.00294   -0.01190    0.00419
  305   -0.00229   -0.01001    0.00423
  306   -0.00140   -0.00941    0.00673
  307   -0.00119   -0.00668    0.00380
  308   -0.00644   -0.01728    0.00403
  309   -0.00738   -0.01646    0.00619
  310   -0.00432   -0.01824    0.00481
  311   -0.00400   -0.01710    0.00519
  312   -0.00197   -0.02014    0.00333
  313    0.00160   -0.02140    0.00221
  314    0.00499   -0.01589    0.00231
  315    0.00747   -0.01311    0.00379
  316   -0.00021   -0.02445    0.00047
  317   -0.00334   -0.01934    0.00065
  318    0.00709   -0.01111    0.00410
  319    0.01218   -0.00586    0.00573
  320    0.01643   -0.00319    0.00637
  321    0.01451   -0.00280    0.00551
  322    0.00873   -0.00550    0.00553
  323    0.01289   -0.00210    0.00682
  324    0.00452   -0.00622    0.00436
  325    0.01943   -0.00254    0.00882
  326    0.02105   -0.00179    0.00801
  327    0.01973   -0.00089    0.00733
  328    0.01968   -0.00033    0.00755
  329    0.02383   -0.00187    0.01023
  330    0.02352   -0.00246    0.01150
  331    0.02026   -0.00379    0.01037
  332    0.01966   -0.00144    0.00475
  333    0.01845   -0.00097    0.00372
  334    0.02376   -0.00139    0.00473
  335    0.02302   -0.00564    0.00879
  336    0.01612   -0.00061    0.00158
  337    0.02364   -0.00119    0.00376
  338    0.02288   -0.00136    0.00431
  339    0.02230   -0.00087    0.00492
  340    0.02245   -0.00023    0.00438
  341    0.02420   -0.00201    0.00332
  342    0.02645   -0.00218    0.00200
  343    0.02654   -0.00063    0.00200
  344    0.02026   -0.00072    0.00557
  345    0.01920   -0.00042    0.00551
  346    0.01959   -0.00080    0.00476
  347    0.01931   -0.00094    0.00496
  348    0.01644   -0.00009    0.00680
  349    0.01985   -0.00028    0.00368
  350    0.02071   -0.00042    0.00358
  351    0.01817    0.00043    0.00363
  352    0.01849    0.00072    0.00359
  353    0.02172   -0.00082    0.00272
  354    0.02084   -0.00040    0.00258
  355    0.01731    0.00091    0.00463
  356    0.01574    0.00124    0.00513
  357    0.01333    0.00140    0.00595
  358    0.01258    0.00185    0.00580
  359    0.01542    0.00209    0.00493
  360    0.01239    0.00146    0.00662
  361    0.01026    0.00198    0.00710
  362    0.00899    0.00297    0.00734
  363    0.00955    0.00263    0.00744
  364    0.00999    0.00084    0.00786
  365    0.00672    0.00114    0.00812
  366    0.00614    0.00139    0.00755
  367    0.00562    0.00043    0.00869
  368    0.00792    0.00407    0.00732
  369    0.00645    0.00509    0.00716
  370    0.00498    0.00491    0.00695
  371    0.00461    0.00535    0.00665
  372    0.00623    0.00506    0.00670
  373    0.00602    0.00543    0.00721
  374    0.00779    0.00542    0.00749
  375    0.00567    0.00589    0.00669
  376    0.00481    0.00436    0.00766
  377    0.00386    0.00437    0.00790
  378    0.00281    0.00527    0.00778
  379    0.00362    0.00530    0.00811
  380    0.00352    0.00325    0.00806
  381    0.00226    0.00254    0.00733
  382    0.00132    0.00195    0.00602
  383    0.00249    0.00184    0.00769
  384    0.00133    0.00486    0.00686
  385    0.00121    0.00545    0.00676
  386    0.00087    0.00466    0.00663
  387   -0.00023    0.00385    0.00548
  388    0.00013    0.00620    0.00610
  389    0.00016    0.00628    0.00577
  390   -0.00023    0.00679    0.00508
  391   -0.00125    0.00561    0.00403
  392    0.00116    0.00430    0.00746
  393    0.00080    0.00317    0.00690
  394    0.00159    0.00301    0.00777
  395    0.00236    0.00321    0.00867
  396    0.00141    0.00199    0.00741
  397    0.00265    0.00189    0.00832
  398    0.00289    0.00077    0.00851
  399    0.00294    0.00273    0.00875
  400    0.00328   -0.00008    0.00926
  401    0.00397    0.00209    0.00967
  402    0.00414    0.00092    0.00958
  403    0.00104    0.00224    0.00650
  404    0.00199    0.00171    0.00687
  405    0.00265    0.00057    0.00897
  406    0.00245   -0.00056    0.00834
  407    0.00133    0.00126    0.00505
  408    0.00027    0.00042    0.00434
  409   -0.00014    0.00139    0.00470
  410    0.00360    0.00038    0.01083
  411    0.00539   -0.00145    0.01201
  412    0.00412   -0.00412    0.01098
  413    0.00552   -0.00538    0.01068
  414    0.00610   -0.00206    0.01285
  415    0.00609   -0.00394    0.01373
  416    0.00526   -0.00380    0.01332
  417    0.00661   -0.00258    0.01462
  418    0.00262   -0.00496    0.00957
  419    0.00042   -0.00902    0.00961
  420   -0.00003   -0.01525    0.01030
  421    0.00049   -0.01482    0.00987
  422    0.00031   -0.01020    0.00829
  423    0.00100   -0.00869    0.00709
  424    0.00135   -0.00574    0.00654
  425   -0.00074   -0.01852    0.01136
  426   -0.00134   -0.02164    0.01122
  427   -0.00056   -0.02129    0.00781
  428   -0.00017   -0.02432    0.00748
  429   -0.00180   -0.02568    0.01299
  430   -0.00039   -0.01833    0.00663
  431    0.00028   -0.01834    0.00408
  432    0.00063   -0.01590    0.00351
  433   -0.00001   -0.01836    0.00233
  434    0.00108   -0.01602    0.00332
  435    0.00206   -0.01499    0.00203
  436    0.00167   -0.01857   -0.00063
  437    0.00080   -0.02195   -0.00142
  438    0.00294   -0.01842   -0.00196
  439    0.00072   -0.01314    0.00498
  440    0.00093   -0.01123    0.00539
  441    0.00026   -0.01403    0.00660
  442    0.00032   -0.01421    0.00590
  443    0.00122   -0.00844    0.00701
  444    0.00153   -0.00683    0.00756
  445    0.00187   -0.00753    0.00939
  446    0.00165   -0.00512    0.00674
  447    0.00283   -0.00592    0.00940
  448    0.00234   -0.00450    0.00795
  449    0.00047   -0.01633    0.00836
  450    0.00040   -0.01864    0.00919
  451   -0.00004   -0.02322    0.00815
  452   -0.00000   -0.02499    0.00920
  453   -0.00037   -0.02088    0.01128
  454   -0.00024   -0.02060    0.01380
  455    0.00055   -0.01732    0.01508
  456    0.00052   -0.01716    0.01708
  457    0.00116   -0.01440    0.01401
  458   -0.00027   -0.02502    0.00585
  459   -0.00056   -0.02938    0.00343
  460   -0.00095   -0.02670    0.00098
  461   -0.00134   -0.02912   -0.00115
  462   -0.00016   -0.03218    0.00084
  463    0.00037   -0.03721    0.00279
  464    0.00033   -0.03583    0.00411
  465    0.00023   -0.04391    0.00559
  466   -0.00120   -0.02204    0.00147
  467   -0.00182   -0.01961   -0.00063
  468   -0.00229   -0.01931    0.00046
  469   -0.00433   -0.01922   -0.00251
  470   -0.00146   -0.01618    0.00007
  471   -0.00140   -0.01352   -0.00004
  472   -0.00287   -0.01342   -0.00143
  473   -0.00097   -0.01042    0.00160
  474   -0.00442   -0.01170   -0.00213
  475   -0.00111   -0.00733    0.00105
  476   -0.00306   -0.00903   -0.00007
  477   -0.00130   -0.01791    0.00380
  478   -0.00118   -0.01583    0.00454
  479   -0.00130   -0.01838    0.00337
  480   -0.00148   -0.01644    0.00232
  481    0.00017   -0.01312    0.00750
  482    0.00096   -0.00948    0.00800
  483    0.00145   -0.00677    0.00678
  484    0.00282   -0.00427    0.00768
  485    0.00324   -0.00195    0.00705
  486    0.00215   -0.00206    0.00563
  487    0.00464   -0.00036    0.00790
  488   -0.00067   -0.02370    0.00457
  489   -0.00064   -0.02782    0.00536
  490   -0.00263   -0.02791    0.00016
  491   -0.00316   -0.02609   -0.00064
  492    0.00082   -0.03459    0.00768
  493    0.00175   -0.03349    0.01237
  494    0.00298   -0.03219    0.01544
  495    0.00332   -0.02869    0.01581
  496    0.00441   -0.03411    0.02044
  497   -0.00425   -0.02921   -0.00365
  498   -0.00780   -0.02897   -0.00934
  499   -0.00982   -0.02289   -0.01067
  500   -0.01322   -0.02122   -0.01431
  501   -0.00931   -0.03148   -0.01354
  502   -0.00805   -0.01995   -0.00736
  503   -0.00935   -0.01507   -0.00715
  504   -0.00842   -0.01138   -0.00578
  505   -0.01064   -0.00700   -0.00753
  506   -0.00636   -0.01356   -0.00312
  507   -0.00695   -0.00937   -0.00261
  508   -0.00393   -0.00614    0.00005
  509   -0.00186   -0.00677    0.00205
  510   -0.00365   -0.00417    0.00048
  511   -0.00539   -0.01206   -0.00304
  512   -0.00411   -0.00752   -0.00150
  513   -0.00753   -0.00593   -0.00410
  514   -0.00915   -0.00016   -0.00455
  515   -0.00052   -0.00843    0.00191
  516    0.00159   -0.00818    0.00454
  517    0.00151   -0.00396    0.00329
  518    0.00375   -0.01074    0.00715
  519   -0.00849   -0.01123   -0.00543
  520   -0.01209   -0.01086   -0.00796
  521   -0.01866   -0.00901   -0.01301
  522   -0.02393   -0.00848   -0.01600
  523   -0.01082   -0.01911   -0.00761
  524   -0.00616   -0.02092   -0.00284
  525   -0.00255   -0.02314    0.00107
  526   -0.00035   -0.01767    0.00346
  527   -0.00107   -0.03253    0.00184
  528   -0.01921   -0.00795   -0.01337
  529   -0.02662   -0.00574   -0.01710
  530   -0.02947    0.00188   -0.01511
  531   -0.03716    0.00671   -0.01621
  532   -0.02534   -0.00869   -0.02025
  533   -0.03271   -0.00813   -0.02846
  534   -0.03912   -0.00385   -0.02322
  535   -0.03360   -0.00120   -0.01737
  536   -0.05264   -0.00214   -0.03241
  537   -0.02426    0.00330   -0.01047
  538   -0.02475    0.00916   -0.00839
  539   -0.02492    0.01569   -0.00879
  540   -0.02999    0.02291   -0.00783
  541   -0.01735    0.00701   -0.00619
  542   -0.01560    0.00537   -0.00558
  543   -0.01717    0.00201   -0.00602
  544   -0.00821    0.00458   -0.00306
  545   -0.02101    0.01427   -0.00843
  546   -0.02121    0.02171   -0.00842
  547   -0.01954    0.03147   -0.00757
  548   -0.01327    0.03181   -0.00634
  549   -0.02940    0.02405   -0.01175
  550   -0.02692    0.04142   -0.00841
  551   -0.02933    0.06311   -0.00765
  552   -0.03449    0.05786   -0.00756
  553   -0.06569    0.11061    0.00534
  554   -0.02498    0.03605   -0.00947
  555   -0.02555    0.03119   -0.00826
  556   -0.01911    0.03269   -0.01118
  557   -0.01485    0.03578   -0.01478
  558   -0.02129    0.02131   -0.00821
  559   -0.01283    0.01932   -0.00868
  560   -0.00905    0.01393   -0.00691
  561   -0.01113    0.01209   -0.00606
  562   -0.00417    0.01296   -0.00554
  563   -0.01468    0.02496   -0.01035
  564   -0.00939    0.02288   -0.01337
  565   -0.00457    0.01908   -0.01276
  566   -0.00324    0.01535   -0.01015
  567   -0.00829    0.02191   -0.01131
  568   -0.00357    0.01932   -0.01520
  569   -0.00257    0.01970   -0.02115
  570   -0.00571    0.02343   -0.02381
  571    0.00076    0.01694   -0.02267
  572   -0.00238    0.02079   -0.01488
  573    0.00216    0.01867   -0.01325
  574    0.00352    0.01754   -0.01708
  575    0.00232    0.02026   -0.02099
  576    0.00222    0.01953   -0.01254
  577    0.00455    0.01403   -0.00918
  578   -0.00038    0.01775   -0.01042
  579    0.00582    0.01438   -0.01628
  580    0.00767    0.01373   -0.01996
  581    0.00834    0.01329   -0.02094
  582    0.00905    0.01144   -0.01706
  583    0.01033    0.01206   -0.01858
  584    0.01287    0.01270   -0.02231
  585    0.00840    0.01368   -0.02570
  586    0.00799    0.00958   -0.02734
  587    0.01209    0.01004   -0.02577
  588    0.01647    0.00358   -0.01550
  589    0.00504    0.00916   -0.03696
  590    0.00891    0.01332   -0.03878
  591    0.00722    0.01282   -0.03217
  592    0.01570    0.01102   -0.02501
  593    0.01975    0.00933   -0.02173
  594    0.01935    0.00804   -0.01395
  595    0.02130    0.00769   -0.01025
  596    0.02114    0.01315   -0.02315
  597    0.02643    0.01249   -0.02385
  598    0.03969    0.02235   -0.03381
  599    0.02706    0.01436   -0.02186
  600    0.04370    0.02900   -0.03876
  601    0.01654    0.00826   -0.01230
  602    0.01644    0.00646   -0.00645
  603    0.01768    0.00550   -0.00303
  604    0.01635    0.00510   -0.00302
  605    0.01371    0.00740   -0.00556
  606    0.01389    0.00580   -0.00167
  607    0.01297    0.00819   -0.00718
  608    0.01851    0.00457    0.00074
  609    0.01848    0.00128    0.00500
  610    0.01634    0.00245    0.00458
  611    0.01551    0.00319    0.00451
  612    0.01860    0.00096    0.00489
  613    0.01597   -0.00044    0.00644
  614    0.01471   -0.00028    0.00676
  615    0.01452   -0.00329    0.00760
  616    0.01273   -0.00045    0.00717
  617    0.01241   -0.00404    0.00858
  618    0.01160   -0.00300    0.00769
  619    0.00953   -0.00295    0.00787
  620    0.01563    0.00145    0.00532
  621    0.01454    0.00309    0.00544
  622    0.01431    0.00235    0.00740
  623    0.01467    0.00118    0.00842
  624    0.01398    0.00335    0.00440
  625    0.01441    0.00411    0.00616
  626    0.01408    0.00487    0.00666
  627    0.01428    0.00412    0.00653
  628    0.01330    0.00461    0.00724
  629    0.01383    0.00486    0.00692
  630    0.01378    0.00480    0.00734
  631    0.01384    0.00291    0.00796
  632    0.01317    0.00272    0.00865
  633    0.01319    0.00383    0.00895
  634    0.01336    0.00428    0.00902
  635    0.01186    0.00183    0.00884
  636    0.01129    0.00307    0.00854
  637    0.00948    0.00276    0.00759
  638    0.00793    0.00228    0.00767
  639    0.01293    0.00369    0.00925
  640    0.01300    0.00434    0.00969
  641    0.01169    0.00495    0.01013
  642    0.01072    0.00484    0.00943
  643    0.01328    0.00415    0.00986
  644    0.01425    0.00412    0.01001
  645    0.01499    0.00407    0.01054
  646    0.01543    0.00425    0.01105
  647    0.01675    0.00486    0.01229
  648    0.01148    0.00563    0.01044
  649    0.01035    0.00649    0.01053
  650    0.01029    0.00701    0.01002
  651    0.01117    0.00727    0.00999
  652    0.01070    0.00674    0.01121
  653    0.00980    0.00768    0.01085
  654    0.00933    0.00838    0.01146
  655    0.00921    0.00802    0.01166
  656    0.00930    0.01012    0.01159
  657    0.00847    0.00772    0.00863
  658    0.00788    0.00874    0.00757
  659    0.00637    0.01145    0.00636
  660    0.00593    0.01364    0.00557
  661    0.00735    0.00854    0.00670
  662    0.00624    0.00727    0.00647
  663    0.00908    0.00733    0.00771
  664    0.00542    0.01121    0.00615
  665    0.00403    0.01318    0.00483
  666    0.00513    0.01362    0.00605
  667    0.00597    0.01171    0.00768
  668    0.00220    0.01127    0.00426
  669    0.00123    0.00961    0.00341
  670    0.00048    0.01207    0.00288
  671   -0.00021    0.00842    0.00285
  672    0.00499    0.01578    0.00533
  673    0.00506    0.01798    0.00577
  674    0.00428    0.01637    0.00560
  675    0.00244    0.01649    0.00380
  676    0.00493    0.01469    0.00661
  677    0.00400    0.01459    0.00547
  678    0.00365    0.01313    0.00594
  679    0.00261    0.01262    0.00557
  680    0.00303    0.01567    0.00390
  681    0.00365    0.01688    0.00319
  682    0.00371    0.01470    0.00412
  683    0.00314    0.01953    0.00158
  684    0.00414    0.01192    0.00695
  685    0.00334    0.01113    0.00633
  686    0.00488    0.00912    0.00830
  687    0.00488    0.00862    0.00788
  688    0.00331    0.01066    0.00610
  689    0.00526    0.00962    0.00754
  690    0.00591    0.00940    0.00952
  691    0.00664    0.00847    0.00972
  692    0.00573    0.00823    0.00982
  693    0.00705    0.00734    0.00958
  694    0.00640    0.00815    0.01079
  695    0.00475    0.00865    0.01012
  696    0.00446    0.00852    0.00922
  697    0.00411    0.00846    0.00894
  698    0.00496    0.00810    0.00793
  699    0.00615    0.00778    0.00744
  700    0.00432    0.00866    0.00744
  701    0.00438    0.00800    0.00670
  702    0.00587    0.00687    0.00741
  703    0.00670    0.00582    0.00661
  704    0.00246    0.00758    0.00620
  705    0.00065    0.00867    0.00527
  706    0.00210    0.00624    0.00531
  707    0.00649    0.00681    0.00806
  708    0.00806    0.00564    0.00823
  709    0.00931    0.00577    0.00806
  710    0.01014    0.00532    0.00750
  711    0.00861    0.00619    0.00888
  712    0.00776    0.00640    0.00882
  713    0.01012    0.00557    0.00892
  714    0.00739    0.00573    0.00814
  715    0.00873    0.00628    0.00866
  716    0.00913    0.00618    0.00845
  717    0.00955    0.00581    0.00767
  718    0.01139    0.00502    0.00702
  719    0.00887    0.00607    0.00739
  720    0.00936    0.00579    0.00684
  721    0.01013    0.00463    0.00650
  722    0.01099    0.00384    0.00578
  723    0.00710    0.00640    0.00635
  724    0.00706    0.00718    0.00606
  725    0.00639    0.00795    0.00622
  726    0.00481    0.00732    0.00538
  727    0.00993    0.00440    0.00620
  728    0.01022    0.00299    0.00579
  729    0.01226    0.00255    0.00538
  730    0.01300    0.00123    0.00484
  731    0.00924    0.00284    0.00573
  732    0.00694    0.00269    0.00542
  733    0.00955    0.00127    0.00590
  734    0.00548    0.00271    0.00548
  735    0.01237    0.00336    0.00596
  736    0.01378    0.00315    0.00576
  737    0.01430    0.00289    0.00511
  738    0.01647    0.00286    0.00438
  739    0.01299    0.00387    0.00636
  740    0.01309    0.00418    0.00670
  741    0.01225    0.00465    0.00764
  742    0.01379    0.00405    0.00655
  743    0.01271    0.00475    0.00821
  744    0.01356    0.00420    0.00728
  745    0.01394    0.00338    0.00539
  746    0.01474    0.00307    0.00527
  747    0.01601    0.00163    0.00464
  748    0.01742    0.00101    0.00363
  749    0.01399    0.00380    0.00588
  750    0.01501    0.00145    0.00457
  751    0.01521   -0.00032    0.00330
  752    0.01591   -0.00196    0.00251
  753    0.01714   -0.00320    0.00195
  754    0.01312   -0.00084    0.00358
  755    0.01305   -0.00329    0.00256
  756    0.01223    0.00073    0.00393
  757    0.01534   -0.00169    0.00318
  758    0.01627   -0.00233    0.00237
  759    0.01859   -0.00161    0.00071
  760    0.01920   -0.00141    0.00015
  761    0.01455   -0.00170    0.00387
  762    0.01898    0.00024    0.00115
  763    0.02080    0.00072    0.00060
  764    0.02165    0.00014    0.00020
  765    0.02313    0.00067   -0.00013
  766    0.01942    0.00229    0.00143
  767    0.01861    0.00343    0.00189
  768    0.02010    0.00433    0.00126
  769    0.01683    0.00345    0.00300
  770    0.02112   -0.00111    0.00063
  771    0.02321   -0.00192   -0.00025
  772    0.02248   -0.00536    0.00015
  773    0.02283   -0.00507    0.00033
  774    0.02187   -0.00076    0.00113
  775    0.02210    0.00006    0.00152
  776    0.02279   -0.00074    0.00088
  777    0.02063    0.00096    0.00245
  778    0.02203   -0.00656   -0.00059
  779    0.02084   -0.00901   -0.00024
  780    0.02303   -0.01045   -0.00089
  781    0.02239   -0.01117   -0.00155
  782    0.01819   -0.01109    0.00060
  783    0.01530   -0.01040    0.00138
  784    0.01367   -0.01230    0.00259
  785    0.01279   -0.01529    0.00396
  786    0.01284   -0.01085    0.00341
  787    0.02455   -0.00952   -0.00119
  788    0.02683   -0.01010   -0.00245
  789    0.02695   -0.00900   -0.00259
  790    0.03006   -0.01038   -0.00378
  791    0.02856   -0.00868   -0.00488
  792    0.02759   -0.00641   -0.00388
  793    0.02880   -0.00634   -0.00372
  794    0.02627   -0.00468   -0.00326
  795    0.02640   -0.00689   -0.00109
  796    0.02737   -0.00682   -0.00121
  797    0.02602   -0.00651   -0.00095
  798    0.02698   -0.00664   -0.00198
  799    0.02601   -0.00429   -0.00091
  800    0.02639   -0.00414   -0.00154
  801    0.02545   -0.00328   -0.00016
  802    0.02601   -0.00299   -0.00068
  803    0.02533   -0.00247   -0.00093
  804    0.02405   -0.00642    0.00017
  805    0.02286   -0.00605    0.00011
  806    0.02156   -0.00798   -0.00016
  807    0.02109   -0.01013   -0.00075
  808    0.02075   -0.00495    0.00076
  809    0.01983   -0.00261    0.00063
  810    0.02116   -0.00200    0.00050
  811    0.01753   -0.00150    0.00169
  812    0.02149   -0.00817   -0.00034
  813    0.01955   -0.01095   -0.00113
  814    0.01640   -0.01030   -0.00023
  815    0.01495   -0.00825    0.00042
  816    0.01331   -0.01411   -0.00025
  817    0.00909   -0.01409    0.00131
  818    0.00545   -0.01631    0.00060
  819    0.00549   -0.01967   -0.00018
  820    0.00785   -0.01630    0.00144
  821    0.00962   -0.01359    0.00189
  822    0.00786   -0.01132    0.00219
  823    0.01247   -0.01347    0.00154
  824    0.00897   -0.00886    0.00192
  825    0.01347   -0.01184    0.00178
  826    0.01182   -0.00967    0.00201
  827    0.00240   -0.01363    0.00049
  828   -0.00139   -0.01484   -0.00077
  829   -0.00506   -0.01908   -0.00120
  830   -0.00445   -0.02022   -0.00015
  831   -0.00381   -0.01064   -0.00033
  832   -0.00684   -0.00955   -0.00076
  833   -0.00972   -0.00643   -0.00090
  834   -0.01020   -0.00539   -0.00044
  835   -0.01130   -0.00560   -0.00138
  836   -0.00943   -0.02210   -0.00226
  837   -0.01475   -0.02844   -0.00318
  838   -0.01822   -0.02452   -0.00379
  839   -0.02037   -0.02187   -0.00458
  840   -0.02181   -0.03683   -0.00431
  841   -0.01709   -0.02551   -0.00426
  842   -0.01903   -0.02268   -0.00554
  843   -0.01496   -0.01736   -0.00454
  844   -0.01663   -0.01426   -0.00511
  845   -0.01061   -0.01685   -0.00256
  846   -0.00767   -0.01270   -0.00153
  847   -0.00795   -0.01207   -0.00172
  848   -0.00716   -0.01421   -0.00124
  849   -0.00364   -0.01299   -0.00014
  850   -0.00167   -0.01036    0.00046
  851   -0.00848   -0.00872   -0.00144
  852   -0.00858   -0.00761   -0.00137
  853   -0.00551   -0.00731   -0.00021
  854   -0.00530   -0.00821   -0.00002
  855   -0.00998   -0.00420   -0.00140
  856   -0.00942   -0.00355   -0.00101
  857   -0.01310   -0.00499   -0.00223
  858   -0.00336   -0.00609    0.00057
  859   -0.00047   -0.00578    0.00158
  860    0.00071   -0.00882    0.00221
  861    0.00182   -0.00923    0.00300
  862    0.00151   -0.00367    0.00235
  863    0.00437   -0.00315    0.00330
  864    0.00458   -0.00214    0.00368
  865    0.00601   -0.00123    0.00338
  866    0.00045   -0.01178    0.00183
  867    0.00142   -0.01507    0.00257
  868    0.00024   -0.01740    0.00275
  869    0.00173   -0.01866    0.00407
  870    0.00092   -0.01819    0.00212
  871    0.00232   -0.02198    0.00318
  872   -0.00029   -0.02719    0.00227
  873   -0.00041   -0.02739    0.00231
  874   -0.00367   -0.03360    0.00147
  875   -0.00269   -0.01673    0.00132
  876   -0.00421   -0.01820    0.00073
  877   -0.00221   -0.01597    0.00184
  878   -0.00189   -0.01709    0.00235
  879   -0.00741   -0.01661   -0.00102
  880   -0.00920   -0.01781   -0.00195
  881   -0.01215   -0.02316   -0.00394
  882   -0.01073   -0.02645   -0.00296
  883   -0.01811   -0.02537   -0.00811
  884   -0.00139   -0.01235    0.00232
  885    0.00013   -0.00985    0.00352
  886    0.00270   -0.01089    0.00492
  887    0.00320   -0.01112    0.00571
  888    0.00028   -0.00654    0.00357
  889    0.00144   -0.00470    0.00459
  890   -0.00005   -0.00456    0.00407
  891    0.00393   -0.00371    0.00561
  892    0.00114   -0.00325    0.00459
  893    0.00502   -0.00200    0.00594
  894    0.00370   -0.00212    0.00557
  895    0.00411   -0.01107    0.00476
  896    0.00656   -0.01191    0.00581
  897    0.00620   -0.01534    0.00688
  898    0.00740   -0.01584    0.00822
  899    0.00759   -0.01145    0.00589
  900    0.00759   -0.00813    0.00534
  901    0.00943   -0.00734    0.00397
  902    0.00894   -0.00476    0.00515
  903    0.00476   -0.01771    0.00562
  904    0.00444   -0.02168    0.00678
  905    0.00321   -0.02060    0.00688
  906    0.00348   -0.02214    0.00777
  907    0.00262   -0.02425    0.00540
  908    0.00144   -0.02741    0.00554
  909    0.00196   -0.01816    0.00571
  910    0.00087   -0.01753    0.00545
  911    0.00322   -0.01548    0.00754
  912    0.00330   -0.01627    0.00817
  913   -0.00051   -0.01617    0.00437
  914   -0.00346   -0.01860    0.00251
  915   -0.00567   -0.01689    0.00103
  916   -0.00518   -0.01434    0.00104
  917   -0.00821   -0.01830   -0.00028
  918    0.00479   -0.01346    0.00797
  919    0.00622   -0.01137    0.00906
  920    0.00795   -0.01193    0.01031
  921    0.00886   -0.00931    0.01111
  922    0.00616   -0.00799    0.00835
  923    0.00652   -0.00771    0.00773
  924    0.00434   -0.00763    0.00726
  925    0.00854   -0.01484    0.01037
  926    0.00930   -0.01349    0.01123
  927    0.00996   -0.01341    0.01322
  928    0.01051   -0.00774    0.01357
  929    0.01071   -0.01982    0.01223
  930    0.00986   -0.01287    0.01059
  931    0.01210   -0.02157    0.01272
  932    0.01299   -0.02855    0.01338
  933    0.00872   -0.01229    0.00807
  934    0.01018   -0.01667    0.01372
  935    0.01201   -0.01908    0.01483
  936    0.01263   -0.01690    0.01447
  937    0.01459   -0.01853    0.01542
  938    0.01077   -0.02489    0.01469
  939    0.01102   -0.01365    0.01301
  940    0.01107   -0.01207    0.01272
  941    0.01309   -0.01020    0.01317
  942    0.01403   -0.00935    0.01351
  943    0.00912   -0.01039    0.01135
  944    0.00740   -0.01230    0.01082
  945    0.00536   -0.01081    0.00916
  946    0.00324   -0.01290    0.00901
  947    0.01334   -0.00906    0.01336
  948    0.01460   -0.00727    0.01337
  949    0.01379   -0.00475    0.01192
  950    0.01229   -0.00456    0.01132
  951    0.01556   -0.00782    0.01451
  952    0.01398   -0.00756    0.01375
  953    0.01492   -0.00262    0.01135
  954    0.01439    0.00017    0.01020
  955    0.01327   -0.00008    0.01048
  956    0.01236    0.00039    0.00995
  957    0.01491    0.00158    0.00938
  958    0.01488    0.00023    0.00872
  959    0.01518   -0.00211    0.01064
  960    0.01357   -0.00079    0.01139
  961    0.01257   -0.00014    0.01096
  962    0.01073   -0.00123    0.01048
  963    0.00955   -0.00052    0.00972
  964    0.01390   -0.00036    0.01166
  965    0.01571    0.00181    0.01235
  966    0.01687    0.00272    0.01365
  967    0.02026    0.00760    0.01668
  968    0.01609    0.00179    0.01330
  969    0.01048   -0.00320    0.01095
  970    0.00844   -0.00447    0.01045
  971    0.00743   -0.00396    0.00942
  972    0.00546   -0.00429    0.00860
  973    0.00862   -0.00672    0.01100
  974    0.00883   -0.00794    0.01191
  975    0.00948   -0.00681    0.01218
  976    0.00849   -0.01053    0.01225
  977    0.00869   -0.00315    0.00963
  978    0.00806   -0.00270    0.00909
  979    0.00731   -0.00100    0.00840
  980    0.00599   -0.00124    0.00750
  981    0.00962   -0.00210    0.00933
  982    0.00996   -0.00382    0.00985
  983    0.01194   -0.00343    0.01028
  984    0.01235   -0.00541    0.01138
  985    0.01439   -0.00494    0.01100
  986    0.01529   -0.00347    0.01020
  987    0.01462   -0.00533    0.01214
  988    0.00819    0.00021    0.00866
  989    0.00764    0.00177    0.00801
  990    0.00568    0.00144    0.00747
  991    0.00433    0.00236    0.00672
  992    0.00904    0.00322    0.00855
  993    0.00540    0.00017    0.00781
  994    0.00333   -0.00042    0.00729
  995    0.00134   -0.00144    0.00651
  996   -0.00074   -0.00091    0.00566
  997    0.00369   -0.00203    0.00825
  998    0.00460   -0.00113    0.00836
  999    0.00504   -0.00308    0.00952
 1000    0.00537   -0.00288    0.01007
 1001    0.00736   -0.00119    0.00987
 1002    0.00123   -0.00269    0.00631
 1003   -0.00067   -0.00375    0.00538
 1004   -0.00137   -0.00218    0.00461
 1005   -0.00363   -0.00261    0.00386
 1006    0.00029   -0.00540    0.00563
 1007    0.00110   -0.00772    0.00636
 1008    0.00070   -0.00068    0.00544
 1009    0.00051    0.00082    0.00521
 1010   -0.00110    0.00248    0.00431
 1011   -0.00280    0.00303    0.00336
 1012    0.00295    0.00225    0.00611
 1013    0.00276    0.00374    0.00602
 1014    0.00209    0.00309    0.00582
 1015    0.00268    0.00557    0.00590
 1016    0.00165    0.00434    0.00543
 1017    0.00228    0.00664    0.00564
 1018    0.00190    0.00608    0.00567
 1019   -0.00050    0.00293    0.00429
 1020   -0.00208    0.00467    0.00308
 1021   -0.00500    0.00376    0.00188
 1022   -0.00680    0.00501    0.00034
 1023   -0.00092    0.00500    0.00331
 1024    0.00146    0.00585    0.00413
 1025    0.00242    0.00622    0.00462
 1026    0.00435    0.00555    0.00566
 1027    0.00136    0.00739    0.00365
 1028   -0.00544    0.00121    0.00255
 1029   -0.00847   -0.00050    0.00134
 1030   -0.00970   -0.00186    0.00069
 1031   -0.01226   -0.00426   -0.00030
 1032   -0.00893   -0.00315    0.00189
 1033   -0.00775   -0.00221    0.00253
 1034   -0.00647   -0.00436    0.00510
 1035   -0.00466   -0.00336    0.00542
 1036   -0.00370   -0.00561    0.00760
 1037   -0.00837   -0.00028    0.00100
 1038   -0.00913   -0.00105    0.00042
 1039   -0.00973    0.00101   -0.00034
 1040   -0.00819    0.00306    0.00044
 1041   -0.00710   -0.00186    0.00108
 1042   -0.00772   -0.00319    0.00074
 1043   -0.00856   -0.00219    0.00017
 1044   -0.00733   -0.00518    0.00083
 1045   -0.01276    0.00088   -0.00223
 1046   -0.01366    0.00301   -0.00284
 1047   -0.01268    0.00265   -0.00233
 1048   -0.01185    0.00447   -0.00177
 1049   -0.01824    0.00321   -0.00618
 1050   -0.02193    0.00151   -0.00891
 1051   -0.02040    0.00415   -0.00768
 1052   -0.01491    0.00457   -0.00400
 1053   -0.02822    0.00695   -0.01356
 1054   -0.01355    0.00014   -0.00265
 1055   -0.01312   -0.00022   -0.00217
 1056   -0.01042    0.00143   -0.00073
 1057   -0.01031    0.00278   -0.00031
 1058   -0.01358   -0.00290   -0.00223
 1059   -0.00860    0.00144    0.00001
 1060   -0.00646    0.00297    0.00086
 1061   -0.00645    0.00525    0.00102
 1062   -0.00602    0.00627    0.00154
 1063   -0.00464    0.00189    0.00167
 1064   -0.00466    0.00011    0.00142
 1065   -0.00250    0.00313    0.00279
 1066   -0.00262   -0.00129    0.00235
 1067   -0.00690    0.00595    0.00100
 1068   -0.00695    0.00783    0.00113
 1069   -0.00807    0.00906    0.00082
 1070   -0.00749    0.01030    0.00101
 1071   -0.00751    0.00866    0.00042
 1072   -0.00567    0.00782    0.00141
 1073   -0.00655    0.00787    0.00036
 1074   -0.00765    0.00895   -0.00111
 1075   -0.00612    0.00657    0.00089
 1076   -0.01003    0.00794    0.00025
 1077   -0.01107    0.00844    0.00001
 1078   -0.00986    0.00872    0.00049
 1079   -0.00965    0.00993    0.00085
 1080   -0.01321    0.00743   -0.00091
 1081   -0.00907    0.00751    0.00073
 1082   -0.00824    0.00781    0.00124
 1083   -0.00682    0.00920    0.00165
 1084   -0.00644    0.00990    0.00175
 1085   -0.00767    0.00601    0.00136
 1086   -0.00590    0.00920    0.00203
 1087   -0.00471    0.01016    0.00255
 1088   -0.00532    0.01152    0.00194
 1089   -0.00489    0.01211    0.00186
 1090   -0.00358    0.01008    0.00316
 1091   -0.00250    0.01111    0.00340
 1092   -0.00079    0.01083    0.00426
 1093   -0.00240    0.01197    0.00298
 1094   -0.00016    0.01161    0.00435
 1095   -0.00092    0.01233    0.00337
 1096   -0.00627    0.01174    0.00143
 1097   -0.00664    0.01263    0.00051
 1098   -0.00750    0.01295    0.00044
 1099   -0.00742    0.01366    0.00004
 1100   -0.00754    0.01285   -0.00020
 1101   -0.00611    0.01219   -0.00119
 1102   -0.00667    0.01284   -0.00245
 1103   -0.00490    0.01262    0.00006
 1104   -0.00819    0.01258    0.00079
 1105   -0.00885    0.01286    0.00082
 1106   -0.00817    0.01334    0.00079
 1107   -0.00854    0.01401    0.00047
 1108   -0.00962    0.01198    0.00118
 1109   -0.00721    0.01297    0.00127
 1110   -0.00658    0.01318    0.00147
 1111   -0.00587    0.01334    0.00125
 1112   -0.00569    0.01347    0.00089
 1113   -0.00558    0.01214    0.00210
 1114   -0.00492    0.01226    0.00205
 1115   -0.00612    0.01186    0.00188
 1116   -0.00549    0.01322    0.00112
 1117   -0.00458    0.01325    0.00090
 1118   -0.00478    0.01359    0.00022
 1119   -0.00454    0.01353   -0.00021
 1120   -0.00411    0.01334    0.00094
 1121   -0.00517    0.01375   -0.00016
 1122   -0.00512    0.01393   -0.00063
 1123   -0.00603    0.01415   -0.00080
 1124   -0.00624    0.01403   -0.00108
 1125   -0.00506    0.01440   -0.00107
 1126   -0.00641    0.01463   -0.00096
 1127   -0.00773    0.01471   -0.00090
 1128   -0.00845    0.01494   -0.00074
 1129   -0.00848    0.01482   -0.00120
 1130   -0.00675    0.01424   -0.00035
 1131   -0.00747    0.01476   -0.00038
 1132   -0.00717    0.01459   -0.00096
 1133   -0.00785    0.01535   -0.00145
 1134   -0.00771    0.01515    0.00001
 1135   -0.00865    0.01646   -0.00009
 1136   -0.00791    0.01636   -0.00032
 1137   -0.00670    0.01515    0.00008
 1138   -0.00892    0.01827   -0.00095
 1139   -0.00662    0.01402   -0.00108
 1140   -0.00636    0.01320   -0.00209
 1141   -0.00630    0.01187   -0.00427
 1142   -0.00685    0.01146   -0.00538
 1143   -0.00572    0.01184   -0.00427
 1144   -0.00544    0.01059   -0.00610
 1145   -0.00446    0.01064   -0.00601
 1146   -0.00407    0.01150   -0.00437
 1147   -0.00566    0.00787   -0.00817
 1148   -0.00524    0.00902   -0.00631
 1149   -0.00419    0.00974   -0.00487
 1150   -0.00337    0.00918   -0.00597
 1151   -0.00452    0.01058   -0.00303
 1152   -0.00361    0.00944   -0.00848
 1153   -0.00123    0.00859   -0.00926
 1154   -0.00021    0.00635   -0.01240
 1155   -0.00058    0.00479   -0.01492
 1156   -0.00016    0.00844   -0.01013
 1157   -0.00436    0.01064   -0.00430
 1158   -0.00046    0.00688   -0.01143
 1159   -0.00119    0.00574   -0.01265
 1160    0.00069    0.00544   -0.01384
 1161    0.00269    0.00617   -0.01351
 1162   -0.00234    0.00698   -0.01042
 1163   -0.00418    0.00659   -0.00963
 1164   -0.00609    0.00596   -0.01078
 1165   -0.00750    0.00596   -0.01025
 1166   -0.00711    0.00632   -0.00888
 1167   -0.00689    0.00638   -0.00720
 1168   -0.00729    0.00566   -0.00786
 1169   -0.00039    0.00487   -0.01492
 1170    0.00070    0.00505   -0.01599
 1171    0.00112    0.00576   -0.01421
 1172    0.00277    0.00630   -0.01470
 1173   -0.00055    0.00311   -0.01809
 1174   -0.00407    0.00209   -0.01555
 1175    0.00172    0.00445   -0.02081
 1176   -0.00049    0.00590   -0.01212
 1177    0.00024    0.00697   -0.01034
 1178    0.00217    0.00791   -0.01019
 1179    0.00309    0.00851   -0.01021
 1180   -0.00144    0.00725   -0.00856
 1181   -0.00042    0.00767   -0.00643
 1182    0.00044    0.00804   -0.00590
 1183    0.00036    0.00770   -0.00508
 1184    0.00283    0.00826   -0.00999
 1185    0.00472    0.00877   -0.01009
 1186    0.00520    0.00967   -0.00837
 1187    0.00510    0.00950   -0.00678
 1188    0.00631    0.00954   -0.01267
 1189    0.00838    0.01124   -0.01368
 1190    0.01077    0.01156   -0.01497
 1191    0.00790    0.01265   -0.01331
 1192    0.00558    0.01033   -0.00858
 1193    0.00640    0.01161   -0.00750
 1194    0.00583    0.01086   -0.00514
 1195    0.00554    0.01113   -0.00332
 1196    0.00794    0.01347   -0.00837
 1197    0.00930    0.01623   -0.00750
 1198    0.00907    0.01492   -0.00471
 1199    0.00924    0.01563   -0.00399
 1200    0.00657    0.01035   -0.00302
 1201    0.00513    0.01092   -0.00502
 1202    0.00338    0.00925   -0.00281
 1203    0.00272    0.00792   -0.00060
 1204    0.00137    0.00778   -0.00093
 1205    0.00226    0.00793   -0.00332
 1206    0.00180    0.00642   -0.00107
 1207    0.00327    0.00871   -0.00585
 1208    0.00374    0.00662    0.00151
 1209    0.00319    0.00658    0.00283
 1210    0.00347    0.00484    0.00551
 1211    0.00375    0.00355    0.00705
 1212    0.00373    0.00736    0.00321
 1213    0.00299    0.00903    0.00139
 1214    0.00222    0.00948    0.00174
 1215    0.00469    0.01055   -0.00001
 1216    0.00232    0.00562    0.00606
 1217    0.00272    0.00518    0.00753
 1218    0.00294    0.00630    0.00868
 1219    0.00327    0.00686    0.00836
 1220    0.00137    0.00504    0.00556
 1221    0.00051    0.00451    0.00438
 1222   -0.00013    0.00428    0.00402
 1223   -0.00087    0.00537    0.00207
 1224   -0.00083    0.00385    0.00172
 1225   -0.00071    0.00510   -0.00011
 1226   -0.00159    0.00398    0.00013
 1227    0.00346    0.00418    0.00958
 1228    0.00332    0.00509    0.01066
 1229    0.00372    0.00471    0.00961
 1230    0.00327    0.00475    0.00915
 1231    0.00498    0.00296    0.01124
 1232    0.00600    0.00337    0.01156
 1233    0.00669    0.00612    0.01194
 1234    0.00623    0.00289    0.01110
 1235    0.00744    0.00563    0.01199
 1236    0.00711    0.00391    0.01123
 1237    0.00481    0.00640    0.00966
 1238    0.00470    0.00603    0.00959
 1239    0.00589    0.00551    0.00974
 1240    0.00615    0.00529    0.00993
 1241    0.00451    0.00676    0.00938
 1242    0.00366    0.00688    0.00883
 1243    0.00267    0.00772    0.00857
 1244    0.00352    0.00610    0.00804
 1245    0.00158    0.00814    0.00706
 1246    0.00227    0.00673    0.00686
 1247    0.00094    0.00752    0.00614
 1248    0.00585    0.00478    0.00933
 1249    0.00685    0.00443    0.00900
 1250    0.00760    0.00441    0.00857
 1251    0.00688    0.00466    0.00850
 1252    0.00649    0.00390    0.00893
 1253    0.00578    0.00323    0.00866
 1254    0.00639    0.00357    0.00924
 1255    0.00532    0.00229    0.00823
 1256    0.00869    0.00420    0.00810
 1257    0.00933    0.00380    0.00768
 1258    0.00977    0.00313    0.00733
 1259    0.00968    0.00330    0.00676
 1260    0.01047    0.00431    0.00705
 1261    0.01205    0.00382    0.00661
 1262    0.01173    0.00399    0.00658
 1263    0.01319    0.00353    0.00602
 1264    0.00986    0.00275    0.00720
 1265    0.01033    0.00247    0.00680
 1266    0.01225    0.00232    0.00600
 1267    0.01307    0.00212    0.00610
 1268    0.00934    0.00216    0.00706
 1269    0.00794    0.00202    0.00734
 1270    0.00767    0.00182    0.00790
 1271    0.00653    0.00197    0.00734
 1272    0.00625    0.00167    0.00777
 1273    0.00541    0.00171    0.00747
 1274    0.00561    0.00165    0.00764
 1275    0.01331    0.00246    0.00509
 1276    0.01510    0.00241    0.00386
 1277    0.01547    0.00215    0.00269
 1278    0.01383    0.00288    0.00238
 1279    0.01609    0.00266    0.00346
 1280    0.01812    0.00231    0.00259
 1281    0.01799    0.00223    0.00319
 1282    0.01905    0.00206    0.00122
 1283    0.01681    0.00187    0.00203
 1284    0.01698    0.00233    0.00066
 1285    0.01914    0.00307   -0.00094
 1286    0.02185    0.00251   -0.00089
 1287    0.01828    0.00134    0.00094
 1288    0.01771    0.00232    0.00022
 1289    0.01760    0.00345   -0.00171
 1290    0.01601    0.00164    0.00110
 1291    0.01836    0.00416   -0.00240
 1292    0.01895    0.00531   -0.00452
 1293    0.01755    0.00653   -0.00776
 1294    0.01477    0.00710   -0.00781
 1295    0.01806    0.00566   -0.00483
 1296    0.01945    0.00700   -0.00762
 1297    0.01860    0.00487   -0.00207
 1298    0.01970    0.00649   -0.00917
 1299    0.01946    0.00922   -0.01367
 1300    0.01694    0.00858   -0.01107
 1301    0.01495    0.01053   -0.01297
 1302    0.01805    0.01106   -0.01717
 1303    0.02024    0.01438   -0.02402
 1304    0.02317    0.01662   -0.02762
 1305    0.01955    0.01571   -0.02724
 1306    0.01768    0.00709   -0.00817
 1307    0.01568    0.00620   -0.00620
 1308    0.01265    0.00609   -0.00428
 1309    0.01070    0.00584   -0.00309
 1310    0.01221    0.00618   -0.00415
 1311    0.00961    0.00603   -0.00269
 1312    0.01054    0.00482   -0.00092
 1313    0.01267    0.00456   -0.00127
 1314    0.00750    0.00774   -0.00440
 1315    0.00533    0.00914   -0.00566
 1316    0.00224    0.00967   -0.00461
 1317    0.00596    0.01063   -0.00826
 1318    0.00086    0.01149   -0.00632
 1319    0.00311    0.01214   -0.00860
 1320    0.00832    0.00413    0.00116
 1321    0.00870    0.00345    0.00264
 1322    0.00769    0.00415    0.00218
 1323    0.00554    0.00469    0.00193
 1324    0.00689    0.00245    0.00465
 1325    0.00669    0.00201    0.00607
 1326    0.00877    0.00176    0.00599
 1327    0.00481    0.00133    0.00744
 1328    0.00923    0.00393    0.00229
 1329    0.00870    0.00448    0.00205
 1330    0.00883    0.00368    0.00387
 1331    0.01024    0.00336    0.00442
 1332    0.01054    0.00477    0.00038
 1333    0.00946    0.00616   -0.00191
 1334    0.00733    0.00730   -0.00274
 1335    0.01059    0.00668   -0.00340
 1336    0.00594    0.00923   -0.00535
 1337    0.00944    0.00802   -0.00590
 1338    0.00707    0.00918   -0.00713
 1339    0.00588    0.01114   -0.00998
 1340    0.00710    0.00391    0.00415
 1341    0.00722    0.00325    0.00520
 1342    0.00837    0.00336    0.00527
 1343    0.00767    0.00383    0.00465
 1344    0.00516    0.00272    0.00545
 1345    0.00532    0.00228    0.00632
 1346    0.00365    0.00148    0.00612
 1347    0.00360    0.00102    0.00624
 1348    0.00248    0.00117    0.00559
 1349    0.00977    0.00351    0.00623
 1350    0.01061    0.00381    0.00665
 1351    0.01017    0.00352    0.00770
 1352    0.00950    0.00398    0.00821
 1353    0.01198    0.00412    0.00620
 1354    0.01258    0.00396    0.00481
 1355    0.01405    0.00388    0.00482
 1356    0.01237    0.00441    0.00385
 1357    0.01013    0.00362    0.00795
 1358    0.00957    0.00369    0.00880
 1359    0.01048    0.00404    0.00942
 1360    0.01108    0.00403    0.00889
 1361    0.00834    0.00253    0.00877
 1362    0.00813    0.00240    0.00986
 1363    0.00733    0.00080    0.01018
 1364    0.00893    0.00319    0.01044
 1365    0.01065    0.00459    0.00981
 1366    0.01139    0.00492    0.01045
 1367    0.01154    0.00494    0.01057
 1368    0.01192    0.00491    0.01059
 1369    0.01069    0.00419    0.01072
 1370    0.01051    0.00330    0.01112
 1371    0.01041    0.00133    0.01103
 1372    0.01062   -0.00018    0.01190
 1373    0.00958    0.00236    0.01199
 1374    0.00974    0.00467    0.01256
 1375    0.00891    0.00332    0.01306
 1376    0.00873    0.00108    0.01323
 1377    0.00643   -0.00639    0.01598
 1378    0.00604   -0.00695    0.01484
 1379    0.00404   -0.01115    0.01776
 1380    0.01024    0.00164    0.00948
 1381    0.00981    0.00086    0.00890
 1382    0.01110    0.00184    0.00847
 1383    0.01216    0.00260    0.00877
 1384    0.00892    0.00119    0.00774
 1385    0.00709   -0.00041    0.00783
 1386    0.00481   -0.00278    0.00726
 1387    0.00331   -0.00126    0.00466
 1388    0.01103    0.00133    0.00831
 1389    0.01248    0.00223    0.00869
 1390    0.01206    0.00350    0.00786
 1391    0.01243    0.00428    0.00829
 1392    0.01254    0.00195    0.00826
 1393    0.01017    0.00079    0.00781
 1394    0.00992   -0.00095    0.00859
 1395    0.01074    0.00426    0.00636
 1396    0.01030    0.00561    0.00476
 1397    0.00850    0.00536    0.00375
 1398    0.00757    0.00459    0.00402
 1399    0.00783    0.00954    0.00126
 1400    0.00643    0.01081    0.00072
 1401    0.00351    0.00865   -0.00055
 1402    0.00671    0.01160    0.00270
 1403    0.00076    0.00750   -0.00063
 1404    0.00493    0.01108    0.00246
 1405    0.00177    0.00844    0.00093
 1406    0.00804    0.00610    0.00251
 1407    0.00730    0.00587    0.00229
 1408    0.00423    0.00734    0.00030
 1409    0.00211    0.00905   -0.00191
 1410    0.00773    0.00686    0.00077
 1411    0.00853    0.00689    0.00048
 1412    0.00824    0.00705    0.00122
 1413    0.00390    0.00578    0.00135
 1414    0.00083    0.00510    0.00070
 1415    0.00068    0.00573    0.00052
 1416    0.00287    0.00512    0.00149
 1417    0.00073    0.00384    0.00178
 1418   -0.00225    0.00304    0.00148
 1419    0.00141    0.00234    0.00224
 1420   -0.00169    0.00725   -0.00115
 1421   -0.00151    0.00754   -0.00098
 1422   -0.00315    0.00722    0.00055
 1423   -0.00719    0.00803    0.00004
 1424   -0.00316    0.00962   -0.00306
 1425   -0.00137    0.01021   -0.00374
 1426    0.00105    0.00858   -0.00250
 1427   -0.00358    0.01238   -0.00449
 1428   -0.00083    0.00580    0.00204
 1429   -0.00083    0.00469    0.00353
 1430   -0.00084    0.00497    0.00372
 1431    0.00037    0.00392    0.00487
 1432    0.00094    0.00334    0.00502
 1433    0.00060    0.00272    0.00481
 1434   -0.00105    0.00208    0.00450
 1435    0.00171    0.00242    0.00474
 1436   -0.00088    0.00151    0.00451
 1437    0.00076    0.00160    0.00452
 1438   -0.00332    0.00673    0.00252
 1439   -0.00290    0.00703    0.00165
 1440    0.00046    0.00635    0.00113
 1441    0.00269    0.00589    0.00080
 1442    0.00071    0.00655    0.00114
 1443    0.00359    0.00594    0.00069
 1444    0.00513    0.00412    0.00262
 1445    0.00386    0.00352    0.00452
 1446    0.00271    0.00667    0.00029
 1447    0.00777    0.00355    0.00179
 1448    0.00947    0.00190    0.00305
 1449    0.01230    0.00158    0.00196
 1450    0.01367    0.00253    0.00018
 1451    0.00890    0.00160    0.00368
 1452    0.00955    0.00055    0.00513
 1453    0.01244    0.00053    0.00276
 1454    0.01606    0.00007    0.00229
 1455    0.01699   -0.00082    0.00238
 1456    0.01489   -0.00092    0.00357
 1457    0.01679   -0.00089    0.00325
 1458    0.02056   -0.00180    0.00257
 1459    0.02055   -0.00097    0.00151
 1460    0.02193   -0.00176    0.00150
 1461    0.02125   -0.00262    0.00303
 1462    0.02097   -0.00232    0.00380
 1463    0.02437   -0.00258   -0.00024
 1464    0.02448   -0.00177   -0.00215
 1465    0.02467   -0.00151   -0.00140
 1466    0.02365   -0.00114    0.00001
 1467    0.02576   -0.00244   -0.00257
 1468    0.02171   -0.00342    0.00408
 1469    0.02307   -0.00298    0.00619
 1470    0.02055   -0.00321    0.00772
 1471    0.01952   -0.00339    0.00914
 1472    0.02638   -0.00469    0.00723
 1473    0.03251   -0.00573    0.00594
 1474    0.03097   -0.00621    0.00390
 1475    0.04305   -0.00778    0.00579
 1476    0.01732   -0.00356    0.00737
 1477    0.01465   -0.00443    0.00971
 1478    0.01283   -0.00296    0.00869
 1479    0.01003   -0.00312    0.00976
 1480    0.01182   -0.00360    0.00981
 1481    0.01098   -0.00227    0.00744
 1482    0.01246   -0.00447    0.01014
 1483    0.01500   -0.00167    0.00742
 1484    0.01391   -0.00097    0.00685
 1485    0.01189   -0.00098    0.00903
 1486    0.01042   -0.00053    0.00858
 1487    0.01586   -0.00078    0.00567
 1488    0.01549   -0.00022    0.00501
 1489    0.01415    0.00062    0.00486
 1490    0.01731   -0.00023    0.00380
 1491    0.01200   -0.00145    0.01042
 1492    0.00961   -0.00196    0.01138
 1493    0.00579   -0.00321    0.01144
 1494    0.00448   -0.00280    0.01053
 1495    0.00740   -0.00289    0.00999
 1496    0.00990   -0.00077    0.00994
 1497    0.00974   -0.00126    0.00930
 1498    0.00829   -0.00182    0.00827
 1499    0.00529   -0.00463    0.01320
 1500    0.00288   -0.00618    0.01323
 1501    0.00272   -0.00422    0.01288
 1502    0.00156   -0.00475    0.01335
 1503    0.00219   -0.00807    0.01545
 1504    0.00008   -0.00818    0.01653
 1505   -0.00139   -0.01047    0.02027
 1506   -0.00128   -0.01333    0.02036
 1507   -0.00274   -0.02141    0.03903
 1508    0.00525   -0.00234    0.01201
 1509    0.00464   -0.00124    0.01091
 1510    0.00437   -0.00063    0.00993
 1511    0.00289   -0.00042    0.01006
 1512    0.00589   -0.00113    0.00929
 1513    0.00534   -0.00126    0.00950
 1514    0.00514   -0.00010    0.00794
 1515    0.00471   -0.00189    0.01114
 1516    0.00608   -0.00074    0.00958
 1517    0.00543   -0.00021    0.00867
 1518    0.00403   -0.00066    0.00939
 1519    0.00382   -0.00038    0.00884
 1520    0.00816    0.00037    0.00845
 1521    0.00322   -0.00194    0.01027
 1522    0.00255   -0.00284    0.00977
 1523    0.00202   -0.00312    0.00988
 1524    0.00120   -0.00311    0.00885
 1525    0.00236   -0.00471    0.00991
 1526    0.00135   -0.00334    0.01098
 1527    0.00074   -0.00305    0.01158
 1528    0.00056   -0.00214    0.01054
 1529    0.00004   -0.00210    0.01011
 1530   -0.00013   -0.00296    0.01250
 1531   -0.00126   -0.00239    0.01347
 1532   -0.00188   -0.00176    0.01413
 1533   -0.00331   -0.00058    0.01622
 1534   -0.00432   -0.00170    0.01979
 1535    0.00096   -0.00147    0.01004
 1536    0.00117   -0.00066    0.00917
 1537    0.00160   -0.00074    0.00819
 1538    0.00143   -0.00104    0.00726
 1539    0.00198    0.00012    0.00827
 1540    0.00167    0.00027    0.00712
 1541    0.00136    0.00045    0.00893
 1542    0.00191   -0.00101    0.00816
 1543    0.00125   -0.00064    0.00731
 1544    0.00073   -0.00154    0.00678
 1545    0.00088   -0.00094    0.00562
 1546    0.00109   -0.00047    0.00698
 1547    0.00337    0.00029    0.00754
 1548    0.00078   -0.00248    0.00713
 1549    0.00073   -0.00258    0.00615
 1550    0.00125   -0.00272    0.00597
 1551    0.00155   -0.00275    0.00506
 1552    0.00021   -0.00395    0.00729
 1553    0.00015   -0.00457    0.00710
 1554   -0.00021   -0.00498    0.00782
 1555    0.00031   -0.00484    0.01021
 1556    0.00023   -0.00534    0.01171
 1557    0.00049   -0.00583    0.01188
 1558   -0.00005   -0.00500    0.01404
 1559    0.00159   -0.00227    0.00671
 1560    0.00228   -0.00289    0.00623
 1561    0.00237   -0.00274    0.00551
 1562    0.00292   -0.00352    0.00463
 1563    0.00177   -0.00283    0.00661
 1564    0.00099   -0.00236    0.00762
 1565    0.00063   -0.00205    0.00722
 1566    0.00065   -0.00215    0.00625
 1567   -0.00013   -0.00211    0.00745
 1568    0.00202   -0.00166    0.00552
 1569    0.00224   -0.00139    0.00514
 1570    0.00109   -0.00109    0.00426
 1571    0.00138   -0.00135    0.00365
 1572    0.00213   -0.00049    0.00559
 1573    0.00237   -0.00025    0.00608
 1574    0.00235   -0.00009    0.00635
 1575    0.00259   -0.00029    0.00671
 1576    0.00276    0.00009    0.00628
 1577    0.00287   -0.00021    0.00675
 1578    0.00330   -0.00005    0.00644
 1579    0.00068   -0.00098    0.00380
 1580    0.00022   -0.00149    0.00217
 1581    0.00116   -0.00253    0.00192
 1582    0.00151   -0.00237    0.00090
 1583   -0.00044   -0.00171    0.00170
 1584   -0.00162   -0.00073    0.00200
 1585   -0.00220   -0.00185   -0.00050
 1586    0.00201   -0.00298    0.00280
 1587    0.00309   -0.00302    0.00202
 1588    0.00409   -0.00400    0.00183
 1589    0.00528   -0.00429    0.00100
 1590    0.00307   -0.00334    0.00343
 1591    0.00273   -0.00355    0.00328
 1592    0.00220   -0.00367    0.00599
 1593    0.00255   -0.00351    0.00604
 1594    0.00148   -0.00376    0.00679
 1595    0.00367   -0.00449    0.00205
 1596    0.00367   -0.00541    0.00199
 1597    0.00415   -0.00460    0.00178
 1598    0.00475   -0.00655    0.00156
 1599    0.00321   -0.00602    0.00276
 1600    0.00320   -0.00737    0.00292
 1601    0.00143   -0.00885    0.00145
 1602    0.00147   -0.00673    0.00218
 1603    0.00149   -0.00479    0.00330
 1604    0.00174   -0.00530    0.00395
 1605    0.00178   -0.00377    0.00456
 1606    0.00326   -0.00319    0.00151
 1607    0.00286   -0.00277    0.00103
 1608    0.00234   -0.00203   -0.00008
 1609    0.00078   -0.00121   -0.00071
 1610    0.00181   -0.00226    0.00162
 1611    0.00209   -0.00323    0.00310
 1612    0.00256   -0.00512    0.00338
 1613    0.00263   -0.00635    0.00316
 1614    0.00281   -0.00555    0.00321
 1615    0.00368   -0.00248   -0.00097
 1616    0.00267   -0.00216   -0.00103
 1617    0.00126   -0.00246   -0.00379
 1618   -0.00111   -0.00340   -0.00549
 1619    0.00517   -0.00246   -0.00217
 1620    0.00249   -0.00162   -0.00445
 1621    0.00124   -0.00184   -0.00695
 1622   -0.00169   -0.00284   -0.00743
 1623   -0.00622   -0.00651   -0.01045
 1624   -0.00110   -0.00145   -0.00457
 1625   -0.00295   -0.00172   -0.00451
 1626   -0.00563   -0.00235   -0.00604
 1627   -0.00551   -0.00215   -0.00637
 1628   -0.00114   -0.00119   -0.00227
 1629   -0.00191   -0.00102   -0.00132
 1630   -0.00322   -0.00090   -0.00257
 1631   -0.00656   -0.00128   -0.00386
 1632   -0.00095   -0.00133   -0.00254
 1633   -0.00680   -0.00243   -0.00762
 1634   -0.00928   -0.00277   -0.00876
 1635   -0.00827   -0.00207   -0.00714
 1636   -0.00825   -0.00157   -0.00750
 1637   -0.01182   -0.00467   -0.01179
 1638   -0.01273   -0.00426   -0.01285
 1639   -0.01250   -0.00604   -0.01306
 1640   -0.00767   -0.00144   -0.00567
 1641   -0.00659    0.00015   -0.00437
 1642   -0.00486    0.00078   -0.00188
 1643   -0.00322    0.00226    0.00033
 1644   -0.00647    0.00100   -0.00334
 1645   -0.00878    0.00093   -0.00523
 1646   -0.00790    0.00115   -0.00507
 1647   -0.00901    0.00169   -0.00728
 1648   -0.01221    0.00059   -0.00816
 1649   -0.01298   -0.00063   -0.00751
 1650   -0.01301    0.00084   -0.00910
 1651   -0.00507    0.00052   -0.00213
 1652   -0.00398    0.00148   -0.00013
 1653   -0.00360    0.00207   -0.00047
 1654   -0.00535    0.00170   -0.00233
 1655   -0.00420    0.00090    0.00043
 1656   -0.00310    0.00046    0.00137
 1657   -0.00332    0.00003   -0.00025
 1658   -0.00207    0.00069    0.00305
 1659   -0.00205   -0.00030    0.00088
 1660   -0.00084    0.00034    0.00385
 1661   -0.00124   -0.00016    0.00302
 1662   -0.00360    0.00313    0.00135
 1663   -0.00264    0.00268    0.00099
 1664   -0.00145    0.00292    0.00265
 1665   -0.00023    0.00392    0.00435
 1666   -0.00272    0.00456    0.00114
 1667   -0.00464    0.00369   -0.00077
 1668   -0.00094    0.00245    0.00234
 1669    0.00133    0.00297    0.00410
 1670    0.00240    0.00403    0.00386
 1671    0.00029    0.00316    0.00268
 1672    0.00171    0.00238    0.00448
 1673    0.00369    0.00501    0.00481
 1674    0.00438    0.00521    0.00516
 1675    0.00623    0.00488    0.00589
 1676    0.00661    0.00501    0.00608
 1677    0.00409    0.00561    0.00511
 1678    0.00222    0.00614    0.00408
 1679    0.00394    0.00635    0.00529
 1680    0.00759    0.00446    0.00605
 1681    0.00937    0.00325    0.00612
 1682    0.01083    0.00395    0.00562
 1683    0.01105    0.00382    0.00575
 1684    0.01021    0.00085    0.00597
 1685    0.01171    0.00350    0.00523
 1686    0.01426    0.00280    0.00472
 1687    0.01629    0.00148    0.00435
 1688    0.01696    0.00086    0.00419
 1689    0.01348    0.00299    0.00419
 1690    0.01535    0.00232    0.00339
 1691    0.01403    0.00276    0.00316
 1692    0.01601    0.00224    0.00345
 1693    0.01767    0.00132    0.00436
 1694    0.01973    0.00061    0.00489
 1695    0.02149    0.00024    0.00466
 1696    0.02140    0.00099    0.00472
 1697    0.01892    0.00045    0.00628
 1698    0.01758    0.00125    0.00648
 1699    0.02425    0.00018    0.00420
 1700    0.02741   -0.00001    0.00425
 1701    0.02938   -0.00039    0.00663
 1702    0.02829   -0.00103    0.00824
 1703    0.02839   -0.00038    0.00315
 1704    0.03049   -0.00031    0.00136
 1705    0.03065    0.00017    0.00024
 1706    0.03377   -0.00002   -0.00160
 1707    0.03751    0.00094   -0.00573
 1708    0.03337    0.00022    0.00736
 1709    0.03623   -0.00040    0.01007
 1710    0.04214   -0.00068    0.01109
 1711    0.04517   -0.00342    0.01316
 1712    0.03403   -0.00010    0.00847
 1713    0.04720   -0.00109    0.00932
 1714    0.06132   -0.00062    0.01235
 1715    0.02705   -0.06510   -0.00695
 1716   -0.08095   -0.18614   -0.02814
 1717    0.03821   -0.00994    0.01040
 1718   -0.01515    0.00586    0.02626
 1719   -0.01180    0.00472    0.01959
 1720   -0.01574    0.00117    0.01290
 1721   -0.01927    0.00017    0.01270
 1722   -0.00501    0.00744    0.02190
 1723   -0.00583    0.00759    0.02053
 1724    0.00106    0.00956    0.02053
 1725    0.00872    0.01294    0.02865
 1726   -0.01505    0.00009    0.00783
 1727   -0.01798   -0.00324    0.00246
 1728   -0.01503   -0.00314   -0.00190
 1729   -0.01131   -0.00220   -0.00396
 1730   -0.02037   -0.00456    0.00028
 1731   -0.02325   -0.00704   -0.00545
 1732   -0.02715   -0.00922   -0.00712
 1733   -0.03016   -0.01011   -0.00376
 1734   -0.02725   -0.01021   -0.01246
 1735   -0.01693   -0.00394   -0.00370
 1736   -0.01478   -0.00442   -0.00830
 1737   -0.01818   -0.00669   -0.01254
 1738   -0.02172   -0.00788   -0.01157
 1739   -0.01287   -0.00314   -0.00665
 1740   -0.01662   -0.00388   -0.00529
 1741   -0.00860   -0.00052   -0.00224
 1742   -0.01560   -0.00307   -0.00564
 1743   -0.01685   -0.00734   -0.01632
 1744   -0.01901   -0.00874   -0.01954
 1745   -0.01808   -0.00878   -0.01991
 1746   -0.01585   -0.00790   -0.01937
 1747   -0.01786   -0.00862   -0.02257
 1748   -0.01874   -0.00854   -0.02287
 1749   -0.02196   -0.01017   -0.02245
 1750   -0.01518   -0.00666   -0.02322
 1751   -0.02349   -0.01051   -0.02275
 1752   -0.01568   -0.00655   -0.02298
 1753   -0.02009   -0.00864   -0.02274
 1754   -0.01961   -0.00898   -0.02035
 1755   -0.01889   -0.00850   -0.02059
 1756   -0.01929   -0.00878   -0.02127
 1757   -0.02036   -0.00917   -0.02091
 1758   -0.01999   -0.00828   -0.01881
 1759   -0.01947   -0.00760   -0.01901
 1760   -0.01993   -0.00765   -0.01675
 1761   -0.01820   -0.00834   -0.02184
 1762   -0.01628   -0.00717   -0.02064
 1763   -0.01441   -0.00604   -0.01821
 1764   -0.01418   -0.00579   -0.01852
 1765   -0.01564   -0.00601   -0.02042
 1766   -0.01556   -0.00585   -0.01900
 1767   -0.01440   -0.00626   -0.01825
 1768   -0.01135   -0.00592   -0.01558
 1769   -0.01055   -0.00706   -0.01599
 1770   -0.01390   -0.00453   -0.01651
 1771   -0.01217   -0.00302   -0.01385
 1772   -0.01117   -0.00170   -0.01118
 1773   -0.01178   -0.00182   -0.01137
 1774   -0.01292   -0.00356   -0.01450
 1775   -0.01231   -0.00310   -0.01305
 1776   -0.01488   -0.00533   -0.01651
 1777   -0.00956   -0.00186   -0.00938
 1778   -0.00912   -0.00195   -0.00734
 1779   -0.00934   -0.00100   -0.00585
 1780   -0.00862   -0.00070   -0.00398
 1781   -0.00867   -0.00169   -0.00519
 1782   -0.00691   -0.00110   -0.00219
 1783   -0.00647   -0.00223   -0.00199
 1784   -0.00546   -0.00005   -0.00011
 1785   -0.00872   -0.00045   -0.00578
 1786   -0.00760   -0.00013   -0.00479
 1787   -0.00853   -0.00061   -0.00502
 1788   -0.00716   -0.00160   -0.00284
 1789   -0.00712    0.00005   -0.00533
 1790   -0.00999   -0.00214   -0.00793
 1791   -0.00519   -0.00032   -0.00342
 1792   -0.01071   -0.00118   -0.00718
 1793   -0.01149   -0.00408   -0.00751
 1794   -0.01363   -0.00701   -0.00986
 1795   -0.01724   -0.00801   -0.01321
 1796   -0.01465   -0.00629   -0.01321
 1797   -0.01758   -0.00850   -0.01586
 1798   -0.01834   -0.00914   -0.01898
 1799   -0.01755   -0.00742   -0.01888
 1800   -0.01597   -0.00804   -0.01488
 1801   -0.01590   -0.01009   -0.01635
 1802   -0.01513   -0.01126   -0.01610
 1803   -0.01903   -0.01423   -0.01726
 1804   -0.01716   -0.01499   -0.01755
 1805   -0.02029   -0.01117   -0.02082
 1806   -0.02205   -0.01151   -0.02329
 1807   -0.02327   -0.01317   -0.02172
 1808   -0.02410   -0.01447   -0.02152
 1809   -0.02324   -0.01120   -0.02586
 1810   -0.02182   -0.00949   -0.02443
 1811   -0.02193   -0.01075   -0.02544
 1812   -0.02307   -0.01143   -0.02081
 1813   -0.02486   -0.01063   -0.01808
 1814   -0.02665   -0.01110   -0.01790
 1815   -0.02474   -0.00980   -0.01785
 1816   -0.02446   -0.00958   -0.01754
 1817   -0.02337   -0.00964   -0.01739
 1818   -0.02544   -0.01012   -0.01542
 1819   -0.02227   -0.00848   -0.01655
 1820   -0.02892   -0.01331   -0.01688
 1821   -0.02966   -0.01355   -0.01390
 1822   -0.03149   -0.01124   -0.00980
 1823   -0.03421   -0.01206   -0.00877
 1824   -0.03327   -0.01516   -0.01306
 1825   -0.03285   -0.01495   -0.01781
 1826   -0.03255   -0.01422   -0.00982
 1827   -0.02917   -0.00949   -0.00878
 1828   -0.03006   -0.00838   -0.00487
 1829   -0.02913   -0.00779   -0.00056
 1830   -0.02557   -0.00644   -0.00033
 1831   -0.02812   -0.00724   -0.00644
 1832   -0.02946   -0.00739   -0.00908
 1833   -0.02660   -0.00668   -0.00971
 1834   -0.03233   -0.00753   -0.00846
 1835   -0.03142   -0.00781    0.00416
 1836   -0.03120   -0.00636    0.01044
 1837   -0.03194   -0.00345    0.01494
 1838   -0.03439   -0.00376    0.01662
 1839   -0.03734   -0.00644    0.01576
 1840   -0.03675   -0.00940    0.01049
 1841   -0.03529   -0.00816    0.00992
 1842   -0.03395   -0.01012    0.00407
 1843   -0.03378   -0.00661    0.01493
 1844   -0.02715   -0.00115    0.01492
 1845   -0.02494    0.00099    0.01650
 1846   -0.02030    0.00446    0.02210
 1847   -0.01977    0.00577    0.02534
 1848   -0.02187    0.00078    0.01117
 1849   -0.02492   -0.00143    0.00548
 1850   -0.01642    0.00100    0.00906
 1851   -0.01821    0.00662    0.02458
 1852   -0.01342    0.01046    0.03076
 1853   -0.00928    0.01041    0.02856
 1854   -0.01120    0.00871    0.02435
 1855   -0.01665    0.01302    0.03876
 1856   -0.01182    0.01752    0.04903
 1857   -0.01827    0.02113    0.05778
 1858   -0.02672    0.01927    0.05617
 1859   -0.01834    0.03266    0.08267
 1860   -0.00277    0.01218    0.03148
 1861    0.00130    0.01145    0.02878
 1862   -0.00065    0.01161    0.02920
 1863   -0.00020    0.00994    0.02481
 1864    0.00835    0.01418    0.03390
 1865    0.00920    0.01561    0.03580
 1866    0.00099    0.01414    0.03627
 1867   -0.00363    0.01343    0.03481
 1868   -0.00639    0.01390    0.03625
 1869   -0.01156    0.01226    0.02932
 1870   -0.01338    0.01299    0.02881
 1871   -0.00770    0.01643    0.04577
 1872   -0.01336    0.01694    0.04822
 1873   -0.01355    0.01058    0.02516
 1874   -0.01809    0.00881    0.02005
 1875   -0.01633    0.00763    0.01442
 1876   -0.01268    0.00615    0.01219
 1877   -0.02111    0.00702    0.01802
 1878   -0.02438    0.00814    0.02345
 1879   -0.02748    0.01075    0.02839
 1880   -0.02547    0.00711    0.02334
 1881   -0.01945    0.00765    0.01234
 1882   -0.01879    0.00622    0.00694
 1883   -0.02087    0.00324    0.00144
 1884   -0.02270    0.00312    0.00181
 1885   -0.02253    0.00656    0.00640
 1886   -0.02657    0.00746    0.00541
 1887   -0.02087    0.00870    0.01089
 1888   -0.02043    0.00142   -0.00226
 1889   -0.02149   -0.00061   -0.00616
 1890   -0.02511   -0.00096   -0.00716
 1891   -0.02476   -0.00232   -0.00850
 1892   -0.01911   -0.00229   -0.00976
 1893   -0.01428   -0.00264   -0.00898
 1894   -0.01949   -0.00415   -0.01327
 1895   -0.01214   -0.00218   -0.00812
 1896   -0.02801    0.00047   -0.00610
 1897   -0.02934   -0.00029   -0.00679
 1898   -0.03061    0.00086   -0.00495
 1899   -0.03000   -0.00069   -0.00620
 1900   -0.03225    0.00121   -0.00645
 1901   -0.03178    0.00032   -0.00845
 1902   -0.03428    0.00289   -0.00894
 1903   -0.03230    0.00313   -0.01103
 1904   -0.04039    0.00502   -0.00533
 1905   -0.03088    0.00326   -0.00012
 1906   -0.03135    0.00394    0.00196
 1907   -0.02988    0.00049   -0.00181
 1908   -0.03003   -0.00120   -0.00277
 1909   -0.02973    0.00726    0.00865
 1910   -0.03174    0.00997    0.01174
 1911   -0.03504    0.01095    0.01249
 1912   -0.02955    0.01124    0.01361
 1913   -0.02809   -0.00032   -0.00278
 1914   -0.02744   -0.00274   -0.00566
 1915   -0.02903   -0.00443   -0.00810
 1916   -0.02956   -0.00548   -0.00877
 1917   -0.02417   -0.00306   -0.00651
 1918   -0.02339   -0.00449   -0.00926
 1919   -0.02263   -0.00185   -0.00248
 1920   -0.02715   -0.00451   -0.00912
 1921   -0.02640   -0.00596   -0.01051
 1922   -0.02735   -0.00680   -0.00973
 1923   -0.02687   -0.00695   -0.01004
 1924   -0.02579   -0.00625   -0.01180
 1925   -0.02385   -0.00581   -0.01367
 1926   -0.02367   -0.00603   -0.01467
 1927   -0.02223   -0.00508   -0.01702
 1928   -0.02259   -0.00601   -0.01789
 1929   -0.02821   -0.00571   -0.00804
 1930   -0.02794   -0.00564   -0.00649
 1931   -0.02821   -0.00748   -0.00696
 1932   -0.02760   -0.00765   -0.00672
 1933   -0.02892   -0.00397   -0.00459
 1934   -0.03113   -0.00632   -0.00641
 1935   -0.03241   -0.00649   -0.00655
 1936   -0.03034   -0.00769   -0.00920
 1937   -0.03084   -0.00858   -0.00917
 1938   -0.03301   -0.00594   -0.00511
 1939   -0.03191   -0.00393   -0.00072
 1940   -0.03183   -0.00345    0.00226
 1941   -0.03277   -0.00146    0.01079
 1942   -0.03643   -0.00321    0.01599
 1943   -0.02854   -0.00761   -0.01039
 1944   -0.02851   -0.00797   -0.01156
 1945   -0.02788   -0.00792   -0.01138
 1946   -0.02680   -0.00746   -0.01191
 1947   -0.02699   -0.00728   -0.01219
 1948   -0.02647   -0.00747   -0.01239
 1949   -0.02544   -0.00670   -0.01278
 1950   -0.02406   -0.00680   -0.01336
 1951   -0.02704   -0.00766   -0.01020
 1952   -0.02589   -0.00724   -0.01016
 1953   -0.02560   -0.00842   -0.00989
 1954   -0.02573   -0.00846   -0.00953
 1955   -0.02468   -0.00672   -0.00935
 1956   -0.02311   -0.00637   -0.00973
 1957   -0.02238   -0.00688   -0.00964
 1958   -0.02311   -0.00727   -0.00829
 1959   -0.01958   -0.00542   -0.01091
 1960   -0.02671   -0.00912   -0.00916
 1961   -0.02786   -0.01100   -0.00898
 1962   -0.02814   -0.01090   -0.00987
 1963   -0.02850   -0.01244   -0.01090
 1964   -0.02934   -0.01065   -0.00675
 1965   -0.02982   -0.00960   -0.00528
 1966   -0.03152   -0.00970   -0.00273
 1967   -0.02770   -0.00998   -0.00633
 1968   -0.02863   -0.00995   -0.01061
 1969   -0.02860   -0.01025   -0.01195
 1970   -0.02710   -0.00902   -0.01130
 1971   -0.02753   -0.00885   -0.01122
 1972   -0.02948   -0.00981   -0.01237
 1973   -0.03156   -0.01045   -0.01123
 1974   -0.03113   -0.01107   -0.01169
 1975   -0.03525   -0.01281   -0.00727
 1976   -0.03681   -0.01365   -0.00737
 1977   -0.02662   -0.00794   -0.01148
 1978   -0.02220   -0.00674   -0.01183
 1979   -0.02081   -0.00593   -0.01084
 1980   -0.01730   -0.00261   -0.00877
 1981   -0.02034   -0.00647   -0.01436
 1982   -0.02121   -0.00792   -0.01626
 1983   -0.01949   -0.00930   -0.01673
 1984   -0.01725   -0.00910   -0.01563
 1985   -0.02022   -0.01045   -0.01713
 1986   -0.02453   -0.00643   -0.01038
 1987   -0.02257   -0.00564   -0.01036
 1988   -0.02125   -0.00410   -0.01032
 1989   -0.01823   -0.00303   -0.01082
 1990   -0.02101   -0.00361   -0.01084
 1991   -0.01995   -0.00219   -0.01123
 1992   -0.02148   -0.00331   -0.01163
 1993   -0.02204   -0.00439   -0.01174
 1994   -0.02006   -0.00237   -0.01154
 1995   -0.01835   -0.00265   -0.01268
 1996   -0.01759   -0.00224   -0.01216
 1997   -0.01846   -0.00316   -0.01358
 1998   -0.01805   -0.00233   -0.01176
 1999   -0.01761   -0.00354   -0.01267
 2000   -0.01909   -0.00365   -0.01298
 2001   -0.01753   -0.00236   -0.01250
 2002   -0.01336   -0.00226   -0.01382
 2003   -0.01322   -0.00018   -0.01267
 2004   -0.01458   -0.00047   -0.01204
 2005   -0.02109   -0.00463   -0.01223
 2006   -0.02307   -0.00477   -0.01211
 2007   -0.02014   -0.00401   -0.01323
 2008   -0.01975   -0.00429   -0.01392
 2009   -0.02310   -0.00452   -0.01130
 2010   -0.02208   -0.00451   -0.00941
 2011   -0.02012   -0.00481   -0.01142
 2012   -0.01755   -0.00306   -0.01391
 2013   -0.01433   -0.00177   -0.01482
 2014   -0.01273   -0.00026   -0.01405
 2015   -0.01304    0.00097   -0.01388
 2016   -0.01045   -0.00071   -0.01587
 2017   -0.01304   -0.00257   -0.01762
 2018   -0.01342   -0.00364   -0.01663
 2019   -0.01070   -0.00265   -0.02061
 2020   -0.01416   -0.00048   -0.01382
 2021   -0.01350   -0.00015   -0.01283
 2022   -0.01476   -0.00156   -0.01345
 2023   -0.01441   -0.00143   -0.01247
 2024   -0.01310    0.00086   -0.01179
 2025   -0.01115    0.00262   -0.01030
 2026   -0.00978    0.00378   -0.00934
 2027   -0.01039    0.00326   -0.00937
 2028   -0.00765    0.00519   -0.00790
 2029   -0.01589   -0.00219   -0.01399
 2030   -0.01691   -0.00299   -0.01480
 2031   -0.01698   -0.00356   -0.01616
 2032   -0.01716   -0.00389   -0.01660
 2033   -0.01969   -0.00360   -0.01472
 2034   -0.02011   -0.00370   -0.01365
 2035   -0.02291   -0.00465   -0.01240
 2036   -0.02348   -0.00515   -0.01250
 2037   -0.02396   -0.00524   -0.01186
 2038   -0.01669   -0.00428   -0.01773
 2039   -0.01563   -0.00539   -0.01887
 2040   -0.01657   -0.00579   -0.01976
 2041   -0.01498   -0.00517   -0.01940
 2042   -0.01406   -0.00486   -0.01824
 2043   -0.01285   -0.00310   -0.01641
 2044   -0.01305   -0.00517   -0.01846
 2045   -0.01139   -0.00317   -0.01667
 2046   -0.01055   -0.00057   -0.01451
 2047   -0.01273   -0.00056   -0.01527
 2048   -0.00717    0.00251   -0.01067
 2049   -0.01751   -0.00659   -0.02016
 2050   -0.01680   -0.00667   -0.02011
 2051   -0.01399   -0.00756   -0.02105
 2052   -0.01328   -0.00834   -0.02151
 2053   -0.01680   -0.00661   -0.01862
 2054   -0.01868   -0.00620   -0.01765
 2055   -0.01979   -0.00553   -0.01529
 2056   -0.01837   -0.00634   -0.01833
 2057   -0.01322   -0.00766   -0.02122
 2058   -0.01058   -0.00914   -0.02188
 2059   -0.00815   -0.00857   -0.02165
 2060   -0.00932   -0.00827   -0.02118
 2061   -0.01139   -0.00919   -0.02247
 2062   -0.01153   -0.00804   -0.02251
 2063   -0.00914   -0.01124   -0.02263
 2064   -0.01137   -0.00939   -0.02235
 2065   -0.00438   -0.00902   -0.02163
 2066   -0.00008   -0.00835   -0.02109
 2067    0.00329   -0.00976   -0.02178
 2068    0.00505   -0.00999   -0.02197
 2069    0.00172   -0.00688   -0.01969
 2070    0.00577   -0.00447   -0.01818
 2071    0.00510   -0.00368   -0.01912
 2072    0.01170   -0.00313   -0.01874
 2073    0.00873   -0.00174   -0.01869
 2074    0.01696   -0.00127   -0.01829
 2075    0.01570   -0.00024   -0.01822
 2076    0.00321   -0.01077   -0.02196
 2077    0.00666   -0.01388   -0.02109
 2078    0.00455   -0.01727   -0.02198
 2079    0.00796   -0.01725   -0.02396
 2080    0.01664   -0.00732   -0.02630
 2081    0.00162   -0.01902   -0.02294
 2082    0.00254   -0.02255   -0.02534
 2083    0.00104   -0.02006   -0.02760
 2084   -0.00214   -0.02173   -0.02598
 2085    0.00077   -0.01695   -0.02614
 2086    0.00043   -0.01635   -0.02744
 2087   -0.00254   -0.01397   -0.02534
 2088   -0.00388   -0.01232   -0.02385
 2089    0.00406   -0.01583   -0.02587
 2090   -0.00632   -0.01443   -0.02460
 2091   -0.00991   -0.01300   -0.02315
 2092   -0.00835   -0.01197   -0.02336
 2093   -0.00481   -0.01308   -0.02397
 2094   -0.01289   -0.01376   -0.02319
 2095   -0.01471   -0.01378   -0.02234
 2096   -0.01579   -0.01360   -0.02254
 2097   -0.01671   -0.01331   -0.02468
 2098   -0.01373   -0.01008   -0.02019
 2099   -0.01041   -0.01012   -0.02160
 2100   -0.00916   -0.00900   -0.01978
 2101   -0.01235   -0.00867   -0.01993
 2102   -0.01547   -0.00805   -0.01966
 2103   -0.00884   -0.00763   -0.01792
 2104   -0.00628   -0.00752   -0.01843
 2105   -0.00725   -0.00615   -0.01643
 2106   -0.00123   -0.00763   -0.01875
 2107   -0.01096   -0.00972   -0.02002
 2108   -0.01443   -0.00928   -0.02029
 2109   -0.01707   -0.00639   -0.01642
 2110   -0.01484   -0.00504   -0.01304
 2111   -0.01261   -0.01083   -0.02273
 2112   -0.01675   -0.01109   -0.02428
 2113   -0.01988   -0.01194   -0.03002
 2114   -0.01915   -0.01372   -0.03037
 2115   -0.02327   -0.01076   -0.03382
 2116   -0.02128   -0.00543   -0.01679
 2117   -0.02512   -0.00371   -0.01335
 2118   -0.02448   -0.00224   -0.01045
 2119   -0.02391   -0.00313   -0.01203
 2120   -0.03032   -0.00431   -0.01519
 2121   -0.02568   -0.00392   -0.01716
 2122   -0.02417   -0.00399   -0.01527
 2123   -0.02529   -0.00417   -0.01918
 2124   -0.02435    0.00047   -0.00620
 2125   -0.02315    0.00248   -0.00252
 2126   -0.01749    0.00351    0.00123
 2127   -0.01637    0.00602    0.00597
 2128   -0.01373    0.00149   -0.00143
 2129   -0.00814    0.00218    0.00166
 2130   -0.00824    0.00312    0.00389
 2131   -0.01114    0.00204    0.00128
 2132   -0.00453   -0.00082   -0.00221
 2133   -0.00049   -0.00091   -0.00191
 2134    0.00473   -0.00326   -0.00436
 2135    0.01129   -0.00235   -0.00250
 2136    0.01374   -0.00477   -0.00588
 2137    0.02584   -0.00311   -0.00359
 2138    0.00937   -0.00763   -0.01124
 2139   -0.00438    0.00523    0.00901
 2140   -0.00393    0.00645    0.01149
 2141   -0.00121    0.00485    0.00881
 2142    0.00178    0.00354    0.00571
 2143   -0.00078    0.00892    0.01858
 2144    0.00506    0.00921    0.01946
 2145   -0.00445    0.01099    0.02275
 2146   -0.00193    0.00523    0.00995
 2147    0.00040    0.00416    0.00777
 2148    0.00692    0.00523    0.00999
 2149    0.01005    0.00419    0.00658
 2150   -0.00223    0.00448    0.00900
 2151   -0.00786    0.00245    0.00492
 2152   -0.01115    0.00276    0.00767
 2153   -0.00710    0.00051   -0.00039
 2154    0.00961    0.00734    0.01526
 2155    0.01617    0.00928    0.01847
 2156    0.02079    0.00786    0.01537
 2157    0.02755    0.00843    0.01451
 2158    0.01681    0.01141    0.02565
 2159    0.02433    0.01448    0.02902
 2160    0.01757    0.00652    0.01295
 2161    0.02130    0.00508    0.00981
 2162    0.02319    0.00242    0.00415
 2163    0.03022    0.00095    0.00142
 2164    0.01564    0.00423    0.00784
 2165    0.01528    0.00670    0.01285
 2166    0.00948    0.00692    0.01328
 2167    0.02108    0.00899    0.01804
 2168    0.01883    0.00139    0.00183
 2169    0.01979   -0.00090   -0.00295
 2170    0.02293    0.00099   -0.00255
 2171    0.02347    0.00025   -0.00636
 2172    0.01274   -0.00236   -0.00739
 2173    0.00981   -0.00404   -0.00955
 2174    0.00506   -0.00335   -0.00778
 2175    0.01112   -0.00708   -0.01213
 2176    0.00222   -0.00494   -0.00989
 2177    0.00888   -0.00896   -0.01382
 2178    0.00427   -0.00781   -0.01345
 2179    0.00121   -0.00994   -0.01577
 2180    0.02536    0.00388    0.00306
 2181    0.02866    0.00559    0.00510
 2182    0.02552    0.00440    0.00158
 2183    0.02997    0.00366   -0.00163
 2184    0.03961    0.00532    0.00476
 2185    0.04923    0.00691    0.00997
 2186    0.05166    0.01004    0.01722
 2187    0.05241    0.00399    0.00554
 2188    0.01812    0.00449    0.00183
 2189    0.01380    0.00377   -0.00068
 2190    0.01521    0.00564    0.00343
 2191    0.01376    0.00775    0.00889
 2192    0.00660    0.00231   -0.00269
 2193    0.00501   -0.00052   -0.00916
 2194    0.00289    0.00185   -0.00272
 2195    0.00577   -0.00089   -0.00923
 2196    0.01760    0.00538    0.00003
 2197    0.01984    0.00714    0.00251
 2198    0.01317    0.00603    0.00181
 2199    0.00672    0.00407   -0.00063
 2200    0.03056    0.00873    0.00006
 2201    0.04967    0.01402    0.00859
 2202    0.06252    0.02265    0.02082
 2203    0.07626    0.02804    0.02621
 2204    0.05914    0.02176    0.02566
 2205    0.01405    0.00736    0.00426
 2206    0.00823    0.00491    0.00287
 2207    0.00602    0.00302   -0.00572
 2208    0.01100    0.00437   -0.00968
 2209    0.00951    0.00593    0.00842
 2210   -0.00065    0.00101   -0.00805
 2211   -0.00226   -0.00050   -0.01511
 2212    0.00062   -0.00069   -0.01965
 2213    0.00211   -0.00100   -0.02487
 2214   -0.00126   -0.00034   -0.01806
 2215   -0.00399   -0.00106   -0.01323
 2216    0.00247    0.00151   -0.00812
 2217    0.00939    0.00349   -0.01185
 2218    0.00148    0.00233   -0.00090
 2219    0.00102   -0.00081   -0.01695
 2220    0.00322   -0.00113   -0.02062
 2221   -0.00347   -0.00338   -0.02070
 2222   -0.00670   -0.00415   -0.01794
 2223    0.00886    0.00003   -0.01796
 2224    0.00575   -0.00030   -0.01320
 2225   -0.00473   -0.00446   -0.02270
 2226   -0.00879   -0.00621   -0.02361
 2227   -0.00907   -0.00660   -0.02229
 2228   -0.00586   -0.00613   -0.02196
 2229   -0.00979   -0.00593   -0.02555
 2230   -0.00911   -0.00473   -0.02824
 2231   -0.01309   -0.00658   -0.02541
 2232   -0.01169   -0.00739   -0.02170
 2233   -0.01200   -0.00727   -0.02133
 2234   -0.01305   -0.00757   -0.02231
 2235   -0.01405   -0.00757   -0.02204
 2236   -0.01342   -0.00709   -0.01974
 2237   -0.01194   -0.00592   -0.01720
 2238   -0.01421   -0.00531   -0.01480
 2239   -0.00822   -0.00560   -0.01714
 2240   -0.01270   -0.00671   -0.02148
 2241   -0.01296   -0.00625   -0.02135
 2242   -0.01331   -0.00560   -0.02068
 2243   -0.01373   -0.00607   -0.02089
 2244   -0.01237   -0.00604   -0.02099
 2245   -0.01186   -0.00630   -0.02040
 2246   -0.01231   -0.00559   -0.01719
 2247   -0.01105   -0.00679   -0.02155
 2248   -0.01236   -0.00578   -0.01639
 2249   -0.01127   -0.00622   -0.01966
 2250   -0.01367   -0.00529   -0.01960
 2251   -0.01437   -0.00467   -0.01880
 2252   -0.01247   -0.00404   -0.01642
 2253   -0.01179   -0.00383   -0.01447
 2254   -0.01589   -0.00539   -0.01823
 2255   -0.01756   -0.00528   -0.01805
 2256   -0.01871   -0.00536   -0.01799
 2257   -0.01848   -0.00582   -0.01633
 2258   -0.01161   -0.00349   -0.01560
 2259   -0.01025   -0.00218   -0.01238
 2260   -0.01135   -0.00165   -0.01181
 2261   -0.01455   -0.00240   -0.01423
 2262   -0.00969   -0.00190   -0.01175
 2263   -0.00816    0.00014   -0.00825
 2264   -0.00945   -0.00308   -0.01259
 2265   -0.00974   -0.00063   -0.00938
 2266   -0.01037    0.00037   -0.00920
 2267   -0.00930    0.00252   -0.00665
 2268   -0.00754    0.00361   -0.00349
 2269   -0.01022   -0.00000   -0.00874
 2270   -0.01223   -0.00139   -0.01148
 2271   -0.01170   -0.00107   -0.01024
 2272   -0.01501   -0.00224   -0.01315
 2273   -0.00999    0.00182   -0.00731
 2274   -0.00815    0.00372   -0.00523
 2275   -0.00752    0.00397   -0.00489
 2276   -0.00848    0.00432   -0.00674
 2277   -0.00863    0.00460   -0.00661
 2278   -0.00755    0.00452   -0.00676
 2279   -0.00615    0.00649   -0.00429
 2280   -0.00635    0.00560   -0.00552
 2281   -0.00643    0.00607   -0.00521
 2282   -0.00670    0.00541   -0.00321
 2283   -0.00588    0.00611   -0.00553
 2284   -0.00598    0.00520   -0.00298
 2285   -0.00491    0.00572   -0.00174
 2286   -0.00391    0.00659    0.00013
 2287   -0.00436    0.00710    0.00070
 2288   -0.00468    0.00552   -0.00130
 2289   -0.00743    0.00422   -0.00334
 2290   -0.00671    0.00377   -0.00236
 2291   -0.00849    0.00376   -0.00501
 2292   -0.00314    0.00739   -0.00007
 2293   -0.00268    0.00838    0.00069
 2294   -0.00112    0.00816    0.00238
 2295   -0.00102    0.00782    0.00252
 2296   -0.00230    0.00873   -0.00051
 2297   -0.00314    0.00858   -0.00221
 2298   -0.00224    0.00820   -0.00399
 2299   -0.00136    0.00908   -0.00368
 2300   -0.00009    0.00938   -0.00489
 2301    0.00051    0.00832   -0.00649
 2302    0.00088    0.01077   -0.00464
 2303   -0.00014    0.00882    0.00407
 2304    0.00119    0.00850    0.00620
 2305    0.00204    0.00994    0.00672
 2306    0.00192    0.01087    0.00567
