    1    0.00769   -0.02611    0.01004
    2    0.00686   -0.02387    0.00679
    3    0.00373   -0.02056    0.00185
    4    0.00203   -0.01959    0.00023
    5    0.00793   -0.02280    0.00866
    6    0.00961   -0.02389    0.00842
    7    0.01597   -0.02317    0.01343
    8    0.01018   -0.02213    0.00741
    9    0.00320   -0.01932    0.00028
   10    0.00178   -0.01767   -0.00216
   11    0.00112   -0.01566   -0.00284
   12    0.00150   -0.01588   -0.00194
   13    0.00188   -0.02022   -0.00346
   14    0.00233   -0.02309   -0.00232
   15    0.00125   -0.02697   -0.00307
   16    0.00101   -0.03104   -0.00181
   17    0.00131   -0.02316   -0.00593
   18    0.00024   -0.01389   -0.00403
   19   -0.00007   -0.01256   -0.00419
   20   -0.00020   -0.01301   -0.00554
   21   -0.00001   -0.01414   -0.00607
   22   -0.00061   -0.01130   -0.00459
   23   -0.00058   -0.01083   -0.00342
   24   -0.00154   -0.01016   -0.00421
   25   -0.00003   -0.01105   -0.00149
   26   -0.00052   -0.01191   -0.00586
   27   -0.00085   -0.01090   -0.00689
   28   -0.00080   -0.01058   -0.00762
   29   -0.00089   -0.01050   -0.00758
   30   -0.00084   -0.01046   -0.00713
   31   -0.00063   -0.01125   -0.00690
   32   -0.00078   -0.01073   -0.00805
   33   -0.00062   -0.01102   -0.00781
   34   -0.00028   -0.01127   -0.00832
   35   -0.00024   -0.01021   -0.00806
   36   -0.00002   -0.00928   -0.00886
   37    0.00001   -0.00913   -0.00834
   38    0.00026   -0.00869   -0.00821
   39    0.00162   -0.00748   -0.00827
   40    0.00237   -0.00765   -0.00786
   41    0.00012   -0.00995   -0.00777
   42   -0.00024   -0.00865   -0.00870
   43   -0.00018   -0.00889   -0.00794
   44    0.00059   -0.00793   -0.00795
   45    0.00091   -0.00748   -0.00821
   46   -0.00104   -0.00916   -0.00813
   47   -0.00113   -0.00918   -0.00769
   48   -0.00150   -0.00945   -0.00727
   49   -0.00217   -0.00941   -0.00713
   50    0.00095   -0.00782   -0.00728
   51    0.00200   -0.00733   -0.00672
   52    0.00156   -0.00782   -0.00638
   53    0.00124   -0.00833   -0.00660
   54    0.00209   -0.00752   -0.00673
   55    0.00316   -0.00706   -0.00533
   56    0.00343   -0.00738   -0.00485
   57    0.00255   -0.00665   -0.00510
   58    0.00333   -0.00695   -0.00390
   59    0.00223   -0.00704   -0.00598
   60    0.00223   -0.00745   -0.00557
   61    0.00308   -0.00738   -0.00502
   62    0.00378   -0.00680   -0.00383
   63    0.00219   -0.00717   -0.00560
   64    0.00180   -0.00676   -0.00519
   65    0.00302   -0.00640   -0.00452
   66    0.00159   -0.00619   -0.00541
   67    0.00137   -0.00788   -0.00569
   68    0.00193   -0.00820   -0.00527
   69   -0.00036   -0.00887   -0.00487
   70   -0.00114   -0.00905   -0.00559
   71    0.00162   -0.00864   -0.00542
   72    0.00054   -0.00906   -0.00456
   73    0.00043   -0.00943   -0.00399
   74    0.00050   -0.00906   -0.00448
   75   -0.00076   -0.00871   -0.00451
   76   -0.00183   -0.00892   -0.00429
   77   -0.00333   -0.00938   -0.00438
   78   -0.00383   -0.00914   -0.00467
   79   -0.00205   -0.00939   -0.00400
   80   -0.00029   -0.00860   -0.00377
   81    0.00106   -0.00833   -0.00332
   82   -0.00274   -0.01002   -0.00478
   83   -0.00367   -0.01077   -0.00552
   84   -0.00398   -0.01076   -0.00592
   85   -0.00498   -0.00992   -0.00617
   86   -0.00398   -0.01209   -0.00669
   87   -0.00507   -0.01337   -0.00838
   88   -0.00517   -0.01406   -0.00960
   89   -0.00402   -0.01500   -0.00797
   90   -0.00562   -0.01358   -0.01118
   91   -0.00312   -0.01085   -0.00631
   92   -0.00324   -0.01057   -0.00679
   93   -0.00349   -0.00998   -0.00612
   94   -0.00384   -0.00980   -0.00601
   95   -0.00232   -0.01023   -0.00739
   96   -0.00194   -0.01037   -0.00798
   97   -0.00040   -0.00972   -0.00791
   98   -0.00092   -0.00952   -0.00803
   99   -0.00313   -0.00935   -0.00602
  100   -0.00331   -0.00879   -0.00569
  101   -0.00413   -0.00802   -0.00470
  102   -0.00477   -0.00748   -0.00457
  103   -0.00294   -0.00814   -0.00553
  104   -0.00249   -0.00808   -0.00609
  105   -0.00205   -0.00884   -0.00656
  106   -0.00180   -0.00786   -0.00600
  107   -0.00443   -0.00802   -0.00460
  108   -0.00577   -0.00751   -0.00403
  109   -0.00638   -0.00736   -0.00404
  110   -0.00718   -0.00662   -0.00338
  111   -0.00631   -0.00758   -0.00453
  112   -0.00562   -0.00729   -0.00430
  113   -0.00599   -0.00674   -0.00390
  114   -0.00648   -0.00774   -0.00471
  115   -0.00503   -0.00829   -0.00443
  116   -0.00543   -0.00879   -0.00478
  117   -0.00506   -0.00849   -0.00436
  118   -0.00502   -0.00803   -0.00378
  119   -0.00465   -0.00976   -0.00596
  120   -0.00486   -0.01012   -0.00665
  121   -0.00513   -0.01113   -0.00752
  122   -0.00508   -0.01181   -0.00841
  123   -0.00529   -0.01305   -0.00951
  124   -0.00471   -0.00867   -0.00472
  125   -0.00450   -0.00808   -0.00446
  126   -0.00536   -0.00715   -0.00385
  127   -0.00529   -0.00642   -0.00247
  128   -0.00431   -0.00838   -0.00484
  129   -0.00476   -0.00761   -0.00435
  130   -0.00351   -0.00895   -0.00521
  131   -0.00614   -0.00660   -0.00399
  132   -0.00735   -0.00518   -0.00308
  133   -0.00750   -0.00436   -0.00185
  134   -0.00798   -0.00270   -0.00132
  135   -0.00828   -0.00426   -0.00333
  136   -0.00832   -0.00450   -0.00438
  137   -0.00862   -0.00412   -0.00372
  138   -0.00877   -0.00397   -0.00516
  139   -0.00698   -0.00529   -0.00181
  140   -0.00660   -0.00394   -0.00107
  141   -0.00544   -0.00395   -0.00019
  142   -0.00461   -0.00159    0.00132
  143   -0.00650   -0.00502   -0.00195
  144   -0.00753   -0.00432   -0.00232
  145   -0.00751   -0.00583   -0.00322
  146   -0.00878   -0.00257   -0.00234
  147   -0.00779   -0.00561   -0.00354
  148   -0.00947   -0.00117   -0.00307
  149   -0.00906   -0.00339   -0.00355
  150   -0.00906   -0.00356   -0.00388
  151   -0.00469   -0.00535   -0.00045
  152   -0.00364   -0.00500    0.00068
  153   -0.00334   -0.00422    0.00246
  154   -0.00239   -0.00298    0.00367
  155   -0.00397   -0.00610   -0.00053
  156   -0.00337   -0.00662   -0.00212
  157   -0.00383   -0.00741   -0.00282
  158   -0.00369   -0.00810   -0.00429
  159   -0.00372   -0.00814   -0.00433
  160   -0.00375   -0.00759   -0.00320
  161   -0.00381   -0.00972   -0.00633
  162   -0.00431   -0.00459    0.00197
  163   -0.00459   -0.00317    0.00229
  164   -0.00471   -0.00134    0.00379
  165   -0.00515    0.00036    0.00400
  166   -0.00580   -0.00342   -0.00004
  167   -0.00542   -0.00458   -0.00095
  168   -0.00627   -0.00484   -0.00279
  169   -0.00476   -0.00442    0.00019
  170   -0.00480    0.00009    0.00391
  171   -0.00532    0.00402    0.00376
  172   -0.00814    0.00562    0.00089
  173   -0.00911    0.00929    0.00032
  174   -0.00933    0.00384   -0.00098
  175   -0.01158    0.00512   -0.00321
  176   -0.01199    0.00618   -0.00341
  177   -0.01091    0.00468   -0.00270
  178   -0.01118    0.00231   -0.00373
  179   -0.01273    0.00329   -0.00470
  180   -0.01074    0.00113   -0.00396
  181   -0.01303    0.00817   -0.00382
  182   -0.01337    0.00865   -0.00299
  183   -0.01390    0.00855   -0.00377
  184   -0.01365    0.00821   -0.00456
  185   -0.01387    0.01267   -0.00209
  186   -0.01349    0.00744   -0.00236
  187   -0.01291    0.00677   -0.00197
  188   -0.01132    0.00494   -0.00086
  189   -0.01166    0.00476   -0.00036
  190   -0.01220    0.00643    0.00149
  191   -0.01247    0.00736    0.00329
  192   -0.01282    0.00556    0.00304
  193   -0.01174    0.00503    0.00421
  194   -0.00998    0.00838    0.00102
  195   -0.01057    0.01039    0.00101
  196    0.00115    0.00963   -0.00391
  197    0.00991    0.01193   -0.00548
  198    0.01261    0.01635   -0.00636
  199   -0.01276    0.00322    0.00030
  200   -0.01136    0.00118   -0.00150
  201   -0.01130   -0.00053   -0.00116
  202   -0.01153   -0.00084   -0.00100
  203   -0.01133    0.00117   -0.00338
  204   -0.01110    0.00145   -0.00499
  205   -0.01037    0.00290   -0.00553
  206   -0.01073    0.00085   -0.00626
  207   -0.00964    0.00302   -0.00719
  208   -0.00993    0.00171   -0.00789
  209   -0.01101   -0.00034   -0.00617
  210   -0.00991    0.00217   -0.00896
  211   -0.01107   -0.00032   -0.00706
  212   -0.01085    0.00073   -0.00808
  213   -0.00985   -0.00206   -0.00134
  214   -0.00892   -0.00359   -0.00167
  215   -0.00765   -0.00515   -0.00268
  216   -0.00781   -0.00476   -0.00235
  217   -0.00797   -0.00366   -0.00232
  218   -0.00983   -0.00049   -0.00074
  219   -0.00991   -0.00272   -0.00233
  220   -0.01103   -0.00083   -0.00196
  221   -0.01099   -0.00010   -0.00194
  222   -0.01131   -0.00022   -0.00261
  223   -0.01092    0.00139   -0.00143
  224   -0.00634   -0.00650   -0.00344
  225   -0.00441   -0.00750   -0.00449
  226   -0.00494   -0.00777   -0.00338
  227   -0.00490   -0.00792   -0.00355
  228   -0.00378   -0.00757   -0.00443
  229   -0.00476   -0.00702   -0.00447
  230   -0.00581   -0.00649   -0.00448
  231   -0.00514   -0.00663   -0.00475
  232   -0.00643   -0.00621   -0.00523
  233   -0.00622   -0.00618   -0.00543
  234   -0.00721   -0.00629   -0.00597
  235   -0.00446   -0.00717   -0.00328
  236   -0.00407   -0.00710   -0.00181
  237   -0.00247   -0.00715   -0.00260
  238   -0.00238   -0.00696   -0.00334
  239   -0.00492   -0.00689   -0.00108
  240   -0.00360   -0.00698    0.00004
  241   -0.00577   -0.00631   -0.00129
  242   -0.00068   -0.00673   -0.00220
  243    0.00155   -0.00604   -0.00092
  244    0.00106   -0.00490   -0.00019
  245    0.00123   -0.00469    0.00078
  246    0.00366   -0.00608    0.00200
  247    0.00486   -0.00572    0.00231
  248    0.00476   -0.00587    0.00467
  249    0.00338   -0.00620    0.00002
  250    0.00251   -0.00415    0.00087
  251    0.00262   -0.00348    0.00175
  252    0.00450   -0.00271    0.00415
  253    0.00489   -0.00286    0.00412
  254    0.00091   -0.00402    0.00037
  255    0.00141   -0.00356    0.00188
  256   -0.00066   -0.00473   -0.00146
  257    0.00621   -0.00177    0.00630
  258    0.00754   -0.00185    0.00933
  259    0.00843   -0.00207    0.01041
  260    0.00817   -0.00203    0.01181
  261    0.00772   -0.00197    0.01222
  262    0.00631   -0.00212    0.01496
  263    0.00649   -0.00200    0.01811
  264    0.00660   -0.00080    0.01625
  265    0.00769   -0.00221    0.00812
  266    0.00728   -0.00244    0.00902
  267    0.00478   -0.00145    0.00624
  268    0.00196   -0.00152    0.00434
  269    0.00484   -0.00188    0.00591
  270    0.00029   -0.00013    0.00259
  271   -0.00069    0.00053    0.00207
  272   -0.00293    0.00106   -0.00029
  273    0.00013   -0.00134    0.00170
  274    0.00172   -0.00258    0.00133
  275    0.00148   -0.00242   -0.00033
  276   -0.00012   -0.00263   -0.00107
  277    0.00072    0.00043    0.00447
  278   -0.00005    0.00083    0.00430
  279    0.00063    0.00081    0.00344
  280    0.00135    0.00056    0.00378
  281    0.00344    0.00134    0.00769
  282    0.00302    0.00087    0.00958
  283    0.00475    0.00006    0.01012
  284    0.00488    0.00189    0.01084
  285    0.00577   -0.00052    0.00969
  286    0.00004    0.00053    0.00244
  287    0.00291    0.00075    0.00252
  288    0.00594   -0.00002    0.00488
  289    0.00714   -0.00038    0.00470
  290    0.00396    0.00085    0.00200
  291    0.00107    0.00162   -0.00142
  292   -0.00234    0.00152   -0.00159
  293   -0.00377    0.00197   -0.00173
  294   -0.00402    0.00085   -0.00229
  295    0.00959    0.00093    0.00675
  296    0.01099    0.00151    0.00810
  297    0.00848    0.00160    0.00767
  298    0.00895    0.00211    0.00855
  299    0.01065    0.00265    0.01063
  300    0.01635    0.00313    0.01296
  301    0.01866    0.00141    0.02348
  302    0.01337    0.00101    0.02660
  303    0.03600   -0.00500    0.04479
  304    0.00752    0.00124    0.00714
  305    0.00617    0.00061    0.00613
  306    0.00548    0.00017    0.00494
  307    0.00380    0.00014    0.00503
  308    0.00678   -0.00036    0.00710
  309    0.00733    0.00065    0.00948
  310    0.00337   -0.00025    0.00435
  311    0.00302   -0.00057    0.00345
  312    0.00300   -0.00051    0.00374
  313    0.00060   -0.00233    0.00208
  314    0.00097   -0.00118    0.00220
  315    0.00003   -0.00042    0.00155
  316   -0.00285   -0.00121   -0.00163
  317   -0.00076   -0.00171    0.00100
  318    0.00500   -0.00069    0.00396
  319    0.00716   -0.00160    0.00418
  320    0.00317   -0.00071    0.00476
  321    0.00033   -0.00246    0.00529
  322    0.00234    0.00047    0.00546
  323    0.00090    0.00048    0.00583
  324   -0.00047   -0.00264    0.00379
  325   -0.00151   -0.00390    0.00349
  326    0.00311    0.00161    0.00748
  327    0.00389    0.00010    0.00668
  328   -0.00160   -0.00335    0.00312
  329   -0.00448   -0.00469    0.00145
  330   -0.00688   -0.00625    0.00015
  331   -0.00600   -0.00558    0.00084
  332   -0.00366   -0.00449    0.00051
  333   -0.00615   -0.00513   -0.00230
  334   -0.00182   -0.00410    0.00088
  335   -0.00714   -0.00659   -0.00090
  336   -0.00648   -0.00532   -0.00106
  337   -0.00615   -0.00402   -0.00270
  338   -0.00703   -0.00431   -0.00313
  339   -0.00635   -0.00512   -0.00091
  340   -0.00589   -0.00631    0.00015
  341   -0.00657   -0.00624   -0.00051
  342   -0.00558   -0.00119   -0.00354
  343   -0.00585   -0.00099   -0.00419
  344   -0.00687    0.00132   -0.00677
  345   -0.00235    0.00837   -0.01075
  346   -0.00666   -0.00196   -0.00066
  347   -0.00826    0.00187   -0.00835
  348   -0.01014   -0.00031   -0.00621
  349   -0.01018   -0.00115   -0.00642
  350   -0.00910   -0.00079   -0.00705
  351   -0.01112    0.00111   -0.00704
  352   -0.00927    0.00231   -0.00856
  353   -0.00687    0.00346   -0.00945
  354   -0.01114   -0.00181   -0.00675
  355   -0.01098   -0.00228   -0.00667
  356   -0.01203   -0.00148   -0.00687
  357   -0.01278   -0.00132   -0.00665
  358   -0.00982   -0.00365   -0.00612
  359   -0.01172   -0.00160   -0.00688
  360   -0.01285   -0.00141   -0.00730
  361   -0.01208   -0.00212   -0.00692
  362   -0.01280   -0.00157   -0.00712
  363   -0.01264   -0.00054   -0.00792
  364   -0.01238   -0.00118   -0.00745
  365   -0.01181   -0.00274   -0.00695
  366   -0.01103   -0.00319   -0.00688
  367   -0.00948   -0.00381   -0.00673
  368   -0.00840   -0.00451   -0.00623
  369   -0.01073   -0.00345   -0.00726
  370   -0.00907   -0.00381   -0.00706
  371   -0.00757   -0.00436   -0.00695
  372   -0.00658   -0.00458   -0.00751
  373   -0.00694   -0.00408   -0.00767
  374   -0.00779   -0.00367   -0.00706
  375   -0.00536   -0.00411   -0.00683
  376   -0.00471   -0.00500   -0.00572
  377   -0.00557   -0.00363   -0.00661
  378   -0.00543   -0.00580   -0.00735
  379   -0.00425   -0.00589   -0.00752
  380   -0.00319   -0.00572   -0.00731
  381   -0.00245   -0.00685   -0.00640
  382   -0.00385   -0.00621   -0.00740
  383   -0.00369   -0.00604   -0.00809
  384   -0.00528   -0.00597   -0.00851
  385   -0.00354   -0.00662   -0.00778
  386   -0.00263   -0.00526   -0.00795
  387   -0.00209   -0.00521   -0.00796
  388   -0.00106   -0.00553   -0.00850
  389   -0.00141   -0.00525   -0.00896
  390   -0.00229   -0.00428   -0.00772
  391   -0.00124   -0.00382   -0.00746
  392   -0.00094   -0.00375   -0.00604
  393   -0.00156   -0.00300   -0.00784
  394    0.00044   -0.00517   -0.00779
  395    0.00090   -0.00510   -0.00806
  396    0.00144   -0.00418   -0.00785
  397    0.00202   -0.00376   -0.00669
  398    0.00160   -0.00543   -0.00787
  399    0.00143   -0.00501   -0.00806
  400    0.00168   -0.00542   -0.00808
  401    0.00231   -0.00473   -0.00679
  402    0.00146   -0.00361   -0.00867
  403    0.00175   -0.00285   -0.00841
  404    0.00163   -0.00208   -0.00919
  405    0.00129   -0.00196   -0.00981
  406    0.00113   -0.00240   -0.00852
  407    0.00063   -0.00192   -0.00937
  408    0.00092   -0.00100   -0.00975
  409    0.00023   -0.00259   -0.00958
  410    0.00116   -0.00045   -0.01029
  411    0.00007   -0.00220   -0.01021
  412    0.00060   -0.00119   -0.01027
  413    0.00198   -0.00152   -0.00848
  414    0.00191   -0.00096   -0.00925
  415    0.00212    0.00013   -0.01038
  416    0.00201    0.00009   -0.01044
  417    0.00201   -0.00087   -0.00799
  418    0.00251   -0.00132   -0.00647
  419    0.00256   -0.00165   -0.00721
  420    0.00231    0.00092   -0.01145
  421    0.00235    0.00207   -0.01242
  422    0.00329    0.00275   -0.01189
  423    0.00261    0.00371   -0.01206
  424    0.00195    0.00265   -0.01264
  425    0.00226    0.00314   -0.01314
  426    0.00221    0.00213   -0.01250
  427    0.00227    0.00155   -0.01320
  428    0.00406    0.00275   -0.01120
  429    0.00566    0.00391   -0.01194
  430    0.00705    0.00783   -0.01130
  431    0.00661    0.00831   -0.01085
  432    0.00531    0.00465   -0.01078
  433    0.00514    0.00448   -0.01031
  434    0.00313    0.00085   -0.00988
  435    0.00860    0.00892   -0.01250
  436    0.00950    0.01064   -0.01222
  437    0.00918    0.01031   -0.01035
  438    0.01022    0.01093   -0.01016
  439    0.01103    0.01245   -0.01378
  440    0.00847    0.00903   -0.00997
  441    0.00778    0.00871   -0.00886
  442    0.00715    0.00737   -0.00862
  443    0.00800    0.00811   -0.00807
  444    0.00719    0.00773   -0.00838
  445    0.00595    0.00719   -0.00704
  446    0.00683    0.00885   -0.00603
  447    0.00847    0.01057   -0.00658
  448    0.00711    0.00933   -0.00467
  449    0.00614    0.00631   -0.00939
  450    0.00539    0.00548   -0.00927
  451    0.00655    0.00673   -0.00961
  452    0.00653    0.00683   -0.00882
  453    0.00433    0.00421   -0.01001
  454    0.00364    0.00335   -0.00978
  455    0.00359    0.00360   -0.01050
  456    0.00287    0.00253   -0.00916
  457    0.00283    0.00273   -0.01018
  458    0.00258    0.00210   -0.00940
  459    0.00745    0.00767   -0.01047
  460    0.00812    0.00875   -0.01009
  461    0.00919    0.01016   -0.00923
  462    0.00989    0.01095   -0.00873
  463    0.00883    0.00993   -0.01094
  464    0.00864    0.00991   -0.01198
  465    0.00661    0.00796   -0.01258
  466    0.00585    0.00723   -0.01226
  467    0.00532    0.00689   -0.01219
  468    0.01000    0.01060   -0.00870
  469    0.01094    0.01188   -0.00765
  470    0.01058    0.01137   -0.00718
  471    0.01149    0.01126   -0.00548
  472    0.01186    0.01278   -0.00736
  473    0.01320    0.01533   -0.00776
  474    0.01308    0.01232   -0.00735
  475    0.01293    0.01505   -0.00942
  476    0.00955    0.01098   -0.00841
  477    0.00909    0.01055   -0.00848
  478    0.00824    0.01064   -0.00725
  479    0.00812    0.01048   -0.00665
  480    0.00668    0.00789   -0.00676
  481    0.00519    0.00696   -0.00589
  482    0.00450    0.00626   -0.00492
  483    0.00413    0.00595   -0.00634
  484    0.00290    0.00557   -0.00439
  485    0.00221    0.00469   -0.00585
  486    0.00174    0.00503   -0.00493
  487    0.00792    0.00916   -0.00670
  488    0.00762    0.00873   -0.00585
  489    0.00915    0.00984   -0.00428
  490    0.00885    0.00985   -0.00248
  491    0.00695    0.00735   -0.00687
  492    0.00527    0.00564   -0.00803
  493    0.00391    0.00434   -0.00713
  494    0.00223    0.00246   -0.00827
  495    0.00077    0.00111   -0.00809
  496    0.00051    0.00180   -0.00711
  497   -0.00061   -0.00005   -0.00857
  498    0.01074    0.01082   -0.00454
  499    0.01360    0.00894   -0.00142
  500    0.01426    0.00887   -0.00027
  501    0.01511    0.00850    0.00197
  502    0.01626    0.00695   -0.00080
  503    0.01479    0.01165   -0.00422
  504    0.01571    0.01407   -0.00512
  505    0.01613    0.01678   -0.00828
  506    0.01762    0.02377   -0.01324
  507    0.01391    0.00959   -0.00199
  508    0.01374    0.01014   -0.00182
  509    0.01102    0.01047   -0.00192
  510    0.01083    0.01073   -0.00024
  511    0.01497    0.00965   -0.00556
  512    0.01885    0.00840   -0.00535
  513    0.02132    0.00677   -0.00451
  514    0.04881   -0.02628   -0.03205
  515    0.09127   -0.09891   -0.12961
  516    0.00891    0.01071   -0.00327
  517    0.00648    0.01063   -0.00261
  518    0.00698    0.01039    0.00137
  519    0.00556    0.01040    0.00346
  520    0.00525    0.00837   -0.00216
  521    0.00278    0.00718   -0.00185
  522    0.00159    0.00516   -0.00323
  523    0.00225    0.00486   -0.00438
  524   -0.00025    0.00409   -0.00322
  525    0.00846    0.01063    0.00154
  526    0.00926    0.01162    0.00345
  527    0.01088    0.01264    0.00649
  528    0.01039    0.01370    0.00869
  529    0.01066    0.01193    0.00264
  530    0.00851    0.01021   -0.00028
  531    0.01220    0.01329    0.00484
  532    0.00884    0.01006   -0.00217
  533    0.01415    0.01188    0.00683
  534    0.01646    0.01028    0.00935
  535    0.01405    0.01145    0.00838
  536    0.01616    0.01081    0.00834
  537    0.02206    0.00578    0.00963
  538    0.02843    0.00655    0.01388
  539    0.02107    0.01285    0.00880
  540    0.01980    0.01585    0.00886
  541    0.01974    0.01173    0.00582
  542    0.00965    0.01279    0.00682
  543    0.00708    0.01324    0.00529
  544    0.00406    0.01432    0.00821
  545    0.00205    0.01551    0.00865
  546    0.00632    0.01218   -0.00050
  547    0.00426    0.01164   -0.00520
  548    0.00102    0.01093    0.00464
  549    0.00109    0.00980    0.00353
  550    0.00350    0.01264    0.00228
  551    0.00358    0.01369    0.00847
  552    0.00148    0.01370    0.00953
  553    0.00299    0.01598    0.01339
  554    0.00349    0.01479    0.01346
  555    0.00132    0.01020    0.00774
  556   -0.00120    0.00728    0.00522
  557   -0.00109    0.00870    0.00417
  558   -0.00011    0.00546    0.00262
  559    0.00400    0.01778    0.01577
  560    0.00670    0.01963    0.01992
  561    0.00497    0.02328    0.02344
  562    0.00742    0.02502    0.02434
  563    0.00656    0.02240    0.02187
  564    0.00924    0.01872    0.01881
  565    0.00762    0.02287    0.01942
  566    0.01711    0.01103    0.02091
  567    0.04727   -0.07861   -0.06598
  568    0.00000    0.02749    0.02422
  569   -0.00654    0.04647    0.02994
  570   -0.01353    0.04200    0.02820
  571   -0.04828    0.09200    0.04923
  572   -0.00401    0.01845    0.01961
  573   -0.00755    0.01506    0.01937
  574   -0.00579    0.01388    0.01845
  575   -0.00351    0.01674    0.01668
  576   -0.00538    0.00924    0.01395
  577   -0.00219    0.00786    0.01082
  578   -0.00179    0.00492    0.00697
  579   -0.00383    0.00374    0.00640
  580   -0.00012    0.00485    0.00520
  581   -0.00597    0.01126    0.01918
  582   -0.00580    0.00906    0.01824
  583   -0.00676    0.00462    0.01320
  584   -0.00750    0.00295    0.01202
  585   -0.00721    0.00775    0.02161
  586   -0.00948    0.00561    0.02018
  587   -0.00907    0.00614    0.01934
  588   -0.00845    0.00947    0.02118
  589   -0.01004    0.00473    0.01798
  590   -0.00613    0.00585    0.01152
  591   -0.00674    0.00460    0.00810
  592   -0.00775    0.00458    0.00915
  593   -0.00730    0.00672    0.01086
  594   -0.00496    0.00525    0.00622
  595   -0.00594    0.00215    0.00386
  596   -0.00388    0.00471    0.00590
  597   -0.00941    0.00231    0.00881
  598   -0.01080    0.00196    0.01024
  599   -0.01067    0.00195    0.00902
  600   -0.01040    0.00091    0.00561
  601   -0.01302    0.00023    0.00977
  602   -0.01460   -0.00069    0.01163
  603   -0.01036    0.00297    0.01154
  604   -0.01079    0.00219    0.01026
  605   -0.01282    0.00032    0.00804
  606   -0.01325   -0.00010    0.00355
  607   -0.01009    0.00452    0.01563
  608   -0.01185    0.00510    0.01893
  609   -0.01079    0.00445    0.01629
  610   -0.01457   -0.00098    0.00847
  611   -0.01585   -0.00185    0.00602
  612   -0.01480   -0.00148    0.00172
  613   -0.01543   -0.00158   -0.00193
  614   -0.01725   -0.00252    0.00772
  615   -0.02031   -0.00464    0.00787
  616   -0.02945   -0.01076    0.01540
  617   -0.02279   -0.00582    0.01002
  618   -0.03540   -0.01692    0.02385
  619   -0.01335   -0.00108    0.00119
  620   -0.01243   -0.00133   -0.00194
  621   -0.01142   -0.00124   -0.00428
  622   -0.01020   -0.00110   -0.00442
  623   -0.01073   -0.00086   -0.00109
  624   -0.00997   -0.00120   -0.00306
  625   -0.01150   -0.00052    0.00088
  626   -0.01184   -0.00173   -0.00586
  627   -0.01118   -0.00152   -0.00707
  628   -0.01011   -0.00214   -0.00704
  629   -0.01020   -0.00261   -0.00724
  630   -0.01218   -0.00146   -0.00766
  631   -0.01145   -0.00156   -0.00756
  632   -0.01085   -0.00212   -0.00761
  633   -0.01146   -0.00089   -0.00741
  634   -0.01033   -0.00235   -0.00707
  635   -0.01099   -0.00103   -0.00690
  636   -0.01061   -0.00191   -0.00657
  637   -0.00998   -0.00218   -0.00565
  638   -0.00911   -0.00229   -0.00687
  639   -0.00856   -0.00320   -0.00702
  640   -0.00848   -0.00346   -0.00743
  641   -0.00876   -0.00358   -0.00716
  642   -0.00726   -0.00246   -0.00611
  643   -0.00641   -0.00213   -0.00643
  644   -0.00673   -0.00237   -0.00713
  645   -0.00545   -0.00237   -0.00619
  646   -0.00538   -0.00215   -0.00740
  647   -0.00451   -0.00166   -0.00651
  648   -0.00464   -0.00183   -0.00735
  649   -0.00851   -0.00377   -0.00783
  650   -0.00845   -0.00436   -0.00771
  651   -0.00771   -0.00429   -0.00838
  652   -0.00724   -0.00421   -0.00876
  653   -0.00867   -0.00476   -0.00746
  654   -0.00832   -0.00459   -0.00787
  655   -0.00790   -0.00474   -0.00701
  656   -0.00751   -0.00546   -0.00601
  657   -0.00734   -0.00478   -0.00814
  658   -0.00664   -0.00484   -0.00916
  659   -0.00649   -0.00591   -0.00917
  660   -0.00652   -0.00665   -0.00792
  661   -0.00616   -0.00468   -0.00866
  662   -0.00572   -0.00337   -0.00780
  663   -0.00541   -0.00262   -0.00717
  664   -0.00427   -0.00098   -0.00635
  665   -0.00335    0.00062   -0.00569
  666   -0.00541   -0.00589   -0.00991
  667   -0.00484   -0.00667   -0.00993
  668   -0.00440   -0.00763   -0.00885
  669   -0.00438   -0.00736   -0.00876
  670   -0.00454   -0.00670   -0.01108
  671   -0.00431   -0.00734   -0.01095
  672   -0.00340   -0.00762   -0.01161
  673   -0.00334   -0.00718   -0.01209
  674   -0.00341   -0.00858   -0.01169
  675   -0.00405   -0.00893   -0.00762
  676   -0.00346   -0.01010   -0.00589
  677   -0.00228   -0.01268   -0.00534
  678   -0.00151   -0.01493   -0.00480
  679   -0.00402   -0.01152   -0.00400
  680   -0.00448   -0.01065   -0.00386
  681   -0.00481   -0.01059   -0.00510
  682   -0.00235   -0.01195   -0.00525
  683   -0.00152   -0.01347   -0.00470
  684   -0.00182   -0.01350   -0.00629
  685   -0.00246   -0.01184   -0.00780
  686   -0.00158   -0.01175   -0.00382
  687   -0.00161   -0.01155   -0.00178
  688   -0.00073   -0.01225   -0.00334
  689   -0.00203   -0.01067   -0.00036
  690   -0.00074   -0.01662   -0.00553
  691   -0.00069   -0.01609   -0.00763
  692   -0.00079   -0.01553   -0.00783
  693   -0.00044   -0.01487   -0.00644
  694   -0.00083   -0.01333   -0.00927
  695   -0.00124   -0.01208   -0.00922
  696   -0.00198   -0.01128   -0.00896
  697   -0.00170   -0.01106   -0.00872
  698   -0.00073   -0.01312   -0.00826
  699   -0.00041   -0.01338   -0.00870
  700    0.00046   -0.01161   -0.00906
  701    0.00065   -0.01494   -0.00799
  702   -0.00241   -0.01030   -0.00938
  703   -0.00246   -0.01028   -0.00819
  704   -0.00326   -0.00855   -0.01002
  705   -0.00376   -0.00856   -0.00909
  706   -0.00285   -0.01036   -0.00711
  707   -0.00328   -0.00954   -0.00817
  708   -0.00314   -0.00833   -0.01128
  709   -0.00316   -0.00760   -0.01150
  710   -0.00323   -0.00758   -0.01138
  711   -0.00405   -0.00696   -0.01114
  712   -0.00211   -0.00711   -0.01213
  713   -0.00115   -0.00738   -0.01210
  714   -0.00236   -0.00783   -0.01089
  715   -0.00288   -0.00797   -0.01037
  716   -0.00419   -0.00783   -0.00945
  717   -0.00489   -0.00756   -0.00894
  718   -0.00414   -0.00836   -0.00890
  719   -0.00509   -0.00802   -0.00773
  720   -0.00540   -0.00738   -0.00840
  721   -0.00655   -0.00662   -0.00759
  722   -0.00453   -0.00799   -0.00689
  723   -0.00400   -0.00812   -0.00654
  724   -0.00550   -0.00704   -0.00546
  725   -0.00525   -0.00737   -0.00892
  726   -0.00594   -0.00625   -0.00924
  727   -0.00641   -0.00603   -0.00957
  728   -0.00721   -0.00548   -0.00932
  729   -0.00550   -0.00616   -0.00986
  730   -0.00534   -0.00668   -0.00938
  731   -0.00618   -0.00549   -0.00968
  732   -0.00567   -0.00688   -0.00791
  733   -0.00601   -0.00624   -0.01007
  734   -0.00634   -0.00607   -0.01009
  735   -0.00729   -0.00605   -0.00938
  736   -0.00855   -0.00519   -0.00905
  737   -0.00739   -0.00651   -0.00880
  738   -0.00818   -0.00647   -0.00828
  739   -0.00913   -0.00533   -0.00804
  740   -0.00992   -0.00446   -0.00800
  741   -0.00720   -0.00673   -0.00761
  742   -0.00729   -0.00732   -0.00737
  743   -0.00527   -0.00810   -0.00702
  744   -0.00628   -0.00743   -0.00675
  745   -0.00907   -0.00519   -0.00752
  746   -0.00940   -0.00399   -0.00746
  747   -0.01006   -0.00340   -0.00806
  748   -0.01067   -0.00254   -0.00786
  749   -0.00867   -0.00432   -0.00675
  750   -0.00810   -0.00471   -0.00552
  751   -0.00904   -0.00350   -0.00657
  752   -0.00728   -0.00506   -0.00482
  753   -0.00982   -0.00391   -0.00861
  754   -0.01032   -0.00370   -0.00867
  755   -0.01097   -0.00335   -0.00852
  756   -0.01189   -0.00293   -0.00840
  757   -0.00940   -0.00402   -0.00898
  758   -0.00889   -0.00399   -0.00889
  759   -0.00779   -0.00426   -0.00921
  760   -0.00935   -0.00394   -0.00865
  761   -0.00764   -0.00428   -0.00914
  762   -0.00850   -0.00401   -0.00871
  763   -0.01050   -0.00396   -0.00858
  764   -0.01099   -0.00373   -0.00840
  765   -0.01195   -0.00247   -0.00839
  766   -0.01243   -0.00208   -0.00821
  767   -0.01047   -0.00446   -0.00856
  768   -0.01170   -0.00217   -0.00837
  769   -0.01195   -0.00066   -0.00776
  770   -0.01234    0.00005   -0.00763
  771   -0.01276    0.00109   -0.00794
  772   -0.01154   -0.00066   -0.00709
  773   -0.01209    0.00133   -0.00650
  774   -0.01134   -0.00135   -0.00694
  775   -0.01212   -0.00053   -0.00758
  776   -0.01242   -0.00010   -0.00762
  777   -0.01337   -0.00049   -0.00761
  778   -0.01387   -0.00053   -0.00737
  779   -0.01185   -0.00117   -0.00743
  780   -0.01327   -0.00117   -0.00775
  781   -0.01440   -0.00115   -0.00800
  782   -0.01494   -0.00080   -0.00796
  783   -0.01591   -0.00062   -0.00776
  784   -0.01362   -0.00170   -0.00759
  785   -0.01300   -0.00195   -0.00733
  786   -0.01388   -0.00190   -0.00709
  787   -0.01164   -0.00227   -0.00756
  788   -0.01403   -0.00011   -0.00823
  789   -0.01370    0.00047   -0.00829
  790   -0.01253    0.00291   -0.00880
  791   -0.01196    0.00419   -0.00870
  792   -0.01307    0.00009   -0.00831
  793   -0.01359   -0.00080   -0.00825
  794   -0.01405   -0.00005   -0.00798
  795   -0.01319   -0.00181   -0.00811
  796   -0.01246    0.00373   -0.00871
  797   -0.01194    0.00550   -0.00899
  798   -0.01141    0.00661   -0.00969
  799   -0.01078    0.00772   -0.00916
  800   -0.01169    0.00567   -0.00838
  801   -0.01202    0.00488   -0.00778
  802   -0.01189    0.00534   -0.00742
  803   -0.01125    0.00768   -0.00794
  804   -0.01209    0.00365   -0.00724
  805   -0.01193    0.00641   -0.01079
  806   -0.01179    0.00698   -0.01105
  807   -0.01067    0.00687   -0.01061
  808   -0.00933    0.00723   -0.01160
  809   -0.01213    0.00663   -0.01206
  810   -0.01385    0.00461   -0.00888
  811   -0.01330    0.00495   -0.00917
  812   -0.01376    0.00282   -0.00801
  813   -0.01037    0.00582   -0.01020
  814   -0.01054    0.00528   -0.00981
  815   -0.01137    0.00565   -0.00849
  816   -0.01014    0.00605   -0.00804
  817   -0.01081    0.00331   -0.00939
  818   -0.01075    0.00382   -0.01007
  819   -0.01165    0.00253   -0.00931
  820   -0.01281    0.00223   -0.00770
  821   -0.01398    0.00185   -0.00710
  822   -0.01200    0.00602   -0.00831
  823   -0.01287    0.00654   -0.00756
  824   -0.01257    0.00824   -0.00683
  825   -0.01269    0.00925   -0.00671
  826   -0.01357    0.00557   -0.00715
  827   -0.01222    0.00281   -0.00650
  828   -0.01222    0.00202   -0.00712
  829   -0.01209    0.00175   -0.00623
  830   -0.01369    0.01045   -0.00571
  831   -0.01423    0.01361   -0.00413
  832   -0.01451    0.01309   -0.00467
  833   -0.01414    0.01093   -0.00545
  834   -0.01454    0.01943   -0.00515
  835   -0.01279    0.01943   -0.00418
  836   -0.01239    0.02514   -0.00204
  837   -0.01133    0.03235   -0.00085
  838   -0.01096    0.01753   -0.00309
  839   -0.01261    0.01334   -0.00442
  840   -0.01182    0.00913   -0.00354
  841   -0.01233    0.01234   -0.00539
  842   -0.01223    0.00638   -0.00437
  843   -0.01289    0.00888   -0.00612
  844   -0.01308    0.00664   -0.00577
  845   -0.01090    0.02134    0.00076
  846   -0.00882    0.02448    0.00581
  847   -0.00348    0.02754    0.00890
  848   -0.00301    0.02499    0.00691
  849   -0.00648    0.01970    0.00647
  850   -0.00227    0.01461    0.00753
  851   -0.00001    0.01226    0.00869
  852   -0.00045    0.01344    0.00857
  853    0.00135    0.00937    0.00941
  854    0.00098    0.03612    0.01523
  855    0.00709    0.04410    0.02366
  856    0.01278    0.03830    0.02510
  857    0.01821    0.03627    0.03019
  858    0.01498    0.06736    0.03544
  859    0.00218    0.08161    0.03235
  860    0.00256    0.07816    0.01712
  861   -0.00852    0.19430    0.08013
  862    0.00988    0.03448    0.02432
  863    0.01314    0.03019    0.02838
  864    0.00670    0.02010    0.02314
  865    0.00672    0.01536    0.02322
  866    0.00200    0.01655    0.01560
  867   -0.00141    0.01067    0.01071
  868   -0.00205    0.00789    0.01032
  869   -0.00345    0.00924    0.00913
  870   -0.00494    0.01112    0.00568
  871   -0.00627    0.00718    0.00343
  872   -0.00192    0.00412    0.01001
  873   -0.00234    0.00201    0.00969
  874   -0.00459    0.00129    0.00625
  875   -0.00501    0.00135    0.00598
  876   -0.00109   -0.00105    0.00931
  877   -0.00257   -0.00112    0.00789
  878    0.00071    0.00125    0.01059
  879   -0.00538    0.00086    0.00406
  880   -0.00741    0.00085    0.00127
  881   -0.00841    0.00314    0.00038
  882   -0.00897    0.00279   -0.00074
  883   -0.00807    0.00014   -0.00057
  884   -0.00936   -0.00040   -0.00278
  885   -0.00898   -0.00173   -0.00272
  886   -0.00995   -0.00120   -0.00378
  887   -0.00832    0.00592    0.00081
  888   -0.00895    0.00915   -0.00020
  889   -0.00824    0.00931    0.00076
  890   -0.00889    0.00964   -0.00071
  891   -0.00826    0.01343    0.00030
  892   -0.00846    0.01763   -0.00143
  893   -0.00636    0.02461    0.00086
  894   -0.00589    0.02993   -0.00119
  895   -0.00218    0.04032    0.00195
  896   -0.00665    0.00884    0.00356
  897   -0.00609    0.00861    0.00478
  898   -0.00696    0.00571    0.00352
  899   -0.00710    0.00575    0.00306
  900   -0.00458    0.00852    0.00878
  901   -0.00374    0.00813    0.01042
  902   -0.00224    0.01199    0.01228
  903   -0.00318    0.01360    0.00976
  904    0.00137    0.01428    0.01800
  905   -0.00723    0.00345    0.00270
  906   -0.00760    0.00152    0.00144
  907   -0.00872    0.00170   -0.00081
  908   -0.00870    0.00119   -0.00116
  909   -0.00729   -0.00022    0.00091
  910   -0.00751   -0.00172   -0.00019
  911   -0.00680   -0.00213    0.00039
  912   -0.00830   -0.00226   -0.00199
  913   -0.00702   -0.00320   -0.00049
  914   -0.00821   -0.00309   -0.00309
  915   -0.00772   -0.00356   -0.00234
  916   -0.00928    0.00236   -0.00192
  917   -0.01014    0.00275   -0.00392
  918   -0.01025    0.00444   -0.00399
  919   -0.01052    0.00430   -0.00497
  920   -0.01075    0.00341   -0.00520
  921   -0.01075    0.00133   -0.00524
  922   -0.01146    0.00195   -0.00579
  923   -0.01067   -0.00029   -0.00581
  924   -0.00973    0.00641   -0.00258
  925   -0.00953    0.00839   -0.00243
  926   -0.00910    0.00673   -0.00160
  927   -0.00928    0.00717   -0.00213
  928   -0.00866    0.01102   -0.00090
  929   -0.00821    0.01296   -0.00060
  930   -0.00864    0.00515   -0.00031
  931   -0.00838    0.00378    0.00061
  932   -0.00910    0.00203   -0.00103
  933   -0.00904    0.00140   -0.00087
  934   -0.00780    0.00273    0.00235
  935   -0.00684    0.00452    0.00474
  936   -0.00580    0.00362    0.00702
  937   -0.00571    0.00188    0.00633
  938   -0.00506    0.00479    0.01004
  939   -0.00952    0.00148   -0.00231
  940   -0.00969    0.00007   -0.00342
  941   -0.01028    0.00034   -0.00504
  942   -0.01033   -0.00080   -0.00581
  943   -0.00947   -0.00109   -0.00348
  944   -0.00969   -0.00058   -0.00386
  945   -0.00858   -0.00158   -0.00193
  946   -0.01054    0.00220   -0.00535
  947   -0.01063    0.00207   -0.00667
  948   -0.01077    0.00136   -0.00751
  949   -0.01090    0.00080   -0.00822
  950   -0.01090    0.00465   -0.00675
  951   -0.01102    0.00398   -0.00738
  952   -0.01215    0.00871   -0.00842
  953   -0.01364    0.01318   -0.00920
  954   -0.01188    0.00912   -0.00845
  955   -0.01082    0.00183   -0.00699
  956   -0.01110    0.00150   -0.00752
  957   -0.01088   -0.00025   -0.00713
  958   -0.01126   -0.00035   -0.00769
  959   -0.01093    0.00239   -0.00725
  960   -0.01059    0.00193   -0.00553
  961   -0.01071    0.00280   -0.00629
  962   -0.01131    0.00040   -0.00751
  963   -0.01185    0.00091   -0.01158
  964   -0.01059   -0.00118   -0.00635
  965   -0.01038   -0.00288   -0.00605
  966   -0.01055   -0.00309   -0.00691
  967   -0.01063   -0.00202   -0.00741
  968   -0.00992   -0.00290   -0.00486
  969   -0.00972   -0.00240   -0.00350
  970   -0.00896   -0.00278   -0.00213
  971   -0.00848   -0.00194   -0.00024
  972   -0.01035   -0.00467   -0.00707
  973   -0.00981   -0.00563   -0.00775
  974   -0.00941   -0.00569   -0.00706
  975   -0.00951   -0.00546   -0.00644
  976   -0.00934   -0.00732   -0.00798
  977   -0.00939   -0.00730   -0.00679
  978   -0.00937   -0.00556   -0.00734
  979   -0.00913   -0.00543   -0.00716
  980   -0.00866   -0.00639   -0.00702
  981   -0.00850   -0.00639   -0.00657
  982   -0.00795   -0.00501   -0.00701
  983   -0.00792   -0.00453   -0.00629
  984   -0.00855   -0.00529   -0.00702
  985   -0.00910   -0.00722   -0.00711
  986   -0.00844   -0.00768   -0.00644
  987   -0.00852   -0.00754   -0.00541
  988   -0.00801   -0.00800   -0.00465
  989   -0.00935   -0.00873   -0.00672
  990   -0.00966   -0.00887   -0.00736
  991   -0.00925   -0.00876   -0.00810
  992   -0.00811   -0.00664   -0.00741
  993   -0.00891   -0.00849   -0.00808
  994   -0.00892   -0.00705   -0.00533
  995   -0.00852   -0.00638   -0.00412
  996   -0.00835   -0.00557   -0.00382
  997   -0.00771   -0.00530   -0.00254
  998   -0.00884   -0.00585   -0.00403
  999   -0.00888   -0.00670   -0.00423
 1000   -0.00879   -0.00751   -0.00402
 1001   -0.00933   -0.00666   -0.00527
 1002   -0.00893   -0.00533   -0.00463
 1003   -0.00881   -0.00483   -0.00449
 1004   -0.00815   -0.00565   -0.00419
 1005   -0.00783   -0.00555   -0.00348
 1006   -0.00934   -0.00440   -0.00556
 1007   -0.00986   -0.00360   -0.00560
 1008   -0.01008   -0.00348   -0.00666
 1009   -0.01047   -0.00226   -0.00690
 1010   -0.01045   -0.00124   -0.00742
 1011   -0.00974   -0.00139   -0.00738
 1012   -0.01093   -0.00036   -0.00794
 1013   -0.00797   -0.00642   -0.00470
 1014   -0.00712   -0.00758   -0.00439
 1015   -0.00650   -0.00816   -0.00271
 1016   -0.00568   -0.00869   -0.00203
 1017   -0.00704   -0.00800   -0.00490
 1018   -0.00661   -0.00795   -0.00224
 1019   -0.00574   -0.00851   -0.00071
 1020   -0.00523   -0.00769    0.00015
 1021   -0.00426   -0.00810    0.00139
 1022   -0.00593   -0.00866   -0.00061
 1023   -0.00615   -0.00991   -0.00099
 1024   -0.00613   -0.00998   -0.00068
 1025   -0.00605   -0.01219   -0.00020
 1026   -0.00721   -0.01231   -0.00221
 1027   -0.00565   -0.00627   -0.00019
 1028   -0.00529   -0.00513    0.00075
 1029   -0.00492   -0.00541    0.00081
 1030   -0.00381   -0.00509    0.00195
 1031   -0.00613   -0.00376    0.00040
 1032   -0.00640   -0.00321    0.00051
 1033   -0.00559   -0.00603   -0.00061
 1034   -0.00523   -0.00650   -0.00092
 1035   -0.00404   -0.00809    0.00029
 1036   -0.00357   -0.00824    0.00076
 1037   -0.00571   -0.00689   -0.00279
 1038   -0.00540   -0.00736   -0.00337
 1039   -0.00567   -0.00665   -0.00355
 1040   -0.00436   -0.00840   -0.00349
 1041   -0.00520   -0.00721   -0.00404
 1042   -0.00416   -0.00890   -0.00398
 1043   -0.00451   -0.00821   -0.00444
 1044   -0.00398   -0.00886    0.00053
 1045   -0.00277   -0.01052    0.00179
 1046   -0.00187   -0.00983    0.00365
 1047   -0.00074   -0.01080    0.00483
 1048   -0.00312   -0.01149    0.00196
 1049   -0.00340   -0.01174    0.00055
 1050   -0.00356   -0.01287    0.00048
 1051   -0.00416   -0.01258   -0.00066
 1052   -0.00239   -0.01446    0.00190
 1053   -0.00183   -0.00819    0.00408
 1054   -0.00067   -0.00722    0.00589
 1055   -0.00053   -0.00582    0.00599
 1056    0.00084   -0.00458    0.00806
 1057   -0.00048   -0.00589    0.00652
 1058   -0.00055   -0.00721    0.00648
 1059   -0.00138   -0.00642    0.00645
 1060   -0.00178   -0.00824    0.00623
 1061   -0.00148   -0.00729    0.00734
 1062   -0.00146   -0.00593    0.00463
 1063   -0.00144   -0.00459    0.00510
 1064   -0.00077   -0.00582    0.00539
 1065   -0.00129   -0.00683    0.00387
 1066   -0.00270   -0.00394    0.00405
 1067   -0.00280   -0.00271    0.00466
 1068   -0.00249   -0.00277    0.00500
 1069   -0.00347   -0.00139    0.00508
 1070    0.00069   -0.00556    0.00741
 1071    0.00130   -0.00672    0.00724
 1072    0.00056   -0.00587    0.00671
 1073    0.00037   -0.00689    0.00564
 1074    0.00363   -0.00749    0.01079
 1075    0.00509   -0.00816    0.01235
 1076    0.00545   -0.01128    0.01199
 1077    0.00352   -0.01180    0.00899
 1078    0.01225   -0.01534    0.01934
 1079    0.00023   -0.00411    0.00739
 1080   -0.00057   -0.00385    0.00656
 1081   -0.00160   -0.00430    0.00416
 1082   -0.00180   -0.00464    0.00290
 1083   -0.00050   -0.00147    0.00764
 1084   -0.00221   -0.00463    0.00352
 1085   -0.00295   -0.00548    0.00192
 1086   -0.00255   -0.00673    0.00094
 1087   -0.00269   -0.00704   -0.00048
 1088   -0.00375   -0.00502    0.00143
 1089   -0.00427   -0.00375    0.00210
 1090   -0.00423   -0.00571   -0.00055
 1091   -0.00544   -0.00344    0.00126
 1092   -0.00191   -0.00765    0.00132
 1093   -0.00141   -0.00897    0.00005
 1094   -0.00110   -0.00919   -0.00045
 1095   -0.00104   -0.01002   -0.00202
 1096   -0.00074   -0.01015    0.00093
 1097   -0.00119   -0.01003    0.00062
 1098   -0.00035   -0.01108    0.00228
 1099    0.00111   -0.01162    0.00373
 1100   -0.00150   -0.01068    0.00224
 1101   -0.00093   -0.00834    0.00070
 1102   -0.00077   -0.00869    0.00007
 1103   -0.00155   -0.00819   -0.00087
 1104   -0.00203   -0.00877   -0.00225
 1105   -0.00015   -0.00763    0.00257
 1106   -0.00212   -0.00745   -0.00053
 1107   -0.00282   -0.00732   -0.00140
 1108   -0.00311   -0.00817   -0.00288
 1109   -0.00320   -0.00874   -0.00369
 1110   -0.00320   -0.00639   -0.00066
 1111   -0.00286   -0.00826   -0.00308
 1112   -0.00256   -0.00876   -0.00458
 1113   -0.00216   -0.00964   -0.00523
 1114   -0.00222   -0.00992   -0.00600
 1115   -0.00251   -0.00901   -0.00490
 1116   -0.00206   -0.00957   -0.00600
 1117   -0.00241   -0.00948   -0.00681
 1118   -0.00150   -0.01013   -0.00622
 1119   -0.00193   -0.00988   -0.00745
 1120   -0.00158   -0.01034   -0.00701
 1121   -0.00165   -0.00997   -0.00467
 1122   -0.00111   -0.01042   -0.00528
 1123   -0.00155   -0.01048   -0.00581
 1124   -0.00145   -0.01069   -0.00668
 1125   -0.00034   -0.01070   -0.00427
 1126   -0.00003   -0.01068   -0.00366
 1127    0.00033   -0.01156   -0.00258
 1128   -0.00037   -0.01075   -0.00469
 1129   -0.00217   -0.01018   -0.00522
 1130   -0.00271   -0.01004   -0.00573
 1131   -0.00293   -0.01037   -0.00661
 1132   -0.00301   -0.01055   -0.00744
 1133   -0.00311   -0.00912   -0.00430
 1134   -0.00290   -0.01005   -0.00633
 1135   -0.00304   -0.00998   -0.00708
 1136   -0.00251   -0.01013   -0.00767
 1137   -0.00251   -0.01025   -0.00837
 1138   -0.00329   -0.00971   -0.00636
 1139   -0.00323   -0.01003   -0.00689
 1140   -0.00349   -0.00934   -0.00553
 1141   -0.00211   -0.01015   -0.00754
 1142   -0.00149   -0.01001   -0.00806
 1143   -0.00148   -0.00990   -0.00901
 1144   -0.00113   -0.00933   -0.00925
 1145   -0.00131   -0.00997   -0.00782
 1146   -0.00189   -0.01010   -0.00933
 1147   -0.00215   -0.00980   -0.01054
 1148   -0.00256   -0.01025   -0.01163
 1149   -0.00248   -0.00964   -0.01274
 1150   -0.00234   -0.01012   -0.01059
 1151   -0.00295   -0.01020   -0.01179
 1152   -0.00286   -0.01100   -0.01043
 1153   -0.00329   -0.01139   -0.01128
 1154   -0.00213   -0.01096   -0.00884
 1155   -0.00267   -0.01064   -0.01092
 1156   -0.00312   -0.01100   -0.01154
 1157   -0.00261   -0.01052   -0.01180
 1158   -0.00307   -0.01099   -0.01232
 1159   -0.00344   -0.01147   -0.01046
 1160   -0.00436   -0.01176   -0.01123
 1161   -0.00422   -0.01202   -0.01131
 1162   -0.00345   -0.01193   -0.01025
 1163   -0.00496   -0.01253   -0.01225
 1164   -0.00170   -0.01008   -0.01048
 1165   -0.00083   -0.00899   -0.00969
 1166   -0.00092   -0.00836   -0.01038
 1167   -0.00110   -0.00830   -0.01049
 1168   -0.00066   -0.00770   -0.01088
 1169   -0.00012   -0.00681   -0.01168
 1170   -0.00017   -0.00566   -0.01265
 1171   -0.00093   -0.00577   -0.01181
 1172    0.00111   -0.00493   -0.00897
 1173    0.00181   -0.00451   -0.00694
 1174    0.00114   -0.00465   -0.00770
 1175    0.00059   -0.00346   -0.00801
 1176    0.00108   -0.00596   -0.00781
 1177   -0.00043   -0.00422   -0.01389
 1178   -0.00121   -0.00167   -0.01391
 1179   -0.00241    0.00061   -0.01159
 1180   -0.00294    0.00270   -0.01234
 1181   -0.00034   -0.00161   -0.01826
 1182   -0.00017   -0.00274   -0.01964
 1183   -0.00240    0.00120   -0.00919
 1184   -0.00106    0.00325   -0.00756
 1185   -0.00247    0.00514   -0.00632
 1186   -0.00580    0.00444   -0.00540
 1187    0.00102    0.00145   -0.00655
 1188    0.00277    0.00025   -0.00510
 1189    0.00448   -0.00014   -0.00300
 1190    0.00631   -0.00131   -0.00030
 1191    0.00526   -0.00287   -0.00068
 1192    0.00434   -0.00342   -0.00324
 1193    0.00618   -0.00344    0.00080
 1194    0.00091    0.00767   -0.00715
 1195    0.00307    0.00869   -0.00911
 1196    0.00447    0.00551   -0.00833
 1197    0.00806    0.00199   -0.01111
 1198    0.00610    0.01301   -0.01213
 1199    0.01085    0.01337   -0.00907
 1200    0.00702    0.01895   -0.01795
 1201    0.00334    0.00389   -0.00670
 1202    0.00488    0.00108   -0.00660
 1203    0.00667   -0.00178   -0.00716
 1204    0.00906   -0.00562   -0.00954
 1205    0.00401    0.00068   -0.00479
 1206    0.00450   -0.00035   -0.00459
 1207    0.00523   -0.00097   -0.00611
 1208    0.00488   -0.00142   -0.00405
 1209    0.00903   -0.00407   -0.00423
 1210    0.01719   -0.01040   -0.00105
 1211    0.01771   -0.01108   -0.00248
 1212    0.01696   -0.00799   -0.00085
 1213    0.02624   -0.02348   -0.00508
 1214    0.06003   -0.05251    0.00700
 1215    0.08145   -0.08019   -0.00486
 1216    0.06828   -0.05283    0.02692
 1217    0.02114   -0.01747   -0.00509
 1218    0.02021   -0.01730   -0.00548
 1219    0.01276   -0.00934   -0.00664
 1220    0.01269   -0.00555   -0.00637
 1221    0.02062   -0.02500   -0.01114
 1222    0.01600   -0.02186   -0.01084
 1223    0.00950   -0.01674   -0.00949
 1224    0.01510   -0.03340   -0.02235
 1225   -0.00007   -0.01924   -0.00299
 1226    0.00881   -0.00812   -0.00897
 1227    0.00508   -0.00437   -0.00844
 1228    0.00557   -0.00225   -0.00802
 1229    0.00587   -0.00215   -0.00731
 1230    0.00441   -0.00469   -0.00926
 1231    0.00365   -0.00393   -0.00872
 1232    0.00577   -0.00718   -0.00919
 1233    0.00604   -0.00219   -0.00884
 1234    0.00598   -0.00206   -0.00907
 1235    0.00360   -0.00107   -0.00954
 1236    0.00282    0.00002   -0.01074
 1237    0.00730   -0.00196   -0.00906
 1238    0.01097   -0.00243   -0.00734
 1239    0.01381   -0.00250   -0.00664
 1240    0.01318   -0.00356   -0.00613
 1241    0.00305   -0.00197   -0.00913
 1242    0.00158   -0.00244   -0.00959
 1243    0.00186   -0.00362   -0.01039
 1244    0.00210   -0.00420   -0.01004
 1245    0.00190   -0.00317   -0.00836
 1246    0.00241   -0.00243   -0.00800
 1247    0.00287   -0.00262   -0.00734
 1248    0.00308   -0.00260   -0.00742
 1249    0.00328   -0.00260   -0.00583
 1250    0.00314   -0.00268   -0.00651
 1251    0.00320   -0.00283   -0.00596
 1252    0.00115   -0.00244   -0.01058
 1253    0.00130   -0.00332   -0.01108
 1254    0.00032   -0.00387   -0.01057
 1255    0.00048   -0.00385   -0.00999
 1256    0.00071   -0.00213   -0.01135
 1257    0.00008   -0.00268   -0.01137
 1258   -0.00053   -0.00479   -0.01195
 1259   -0.00001   -0.00221   -0.01142
 1260   -0.00144   -0.00499   -0.01201
 1261   -0.00072   -0.00307   -0.01151
 1262   -0.00059   -0.00523   -0.01100
 1263   -0.00149   -0.00543   -0.01053
 1264   -0.00210   -0.00506   -0.01087
 1265   -0.00206   -0.00524   -0.01087
 1266   -0.00160   -0.00609   -0.01066
 1267   -0.00155   -0.00617   -0.01024
 1268   -0.00110   -0.00666   -0.01073
 1269   -0.00152   -0.00590   -0.00950
 1270   -0.00055   -0.00702   -0.00979
 1271   -0.00078   -0.00629   -0.00880
 1272   -0.00011   -0.00667   -0.00873
 1273   -0.00248   -0.00461   -0.01032
 1274   -0.00332   -0.00440   -0.00992
 1275   -0.00453   -0.00446   -0.00941
 1276   -0.00450   -0.00495   -0.00923
 1277   -0.00307   -0.00379   -0.00980
 1278   -0.00308   -0.00333   -0.00930
 1279   -0.00206   -0.00328   -0.00997
 1280   -0.00292   -0.00251   -0.00876
 1281   -0.00549   -0.00403   -0.00909
 1282   -0.00642   -0.00398   -0.00880
 1283   -0.00730   -0.00326   -0.00843
 1284   -0.00730   -0.00288   -0.00788
 1285   -0.00750   -0.00447   -0.00885
 1286   -0.00872   -0.00411   -0.00850
 1287   -0.00857   -0.00459   -0.00829
 1288   -0.00988   -0.00373   -0.00847
 1289   -0.00794   -0.00328   -0.00806
 1290   -0.00901   -0.00290   -0.00740
 1291   -0.01028   -0.00277   -0.00715
 1292   -0.01051   -0.00306   -0.00734
 1293   -0.00894   -0.00285   -0.00704
 1294   -0.00794   -0.00273   -0.00703
 1295   -0.00704   -0.00302   -0.00755
 1296   -0.00766   -0.00240   -0.00655
 1297   -0.00592   -0.00280   -0.00774
 1298   -0.00682   -0.00227   -0.00672
 1299   -0.00607   -0.00242   -0.00720
 1300   -0.01127   -0.00234   -0.00667
 1301   -0.01220   -0.00210   -0.00611
 1302   -0.01315   -0.00113   -0.00507
 1303   -0.01260   -0.00104   -0.00381
 1304   -0.01219   -0.00216   -0.00659
 1305   -0.01286   -0.00234   -0.00693
 1306   -0.01234   -0.00258   -0.00750
 1307   -0.01372   -0.00175   -0.00641
 1308   -0.01410   -0.00078   -0.00463
 1309   -0.01514   -0.00031   -0.00357
 1310   -0.01656   -0.00031   -0.00319
 1311   -0.01666   -0.00060   -0.00414
 1312   -0.01630    0.00014   -0.00302
 1313   -0.01686    0.00011   -0.00200
 1314   -0.01721   -0.00008   -0.00054
 1315   -0.01615   -0.00015   -0.00190
 1316   -0.01647   -0.00036   -0.00162
 1317   -0.01668   -0.00061   -0.00110
 1318   -0.01668   -0.00078    0.00217
 1319   -0.01584   -0.00031    0.00359
 1320   -0.01547   -0.00082   -0.00091
 1321   -0.01605   -0.00109    0.00042
 1322   -0.01497   -0.00102   -0.00346
 1323   -0.01785   -0.00040    0.00231
 1324   -0.01889   -0.00175    0.00678
 1325   -0.01785   -0.00100    0.00584
 1326   -0.01794   -0.00123    0.00886
 1327   -0.01858   -0.00277    0.00969
 1328   -0.02040   -0.00465    0.01426
 1329   -0.02357   -0.00633    0.01649
 1330   -0.01950   -0.00438    0.01593
 1331   -0.01809   -0.00039    0.00391
 1332   -0.01771    0.00022    0.00340
 1333   -0.01649    0.00032    0.00288
 1334   -0.01607    0.00064    0.00281
 1335   -0.01577    0.00037    0.00263
 1336   -0.01465    0.00059    0.00213
 1337   -0.01454    0.00043    0.00043
 1338   -0.01467    0.00007   -0.00005
 1339   -0.01423    0.00097    0.00426
 1340   -0.01414    0.00166    0.00638
 1341   -0.01354    0.00216    0.00643
 1342   -0.01481    0.00146    0.00851
 1343   -0.01385    0.00244    0.00902
 1344   -0.01461    0.00223    0.01052
 1345   -0.01308    0.00038   -0.00057
 1346   -0.01268   -0.00031   -0.00193
 1347   -0.01142   -0.00030   -0.00190
 1348   -0.01085    0.00017   -0.00139
 1349   -0.01231   -0.00045   -0.00261
 1350   -0.01102   -0.00115   -0.00395
 1351   -0.01144   -0.00153   -0.00439
 1352   -0.01032   -0.00124   -0.00445
 1353   -0.01119   -0.00056   -0.00257
 1354   -0.01022   -0.00060   -0.00289
 1355   -0.00950   -0.00121   -0.00466
 1356   -0.00995   -0.00180   -0.00537
 1357   -0.01040   -0.00087   -0.00234
 1358   -0.01052   -0.00002   -0.00054
 1359   -0.00958    0.00025    0.00045
 1360   -0.01211    0.00006    0.00066
 1361   -0.00967    0.00078    0.00275
 1362   -0.01243    0.00026    0.00296
 1363   -0.01109    0.00071    0.00413
 1364   -0.01132    0.00090    0.00670
 1365   -0.00803   -0.00138   -0.00478
 1366   -0.00706   -0.00198   -0.00582
 1367   -0.00647   -0.00163   -0.00619
 1368   -0.00560   -0.00117   -0.00542
 1369   -0.00601   -0.00152   -0.00590
 1370   -0.00488   -0.00160   -0.00704
 1371   -0.00380   -0.00115   -0.00684
 1372   -0.00276   -0.00091   -0.00728
 1373   -0.00419   -0.00092   -0.00626
 1374   -0.00688   -0.00217   -0.00730
 1375   -0.00658   -0.00235   -0.00767
 1376   -0.00546   -0.00244   -0.00855
 1377   -0.00521   -0.00319   -0.00908
 1378   -0.00774   -0.00280   -0.00781
 1379   -0.00864   -0.00233   -0.00689
 1380   -0.00981   -0.00279   -0.00735
 1381   -0.00820   -0.00176   -0.00569
 1382   -0.00468   -0.00227   -0.00857
 1383   -0.00338   -0.00276   -0.00931
 1384   -0.00338   -0.00249   -0.00957
 1385   -0.00290   -0.00169   -0.00899
 1386   -0.00240   -0.00162   -0.00936
 1387   -0.00149   -0.00200   -0.01014
 1388   -0.00081   -0.00078   -0.01019
 1389   -0.00160   -0.00229   -0.01051
 1390   -0.00385   -0.00329   -0.01011
 1391   -0.00409   -0.00349   -0.01037
 1392   -0.00300   -0.00366   -0.01064
 1393   -0.00353   -0.00373   -0.01045
 1394   -0.00171   -0.00257   -0.01078
 1395   -0.00023   -0.00124   -0.01087
 1396    0.00058    0.00027   -0.00956
 1397    0.00162    0.00181   -0.00913
 1398    0.00017   -0.00070   -0.01145
 1399   -0.00097   -0.00349   -0.01176
 1400   -0.00003   -0.00282   -0.01202
 1401    0.00101   -0.00005   -0.01262
 1402    0.00201    0.00292   -0.01291
 1403    0.00209    0.00269   -0.01221
 1404    0.00363    0.00516   -0.01385
 1405    0.00046    0.00065   -0.00893
 1406    0.00105    0.00163   -0.00746
 1407    0.00021    0.00182   -0.00656
 1408   -0.00123    0.00108   -0.00740
 1409    0.00028    0.00153   -0.00691
 1410    0.00069    0.00204   -0.00751
 1411    0.00286    0.00368   -0.00564
 1412    0.00270    0.00400   -0.00352
 1413    0.00162    0.00362   -0.00491
 1414    0.00106    0.00381   -0.00383
 1415    0.00005    0.00176   -0.00273
 1416   -0.00076    0.00070   -0.00235
 1417    0.00344    0.00560   -0.00168
 1418    0.00531    0.00674   -0.00017
 1419    0.00394    0.00578   -0.00317
 1420    0.00007    0.00232   -0.00256
 1421   -0.00128    0.00102   -0.00159
 1422   -0.00205    0.00068   -0.00224
 1423   -0.00160    0.00089   -0.00332
 1424    0.00100    0.00349    0.00123
 1425    0.00257    0.00543    0.00236
 1426    0.00293    0.00572    0.00176
 1427    0.00538    0.00870    0.00482
 1428    0.00463    0.00787    0.00334
 1429    0.00791    0.01133    0.00701
 1430    0.00737    0.01009    0.00565
 1431   -0.00358    0.00044   -0.00201
 1432   -0.00452    0.00035   -0.00214
 1433   -0.00373    0.00099   -0.00093
 1434   -0.00275    0.00179    0.00074
 1435   -0.00601    0.00001   -0.00187
 1436   -0.00565   -0.00030   -0.00202
 1437   -0.00390    0.00051   -0.00107
 1438   -0.00455    0.00023   -0.00175
 1439   -0.00455    0.00032   -0.00077
 1440   -0.00639    0.00049   -0.00021
 1441   -0.00725    0.00011   -0.00151
 1442   -0.00403    0.00036   -0.00216
 1443   -0.00410    0.00119   -0.00147
 1444   -0.00220    0.00104   -0.00280
 1445   -0.00673    0.00105    0.00196
 1446   -0.00853    0.00087    0.00275
 1447   -0.00894    0.00115    0.00204
 1448   -0.00865    0.00234    0.00283
 1449   -0.00912    0.00112    0.00606
 1450   -0.01020    0.00179    0.00547
 1451   -0.01137    0.00183    0.00416
 1452   -0.01087    0.00172    0.00836
 1453   -0.00968    0.00073    0.00029
 1454   -0.00922    0.00070   -0.00083
 1455   -0.01026    0.00084   -0.00100
 1456   -0.01016    0.00077   -0.00183
 1457   -0.00873   -0.00006   -0.00282
 1458   -0.00778   -0.00016   -0.00318
 1459   -0.00685    0.00016   -0.00335
 1460   -0.00762   -0.00065   -0.00381
 1461   -0.00572    0.00020   -0.00381
 1462   -0.00612   -0.00048   -0.00413
 1463   -0.01141    0.00143    0.00103
 1464   -0.01197    0.00158    0.00135
 1465   -0.01301    0.00109    0.00110
 1466   -0.01289    0.00100    0.00055
 1467   -0.01360    0.00145    0.00129
 1468   -0.01502    0.00168    0.00138
 1469   -0.01463    0.00161   -0.00012
 1470   -0.01421    0.00156   -0.00137
 1471   -0.01596    0.00198    0.00155
 1472   -0.01500    0.00132   -0.00013
 1473   -0.01513    0.00116   -0.00128
 1474   -0.01640    0.00117   -0.00095
 1475   -0.01664    0.00090   -0.00008
 1476   -0.01396    0.00042   -0.00200
 1477   -0.01370    0.00000   -0.00265
 1478   -0.01597    0.00144   -0.00130
 1479   -0.01746    0.00131   -0.00137
 1480   -0.01698    0.00064   -0.00176
 1481   -0.01545    0.00030   -0.00215
 1482   -0.01797    0.00198   -0.00170
 1483   -0.01999    0.00254   -0.00179
 1484   -0.01847    0.00126   -0.00178
 1485   -0.01757    0.00146   -0.00253
 1486   -0.01616    0.00187   -0.00339
 1487   -0.01520    0.00104   -0.00444
 1488   -0.01815    0.00242   -0.00169
 1489   -0.01823    0.00199   -0.00114
 1490   -0.01738    0.00165   -0.00297
 1491   -0.01768    0.00103   -0.00324
 1492   -0.01578    0.00220   -0.00481
 1493   -0.01721    0.00267   -0.00336
 1494   -0.01822    0.00244   -0.00448
 1495   -0.01806    0.00131   -0.00491
 1496   -0.01627    0.00136   -0.00532
 1497   -0.02130    0.00380   -0.00530
 1498   -0.02326    0.00605   -0.00527
 1499   -0.01925    0.00586   -0.00458
 1500   -0.02966    0.00913   -0.00593
 1501   -0.01719    0.00125   -0.00400
 1502   -0.01635    0.00071   -0.00471
 1503   -0.01434    0.00047   -0.00473
 1504   -0.01298    0.00049   -0.00519
 1505   -0.01624    0.00094   -0.00488
 1506   -0.01557    0.00123   -0.00361
 1507   -0.01769    0.00166   -0.00476
 1508   -0.01433   -0.00072   -0.00476
 1509   -0.01340   -0.00100   -0.00487
 1510   -0.01207   -0.00177   -0.00606
 1511   -0.01137   -0.00194   -0.00597
 1512   -0.01367   -0.00104   -0.00501
 1513   -0.01276   -0.00153   -0.00561
 1514   -0.01314   -0.00119   -0.00500
 1515   -0.01269   -0.00176   -0.00615
 1516   -0.01157   -0.00217   -0.00681
 1517   -0.00842   -0.00300   -0.00678
 1518   -0.00705   -0.00264   -0.00655
 1519   -0.00657   -0.00250   -0.00618
 1520   -0.00708   -0.00401   -0.00559
 1521   -0.00805   -0.00436   -0.00608
 1522   -0.00681   -0.00493   -0.00497
 1523   -0.00674   -0.00400   -0.00515
 1524   -0.00757   -0.00149   -0.00710
 1525   -0.00745   -0.00042   -0.00703
 1526   -0.00768   -0.00060   -0.00697
 1527   -0.00748   -0.00018   -0.00695
 1528   -0.00781    0.00127   -0.00836
 1529   -0.00656    0.00154   -0.00869
 1530   -0.00912    0.00207   -0.00921
 1531   -0.00738    0.00482   -0.01176
 1532   -0.00522    0.00550   -0.01314
 1533   -0.01068   -0.00092   -0.00650
 1534   -0.01053   -0.00056   -0.00608
 1535   -0.00954   -0.00131   -0.00574
 1536   -0.00898   -0.00113   -0.00565
 1537   -0.01181    0.00009   -0.00501
 1538   -0.01268    0.00091   -0.00466
 1539   -0.01304    0.00092   -0.00389
 1540   -0.01225    0.00079   -0.00556
 1541   -0.00975   -0.00178   -0.00576
 1542   -0.00849   -0.00207   -0.00587
 1543   -0.00721   -0.00225   -0.00629
 1544   -0.00693   -0.00225   -0.00641
 1545   -0.00936   -0.00247   -0.00630
 1546   -0.00678   -0.00211   -0.00657
 1547   -0.00613   -0.00172   -0.00600
 1548   -0.00651   -0.00120   -0.00588
 1549   -0.00566   -0.00106   -0.00539
 1550   -0.00561   -0.00116   -0.00521
 1551   -0.00703   -0.00089   -0.00631
 1552   -0.00722   -0.00062   -0.00624
 1553   -0.00591   -0.00040   -0.00592
 1554   -0.00572   -0.00013   -0.00569
 1555   -0.00735   -0.00010   -0.00656
 1556   -0.00779    0.00029   -0.00634
 1557   -0.00834    0.00050   -0.00673
 1558   -0.00884    0.00058   -0.00653
 1559   -0.01035    0.00076   -0.00736
 1560   -0.00610   -0.00053   -0.00619
 1561   -0.00530   -0.00055   -0.00609
 1562   -0.00456   -0.00100   -0.00608
 1563   -0.00377   -0.00069   -0.00605
 1564   -0.00627   -0.00080   -0.00578
 1565   -0.00557   -0.00084   -0.00590
 1566   -0.00708   -0.00058   -0.00544
 1567   -0.00510   -0.00161   -0.00608
 1568   -0.00335   -0.00185   -0.00604
 1569   -0.00260   -0.00127   -0.00600
 1570   -0.00204   -0.00166   -0.00565
 1571   -0.00291   -0.00223   -0.00581
 1572   -0.00432   -0.00269   -0.00654
 1573   -0.00338   -0.00061   -0.00549
 1574   -0.00334   -0.00072   -0.00516
 1575   -0.00326   -0.00073   -0.00518
 1576   -0.00290   -0.00079   -0.00508
 1577   -0.00442   -0.00073   -0.00441
 1578   -0.00438   -0.00074   -0.00314
 1579   -0.00369   -0.00095   -0.00187
 1580   -0.00554   -0.00095   -0.00295
 1581   -0.00763   -0.00126   -0.00406
 1582   -0.00705   -0.00085   -0.00403
 1583   -0.00880   -0.00117   -0.00528
 1584   -0.00390   -0.00081   -0.00556
 1585   -0.00321   -0.00006   -0.00597
 1586   -0.00193   -0.00018   -0.00624
 1587   -0.00170    0.00014   -0.00626
 1588   -0.00339    0.00038   -0.00577
 1589   -0.00419    0.00061   -0.00526
 1590   -0.00434    0.00114   -0.00485
 1591   -0.00396    0.00109   -0.00488
 1592   -0.00524    0.00155   -0.00482
 1593   -0.00173   -0.00061   -0.00647
 1594   -0.00092   -0.00078   -0.00731
 1595   -0.00037   -0.00111   -0.00632
 1596    0.00031   -0.00102   -0.00638
 1597   -0.00089   -0.00114   -0.00739
 1598   -0.00099   -0.00098   -0.00794
 1599   -0.00188   -0.00099   -0.00730
 1600   -0.00032   -0.00079   -0.00849
 1601   -0.00235   -0.00072   -0.00751
 1602   -0.00042   -0.00069   -0.00857
 1603   -0.00179   -0.00062   -0.00826
 1604   -0.00072   -0.00143   -0.00502
 1605    0.00007   -0.00116   -0.00367
 1606   -0.00056   -0.00096   -0.00405
 1607   -0.00037   -0.00125   -0.00329
 1608    0.00030   -0.00145   -0.00254
 1609    0.00093   -0.00203   -0.00230
 1610    0.00138   -0.00107   -0.00067
 1611   -0.00131   -0.00077   -0.00491
 1612   -0.00173   -0.00083   -0.00438
 1613   -0.00173   -0.00056   -0.00555
 1614   -0.00257   -0.00089   -0.00513
 1615   -0.00253   -0.00067   -0.00496
 1616   -0.00340   -0.00106   -0.00451
 1617   -0.00441   -0.00065   -0.00525
 1618   -0.00438   -0.00071   -0.00468
 1619   -0.00586   -0.00098   -0.00525
 1620   -0.00132   -0.00040   -0.00586
 1621   -0.00148    0.00023   -0.00578
 1622   -0.00147   -0.00025   -0.00587
 1623   -0.00178    0.00015   -0.00553
 1624   -0.00049    0.00103   -0.00611
 1625   -0.00071    0.00163   -0.00557
 1626    0.00072    0.00281   -0.00556
 1627    0.00075    0.00233   -0.00634
 1628   -0.00004    0.00184   -0.00637
 1629   -0.00092    0.00204   -0.00605
 1630   -0.00020    0.00138   -0.00720
 1631   -0.00086   -0.00075   -0.00602
 1632   -0.00060   -0.00109   -0.00540
 1633   -0.00076   -0.00187   -0.00345
 1634   -0.00006   -0.00179   -0.00172
 1635    0.00022   -0.00117   -0.00526
 1636    0.00065   -0.00053   -0.00683
 1637    0.00111    0.00082   -0.00766
 1638    0.00228    0.00196   -0.00810
 1639    0.00149    0.00084   -0.00684
 1640   -0.00150   -0.00208   -0.00353
 1641   -0.00204   -0.00188   -0.00112
 1642   -0.00027   -0.00132    0.00161
 1643    0.00140   -0.00027    0.00408
 1644   -0.00332   -0.00302   -0.00265
 1645   -0.00314   -0.00223   -0.00034
 1646   -0.00850    0.00181    0.01023
 1647   -0.01804    0.01104    0.02879
 1648    0.00150   -0.00512   -0.01363
 1649   -0.00121   -0.00194    0.00234
 1650    0.00011   -0.00020    0.00623
 1651    0.00222    0.00125    0.00686
 1652    0.00537    0.00367    0.01073
 1653    0.00115   -0.00024    0.00414
 1654    0.00354   -0.00007    0.00330
 1655    0.00580    0.00076    0.00508
 1656    0.00516    0.00092    0.00515
 1657    0.00202   -0.00071    0.00017
 1658    0.00325   -0.00029   -0.00068
 1659    0.00395   -0.00034    0.00039
 1660    0.00693    0.00102    0.00250
 1661    0.00304   -0.00019    0.00029
 1662    0.00746    0.00158    0.00695
 1663    0.00882    0.00152    0.00772
 1664    0.00880    0.00104    0.00606
 1665    0.00768   -0.00013    0.00643
 1666    0.01192    0.00339    0.01169
 1667    0.01207    0.00269    0.01285
 1668    0.01242    0.00486    0.01321
 1669    0.00774    0.00040    0.00416
 1670    0.00664   -0.00054    0.00173
 1671    0.00551   -0.00158   -0.00072
 1672    0.00454   -0.00241   -0.00305
 1673    0.00716   -0.00096   -0.00021
 1674    0.00882   -0.00067    0.00180
 1675    0.00843   -0.00076   -0.00012
 1676    0.00959   -0.00031    0.00190
 1677    0.01073    0.00102    0.00443
 1678    0.00966    0.00153    0.00403
 1679    0.01159    0.00199    0.00531
 1680    0.00530   -0.00158    0.00030
 1681    0.00449   -0.00245   -0.00152
 1682    0.00392   -0.00338   -0.00068
 1683    0.00554   -0.00262    0.00161
 1684    0.00417   -0.00238   -0.00159
 1685    0.00364   -0.00211   -0.00249
 1686    0.00354   -0.00161   -0.00119
 1687    0.00263   -0.00218   -0.00403
 1688    0.00274   -0.00139   -0.00224
 1689    0.00199   -0.00195   -0.00515
 1690    0.00221   -0.00177   -0.00466
 1691    0.00422   -0.00415   -0.00270
 1692    0.00315   -0.00370   -0.00208
 1693    0.00206   -0.00421   -0.00337
 1694    0.00162   -0.00499   -0.00520
 1695    0.00295   -0.00468   -0.00251
 1696    0.00429   -0.00390   -0.00074
 1697    0.00147   -0.00447   -0.00227
 1698   -0.00030   -0.00556   -0.00389
 1699   -0.00091   -0.00612   -0.00363
 1700    0.00068   -0.00597   -0.00280
 1701   -0.00103   -0.00533   -0.00340
 1702   -0.00179   -0.00684   -0.00464
 1703   -0.00263   -0.00716   -0.00490
 1704   -0.00348   -0.00687   -0.00518
 1705   -0.00404   -0.00687   -0.00554
 1706   -0.00192   -0.00723   -0.00514
 1707   -0.00084   -0.00715   -0.00449
 1708   -0.00251   -0.00706   -0.00565
 1709   -0.00424   -0.00694   -0.00456
 1710   -0.00541   -0.00598   -0.00448
 1711   -0.00607   -0.00600   -0.00491
 1712   -0.00584   -0.00611   -0.00427
 1713   -0.00618   -0.00522   -0.00392
 1714   -0.00699   -0.00554   -0.00500
 1715   -0.00855   -0.00468   -0.00480
 1716   -0.00905   -0.00383   -0.00462
 1717   -0.00958   -0.00328   -0.00560
 1718   -0.00883   -0.00456   -0.00540
 1719   -0.00964   -0.00371   -0.00528
 1720   -0.00887   -0.00419   -0.00404
 1721   -0.01051   -0.00352   -0.00607
 1722   -0.00883   -0.00369   -0.00371
 1723   -0.00927   -0.00283   -0.00436
 1724   -0.00886   -0.00174   -0.00349
 1725   -0.00921   -0.00187   -0.00106
 1726   -0.00845   -0.00349   -0.00407
 1727   -0.00810   -0.00466   -0.00220
 1728   -0.00833   -0.00059   -0.00454
 1729   -0.00743    0.00095   -0.00483
 1730   -0.00610    0.00162   -0.00371
 1731   -0.00473    0.00357   -0.00639
 1732   -0.00521    0.00302   -0.00859
 1733   -0.00180    0.00501   -0.00833
 1734    0.00253    0.00713   -0.01197
 1735    0.00552    0.00810   -0.01237
 1736    0.00585    0.00950   -0.01527
 1737   -0.00533    0.00187    0.00150
 1738   -0.00163    0.00339    0.00558
 1739    0.00166    0.00809    0.00322
 1740    0.00654    0.01489    0.00366
 1741    0.00153    0.00498    0.01119
 1742    0.00331    0.01062    0.00197
 1743    0.01979    0.02850   -0.00070
 1744    0.05448    0.07613    0.02201
 1745    0.14911    0.24252    0.04820
 1746    0.03162    0.04069   -0.00880
 1747    0.06775    0.10173    0.05044
 1748    0.01214   -0.00622   -0.02407
 1749    0.00918   -0.00461   -0.01856
 1750    0.01316   -0.00162   -0.01196
 1751    0.01648   -0.00096   -0.01106
 1752    0.00305   -0.00571   -0.01798
 1753    0.00277   -0.00559   -0.01773
 1754   -0.00463   -0.00617   -0.01759
 1755   -0.01060   -0.00952   -0.02674
 1756    0.01248   -0.00046   -0.00788
 1757    0.01544    0.00215   -0.00236
 1758    0.01245    0.00254    0.00213
 1759    0.00862    0.00188    0.00371
 1760    0.01758    0.00302   -0.00119
 1761    0.02102    0.00510    0.00422
 1762    0.02498    0.00651    0.00457
 1763    0.02669    0.00650    0.00040
 1764    0.02587    0.00794    0.01033
 1765    0.01436    0.00309    0.00455
 1766    0.01227    0.00372    0.00938
 1767    0.01554    0.00541    0.01382
 1768    0.01921    0.00634    0.01288
 1769    0.01021    0.00312    0.00849
 1770    0.01400    0.00326    0.00787
 1771    0.00601    0.00139    0.00399
 1772    0.01294    0.00272    0.00867
 1773    0.01409    0.00593    0.01746
 1774    0.01637    0.00660    0.02093
 1775    0.01545    0.00648    0.02165
 1776    0.01322    0.00612    0.02136
 1777    0.01553    0.00647    0.02375
 1778    0.01639    0.00650    0.02310
 1779    0.02006    0.00785    0.02331
 1780    0.01256    0.00518    0.02240
 1781    0.02143    0.00806    0.02271
 1782    0.01288    0.00520    0.02129
 1783    0.01769    0.00676    0.02137
 1784    0.01726    0.00664    0.02211
 1785    0.01678    0.00599    0.02244
 1786    0.01721    0.00587    0.02343
 1787    0.01850    0.00623    0.02303
 1788    0.01786    0.00597    0.02089
 1789    0.01727    0.00522    0.02110
 1790    0.01787    0.00559    0.01887
 1791    0.01612    0.00529    0.02417
 1792    0.01492    0.00401    0.02315
 1793    0.01329    0.00262    0.02072
 1794    0.01238    0.00236    0.02071
 1795    0.01391    0.00245    0.02280
 1796    0.01475    0.00148    0.02231
 1797    0.01362    0.00160    0.02266
 1798    0.01078    0.00058    0.02113
 1799    0.01048    0.00172    0.02404
 1800    0.01269    0.00158    0.01908
 1801    0.01084    0.00004    0.01616
 1802    0.00997   -0.00192    0.01356
 1803    0.01052   -0.00208    0.01413
 1804    0.01295    0.00122    0.01645
 1805    0.01182    0.00057    0.01476
 1806    0.01421    0.00293    0.01858
 1807    0.00841   -0.00182    0.01111
 1808    0.00835   -0.00226    0.00859
 1809    0.00796   -0.00304    0.00751
 1810    0.00655   -0.00397    0.00696
 1811    0.00756   -0.00251    0.00651
 1812    0.00554   -0.00314    0.00349
 1813    0.00507   -0.00273    0.00360
 1814    0.00478   -0.00313    0.00103
 1815    0.00737   -0.00276    0.00719
 1816    0.00648   -0.00311    0.00592
 1817    0.00794   -0.00286    0.00724
 1818    0.00566   -0.00201    0.00548
 1819    0.00610   -0.00228    0.00559
 1820    0.00897   -0.00016    0.00810
 1821    0.00450   -0.00166    0.00308
 1822    0.00992   -0.00264    0.01004
 1823    0.01042    0.00009    0.01211
 1824    0.01285    0.00325    0.01440
 1825    0.01682    0.00422    0.01843
 1826    0.01435    0.00335    0.01595
 1827    0.01733    0.00534    0.01881
 1828    0.01800    0.00586    0.02199
 1829    0.01720    0.00458    0.02223
 1830    0.01554    0.00594    0.01723
 1831    0.01626    0.00870    0.01906
 1832    0.01607    0.00996    0.01818
 1833    0.01818    0.01192    0.01955
 1834    0.01688    0.01281    0.01936
 1835    0.01937    0.00850    0.02408
 1836    0.02094    0.00805    0.02571
 1837    0.02210    0.01014    0.02407
 1838    0.02372    0.01143    0.02416
 1839    0.02235    0.00835    0.02827
 1840    0.02215    0.00619    0.02868
 1841    0.02111    0.00761    0.02784
 1842    0.02148    0.00851    0.02272
 1843    0.02346    0.00815    0.02021
 1844    0.02449    0.00838    0.01970
 1845    0.02283    0.00788    0.02026
 1846    0.02326    0.00769    0.01953
 1847    0.02133    0.00689    0.01997
 1848    0.02422    0.00794    0.01825
 1849    0.02043    0.00603    0.01939
 1850    0.02725    0.00943    0.01807
 1851    0.02793    0.01044    0.01496
 1852    0.02921    0.00843    0.01119
 1853    0.03162    0.00978    0.00987
 1854    0.03099    0.01170    0.01409
 1855    0.02993    0.01155    0.01862
 1856    0.02989    0.01057    0.01012
 1857    0.02692    0.00701    0.00994
 1858    0.02756    0.00608    0.00680
 1859    0.02640    0.00513    0.00222
 1860    0.02327    0.00408    0.00166
 1861    0.02586    0.00499    0.00873
 1862    0.02639    0.00515    0.01217
 1863    0.02412    0.00443    0.01216
 1864    0.02864    0.00566    0.01251
 1865    0.02835    0.00471   -0.00245
 1866    0.02794    0.00351   -0.00869
 1867    0.02850    0.00135   -0.01227
 1868    0.03152    0.00117   -0.01337
 1869    0.03320    0.00310   -0.01371
 1870    0.03427    0.00503   -0.01005
 1871    0.03230    0.00440   -0.01012
 1872    0.03018    0.00601   -0.00470
 1873    0.03215    0.00333   -0.01585
 1874    0.02367   -0.00056   -0.01327
 1875    0.02168   -0.00238   -0.01418
 1876    0.01710   -0.00527   -0.01985
 1877    0.01564   -0.00621   -0.02282
 1878    0.01885   -0.00174   -0.00887
 1879    0.02282    0.00024   -0.00282
 1880    0.01425   -0.00100   -0.00637
 1881    0.01518   -0.00670   -0.02187
 1882    0.00982   -0.01001   -0.02771
 1883    0.00578   -0.00918   -0.02466
 1884    0.00799   -0.00753   -0.01975
 1885    0.01215   -0.01348   -0.03600
 1886    0.01351   -0.01643   -0.04362
 1887    0.01935   -0.02142   -0.05410
 1888    0.02705   -0.02088   -0.05270
 1889    0.01831   -0.03159   -0.07515
 1890   -0.00066   -0.01071   -0.02821
 1891   -0.00465   -0.00945   -0.02537
 1892   -0.00244   -0.01013   -0.02598
 1893   -0.00357   -0.00821   -0.02192
 1894   -0.01169   -0.01109   -0.03007
 1895   -0.01232   -0.01284   -0.03284
 1896   -0.00426   -0.01248   -0.03367
 1897    0.00118   -0.01205   -0.03116
 1898    0.00456   -0.01292   -0.03214
 1899    0.00928   -0.01133   -0.02433
 1900    0.01092   -0.01147   -0.02299
 1901    0.00784   -0.01627   -0.04229
 1902    0.00299   -0.02049   -0.05243
 1903    0.01143   -0.00968   -0.02052
 1904    0.01594   -0.00855   -0.01497
 1905    0.01394   -0.00697   -0.00914
 1906    0.01002   -0.00510   -0.00721
 1907    0.01876   -0.00702   -0.01303
 1908    0.02116   -0.00837   -0.01851
 1909    0.02176   -0.01114   -0.02464
 1910    0.02348   -0.00693   -0.01663
 1911    0.01749   -0.00702   -0.00671
 1912    0.01661   -0.00524   -0.00094
 1913    0.01816   -0.00318    0.00374
 1914    0.02057   -0.00359    0.00325
 1915    0.02021   -0.00582    0.00047
 1916    0.02473   -0.00767    0.00070
 1917    0.01835   -0.00735   -0.00366
 1918    0.01690   -0.00105    0.00757
 1919    0.01803    0.00064    0.01115
 1920    0.02197    0.00024    0.01192
 1921    0.02219    0.00086    0.01282
 1922    0.01540    0.00294    0.01495
 1923    0.01026    0.00391    0.01403
 1924    0.01611    0.00358    0.01763
 1925    0.00823    0.00346    0.01234
 1926    0.02461   -0.00100    0.01184
 1927    0.02714   -0.00092    0.01244
 1928    0.02864   -0.00281    0.01005
 1929    0.02885   -0.00169    0.01065
 1930    0.03089   -0.00229    0.01222
 1931    0.03303   -0.00251    0.01450
 1932    0.03663   -0.00559    0.01419
 1933    0.03956   -0.00554    0.01803
 1934    0.03924   -0.00839    0.00974
 1935    0.02853   -0.00495    0.00555
 1936    0.02915   -0.00649    0.00278
 1937    0.02712   -0.00295    0.00529
 1938    0.02712   -0.00266    0.00576
 1939    0.02769   -0.00893   -0.00289
 1940    0.03053   -0.01188   -0.00501
 1941    0.03456   -0.01307   -0.00339
 1942    0.02849   -0.01289   -0.00912
 1943    0.02516   -0.00177    0.00678
 1944    0.02414    0.00043    0.00910
 1945    0.02525    0.00227    0.01139
 1946    0.02638    0.00314    0.01174
 1947    0.02126    0.00111    0.00965
 1948    0.02004    0.00259    0.01207
 1949    0.01912    0.00033    0.00560
 1950    0.02435    0.00213    0.01234
 1951    0.02328    0.00363    0.01329
 1952    0.02409    0.00474    0.01218
 1953    0.02392    0.00567    0.01249
 1954    0.02301    0.00380    0.01426
 1955    0.02124    0.00345    0.01628
 1956    0.02133    0.00352    0.01723
 1957    0.01967    0.00162    0.01982
 1958    0.01985    0.00236    0.02061
 1959    0.02539    0.00375    0.01107
 1960    0.02515    0.00435    0.00958
 1961    0.02507    0.00527    0.01011
 1962    0.02476    0.00677    0.00980
 1963    0.02574    0.00240    0.00817
 1964    0.02829    0.00351    0.00966
 1965    0.02875    0.00426    0.01011
 1966    0.02702    0.00607    0.01217
 1967    0.02753    0.00704    0.01211
 1968    0.02970    0.00335    0.00869
 1969    0.02871    0.00101    0.00446
 1970    0.02917    0.00057    0.00168
 1971    0.02953   -0.00153   -0.00585
 1972    0.03205   -0.00008   -0.01089
 1973    0.02579    0.00637    0.01328
 1974    0.02569    0.00684    0.01425
 1975    0.02516    0.00748    0.01370
 1976    0.02416    0.00745    0.01413
 1977    0.02422    0.00590    0.01483
 1978    0.02353    0.00553    0.01522
 1979    0.02283    0.00565    0.01505
 1980    0.02098    0.00461    0.01628
 1981    0.02431    0.00741    0.01261
 1982    0.02333    0.00787    0.01237
 1983    0.02306    0.00926    0.01229
 1984    0.02211    0.00961    0.01223
 1985    0.02266    0.00734    0.01107
 1986    0.02103    0.00770    0.01051
 1987    0.02073    0.00784    0.00968
 1988    0.01966    0.00770    0.00863
 1989    0.02077    0.00922    0.00910
 1990    0.02343    0.00963    0.01204
 1991    0.02456    0.01122    0.01203
 1992    0.02479    0.01147    0.01348
 1993    0.02579    0.01296    0.01358
 1994    0.02634    0.01084    0.01036
 1995    0.02672    0.00963    0.00848
 1996    0.02809    0.00886    0.00702
 1997    0.02538    0.00943    0.00807
 1998    0.02529    0.00994    0.01338
 1999    0.02594    0.00990    0.01426
 2000    0.02455    0.01019    0.01460
 2001    0.02402    0.01041    0.01456
 2002    0.02685    0.00907    0.01504
 2003    0.02953    0.00917    0.01357
 2004    0.02940    0.01015    0.01420
 2005    0.03433    0.01227    0.01054
 2006    0.03409    0.01213    0.00995
 2007    0.02433    0.00934    0.01463
 2008    0.02116    0.00836    0.01392
 2009    0.01842    0.00805    0.01241
 2010    0.01548    0.00675    0.01029
 2011    0.01973    0.00675    0.01565
 2012    0.02101    0.00735    0.01745
 2013    0.01974    0.00816    0.01843
 2014    0.01813    0.00856    0.01805
 2015    0.02210    0.00873    0.01860
 2016    0.02149    0.00849    0.01259
 2017    0.01962    0.00791    0.01137
 2018    0.01797    0.00606    0.01020
 2019    0.01622    0.00619    0.01023
 2020    0.01861    0.00535    0.01169
 2021    0.01772    0.00425    0.01127
 2022    0.01919    0.00530    0.01171
 2023    0.01978    0.00559    0.01198
 2024    0.01788    0.00336    0.01201
 2025    0.01635    0.00370    0.01211
 2026    0.01536    0.00369    0.01193
 2027    0.01685    0.00379    0.01368
 2028    0.01618    0.00496    0.01054
 2029    0.01637    0.00532    0.01018
 2030    0.01679    0.00430    0.01085
 2031    0.01470    0.00283    0.01094
 2032    0.01309    0.00484    0.00834
 2033    0.01228    0.00356    0.00725
 2034    0.01345    0.00392    0.00795
 2035    0.01750    0.00437    0.01125
 2036    0.01929    0.00367    0.01136
 2037    0.01696    0.00291    0.01177
 2038    0.01716    0.00224    0.01271
 2039    0.01983    0.00309    0.01164
 2040    0.01970    0.00396    0.01012
 2041    0.01781    0.00461    0.00939
 2042    0.01368    0.00202    0.01093
 2043    0.01074    0.00088    0.01005
 2044    0.01066    0.00018    0.00974
 2045    0.01061   -0.00053    0.00888
 2046    0.00871    0.00159    0.00574
 2047    0.00915    0.00290    0.00508
 2048    0.01327    0.00270    0.00900
 2049    0.00696    0.00346    0.00034
 2050    0.01125    0.00085    0.01041
 2051    0.01098    0.00059    0.01024
 2052    0.01252    0.00077    0.01149
 2053    0.01208    0.00048    0.01111
 2054    0.01104    0.00138    0.00850
 2055    0.00951    0.00016    0.00426
 2056    0.00898    0.00042    0.00312
 2057    0.01025    0.00058    0.00507
 2058    0.00795   -0.00003   -0.00084
 2059    0.01354    0.00099    0.01272
 2060    0.01499    0.00112    0.01454
 2061    0.01462    0.00110    0.01601
 2062    0.01486    0.00120    0.01624
 2063    0.01713    0.00170    0.01538
 2064    0.01767    0.00293    0.01413
 2065    0.02006    0.00369    0.01361
 2066    0.02067    0.00377    0.01421
 2067    0.02136    0.00487    0.01290
 2068    0.01427    0.00127    0.01837
 2069    0.01319    0.00204    0.02009
 2070    0.01408    0.00243    0.02124
 2071    0.01194    0.00152    0.02071
 2072    0.01106    0.00169    0.01897
 2073    0.01051    0.00028    0.01531
 2074    0.01079    0.00130    0.01718
 2075    0.00951    0.00004    0.01370
 2076    0.01172   -0.00167    0.01062
 2077    0.01196   -0.00008    0.01200
 2078    0.01048   -0.00302    0.00725
 2079    0.01477    0.00329    0.02183
 2080    0.01403    0.00384    0.02212
 2081    0.01098    0.00502    0.02341
 2082    0.01021    0.00622    0.02402
 2083    0.01404    0.00424    0.02075
 2084    0.01606    0.00363    0.01986
 2085    0.01676    0.00328    0.01784
 2086    0.01564    0.00390    0.02051
 2087    0.00990    0.00510    0.02347
 2088    0.00753    0.00687    0.02408
 2089    0.00472    0.00693    0.02387
 2090    0.00636    0.00635    0.02335
 2091    0.00792    0.00616    0.02519
 2092    0.00809    0.00424    0.02535
 2093    0.00580    0.00823    0.02551
 2094    0.00828    0.00558    0.02548
 2095    0.00162    0.00845    0.02313
 2096   -0.00286    0.00845    0.02268
 2097   -0.00726    0.01075    0.02371
 2098   -0.00825    0.01234    0.02383
 2099   -0.00490    0.00822    0.02083
 2100   -0.00953    0.00630    0.01974
 2101   -0.00831    0.00478    0.02028
 2102   -0.01465    0.00725    0.01916
 2103   -0.01188    0.00351    0.01968
 2104   -0.02050    0.00560    0.01957
 2105   -0.01876    0.00353    0.01885
 2106   -0.00713    0.01106    0.02370
 2107   -0.01248    0.01407    0.02364
 2108   -0.01026    0.01711    0.02476
 2109   -0.01368    0.01884    0.02608
 2110   -0.01859    0.01362    0.02407
 2111   -0.00630    0.01679    0.02579
 2112   -0.00755    0.01936    0.02927
 2113   -0.00706    0.01745    0.03063
 2114   -0.00808    0.01910    0.03330
 2115   -0.00589    0.01532    0.02881
 2116   -0.00623    0.01523    0.02949
 2117   -0.00181    0.01348    0.02845
 2118    0.00022    0.01169    0.02672
 2119   -0.00852    0.01501    0.02711
 2120   -0.00828    0.01718    0.02761
 2121   -0.01416    0.01984    0.02514
 2122   -0.01552    0.02224    0.02758
 2123   -0.01951    0.02428    0.02336
 2124    0.00234    0.01375    0.02775
 2125    0.00578    0.01212    0.02742
 2126    0.00465    0.01198    0.02700
 2127    0.00192    0.01399    0.02817
 2128    0.00883    0.01274    0.02612
 2129    0.00958    0.01146    0.02314
 2130    0.01128    0.00988    0.02228
 2131    0.01418    0.01231    0.02413
 2132    0.00913    0.00623    0.01992
 2133    0.00666    0.00983    0.02492
 2134    0.00541    0.00993    0.02339
 2135    0.00863    0.00920    0.02434
 2136    0.01211    0.00771    0.02474
 2137    0.00539    0.00838    0.02150
 2138    0.00227    0.00828    0.02098
 2139    0.00382    0.00656    0.01912
 2140   -0.00307    0.00993    0.02016
 2141    0.00675    0.01088    0.02488
 2142    0.00972    0.01075    0.02641
 2143    0.01232    0.00783    0.02368
 2144    0.01077    0.00707    0.01963
 2145    0.00680    0.01306    0.02971
 2146    0.00993    0.01371    0.03367
 2147    0.01220    0.01553    0.03901
 2148    0.01027    0.01638    0.03899
 2149    0.01600    0.01569    0.04438
 2150    0.01710    0.00682    0.02477
 2151    0.02126    0.00491    0.02138
 2152    0.02010    0.00423    0.01936
 2153    0.01851    0.00591    0.02161
 2154    0.02747    0.00543    0.02296
 2155    0.02465    0.00376    0.02420
 2156    0.02226    0.00358    0.02160
 2157    0.02535    0.00406    0.02528
 2158    0.02012    0.00148    0.01423
 2159    0.01861    0.00023    0.01107
 2160    0.01284    0.00015    0.00779
 2161    0.01162   -0.00216    0.00301
 2162    0.00951    0.00236    0.01005
 2163    0.00408    0.00265    0.00702
 2164    0.00459    0.00065    0.00385
 2165    0.00813    0.00079    0.00585
 2166    0.00080    0.00612    0.01124
 2167   -0.00091    0.00880    0.01447
 2168   -0.00722    0.00987    0.01262
 2169   -0.00965    0.01313    0.01623
 2170   -0.01068    0.01706    0.02127
 2171   -0.01388    0.02158    0.02571
 2172   -0.01039    0.01838    0.02326
 2173    0.00117   -0.00083   -0.00127
 2174    0.00123   -0.00252   -0.00434
 2175   -0.00225   -0.00119   -0.00293
 2176   -0.00542    0.00094    0.00003
 2177   -0.00085   -0.00519   -0.01161
 2178   -0.00698   -0.00508   -0.01355
 2179    0.00306   -0.00737   -0.01351
 2180   -0.00123   -0.00215   -0.00469
 2181   -0.00428   -0.00116   -0.00338
 2182   -0.01091   -0.00181   -0.00661
 2183   -0.01452   -0.00023   -0.00382
 2184   -0.00124   -0.00215   -0.00512
 2185    0.00478   -0.00121   -0.00150
 2186    0.00789   -0.00205   -0.00420
 2187    0.00474    0.00078    0.00411
 2188   -0.01278   -0.00381   -0.01198
 2189   -0.01985   -0.00515   -0.01572
 2190   -0.02374   -0.00308   -0.01200
 2191   -0.03111   -0.00280   -0.01221
 2192   -0.01988   -0.00796   -0.02287
 2193   -0.02772   -0.00985   -0.02721
 2194   -0.01980   -0.00117   -0.00806
 2195   -0.02263    0.00121   -0.00430
 2196   -0.02459    0.00446    0.00063
 2197   -0.02845    0.00723    0.00371
 2198   -0.01653    0.00194   -0.00135
 2199   -0.01649   -0.00017   -0.00562
 2200   -0.01067   -0.00043   -0.00458
 2201   -0.02151   -0.00215   -0.01128
 2202   -0.02284    0.00434    0.00177
 2203   -0.02394    0.00702    0.00632
 2204   -0.02792    0.00523    0.00468
 2205   -0.02967    0.00688    0.00830
 2206   -0.01748    0.00803    0.01066
 2207   -0.01397    0.00960    0.01278
 2208   -0.00874    0.00791    0.01188
 2209   -0.01610    0.01308    0.01555
 2210   -0.00561    0.00930    0.01458
 2211   -0.01285    0.01450    0.01759
 2212   -0.00786    0.01260    0.01782
 2213   -0.00499    0.01398    0.02079
 2214   -0.03144    0.00208   -0.00111
 2215   -0.03546    0.00057   -0.00427
 2216   -0.03046    0.00069   -0.00130
 2217   -0.03416    0.00104   -0.00004
 2218   -0.04771    0.00157   -0.00369
 2219   -0.05999    0.00101   -0.00994
 2220   -0.05522   -0.00143   -0.01272
 2221   -0.09715   -0.00021   -0.00902
 2222   -0.02327    0.00060   -0.00036
 2223   -0.01790    0.00090    0.00194
 2224   -0.01843   -0.00116   -0.00214
 2225   -0.01629   -0.00314   -0.00763
 2226   -0.01115    0.00171    0.00484
 2227   -0.01074    0.00442    0.01134
 2228   -0.00618    0.00148    0.00568
 2229   -0.00552    0.00404    0.01135
 2230   -0.01935   -0.00072    0.00027
 2231   -0.02071   -0.00224   -0.00310
 2232   -0.01371   -0.00191   -0.00192
 2233   -0.00835   -0.00058    0.00187
 2234   -0.02864   -0.00236   -0.00134
 2235   -0.03955   -0.00295   -0.00389
 2236   -0.04701   -0.00636   -0.01370
 2237   -0.07856   -0.02165   -0.02623
 2238   -0.04386   -0.00653   -0.01666
 2239   -0.01423   -0.00274   -0.00496
 2240   -0.00793   -0.00138   -0.00335
 2241   -0.00703   -0.00028    0.00356
 2242   -0.01287   -0.00079    0.00557
 2243   -0.00789   -0.00262   -0.00909
 2244   -0.01436   -0.00360   -0.01186
 2245   -0.01517   -0.00486   -0.02080
 2246   -0.00992   -0.00389   -0.01846
 2247   -0.01447   -0.00422   -0.01391
 2248   -0.00126    0.00080    0.00730
 2249   -0.00056    0.00131    0.01346
 2250   -0.00309    0.00175    0.01772
 2251   -0.00319    0.00236    0.02311
 2252   -0.00369    0.00064    0.01456
 2253    0.00120    0.00178    0.01402
 2254    0.00182    0.00115    0.00668
 2255   -0.00345   -0.00057    0.00315
 2256    0.00672    0.00198    0.00404
 2257   -0.00489    0.00174    0.01584
 2258   -0.00626    0.00193    0.01939
 2259    0.00054    0.00355    0.02028
 2260    0.00426    0.00422    0.01873
 2261   -0.01076    0.00173    0.01695
 2262   -0.00795    0.00227    0.01276
 2263    0.00159    0.00400    0.02250
 2264    0.00570    0.00509    0.02394
 2265    0.00538    0.00515    0.02309
 2266    0.00317    0.00522    0.02287
 2267    0.00669    0.00464    0.02609
 2268    0.00690    0.00331    0.02828
 2269    0.01058    0.00447    0.02649
 2270    0.00837    0.00558    0.02281
 2271    0.00868    0.00501    0.02231
 2272    0.01008    0.00491    0.02371
 2273    0.01176    0.00501    0.02416
 2274    0.01006    0.00530    0.02135
 2275    0.00863    0.00480    0.01884
 2276    0.01079    0.00408    0.01678
 2277    0.00415    0.00484    0.01845
 2278    0.00974    0.00398    0.02334
 2279    0.01025    0.00303    0.02340
 2280    0.01072    0.00240    0.02283
 2281    0.01112    0.00325    0.02270
 2282    0.00947    0.00219    0.02328
 2283    0.00934    0.00217    0.02321
 2284    0.01001    0.00026    0.02036
 2285    0.00766    0.00333    0.02402
 2286    0.00982    0.00009    0.02125
 2287    0.00805    0.00205    0.02351
 2288    0.01104    0.00205    0.02192
 2289    0.01194    0.00166    0.02089
 2290    0.01027    0.00096    0.01853
 2291    0.01034    0.00093    0.01616
 2292    0.01445    0.00283    0.02029
 2293    0.01618    0.00323    0.01956
 2294    0.01632    0.00284    0.01949
 2295    0.01742    0.00412    0.01821
 2296    0.00964    0.00055    0.01688
 2297    0.00821   -0.00071    0.01301
 2298    0.00995   -0.00056    0.01205
 2299    0.01227    0.00012    0.01401
 2300    0.00776   -0.00126    0.01279
 2301    0.00636   -0.00266    0.00783
 2302    0.00718   -0.00079    0.01380
 2303    0.00832   -0.00086    0.00899
 2304    0.00897   -0.00061    0.00782
 2305    0.00772   -0.00209    0.00365
 2306    0.00640   -0.00337    0.00067
 2307    0.00924   -0.00054    0.00715
 2308    0.01104    0.00082    0.01049
 2309    0.01118    0.00067    0.00890
 2310    0.01327    0.00206    0.01271
 2311    0.00845   -0.00132    0.00429
 2312    0.00711   -0.00240    0.00117
 2313    0.00616   -0.00259    0.00000
 2314    0.00647   -0.00258    0.00036
 2315    0.00699   -0.00344    0.00205
 2316    0.00697   -0.00433    0.00370
 2317    0.00525   -0.00543    0.00087
 2318    0.00499   -0.00485    0.00290
 2319    0.00522   -0.00604    0.00301
 2320    0.00568   -0.00579    0.00170
 2321    0.00493   -0.00620    0.00505
 2322    0.00488   -0.00318   -0.00118
 2323    0.00436   -0.00335   -0.00306
 2324    0.00370   -0.00422   -0.00515
 2325    0.00397   -0.00508   -0.00536
 2326    0.00413   -0.00326   -0.00411
 2327    0.00659   -0.00264   -0.00125
 2328    0.00646   -0.00307   -0.00159
 2329    0.00811   -0.00209   -0.00045
 2330    0.00298   -0.00397   -0.00622
 2331    0.00267   -0.00492   -0.00712
 2332    0.00236   -0.00523   -0.00761
 2333    0.00323   -0.00442   -0.00753
 2334    0.00285   -0.00496   -0.00705
 2335    0.00238   -0.00483   -0.00658
 2336    0.00187   -0.00412   -0.00628
 2337    0.00170   -0.00504   -0.00696
 2338    0.00125   -0.00501   -0.00698
 2339    0.00086   -0.00322   -0.00693
 2340    0.00058   -0.00600   -0.00779
 2341    0.00142   -0.00623   -0.00863
 2342    0.00092   -0.00633   -0.00950
 2343    0.00060   -0.00756   -0.00968
 2344   -0.00006   -0.00802   -0.00981
