    1    0.01631    0.02146   -0.02203
    2    0.01503    0.01957   -0.02199
    3    0.01443    0.01716   -0.01775
    4    0.01588    0.01611   -0.01399
    5    0.01586    0.01857   -0.02450
    6    0.01501    0.01807   -0.02597
    7    0.01424    0.01660   -0.02839
    8    0.01324    0.01475   -0.02702
    9    0.01354    0.01562   -0.01775
   10    0.01245    0.01396   -0.01533
   11    0.01165    0.01217   -0.01627
   12    0.01204    0.01198   -0.01844
   13    0.01267    0.01582   -0.01475
   14    0.01334    0.01776   -0.01689
   15    0.01475    0.02088   -0.01593
   16    0.01656    0.02398   -0.01661
   17    0.01432    0.01940   -0.01510
   18    0.01061    0.01054   -0.01467
   19    0.00992    0.00872   -0.01530
   20    0.00962    0.00886   -0.01568
   21    0.00900    0.01043   -0.01580
   22    0.00910    0.00735   -0.01377
   23    0.00986    0.00657   -0.01296
   24    0.00911    0.00561   -0.01141
   25    0.01110    0.00639   -0.01490
   26    0.00834    0.00751   -0.01611
   27    0.00743    0.00780   -0.01612
   28    0.00629    0.00708   -0.01398
   29    0.00568    0.00615   -0.01293
   30    0.00750    0.00643   -0.01734
   31    0.00864    0.00665   -0.01963
   32    0.00800    0.00550   -0.02063
   33    0.00928    0.00555   -0.02307
   34    0.00978    0.00758   -0.02451
   35    0.00567    0.00751   -0.01285
   36    0.00457    0.00625   -0.01045
   37    0.00391    0.00495   -0.01038
   38    0.00424    0.00440   -0.01169
   39    0.00336    0.00637   -0.00943
   40    0.00396    0.00761   -0.01134
   41    0.00638    0.00924   -0.01378
   42    0.00352    0.00388   -0.00856
   43    0.00297    0.00300   -0.00843
   44    0.00183    0.00237   -0.00632
   45    0.00133    0.00248   -0.00450
   46    0.00313    0.00247   -0.00786
   47    0.00268    0.00110   -0.00740
   48    0.00312    0.00022   -0.00935
   49    0.00403    0.00051   -0.01052
   50    0.00180    0.00216   -0.00659
   51    0.00114    0.00157   -0.00479
   52    0.00073    0.00086   -0.00392
   53    0.00097    0.00002   -0.00455
   54    0.00124    0.00080   -0.00527
   55    0.00050    0.00048   -0.00303
   56    0.00094   -0.00043   -0.00295
   57    0.00148    0.00024   -0.00385
   58    0.00025   -0.00061   -0.00197
   59   -0.00001    0.00134   -0.00208
   60   -0.00009    0.00081   -0.00125
   61   -0.00042   -0.00002   -0.00085
   62   -0.00076   -0.00008    0.00046
   63   -0.00049    0.00140    0.00039
   64   -0.00060    0.00086    0.00057
   65   -0.00088    0.00183    0.00155
   66   -0.00078    0.00154    0.00149
   67    0.00004   -0.00111   -0.00215
   68   -0.00017   -0.00215   -0.00201
   69    0.00035   -0.00324   -0.00281
   70    0.00075   -0.00334   -0.00426
   71    0.00024   -0.00244   -0.00297
   72    0.00001   -0.00359   -0.00267
   73    0.00023   -0.00470   -0.00242
   74    0.00037   -0.00391   -0.00309
   75    0.00006   -0.00395   -0.00188
   76    0.00010   -0.00493   -0.00241
   77    0.00079   -0.00612   -0.00419
   78    0.00068   -0.00604   -0.00520
   79    0.00020   -0.00603   -0.00169
   80   -0.00030   -0.00472   -0.00033
   81   -0.00034   -0.00379   -0.00014
   82    0.00090   -0.00682   -0.00451
   83    0.00142   -0.00822   -0.00679
   84    0.00171   -0.00753   -0.00809
   85    0.00166   -0.00780   -0.00930
   86    0.00148   -0.00925   -0.00704
   87    0.00186   -0.01157   -0.00964
   88    0.00123   -0.01179   -0.01059
   89    0.00072   -0.01234   -0.00925
   90    0.00324   -0.01334   -0.01166
   91    0.00199   -0.00624   -0.00809
   92    0.00245   -0.00536   -0.00937
   93    0.00224   -0.00449   -0.00901
   94    0.00256   -0.00432   -0.01021
   95    0.00250   -0.00396   -0.00934
   96    0.00300   -0.00442   -0.01028
   97    0.00313   -0.00312   -0.00916
   98    0.00426   -0.00197   -0.01131
   99    0.00161   -0.00409   -0.00706
  100    0.00137   -0.00347   -0.00642
  101    0.00132   -0.00434   -0.00704
  102    0.00144   -0.00401   -0.00703
  103    0.00098   -0.00281   -0.00463
  104    0.00086   -0.00148   -0.00423
  105    0.00132   -0.00129   -0.00532
  106    0.00026   -0.00134   -0.00282
  107    0.00119   -0.00557   -0.00717
  108    0.00106   -0.00667   -0.00752
  109    0.00132   -0.00694   -0.00908
  110    0.00112   -0.00726   -0.00917
  111    0.00070   -0.00793   -0.00710
  112    0.00051   -0.00749   -0.00572
  113    0.00035   -0.00662   -0.00509
  114    0.00022   -0.00819   -0.00527
  115    0.00190   -0.00693   -0.01021
  116    0.00242   -0.00727   -0.01192
  117    0.00255   -0.00611   -0.01211
  118    0.00268   -0.00638   -0.01283
  119    0.00294   -0.00713   -0.01327
  120    0.00313   -0.00875   -0.01436
  121    0.00284   -0.00957   -0.01370
  122    0.00335   -0.01136   -0.01485
  123    0.00318   -0.01248   -0.01423
  124    0.00266   -0.00476   -0.01120
  125    0.00290   -0.00391   -0.01060
  126    0.00255   -0.00415   -0.00974
  127    0.00287   -0.00378   -0.00997
  128    0.00306   -0.00264   -0.00965
  129    0.00384   -0.00174   -0.00945
  130    0.00332   -0.00220   -0.01043
  131    0.00189   -0.00454   -0.00868
  132    0.00142   -0.00490   -0.00785
  133    0.00122   -0.00587   -0.00879
  134    0.00101   -0.00567   -0.00835
  135    0.00075   -0.00534   -0.00667
  136    0.00072   -0.00452   -0.00544
  137    0.00006   -0.00520   -0.00477
  138    0.00087   -0.00345   -0.00428
  139    0.00118   -0.00688   -0.00992
  140    0.00085   -0.00779   -0.01085
  141    0.00139   -0.00725   -0.01191
  142    0.00106   -0.00738   -0.01178
  143    0.00077   -0.00905   -0.01196
  144    0.00021   -0.00971   -0.01098
  145    0.00071   -0.01029   -0.01120
  146   -0.00071   -0.00990   -0.01003
  147    0.00066   -0.01094   -0.01026
  148   -0.00117   -0.01030   -0.00940
  149   -0.00060   -0.01095   -0.00957
  150   -0.00075   -0.01179   -0.00891
  151    0.00232   -0.00627   -0.01276
  152    0.00307   -0.00540   -0.01360
  153    0.00321   -0.00436   -0.01228
  154    0.00360   -0.00414   -0.01272
  155    0.00388   -0.00457   -0.01456
  156    0.00416   -0.00564   -0.01633
  157    0.00495   -0.00470   -0.01709
  158    0.00531   -0.00580   -0.01842
  159    0.00595   -0.00617   -0.02033
  160    0.00651   -0.00556   -0.02117
  161    0.00636   -0.00760   -0.02159
  162    0.00306   -0.00380   -0.01086
  163    0.00331   -0.00288   -0.00939
  164    0.00239   -0.00343   -0.00851
  165    0.00242   -0.00293   -0.00721
  166    0.00352   -0.00234   -0.00801
  167    0.00430   -0.00161   -0.00854
  168    0.00417   -0.00111   -0.00699
  169    0.00525   -0.00074   -0.00894
  170    0.00152   -0.00475   -0.00903
  171    0.00051   -0.00563   -0.00814
  172   -0.00025   -0.00573   -0.00649
  173   -0.00092   -0.00605   -0.00543
  174    0.00001   -0.00549   -0.00637
  175   -0.00073   -0.00576   -0.00502
  176   -0.00145   -0.00703   -0.00545
  177   -0.00139   -0.00773   -0.00663
  178   -0.00022   -0.00512   -0.00466
  179   -0.00070   -0.00521   -0.00346
  180    0.00057   -0.00376   -0.00418
  181   -0.00216   -0.00743   -0.00437
  182   -0.00294   -0.00856   -0.00462
  183   -0.00326   -0.00869   -0.00350
  184   -0.00281   -0.00769   -0.00260
  185   -0.00374   -0.00941   -0.00448
  186   -0.00389   -0.00964   -0.00374
  187   -0.00400   -0.00961   -0.00287
  188   -0.00420   -0.01022   -0.00329
  189   -0.00409   -0.01043   -0.00448
  190   -0.00412   -0.01036   -0.00262
  191   -0.00431   -0.01097   -0.00293
  192   -0.00358   -0.00983   -0.00265
  193   -0.00342   -0.01003   -0.00255
  194   -0.00491   -0.01188   -0.00201
  195   -0.00557   -0.01326   -0.00226
  196   -0.00702   -0.01441   -0.00089
  197   -0.00735   -0.01440   -0.00033
  198   -0.00875   -0.01631   -0.00061
  199   -0.00303   -0.00867   -0.00232
  200   -0.00224   -0.00745   -0.00183
  201   -0.00192   -0.00751   -0.00270
  202   -0.00170   -0.00751   -0.00348
  203   -0.00203   -0.00614   -0.00118
  204   -0.00267   -0.00630   -0.00029
  205   -0.00327   -0.00698    0.00004
  206   -0.00279   -0.00610    0.00073
  207   -0.00372   -0.00685    0.00130
  208   -0.00336   -0.00636    0.00164
  209   -0.00235   -0.00552    0.00097
  210   -0.00353   -0.00602    0.00255
  211   -0.00239   -0.00518    0.00176
  212   -0.00279   -0.00531    0.00232
  213   -0.00161   -0.00739   -0.00265
  214   -0.00114   -0.00744   -0.00329
  215   -0.00086   -0.00642   -0.00253
  216   -0.00089   -0.00601   -0.00184
  217   -0.00128   -0.00858   -0.00374
  218   -0.00177   -0.00956   -0.00446
  219   -0.00138   -0.00945   -0.00551
  220   -0.00205   -0.00961   -0.00574
  221   -0.00271   -0.01085   -0.00647
  222   -0.00295   -0.01173   -0.00722
  223   -0.00295   -0.01103   -0.00641
  224   -0.00050   -0.00615   -0.00293
  225   -0.00064   -0.00523   -0.00214
  226   -0.00066   -0.00579   -0.00178
  227   -0.00029   -0.00659   -0.00228
  228   -0.00029   -0.00432   -0.00241
  229   -0.00012   -0.00344   -0.00237
  230    0.00008   -0.00359   -0.00324
  231   -0.00022   -0.00243   -0.00149
  232    0.00026   -0.00262   -0.00297
  233    0.00002   -0.00162   -0.00139
  234    0.00028   -0.00174   -0.00189
  235   -0.00065   -0.00519   -0.00057
  236   -0.00065   -0.00531    0.00014
  237   -0.00101   -0.00426    0.00096
  238   -0.00113   -0.00345    0.00104
  239   -0.00099   -0.00584    0.00056
  240   -0.00120   -0.00532    0.00149
  241   -0.00101   -0.00689   -0.00001
  242   -0.00122   -0.00407    0.00155
  243   -0.00145   -0.00297    0.00291
  244   -0.00182   -0.00274    0.00328
  245   -0.00191   -0.00331    0.00334
  246   -0.00154   -0.00277    0.00398
  247   -0.00151   -0.00227    0.00413
  248   -0.00218   -0.00216    0.00482
  249   -0.00155   -0.00198    0.00342
  250   -0.00193   -0.00178    0.00401
  251   -0.00233   -0.00158    0.00446
  252   -0.00336   -0.00080    0.00586
  253   -0.00334   -0.00001    0.00618
  254   -0.00190   -0.00113    0.00425
  255   -0.00197   -0.00113    0.00467
  256   -0.00183   -0.00166    0.00335
  257   -0.00337   -0.00098    0.00625
  258   -0.00401    0.00003    0.00707
  259   -0.00401    0.00043    0.00754
  260   -0.00395    0.00097    0.00798
  261   -0.00401   -0.00017    0.00762
  262   -0.00486   -0.00053    0.00814
  263   -0.00512   -0.00003    0.00849
  264   -0.00459    0.00025    0.00861
  265   -0.00354   -0.00010    0.00713
  266   -0.00332    0.00020    0.00753
  267   -0.00224   -0.00014    0.00642
  268   -0.00190   -0.00057    0.00570
  269   -0.00168    0.00016    0.00633
  270   -0.00085   -0.00010    0.00561
  271   -0.00060   -0.00050    0.00596
  272   -0.00073   -0.00063    0.00555
  273   -0.00091    0.00049    0.00535
  274   -0.00128    0.00147    0.00500
  275   -0.00107    0.00216    0.00467
  276   -0.00127    0.00122    0.00432
  277   -0.00111   -0.00035    0.00690
  278   -0.00084   -0.00091    0.00747
  279   -0.00076   -0.00175    0.00720
  280   -0.00064   -0.00184    0.00679
  281   -0.00087   -0.00069    0.00850
  282   -0.00126    0.00006    0.00889
  283   -0.00131   -0.00027    0.00875
  284   -0.00106   -0.00086    0.00909
  285   -0.00185   -0.00018    0.00826
  286   -0.00044   -0.00217    0.00751
  287   -0.00002   -0.00280    0.00750
  288    0.00050   -0.00323    0.00791
  289    0.00069   -0.00372    0.00730
  290    0.00028   -0.00299    0.00824
  291   -0.00040   -0.00255    0.00778
  292   -0.00109   -0.00193    0.00813
  293   -0.00114   -0.00199    0.00896
  294   -0.00111   -0.00173    0.00708
  295    0.00040   -0.00300    0.00854
  296    0.00075   -0.00335    0.00869
  297    0.00021   -0.00306    0.00809
  298    0.00026   -0.00346    0.00811
  299    0.00089   -0.00312    0.00982
  300    0.00214   -0.00338    0.01102
  301    0.00257   -0.00358    0.01369
  302    0.00153   -0.00292    0.01408
  303    0.00415   -0.00565    0.01703
  304   -0.00078   -0.00261    0.00761
  305   -0.00130   -0.00237    0.00709
  306   -0.00122   -0.00281    0.00633
  307   -0.00136   -0.00302    0.00605
  308   -0.00201   -0.00143    0.00735
  309   -0.00211   -0.00088    0.00791
  310   -0.00047   -0.00287    0.00615
  311   -0.00038   -0.00314    0.00549
  312   -0.00006   -0.00395    0.00553
  313   -0.00024   -0.00432    0.00500
  314   -0.00041   -0.00289    0.00525
  315   -0.00061   -0.00222    0.00503
  316   -0.00082   -0.00204    0.00464
  317   -0.00087   -0.00153    0.00469
  318    0.00049   -0.00421    0.00617
  319    0.00041   -0.00535    0.00647
  320    0.00009   -0.00552    0.00602
  321   -0.00019   -0.00633    0.00618
  322    0.00003   -0.00474    0.00611
  323   -0.00036   -0.00493    0.00612
  324   -0.00048   -0.00529    0.00504
  325   -0.00108   -0.00587    0.00480
  326   -0.00103   -0.00434    0.00624
  327   -0.00170   -0.00374    0.00621
  328   -0.00077   -0.00507    0.00467
  329   -0.00112   -0.00523    0.00381
  330   -0.00123   -0.00608    0.00372
  331   -0.00116   -0.00639    0.00408
  332   -0.00107   -0.00443    0.00358
  333   -0.00100   -0.00446    0.00282
  334   -0.00108   -0.00367    0.00371
  335   -0.00142   -0.00661    0.00280
  336   -0.00157   -0.00751    0.00282
  337   -0.00156   -0.00727    0.00329
  338   -0.00150   -0.00636    0.00291
  339   -0.00192   -0.00790    0.00179
  340   -0.00194   -0.00763    0.00112
  341   -0.00144   -0.00656    0.00203
  342   -0.00152   -0.00787    0.00400
  343   -0.00115   -0.00735    0.00422
  344   -0.00157   -0.00789    0.00395
  345   -0.00272   -0.01009    0.00484
  346   -0.00062   -0.00735    0.00460
  347   -0.00187   -0.00711    0.00373
  348   -0.00148   -0.00549    0.00277
  349   -0.00149   -0.00485    0.00246
  350   -0.00190   -0.00594    0.00253
  351   -0.00177   -0.00521    0.00254
  352   -0.00227   -0.00606    0.00282
  353   -0.00258   -0.00770    0.00370
  354   -0.00134   -0.00393    0.00256
  355   -0.00131   -0.00348    0.00241
  356   -0.00121   -0.00251    0.00223
  357   -0.00132   -0.00213    0.00240
  358   -0.00114   -0.00314    0.00243
  359   -0.00127   -0.00241    0.00206
  360   -0.00121   -0.00125    0.00188
  361   -0.00088   -0.00037    0.00171
  362   -0.00079    0.00041    0.00168
  363   -0.00161   -0.00145    0.00207
  364   -0.00151   -0.00163    0.00135
  365   -0.00075   -0.00069    0.00139
  366   -0.00045    0.00001    0.00118
  367   -0.00043   -0.00033    0.00119
  368   -0.00064   -0.00112    0.00126
  369   -0.00025    0.00045    0.00100
  370   -0.00022    0.00023    0.00118
  371   -0.00028    0.00011    0.00146
  372   -0.00010    0.00072    0.00126
  373    0.00014    0.00121    0.00115
  374   -0.00038    0.00011    0.00177
  375   -0.00079    0.00014    0.00203
  376   -0.00087   -0.00033    0.00232
  377   -0.00075    0.00030    0.00200
  378   -0.00021    0.00090    0.00129
  379    0.00007    0.00135    0.00122
  380   -0.00015    0.00165    0.00171
  381   -0.00039    0.00161    0.00195
  382    0.00025    0.00093    0.00052
  383    0.00061    0.00116    0.00007
  384    0.00100    0.00152    0.00004
  385    0.00069    0.00071   -0.00074
  386   -0.00011    0.00221    0.00161
  387   -0.00033    0.00265    0.00215
  388   -0.00028    0.00299    0.00207
  389   -0.00010    0.00302    0.00174
  390   -0.00010    0.00262    0.00229
  391   -0.00013    0.00281    0.00252
  392   -0.00049    0.00274    0.00319
  393    0.00006    0.00268    0.00214
  394   -0.00041    0.00322    0.00241
  395   -0.00051    0.00375    0.00258
  396   -0.00064    0.00436    0.00343
  397   -0.00065    0.00414    0.00393
  398   -0.00059    0.00353    0.00238
  399   -0.00094    0.00417    0.00233
  400   -0.00073    0.00382    0.00132
  401   -0.00127    0.00455    0.00328
  402   -0.00081    0.00491    0.00357
  403   -0.00102    0.00523    0.00421
  404   -0.00156    0.00567    0.00449
  405   -0.00178    0.00562    0.00396
  406   -0.00069    0.00461    0.00385
  407   -0.00040    0.00425    0.00322
  408   -0.00063    0.00438    0.00345
  409   -0.00031    0.00390    0.00264
  410   -0.00069    0.00362    0.00287
  411   -0.00014    0.00342    0.00231
  412   -0.00033    0.00317    0.00246
  413   -0.00197    0.00616    0.00485
  414   -0.00243    0.00698    0.00531
  415   -0.00291    0.00641    0.00518
  416   -0.00261    0.00594    0.00505
  417   -0.00245    0.00769    0.00594
  418   -0.00220    0.00695    0.00603
  419   -0.00180    0.00618    0.00531
  420   -0.00323    0.00615    0.00522
  421   -0.00358    0.00495    0.00525
  422   -0.00464    0.00540    0.00517
  423   -0.00516    0.00528    0.00488
  424   -0.00348    0.00418    0.00469
  425   -0.00354    0.00235    0.00472
  426   -0.00279    0.00189    0.00426
  427   -0.00344    0.00297    0.00392
  428   -0.00491    0.00572    0.00511
  429   -0.00611    0.00596    0.00578
  430   -0.00691    0.00267    0.00540
  431   -0.00653    0.00078    0.00484
  432   -0.00437    0.00573    0.00556
  433   -0.00279    0.00489    0.00470
  434   -0.00340    0.00787    0.00590
  435   -0.00890    0.00288    0.00608
  436   -0.00980    0.00050    0.00549
  437   -0.00696   -0.00010    0.00417
  438   -0.00767   -0.00292    0.00335
  439   -0.01189    0.00088    0.00661
  440   -0.00422    0.00182    0.00404
  441   -0.00122    0.00109    0.00292
  442   -0.00039    0.00006    0.00184
  443    0.00179   -0.00195   -0.00002
  444    0.00084    0.00329    0.00309
  445    0.00346    0.00221    0.00233
  446    0.00423    0.00059    0.00173
  447    0.00299   -0.00118    0.00079
  448    0.00673    0.00124    0.00223
  449   -0.00117    0.00129    0.00245
  450   -0.00099    0.00062    0.00171
  451   -0.00251   -0.00199    0.00176
  452   -0.00132   -0.00354    0.00039
  453   -0.00120    0.00196    0.00258
  454   -0.00095    0.00148    0.00215
  455   -0.00205    0.00043    0.00270
  456    0.00051    0.00181    0.00097
  457   -0.00113    0.00037    0.00214
  458    0.00032    0.00112    0.00110
  459   -0.00575   -0.00310    0.00321
  460   -0.00820   -0.00695    0.00304
  461   -0.00741   -0.01106    0.00148
  462   -0.00866   -0.01639    0.00125
  463   -0.01184   -0.00792    0.00403
  464   -0.01367   -0.01025    0.00565
  465   -0.01048   -0.00727    0.00649
  466   -0.00966   -0.00828    0.00650
  467   -0.00738   -0.00337    0.00532
  468   -0.00556   -0.00988    0.00041
  469   -0.00323   -0.01468   -0.00167
  470    0.00121   -0.01517   -0.00439
  471    0.00278   -0.02146   -0.00673
  472   -0.00163   -0.01307   -0.00200
  473   -0.00505   -0.01504   -0.00074
  474   -0.00544   -0.02512   -0.00276
  475   -0.00866   -0.01207    0.00160
  476    0.00331   -0.00944   -0.00476
  477    0.00734   -0.00916   -0.00843
  478    0.00570   -0.01170   -0.00845
  479    0.00921   -0.01499   -0.01296
  480    0.00716   -0.00479   -0.00577
  481    0.00896   -0.00386   -0.00737
  482    0.01406   -0.00504   -0.00820
  483    0.00703   -0.00196   -0.00670
  484    0.01486   -0.00467   -0.01055
  485    0.00773   -0.00103   -0.00833
  486    0.01117   -0.00116   -0.01071
  487    0.00129   -0.01150   -0.00404
  488   -0.00048   -0.01409   -0.00283
  489   -0.00065   -0.02329   -0.00422
  490    0.00081   -0.02680   -0.00565
  491   -0.00362   -0.01187    0.00056
  492   -0.00209   -0.00654    0.00133
  493    0.00033   -0.00470   -0.00061
  494    0.00055   -0.00233    0.00004
  495    0.00173   -0.00039   -0.00123
  496    0.00323   -0.00035   -0.00369
  497    0.00134    0.00054   -0.00030
  498   -0.00229   -0.02868   -0.00327
  499   -0.00231   -0.04239   -0.00175
  500    0.00365   -0.04652   -0.00835
  501    0.00459   -0.05562   -0.00952
  502   -0.00361   -0.04664   -0.00101
  503   -0.01055   -0.04275    0.00280
  504   -0.01458   -0.05045    0.00522
  505   -0.02195   -0.04288    0.00281
  506   -0.02434   -0.04721    0.00583
  507    0.00875   -0.04134   -0.01340
  508    0.01551   -0.04488   -0.02128
  509    0.01808   -0.04072   -0.02484
  510    0.02293   -0.04771   -0.03082
  511    0.02138   -0.04157   -0.02734
  512    0.02449   -0.05125   -0.03050
  513    0.03148   -0.06778   -0.04178
  514    0.05005   -0.09808   -0.06401
  515    0.06978   -0.11445   -0.10191
  516    0.01539   -0.03049   -0.02187
  517    0.01627   -0.02502   -0.02414
  518    0.01383   -0.03073   -0.02081
  519    0.01695   -0.03135   -0.02519
  520    0.01298   -0.01521   -0.01756
  521    0.01441   -0.00956   -0.01918
  522    0.01095   -0.00238   -0.01492
  523    0.00725   -0.00322   -0.00985
  524    0.01053    0.00105   -0.01548
  525    0.00743   -0.03330   -0.01404
  526    0.00494   -0.03961   -0.01124
  527    0.00978   -0.05322   -0.01622
  528    0.01222   -0.05482   -0.01659
  529   -0.00044   -0.04343   -0.00691
  530   -0.00336   -0.03328   -0.00004
  531   -0.00184   -0.05247   -0.00598
  532   -0.00634   -0.03396    0.00256
  533    0.01247   -0.06315   -0.01913
  534    0.01828   -0.08152   -0.02462
  535    0.02892   -0.07841   -0.03541
  536    0.03709   -0.08961   -0.04346
  537    0.01718   -0.09618   -0.02245
  538    0.01390   -0.10258   -0.01365
  539    0.00320   -0.08729   -0.00728
  540   -0.00074   -0.08756   -0.00426
  541   -0.00051   -0.07983   -0.00549
  542    0.03029   -0.06414   -0.03691
  543    0.04161   -0.06019   -0.05089
  544    0.04040   -0.05464   -0.05089
  545    0.05124   -0.05708   -0.06730
  546    0.04228   -0.04841   -0.05469
  547    0.05600   -0.04609   -0.07200
  548    0.05007   -0.03440   -0.06659
  549    0.03942   -0.02669   -0.05243
  550    0.07019   -0.02882   -0.09076
  551    0.02897   -0.04641   -0.03822
  552    0.02301   -0.03969   -0.03121
  553    0.02271   -0.05086   -0.02721
  554    0.01668   -0.04320   -0.01672
  555    0.01442   -0.02608   -0.02240
  556    0.01224   -0.01436   -0.02199
  557    0.01858   -0.01683   -0.02885
  558    0.00661   -0.00878   -0.01423
  559    0.03187   -0.06759   -0.03517
  560    0.03302   -0.08721   -0.02700
  561    0.02863   -0.08300   -0.01865
  562    0.02124   -0.08341   -0.00533
  563    0.04678   -0.10842   -0.04106
  564    0.05165   -0.11285   -0.04687
  565    0.07004   -0.12869   -0.07076
  566    0.09807   -0.21310   -0.09881
  567    0.14689   -0.33009   -0.23832
  568    0.03283   -0.07345   -0.02709
  569    0.02721   -0.06514   -0.01904
  570    0.01922   -0.04268   -0.02438
  571    0.02615   -0.05451   -0.03181
  572    0.01392   -0.03025   -0.01888
  573    0.00863   -0.01981   -0.02124
  574    0.00333   -0.01197   -0.01349
  575    0.00425   -0.01409   -0.00623
  576    0.00611   -0.01311   -0.01836
  577    0.00413   -0.01127   -0.01000
  578    0.00186   -0.00603   -0.00887
  579    0.00180   -0.00286   -0.01262
  580    0.00140   -0.00841   -0.00486
  581   -0.00035   -0.00554   -0.01462
  582   -0.00178   -0.00061   -0.00993
  583   -0.00095    0.00167   -0.00686
  584   -0.00134    0.00283   -0.00856
  585   -0.00342    0.00142   -0.01313
  586   -0.00320    0.00467   -0.01006
  587   -0.00270    0.00583   -0.00596
  588   -0.00165    0.00507   -0.00404
  589   -0.00228    0.00733   -0.00424
  590   -0.00013    0.00095   -0.00250
  591   -0.00006    0.00204   -0.00109
  592   -0.00010    0.00415   -0.00006
  593    0.00037    0.00387    0.00133
  594    0.00055   -0.00026    0.00102
  595    0.00092    0.00280    0.00203
  596    0.00053   -0.00239    0.00053
  597   -0.00041    0.00599   -0.00071
  598   -0.00027    0.00765    0.00019
  599    0.00056    0.00800    0.00237
  600    0.00091    0.00768    0.00304
  601   -0.00071    0.00874   -0.00073
  602   -0.00067    0.01027   -0.00028
  603    0.00072    0.00901    0.00298
  604    0.00169    0.00997    0.00530
  605    0.00155    0.01061    0.00560
  606    0.00184    0.01167    0.00832
  607    0.00183    0.01086    0.00574
  608    0.00058    0.01173    0.00390
  609    0.00009    0.01014    0.00240
  610    0.00086    0.01077    0.00426
  611    0.00051    0.01108    0.00483
  612    0.00070    0.00961    0.00511
  613    0.00058    0.00963    0.00619
  614   -0.00032    0.01149    0.00356
  615   -0.00019    0.01282    0.00427
  616    0.00040    0.01547    0.00305
  617   -0.00187    0.01413    0.00286
  618   -0.00097    0.01721    0.00062
  619    0.00097    0.00864    0.00464
  620    0.00139    0.00756    0.00479
  621    0.00182    0.00779    0.00634
  622    0.00193    0.00845    0.00759
  623    0.00110    0.00663    0.00333
  624    0.00131    0.00581    0.00346
  625    0.00042    0.00651    0.00153
  626    0.00198    0.00760    0.00634
  627    0.00256    0.00761    0.00703
  628    0.00309    0.00654    0.00609
  629    0.00270    0.00580    0.00524
  630    0.00287    0.00722    0.00674
  631    0.00366    0.00705    0.00680
  632    0.00437    0.00617    0.00594
  633    0.00389    0.00766    0.00783
  634    0.00546    0.00605    0.00558
  635    0.00520    0.00760    0.00756
  636    0.00608    0.00684    0.00634
  637    0.00737    0.00699    0.00575
  638    0.00367    0.00669    0.00665
  639    0.00405    0.00555    0.00634
  640    0.00556    0.00547    0.00696
  641    0.00636    0.00652    0.00774
  642    0.00313    0.00472    0.00657
  643    0.00291    0.00301    0.00634
  644    0.00274    0.00243    0.00559
  645    0.00331    0.00227    0.00730
  646    0.00246    0.00113    0.00567
  647    0.00320    0.00019    0.00721
  648    0.00287   -0.00032    0.00677
  649    0.00638    0.00473    0.00616
  650    0.00822    0.00519    0.00593
  651    0.00825    0.00364    0.00588
  652    0.00714    0.00310    0.00501
  653    0.00884    0.00584    0.00515
  654    0.00775    0.00473    0.00394
  655    0.00794    0.00445    0.00298
  656    0.01013    0.00550    0.00233
  657    0.00962    0.00419    0.00598
  658    0.00977    0.00305    0.00660
  659    0.01083    0.00430    0.00463
  660    0.01160    0.00532    0.00332
  661    0.01063    0.00275    0.00711
  662    0.00911    0.00146    0.00692
  663    0.01028    0.00050    0.00645
  664    0.00827   -0.00237    0.00622
  665    0.00818   -0.00476    0.00539
  666    0.00981    0.00374    0.00390
  667    0.01032    0.00440    0.00211
  668    0.01220    0.00514    0.00113
  669    0.01200    0.00533    0.00087
  670    0.00886    0.00406    0.00164
  671    0.00937    0.00472    0.00026
  672    0.00727    0.00499    0.00003
  673    0.00565    0.00455    0.00063
  674    0.00833    0.00642   -0.00091
  675    0.01351    0.00651    0.00016
  676    0.01549    0.00796   -0.00123
  677    0.01602    0.00959   -0.00314
  678    0.01722    0.01121   -0.00402
  679    0.01734    0.00918   -0.00139
  680    0.01660    0.00883   -0.00110
  681    0.01744    0.00886    0.00115
  682    0.01473    0.00873   -0.00384
  683    0.01415    0.01008   -0.00567
  684    0.01398    0.00990   -0.00588
  685    0.01296    0.00826   -0.00484
  686    0.01346    0.00849   -0.00672
  687    0.01460    0.00887   -0.00649
  688    0.01308    0.00900   -0.00921
  689    0.01429    0.00781   -0.00805
  690    0.01392    0.01282   -0.00799
  691    0.01281    0.01237   -0.00763
  692    0.01110    0.01160   -0.00860
  693    0.01061    0.01100   -0.01005
  694    0.00922    0.01029   -0.00786
  695    0.00817    0.00947   -0.00839
  696    0.00783    0.00830   -0.00814
  697    0.00686    0.00739   -0.00892
  698    0.00796    0.01060   -0.01071
  699    0.00774    0.01193   -0.01035
  700    0.00577    0.01109   -0.00855
  701    0.00892    0.01320   -0.01236
  702    0.00841    0.00719   -0.00610
  703    0.00774    0.00658   -0.00638
  704    0.00653    0.00510   -0.00371
  705    0.00611    0.00479   -0.00392
  706    0.00927    0.00657   -0.00600
  707    0.00994    0.00580   -0.00374
  708    0.00588    0.00505   -0.00244
  709    0.00440    0.00424   -0.00116
  710    0.00356    0.00366   -0.00134
  711    0.00328    0.00315   -0.00062
  712    0.00286    0.00438   -0.00026
  713    0.00267    0.00512   -0.00120
  714    0.00341    0.00365   -0.00287
  715    0.00319    0.00276   -0.00326
  716    0.00363    0.00219   -0.00348
  717    0.00311    0.00178   -0.00305
  718    0.00443    0.00271   -0.00441
  719    0.00481    0.00245   -0.00466
  720    0.00457    0.00280   -0.00269
  721    0.00454    0.00243   -0.00253
  722    0.00588    0.00255   -0.00617
  723    0.00566    0.00181   -0.00783
  724    0.00659    0.00235   -0.00621
  725    0.00486    0.00346   -0.00193
  726    0.00483    0.00329   -0.00008
  727    0.00365    0.00287    0.00043
  728    0.00354    0.00290    0.00111
  729    0.00529    0.00327    0.00050
  730    0.00730    0.00360   -0.00013
  731    0.00540    0.00324    0.00163
  732    0.00811    0.00407   -0.00010
  733    0.00328    0.00264   -0.00003
  734    0.00236    0.00242    0.00031
  735    0.00225    0.00206   -0.00017
  736    0.00205    0.00194    0.00023
  737    0.00264    0.00174   -0.00125
  738    0.00238    0.00113   -0.00145
  739    0.00258    0.00143   -0.00084
  740    0.00203    0.00114   -0.00034
  741    0.00260    0.00040   -0.00290
  742    0.00224   -0.00042   -0.00355
  743    0.00185    0.00017   -0.00349
  744    0.00230   -0.00123   -0.00501
  745    0.00345    0.00195   -0.00092
  746    0.00349    0.00224    0.00020
  747    0.00286    0.00267    0.00142
  748    0.00238    0.00274    0.00191
  749    0.00456    0.00285    0.00016
  750    0.00519    0.00263   -0.00139
  751    0.00473    0.00358    0.00148
  752    0.00636    0.00333   -0.00157
  753    0.00276    0.00280    0.00184
  754    0.00226    0.00317    0.00239
  755    0.00152    0.00273    0.00204
  756    0.00125    0.00312    0.00256
  757    0.00227    0.00328    0.00243
  758    0.00301    0.00362    0.00293
  759    0.00313    0.00340    0.00277
  760    0.00366    0.00406    0.00375
  761    0.00393    0.00331    0.00373
  762    0.00433    0.00379    0.00411
  763    0.00137    0.00211    0.00128
  764    0.00087    0.00166    0.00111
  765    0.00062    0.00135    0.00133
  766    0.00019    0.00136    0.00163
  767    0.00085    0.00094    0.00039
  768    0.00086    0.00118    0.00119
  769    0.00053    0.00075    0.00119
  770    0.00030    0.00148    0.00224
  771   -0.00042    0.00114    0.00284
  772    0.00095    0.00026    0.00034
  773    0.00060   -0.00013    0.00047
  774    0.00093   -0.00083   -0.00087
  775    0.00101    0.00237    0.00264
  776    0.00104    0.00327    0.00372
  777    0.00060    0.00399    0.00408
  778    0.00052    0.00492    0.00482
  779    0.00191    0.00425    0.00418
  780    0.00064    0.00384    0.00373
  781    0.00059    0.00402    0.00406
  782    0.00006    0.00330    0.00380
  783   -0.00008    0.00338    0.00382
  784    0.00054    0.00441    0.00365
  785    0.00098    0.00524    0.00426
  786    0.00123    0.00624    0.00494
  787    0.00128    0.00482    0.00395
  788   -0.00049    0.00247    0.00355
  789   -0.00076    0.00161    0.00308
  790   -0.00148    0.00007    0.00346
  791   -0.00202   -0.00112    0.00328
  792   -0.00088    0.00079    0.00255
  793   -0.00064    0.00121    0.00249
  794   -0.00088    0.00099    0.00274
  795   -0.00032    0.00128    0.00204
  796   -0.00156    0.00061    0.00410
  797   -0.00227   -0.00023    0.00460
  798   -0.00282   -0.00100    0.00518
  799   -0.00337   -0.00169    0.00504
  800   -0.00193    0.00081    0.00528
  801   -0.00131    0.00138    0.00460
  802   -0.00067    0.00253    0.00557
  803   -0.00109    0.00196    0.00666
  804   -0.00021    0.00389    0.00608
  805   -0.00283   -0.00088    0.00580
  806   -0.00384   -0.00099    0.00636
  807   -0.00404   -0.00217    0.00539
  808   -0.00490   -0.00271    0.00539
  809   -0.00441   -0.00025    0.00744
  810   -0.00329    0.00029    0.00514
  811   -0.00406   -0.00023    0.00507
  812   -0.00254    0.00123    0.00419
  813   -0.00365   -0.00218    0.00436
  814   -0.00381   -0.00380    0.00356
  815   -0.00345   -0.00452    0.00248
  816   -0.00387   -0.00580    0.00188
  817   -0.00316   -0.00315    0.00326
  818   -0.00323   -0.00237    0.00381
  819   -0.00271   -0.00181    0.00309
  820   -0.00264   -0.00096    0.00253
  821   -0.00205    0.00018    0.00284
  822   -0.00283   -0.00401    0.00239
  823   -0.00238   -0.00448    0.00105
  824   -0.00263   -0.00463    0.00127
  825   -0.00289   -0.00386    0.00215
  826   -0.00167   -0.00365    0.00078
  827   -0.00141   -0.00385   -0.00003
  828   -0.00164   -0.00324    0.00082
  829   -0.00077   -0.00333   -0.00059
  830   -0.00272   -0.00573    0.00033
  831   -0.00331   -0.00606    0.00025
  832   -0.00277   -0.00601   -0.00072
  833   -0.00207   -0.00577   -0.00135
  834   -0.00308   -0.00681   -0.00052
  835   -0.00269   -0.00686   -0.00137
  836   -0.00347   -0.00821   -0.00236
  837   -0.00452   -0.00927   -0.00167
  838   -0.00168   -0.00534   -0.00086
  839   -0.00102   -0.00385   -0.00016
  840   -0.00021   -0.00319   -0.00133
  841   -0.00131   -0.00313    0.00140
  842    0.00035   -0.00200   -0.00069
  843   -0.00108   -0.00175    0.00177
  844   -0.00020   -0.00130    0.00077
  845   -0.00299   -0.00813   -0.00408
  846   -0.00374   -0.00916   -0.00540
  847   -0.00331   -0.00862   -0.00519
  848   -0.00229   -0.00730   -0.00427
  849   -0.00360   -0.00945   -0.00738
  850   -0.00216   -0.00823   -0.00831
  851   -0.00197   -0.00898   -0.01041
  852   -0.00296   -0.01029   -0.01107
  853   -0.00079   -0.00826   -0.01137
  854   -0.00426   -0.01001   -0.00611
  855   -0.00382   -0.00975   -0.00638
  856   -0.00258   -0.00854   -0.00768
  857   -0.00268   -0.00909   -0.00993
  858   -0.00560   -0.01233   -0.00723
  859   -0.00676   -0.01394   -0.00502
  860   -0.00650   -0.01324   -0.00282
  861   -0.00921   -0.01990   -0.00622
  862   -0.00129   -0.00686   -0.00669
  863    0.00017   -0.00572   -0.00809
  864    0.00117   -0.00470   -0.00822
  865    0.00231   -0.00407   -0.00963
  866    0.00070   -0.00451   -0.00663
  867    0.00144   -0.00380   -0.00649
  868    0.00292   -0.00222   -0.00613
  869    0.00315   -0.00143   -0.00461
  870    0.00065   -0.00411   -0.00485
  871    0.00126   -0.00332   -0.00466
  872    0.00380   -0.00177   -0.00749
  873    0.00520   -0.00045   -0.00737
  874    0.00538    0.00025   -0.00549
  875    0.00628    0.00139   -0.00454
  876    0.00594   -0.00026   -0.00911
  877    0.00707    0.00087   -0.00888
  878    0.00571   -0.00123   -0.01082
  879    0.00450   -0.00033   -0.00508
  880    0.00440    0.00044   -0.00348
  881    0.00384    0.00087   -0.00159
  882    0.00428    0.00201   -0.00020
  883    0.00361   -0.00016   -0.00374
  884    0.00341    0.00050   -0.00219
  885    0.00448    0.00170   -0.00193
  886    0.00290   -0.00016   -0.00284
  887    0.00283   -0.00019   -0.00152
  888    0.00208    0.00005    0.00026
  889    0.00320    0.00139    0.00115
  890    0.00315    0.00243    0.00313
  891    0.00112   -0.00161    0.00007
  892    0.00017   -0.00160    0.00205
  893   -0.00047   -0.00280    0.00184
  894   -0.00176   -0.00504    0.00148
  895   -0.00287   -0.00627    0.00146
  896    0.00415    0.00135   -0.00032
  897    0.00543    0.00263    0.00018
  898    0.00672    0.00415    0.00086
  899    0.00726    0.00567    0.00249
  900    0.00621    0.00245   -0.00203
  901    0.00791    0.00403   -0.00169
  902    0.00754    0.00437   -0.00040
  903    0.00675    0.00479    0.00165
  904    0.00831    0.00455   -0.00119
  905    0.00687    0.00382   -0.00001
  906    0.00782    0.00491    0.00070
  907    0.00728    0.00564    0.00291
  908    0.00810    0.00701    0.00418
  909    0.00805    0.00407   -0.00053
  910    0.00875    0.00510    0.00021
  911    0.01027    0.00580    0.00023
  912    0.00802    0.00509    0.00088
  913    0.01112    0.00651    0.00078
  914    0.00857    0.00561    0.00170
  915    0.01025    0.00624    0.00165
  916    0.00569    0.00481    0.00299
  917    0.00482    0.00526    0.00473
  918    0.00474    0.00622    0.00672
  919    0.00453    0.00731    0.00827
  920    0.00306    0.00401    0.00455
  921    0.00310    0.00341    0.00312
  922    0.00173    0.00243    0.00260
  923    0.00395    0.00415    0.00349
  924    0.00467    0.00586    0.00622
  925    0.00437    0.00679    0.00795
  926    0.00608    0.00884    0.00873
  927    0.00594    0.01034    0.01068
  928    0.00376    0.00579    0.00724
  929    0.00339    0.00696    0.00895
  930    0.00773    0.00891    0.00725
  931    0.00975    0.01075    0.00766
  932    0.01043    0.01167    0.00873
  933    0.01181    0.01337    0.00970
  934    0.01108    0.01013    0.00562
  935    0.01084    0.00962    0.00476
  936    0.01167    0.00892    0.00229
  937    0.01175    0.00847    0.00107
  938    0.01219    0.00885    0.00146
  939    0.00944    0.01057    0.00831
  940    0.00968    0.01101    0.00896
  941    0.00814    0.01134    0.01042
  942    0.00801    0.01146    0.01068
  943    0.01001    0.00960    0.00726
  944    0.00837    0.00822    0.00636
  945    0.01125    0.00937    0.00583
  946    0.00656    0.01118    0.01114
  947    0.00465    0.01155    0.01257
  948    0.00466    0.01340    0.01435
  949    0.00384    0.01295    0.01450
  950    0.00305    0.01136    0.01352
  951    0.00139    0.01101    0.01370
  952    0.00018    0.00953    0.01445
  953   -0.00026    0.01041    0.01624
  954   -0.00036    0.00773    0.01321
  955    0.00576    0.01540    0.01528
  956    0.00567    0.01808    0.01686
  957    0.00787    0.01723    0.01581
  958    0.00791    0.01916    0.01696
  959    0.00608    0.02132    0.01906
  960    0.00916    0.02064    0.01790
  961    0.01050    0.02446    0.02128
  962    0.01344    0.03065    0.02370
  963    0.01069    0.03637    0.02722
  964    0.00935    0.01543    0.01401
  965    0.01113    0.01578    0.01350
  966    0.01059    0.01467    0.01300
  967    0.00878    0.01347    0.01252
  968    0.01233    0.01423    0.01184
  969    0.01363    0.01522    0.01189
  970    0.01482    0.01378    0.00978
  971    0.01589    0.01533    0.00999
  972    0.01193    0.01550    0.01323
  973    0.01126    0.01491    0.01264
  974    0.01149    0.01279    0.01087
  975    0.01256    0.01231    0.01032
  976    0.01250    0.01660    0.01363
  977    0.01491    0.01602    0.01308
  978    0.01065    0.01121    0.01000
  979    0.01077    0.00883    0.00900
  980    0.01247    0.00930    0.00864
  981    0.01268    0.00893    0.00718
  982    0.00911    0.00727    0.00867
  983    0.00821    0.00810    0.00921
  984    0.00922    0.01096    0.01008
  985    0.01438    0.01073    0.00950
  986    0.01593    0.01071    0.00879
  987    0.01712    0.01145    0.00849
  988    0.01782    0.01118    0.00702
  989    0.01833    0.01206    0.00981
  990    0.01832    0.01015    0.00943
  991    0.01630    0.01017    0.01015
  992    0.01418    0.00509    0.00795
  993    0.01463    0.01152    0.01077
  994    0.01688    0.01251    0.00971
  995    0.01726    0.01284    0.00946
  996    0.01607    0.01145    0.00824
  997    0.01637    0.01136    0.00719
  998    0.01705    0.01417    0.01115
  999    0.01856    0.01565    0.01262
 1000    0.02073    0.01577    0.01285
 1001    0.01808    0.01693    0.01478
 1002    0.01469    0.01058    0.00791
 1003    0.01358    0.00938    0.00663
 1004    0.01400    0.00875    0.00492
 1005    0.01380    0.00830    0.00351
 1006    0.01170    0.00878    0.00692
 1007    0.01081    0.00964    0.00799
 1008    0.00884    0.00941    0.00842
 1009    0.00775    0.01008    0.00946
 1010    0.00626    0.00991    0.00995
 1011    0.00561    0.00926    0.00935
 1012    0.00544    0.01069    0.01115
 1013    0.01468    0.00865    0.00487
 1014    0.01509    0.00865    0.00316
 1015    0.01657    0.00947    0.00182
 1016    0.01636    0.00930   -0.00003
 1017    0.01572    0.00838    0.00323
 1018    0.01758    0.01042    0.00318
 1019    0.01875    0.01146    0.00249
 1020    0.01783    0.01101    0.00182
 1021    0.01830    0.01093    0.00029
 1022    0.02040    0.01267    0.00463
 1023    0.02177    0.01327    0.00503
 1024    0.02312    0.01454    0.00724
 1025    0.02571    0.01565    0.00765
 1026    0.02637    0.01482    0.00905
 1027    0.01641    0.01039    0.00284
 1028    0.01537    0.00980    0.00217
 1029    0.01460    0.00860    0.00014
 1030    0.01418    0.00827   -0.00118
 1031    0.01421    0.00946    0.00327
 1032    0.01477    0.01095    0.00541
 1033    0.01429    0.00813   -0.00017
 1034    0.01343    0.00727   -0.00194
 1035    0.01428    0.00811   -0.00416
 1036    0.01399    0.00747   -0.00579
 1037    0.01250    0.00681   -0.00122
 1038    0.01162    0.00605   -0.00261
 1039    0.01031    0.00531   -0.00291
 1040    0.01166    0.00622   -0.00391
 1041    0.00923    0.00491   -0.00437
 1042    0.01106    0.00598   -0.00516
 1043    0.00975    0.00519   -0.00532
 1044    0.01593    0.00910   -0.00371
 1045    0.01695    0.00995   -0.00530
 1046    0.01758    0.00963   -0.00632
 1047    0.01778    0.00987   -0.00831
 1048    0.01910    0.01111   -0.00463
 1049    0.01894    0.01084   -0.00404
 1050    0.02057    0.01228   -0.00287
 1051    0.02015    0.01197   -0.00148
 1052    0.02185    0.01357   -0.00349
 1053    0.01683    0.00945   -0.00508
 1054    0.01705    0.00945   -0.00541
 1055    0.01516    0.00803   -0.00621
 1056    0.01476    0.00762   -0.00696
 1057    0.01732    0.01000   -0.00334
 1058    0.01945    0.01129   -0.00228
 1059    0.02010    0.01228    0.00045
 1060    0.02287    0.01385    0.00246
 1061    0.02354    0.01508    0.00533
 1062    0.01413    0.00734   -0.00622
 1063    0.01244    0.00611   -0.00712
 1064    0.01211    0.00561   -0.00961
 1065    0.01172    0.00541   -0.00989
 1066    0.01169    0.00548   -0.00553
 1067    0.01052    0.00448   -0.00584
 1068    0.00985    0.00362   -0.00749
 1069    0.01035    0.00466   -0.00452
 1070    0.01230    0.00531   -0.01121
 1071    0.01224    0.00500   -0.01344
 1072    0.01058    0.00378   -0.01411
 1073    0.01041    0.00373   -0.01564
 1074    0.01302    0.00566   -0.01522
 1075    0.01505    0.00689   -0.01428
 1076    0.01674    0.00811   -0.01548
 1077    0.01678    0.00822   -0.01476
 1078    0.01860    0.00895   -0.01741
 1079    0.00970    0.00311   -0.01309
 1080    0.00866    0.00222   -0.01372
 1081    0.00821    0.00181   -0.01313
 1082    0.00786    0.00100   -0.01425
 1083    0.00802    0.00161   -0.01267
 1084    0.00838    0.00221   -0.01108
 1085    0.00797    0.00213   -0.01058
 1086    0.00853    0.00245   -0.01178
 1087    0.00791    0.00167   -0.01217
 1088    0.00812    0.00264   -0.00829
 1089    0.00778    0.00198   -0.00698
 1090    0.00782    0.00264   -0.00762
 1091    0.00791    0.00292   -0.00499
 1092    0.00937    0.00337   -0.01237
 1093    0.01010    0.00380   -0.01369
 1094    0.00960    0.00339   -0.01588
 1095    0.00945    0.00349   -0.01640
 1096    0.01139    0.00537   -0.01390
 1097    0.01178    0.00604   -0.01219
 1098    0.01322    0.00725   -0.01240
 1099    0.01371    0.00782   -0.01444
 1100    0.01428    0.00783   -0.01038
 1101    0.00963    0.00286   -0.01691
 1102    0.00943    0.00219   -0.01869
 1103    0.00831    0.00098   -0.01803
 1104    0.00791    0.00039   -0.01929
 1105    0.00937    0.00166   -0.01957
 1106    0.00770    0.00058   -0.01650
 1107    0.00677   -0.00065   -0.01590
 1108    0.00663   -0.00049   -0.01546
 1109    0.00617   -0.00113   -0.01577
 1110    0.00620   -0.00091   -0.01429
 1111    0.00691    0.00043   -0.01465
 1112    0.00665    0.00068   -0.01385
 1113    0.00705    0.00112   -0.01547
 1114    0.00655    0.00095   -0.01522
 1115    0.00714    0.00192   -0.01277
 1116    0.00671    0.00270   -0.01199
 1117    0.00591    0.00282   -0.01020
 1118    0.00714    0.00352   -0.01307
 1119    0.00556    0.00368   -0.01002
 1120    0.00638    0.00427   -0.01167
 1121    0.00792    0.00190   -0.01703
 1122    0.00827    0.00245   -0.01848
 1123    0.00784    0.00086   -0.01967
 1124    0.00783    0.00062   -0.02023
 1125    0.00924    0.00382   -0.01970
 1126    0.00938    0.00496   -0.01880
 1127    0.01038    0.00658   -0.02006
 1128    0.00888    0.00496   -0.01718
 1129    0.00757   -0.00028   -0.01984
 1130    0.00732   -0.00162   -0.02098
 1131    0.00681   -0.00232   -0.01985
 1132    0.00691   -0.00311   -0.02079
 1133    0.00707   -0.00247   -0.02092
 1134    0.00638   -0.00229   -0.01793
 1135    0.00586   -0.00296   -0.01667
 1136    0.00586   -0.00214   -0.01623
 1137    0.00556   -0.00253   -0.01603
 1138    0.00522   -0.00299   -0.01492
 1139    0.00430   -0.00336   -0.01360
 1140    0.00496   -0.00384   -0.01532
 1141    0.00609   -0.00055   -0.01603
 1142    0.00566    0.00063   -0.01531
 1143    0.00573    0.00067   -0.01629
 1144    0.00530    0.00087   -0.01522
 1145    0.00597    0.00220   -0.01518
 1146    0.00620    0.00024   -0.01829
 1147    0.00639    0.00023   -0.01954
 1148    0.00667   -0.00161   -0.01935
 1149    0.00691   -0.00161   -0.01934
 1150    0.00696    0.00135   -0.02214
 1151    0.00765   -0.00023   -0.02466
 1152    0.00758   -0.00207   -0.02416
 1153    0.00744   -0.00414   -0.02377
 1154    0.00787   -0.00138   -0.02425
 1155    0.00666   -0.00315   -0.01922
 1156    0.00688   -0.00500   -0.01858
 1157    0.00650   -0.00522   -0.01630
 1158    0.00674   -0.00701   -0.01574
 1159    0.00655   -0.00621   -0.01799
 1160    0.00675   -0.00817   -0.01871
 1161    0.00636   -0.00935   -0.01708
 1162    0.00611   -0.00913   -0.01491
 1163    0.00692   -0.01163   -0.01731
 1164    0.00578   -0.00370   -0.01427
 1165    0.00493   -0.00265   -0.01129
 1166    0.00491   -0.00216   -0.01095
 1167    0.00521   -0.00296   -0.01003
 1168    0.00452   -0.00059   -0.01168
 1169    0.00391    0.00023   -0.01105
 1170    0.00382    0.00191   -0.01239
 1171    0.00454    0.00276   -0.01426
 1172    0.00287    0.00137   -0.00695
 1173    0.00169    0.00194   -0.00518
 1174    0.00180    0.00329   -0.00703
 1175    0.00133    0.00485   -0.00737
 1176    0.00256    0.00241   -0.00815
 1177    0.00332    0.00241   -0.01171
 1178    0.00177    0.00495   -0.01212
 1179   -0.00036    0.00598   -0.00794
 1180   -0.00016    0.00598   -0.00685
 1181    0.00366    0.00442   -0.01577
 1182    0.00723    0.00453   -0.02215
 1183   -0.00164    0.00738   -0.00655
 1184   -0.00204    0.00794   -0.00386
 1185   -0.00354    0.00982   -0.00388
 1186   -0.00460    0.01118   -0.00611
 1187   -0.00199    0.00726   -0.00281
 1188   -0.00096    0.00539   -0.00102
 1189   -0.00120    0.00529    0.00089
 1190   -0.00046    0.00375    0.00221
 1191   -0.00050    0.00319    0.00136
 1192   -0.00031    0.00352   -0.00052
 1193   -0.00025    0.00194    0.00207
 1194   -0.00407    0.01025   -0.00132
 1195   -0.00567    0.01184   -0.00093
 1196   -0.00642    0.01300   -0.00039
 1197   -0.00803    0.01522    0.00062
 1198   -0.00646    0.01126    0.00186
 1199   -0.00640    0.00984    0.00436
 1200   -0.00852    0.01401    0.00219
 1201   -0.00556    0.01193   -0.00114
 1202   -0.00506    0.01127   -0.00080
 1203   -0.00685    0.01334   -0.00095
 1204   -0.00812    0.01499    0.00053
 1205   -0.00364    0.00936   -0.00258
 1206   -0.00367    0.00881   -0.00193
 1207   -0.00422    0.00966   -0.00018
 1208   -0.00320    0.00804   -0.00392
 1209   -0.00862    0.01413   -0.00355
 1210   -0.01223    0.01705   -0.00495
 1211   -0.01195    0.01684   -0.00449
 1212   -0.01045    0.01438   -0.00565
 1213   -0.01518    0.02202   -0.00303
 1214   -0.02205    0.02830   -0.00598
 1215   -0.02561    0.03424   -0.00283
 1216   -0.02438    0.02802   -0.01137
 1217   -0.01312    0.01967   -0.00273
 1218   -0.01242    0.01967   -0.00218
 1219   -0.00941    0.01586   -0.00116
 1220   -0.00843    0.01281   -0.00173
 1221   -0.01222    0.02284    0.00083
 1222   -0.01112    0.02250    0.00173
 1223   -0.00947    0.02012    0.00321
 1224   -0.01026    0.02626    0.00747
 1225   -0.00701    0.02137    0.00434
 1226   -0.00755    0.01497    0.00085
 1227   -0.00622    0.01250    0.00222
 1228   -0.00565    0.01024    0.00101
 1229   -0.00507    0.00949    0.00019
 1230   -0.00499    0.01186    0.00386
 1231   -0.00464    0.01140    0.00514
 1232   -0.00557    0.01379    0.00451
 1233   -0.00600    0.00985    0.00095
 1234   -0.00540    0.00851    0.00032
 1235   -0.00446    0.00730    0.00194
 1236   -0.00425    0.00708    0.00335
 1237   -0.00652    0.00808    0.00003
 1238   -0.00819    0.00951   -0.00197
 1239   -0.00855    0.00883   -0.00357
 1240   -0.01009    0.01131   -0.00265
 1241   -0.00328    0.00676    0.00124
 1242   -0.00239    0.00648    0.00202
 1243   -0.00140    0.00543    0.00135
 1244   -0.00138    0.00583    0.00009
 1245   -0.00204    0.00614    0.00206
 1246   -0.00245    0.00647    0.00318
 1247   -0.00235    0.00656    0.00430
 1248   -0.00284    0.00701    0.00280
 1249   -0.00252    0.00710    0.00515
 1250   -0.00280    0.00756    0.00393
 1251   -0.00290    0.00755    0.00532
 1252   -0.00120    0.00444    0.00204
 1253   -0.00103    0.00410    0.00177
 1254   -0.00034    0.00378    0.00160
 1255   -0.00059    0.00409    0.00215
 1256   -0.00085    0.00366    0.00227
 1257   -0.00043    0.00325    0.00203
 1258    0.00029    0.00404    0.00184
 1259   -0.00038    0.00242    0.00239
 1260    0.00122    0.00358    0.00196
 1261    0.00032    0.00222    0.00210
 1262    0.00043    0.00362    0.00124
 1263    0.00068    0.00311    0.00102
 1264    0.00079    0.00299    0.00126
 1265    0.00082    0.00329    0.00140
 1266    0.00106    0.00286    0.00023
 1267    0.00134    0.00271   -0.00023
 1268    0.00164    0.00299   -0.00105
 1269    0.00082    0.00228    0.00013
 1270    0.00149    0.00257   -0.00177
 1271    0.00066    0.00196   -0.00043
 1272    0.00090    0.00214   -0.00124
 1273    0.00060    0.00291    0.00138
 1274    0.00078    0.00283    0.00123
 1275    0.00082    0.00263    0.00118
 1276    0.00053    0.00261    0.00127
 1277    0.00069    0.00270    0.00123
 1278    0.00057    0.00271    0.00108
 1279    0.00055    0.00259    0.00144
 1280    0.00105    0.00268    0.00041
 1281    0.00088    0.00254    0.00110
 1282    0.00081    0.00233    0.00103
 1283    0.00066    0.00232    0.00071
 1284    0.00074    0.00263    0.00046
 1285    0.00098    0.00248    0.00113
 1286    0.00084    0.00213    0.00099
 1287    0.00070    0.00154    0.00075
 1288    0.00089    0.00240    0.00128
 1289    0.00053    0.00211    0.00059
 1290    0.00033    0.00208    0.00019
 1291    0.00024    0.00200    0.00045
 1292    0.00006    0.00145    0.00100
 1293    0.00040    0.00174    0.00005
 1294    0.00053    0.00170    0.00011
 1295    0.00050    0.00172    0.00049
 1296    0.00080    0.00190   -0.00056
 1297    0.00066    0.00189    0.00055
 1298    0.00104    0.00172   -0.00072
 1299    0.00119    0.00187   -0.00022
 1300    0.00017    0.00244    0.00027
 1301    0.00012    0.00251    0.00051
 1302   -0.00036    0.00266    0.00013
 1303   -0.00027    0.00325   -0.00125
 1304    0.00026    0.00303    0.00107
 1305    0.00013    0.00307    0.00149
 1306    0.00016    0.00248    0.00150
 1307   -0.00017    0.00327    0.00166
 1308   -0.00033    0.00251    0.00029
 1309   -0.00071    0.00296   -0.00002
 1310   -0.00095    0.00405    0.00023
 1311   -0.00069    0.00408    0.00103
 1312   -0.00076    0.00219   -0.00046
 1313   -0.00153    0.00289   -0.00128
 1314   -0.00158    0.00397   -0.00188
 1315   -0.00149    0.00285   -0.00133
 1316   -0.00137    0.00510   -0.00053
 1317   -0.00132    0.00630    0.00037
 1318   -0.00197    0.00754   -0.00099
 1319   -0.00207    0.00723   -0.00240
 1320   -0.00093    0.00657    0.00107
 1321   -0.00071    0.00764    0.00203
 1322   -0.00042    0.00562    0.00206
 1323   -0.00242    0.00823   -0.00010
 1324   -0.00248    0.01056   -0.00178
 1325   -0.00281    0.00975   -0.00332
 1326   -0.00323    0.00999   -0.00457
 1327   -0.00204    0.01156   -0.00208
 1328   -0.00210    0.01333   -0.00199
 1329   -0.00275    0.01421   -0.00208
 1330   -0.00174    0.01328   -0.00166
 1331   -0.00284    0.00812   -0.00326
 1332   -0.00386    0.00740   -0.00370
 1333   -0.00378    0.00627   -0.00401
 1334   -0.00443    0.00583   -0.00427
 1335   -0.00328    0.00584   -0.00391
 1336   -0.00313    0.00491   -0.00437
 1337   -0.00256    0.00421   -0.00379
 1338   -0.00211    0.00450   -0.00316
 1339   -0.00268    0.00524   -0.00481
 1340   -0.00339    0.00520   -0.00590
 1341   -0.00378    0.00444   -0.00641
 1342   -0.00382    0.00647   -0.00611
 1343   -0.00426    0.00512   -0.00731
 1344   -0.00434    0.00618   -0.00744
 1345   -0.00217    0.00339   -0.00379
 1346   -0.00143    0.00316   -0.00348
 1347   -0.00084    0.00314   -0.00357
 1348   -0.00073    0.00278   -0.00413
 1349   -0.00132    0.00248   -0.00329
 1350   -0.00068    0.00200   -0.00271
 1351   -0.00050    0.00182   -0.00170
 1352   -0.00063    0.00149   -0.00197
 1353   -0.00039    0.00320   -0.00281
 1354    0.00003    0.00325   -0.00239
 1355    0.00036    0.00301   -0.00177
 1356    0.00030    0.00303   -0.00130
 1357   -0.00017    0.00412   -0.00161
 1358   -0.00044    0.00434   -0.00187
 1359   -0.00014    0.00395   -0.00205
 1360   -0.00086    0.00495   -0.00208
 1361   -0.00029    0.00428   -0.00251
 1362   -0.00104    0.00558   -0.00256
 1363   -0.00081    0.00526   -0.00287
 1364   -0.00107    0.00596   -0.00347
 1365    0.00057    0.00280   -0.00210
 1366    0.00071    0.00278   -0.00173
 1367    0.00081    0.00262   -0.00041
 1368    0.00066    0.00215   -0.00046
 1369    0.00094    0.00217   -0.00249
 1370    0.00112    0.00215   -0.00180
 1371    0.00159    0.00175   -0.00245
 1372    0.00176    0.00159   -0.00187
 1373    0.00193    0.00173   -0.00334
 1374    0.00102    0.00263    0.00075
 1375    0.00128    0.00266    0.00177
 1376    0.00148    0.00222    0.00200
 1377    0.00131    0.00255    0.00192
 1378    0.00156    0.00316    0.00215
 1379    0.00117    0.00356    0.00198
 1380    0.00134    0.00402    0.00274
 1381    0.00110    0.00371    0.00206
 1382    0.00160    0.00163    0.00251
 1383    0.00159    0.00145    0.00257
 1384    0.00201    0.00085    0.00389
 1385    0.00169   -0.00039    0.00463
 1386    0.00124    0.00099    0.00191
 1387    0.00105    0.00101    0.00214
 1388    0.00059    0.00078    0.00195
 1389    0.00136    0.00081    0.00253
 1390    0.00293    0.00153    0.00379
 1391    0.00416    0.00113    0.00472
 1392    0.00395    0.00102    0.00478
 1393    0.00561    0.00089    0.00540
 1394    0.00232    0.00004    0.00401
 1395    0.00105   -0.00158    0.00438
 1396    0.00071   -0.00384    0.00435
 1397   -0.00005   -0.00698    0.00451
 1398    0.00061   -0.00147    0.00376
 1399    0.00211    0.00169    0.00271
 1400    0.00047    0.00221    0.00248
 1401   -0.00049    0.00034    0.00336
 1402   -0.00195   -0.00181    0.00428
 1403   -0.00243   -0.00187    0.00414
 1404   -0.00509   -0.00404    0.00602
 1405    0.00037   -0.00441    0.00495
 1406    0.00051   -0.00634    0.00555
 1407    0.00196   -0.00717    0.00611
 1408    0.00257   -0.00573    0.00669
 1409    0.00066   -0.00526    0.00436
 1410    0.00041   -0.00492    0.00293
 1411    0.00003   -0.00832    0.00203
 1412    0.00131   -0.00936   -0.00004
 1413    0.00191   -0.01123    0.00580
 1414    0.00374   -0.01206    0.00607
 1415    0.00320   -0.00561    0.00526
 1416    0.00466   -0.00377    0.00616
 1417    0.00608   -0.01949    0.00747
 1418    0.00277   -0.02291    0.00678
 1419    0.00169   -0.01819    0.00615
 1420    0.00228   -0.00714    0.00573
 1421    0.00223   -0.00349    0.00456
 1422    0.00122   -0.00218    0.00325
 1423    0.00110   -0.00292    0.00274
 1424    0.00169   -0.00825    0.00585
 1425    0.00186   -0.01508    0.00568
 1426    0.00112   -0.01425    0.00234
 1427    0.00496   -0.02303    0.00552
 1428    0.00174   -0.02027   -0.00072
 1429    0.00579   -0.03373    0.00277
 1430    0.00334   -0.02942   -0.00032
 1431    0.00140   -0.00010    0.00270
 1432    0.00099    0.00080    0.00115
 1433    0.00088   -0.00033   -0.00130
 1434    0.00103   -0.00192   -0.00178
 1435    0.00096    0.00232    0.00172
 1436    0.00132    0.00270    0.00372
 1437    0.00161    0.00097    0.00376
 1438    0.00102    0.00090   -0.00299
 1439    0.00154    0.00092   -0.00617
 1440    0.00100    0.00174   -0.00624
 1441    0.00041    0.00206   -0.00540
 1442    0.00243    0.00110   -0.00737
 1443    0.00518    0.00234   -0.01180
 1444    0.00289   -0.00092   -0.00593
 1445    0.00115    0.00156   -0.00807
 1446    0.00056    0.00239   -0.00868
 1447    0.00099    0.00164   -0.00966
 1448    0.00163    0.00008   -0.01434
 1449    0.00009    0.00251   -0.00987
 1450   -0.00101    0.00308   -0.00776
 1451   -0.00107    0.00276   -0.00730
 1452   -0.00105    0.00387   -0.00799
 1453    0.00041    0.00183   -0.00774
 1454   -0.00003    0.00093   -0.00741
 1455   -0.00232    0.00165   -0.00522
 1456   -0.00249    0.00135   -0.00472
 1457   -0.00058    0.00112   -0.00549
 1458    0.00041    0.00073   -0.00629
 1459    0.00082    0.00035   -0.00775
 1460    0.00093    0.00111   -0.00599
 1461    0.00182    0.00063   -0.00712
 1462    0.00153    0.00081   -0.00569
 1463   -0.00192    0.00164   -0.00621
 1464   -0.00371    0.00245   -0.00542
 1465   -0.00462    0.00308   -0.00516
 1466   -0.00365    0.00301   -0.00468
 1467   -0.00589    0.00327   -0.00541
 1468   -0.00590    0.00350   -0.00560
 1469   -0.00511    0.00267   -0.00426
 1470   -0.00485    0.00165   -0.00338
 1471   -0.00701    0.00407   -0.00529
 1472   -0.00455    0.00324   -0.00340
 1473   -0.00357    0.00243   -0.00199
 1474   -0.00334    0.00301   -0.00176
 1475   -0.00342    0.00386   -0.00252
 1476   -0.00285    0.00232   -0.00200
 1477   -0.00202    0.00188   -0.00116
 1478   -0.00252    0.00169   -0.00056
 1479   -0.00228    0.00149   -0.00056
 1480   -0.00138    0.00132   -0.00031
 1481   -0.00113    0.00079    0.00006
 1482   -0.00212    0.00043    0.00049
 1483   -0.00234    0.00010    0.00055
 1484   -0.00174    0.00103   -0.00021
 1485   -0.00143    0.00003   -0.00001
 1486   -0.00154   -0.00115    0.00117
 1487   -0.00156   -0.00151    0.00153
 1488   -0.00143   -0.00018   -0.00009
 1489   -0.00113    0.00077   -0.00051
 1490   -0.00108    0.00064    0.00030
 1491   -0.00075    0.00135    0.00032
 1492   -0.00169   -0.00020    0.00130
 1493   -0.00149   -0.00185    0.00125
 1494   -0.00158   -0.00299    0.00180
 1495   -0.00159   -0.00255    0.00211
 1496   -0.00134   -0.00329    0.00238
 1497   -0.00216   -0.00371    0.00221
 1498   -0.00314   -0.00400    0.00190
 1499   -0.00319   -0.00368    0.00153
 1500   -0.00357   -0.00466    0.00214
 1501   -0.00145   -0.00151    0.00174
 1502   -0.00148   -0.00108    0.00163
 1503   -0.00137   -0.00096    0.00135
 1504   -0.00162   -0.00059    0.00164
 1505   -0.00187   -0.00068    0.00187
 1506   -0.00183   -0.00008    0.00118
 1507   -0.00180   -0.00109    0.00241
 1508   -0.00107   -0.00080    0.00134
 1509   -0.00102   -0.00046    0.00122
 1510   -0.00111   -0.00063    0.00151
 1511   -0.00111   -0.00043    0.00153
 1512   -0.00081   -0.00036    0.00105
 1513   -0.00064   -0.00011    0.00108
 1514   -0.00058    0.00059    0.00048
 1515   -0.00068   -0.00045    0.00133
 1516   -0.00111   -0.00117    0.00178
 1517   -0.00094   -0.00138    0.00221
 1518   -0.00091   -0.00136    0.00231
 1519   -0.00098   -0.00099    0.00242
 1520   -0.00075   -0.00203    0.00300
 1521   -0.00088   -0.00210    0.00299
 1522   -0.00073   -0.00303    0.00335
 1523   -0.00091   -0.00178    0.00273
 1524   -0.00096   -0.00144    0.00245
 1525   -0.00121   -0.00121    0.00285
 1526   -0.00138   -0.00060    0.00278
 1527   -0.00143   -0.00036    0.00297
 1528   -0.00147   -0.00136    0.00303
 1529   -0.00151   -0.00108    0.00353
 1530   -0.00204   -0.00076    0.00342
 1531   -0.00164   -0.00116    0.00345
 1532   -0.00120   -0.00154    0.00455
 1533   -0.00164   -0.00050    0.00209
 1534   -0.00131   -0.00022    0.00122
 1535   -0.00084    0.00017    0.00087
 1536   -0.00058    0.00039    0.00078
 1537   -0.00160    0.00021    0.00049
 1538   -0.00210    0.00022    0.00092
 1539   -0.00225    0.00047    0.00045
 1540   -0.00244    0.00027    0.00205
 1541   -0.00047    0.00028    0.00067
 1542    0.00003    0.00061    0.00052
 1543   -0.00000    0.00062    0.00106
 1544    0.00025    0.00092    0.00103
 1545    0.00018    0.00075    0.00049
 1546   -0.00108    0.00012    0.00236
 1547   -0.00117    0.00006    0.00267
 1548   -0.00097    0.00050    0.00267
 1549   -0.00061    0.00069    0.00290
 1550   -0.00125   -0.00053    0.00317
 1551   -0.00134    0.00031    0.00263
 1552   -0.00056    0.00040    0.00242
 1553    0.00045    0.00085    0.00228
 1554    0.00069    0.00099    0.00243
 1555   -0.00041    0.00046    0.00230
 1556   -0.00017    0.00060    0.00253
 1557   -0.00102    0.00076    0.00272
 1558   -0.00116    0.00095    0.00280
 1559   -0.00168    0.00066    0.00327
 1560    0.00009    0.00096    0.00168
 1561    0.00021    0.00144    0.00153
 1562    0.00082    0.00143    0.00119
 1563    0.00169    0.00157    0.00050
 1564    0.00064    0.00152   -0.00014
 1565    0.00107    0.00139   -0.00166
 1566    0.00030    0.00126   -0.00027
 1567    0.00070    0.00131    0.00137
 1568    0.00059    0.00164    0.00177
 1569    0.00022    0.00183    0.00232
 1570    0.00030    0.00238    0.00259
 1571   -0.00028    0.00164    0.00228
 1572   -0.00007    0.00142    0.00186
 1573    0.00021    0.00149    0.00279
 1574    0.00064    0.00165    0.00302
 1575    0.00147    0.00195    0.00280
 1576    0.00204    0.00237    0.00301
 1577   -0.00017    0.00101    0.00401
 1578   -0.00017    0.00058    0.00430
 1579   -0.00037    0.00028    0.00518
 1580   -0.00045    0.00022    0.00523
 1581   -0.00112   -0.00013    0.00507
 1582   -0.00143   -0.00061    0.00492
 1583   -0.00136   -0.00022    0.00488
 1584    0.00178    0.00170    0.00195
 1585    0.00335    0.00138    0.00064
 1586    0.00371    0.00192    0.00022
 1587    0.00416    0.00190    0.00017
 1588    0.00289    0.00079    0.00013
 1589    0.00263    0.00077    0.00093
 1590    0.00228    0.00043    0.00007
 1591    0.00228   -0.00025   -0.00157
 1592    0.00120    0.00057    0.00011
 1593    0.00298    0.00252    0.00030
 1594    0.00296    0.00311   -0.00002
 1595    0.00169    0.00363    0.00221
 1596    0.00188    0.00395    0.00236
 1597    0.00238    0.00319    0.00042
 1598    0.00244    0.00293   -0.00047
 1599    0.00249    0.00255   -0.00108
 1600    0.00219    0.00321    0.00005
 1601    0.00260    0.00249   -0.00176
 1602    0.00190    0.00280   -0.00028
 1603    0.00237    0.00240   -0.00154
 1604    0.00093    0.00340    0.00351
 1605    0.00103    0.00385    0.00445
 1606    0.00171    0.00379    0.00441
 1607    0.00166    0.00419    0.00509
 1608    0.00084    0.00358    0.00494
 1609   -0.00020    0.00407    0.00494
 1610    0.00019    0.00436    0.00629
 1611    0.00228    0.00318    0.00369
 1612    0.00284    0.00344    0.00395
 1613    0.00263    0.00345    0.00298
 1614    0.00273    0.00358    0.00321
 1615    0.00399    0.00339    0.00303
 1616    0.00370    0.00312    0.00386
 1617    0.00389    0.00319    0.00321
 1618    0.00469    0.00348    0.00457
 1619    0.00208    0.00228    0.00324
 1620    0.00371    0.00267    0.00184
 1621    0.00331    0.00325    0.00225
 1622    0.00132    0.00415    0.00314
 1623    0.00109    0.00466    0.00374
 1624    0.00344    0.00268    0.00147
 1625    0.00453    0.00037    0.00095
 1626    0.00561   -0.00013   -0.00061
 1627    0.00500    0.00147   -0.00136
 1628    0.00473    0.00147   -0.00198
 1629    0.00518    0.00029   -0.00264
 1630    0.00400    0.00250   -0.00200
 1631    0.00032    0.00480    0.00358
 1632   -0.00033    0.00588    0.00467
 1633   -0.00014    0.00605    0.00602
 1634   -0.00043    0.00639    0.00682
 1635   -0.00090    0.00583    0.00527
 1636   -0.00113    0.00531    0.00462
 1637   -0.00123    0.00566    0.00437
 1638   -0.00014    0.00533    0.00376
 1639   -0.00183    0.00634    0.00498
 1640    0.00067    0.00593    0.00565
 1641    0.00092    0.00631    0.00705
 1642    0.00025    0.00709    0.00874
 1643    0.00051    0.00670    0.00915
 1644    0.00083    0.00691    0.00759
 1645    0.00182    0.00738    0.00940
 1646    0.00027    0.01056    0.01486
 1647   -0.00138    0.01476    0.01917
 1648    0.00074    0.00985    0.01423
 1649   -0.00033    0.00827    0.00967
 1650   -0.00063    0.00896    0.01049
 1651   -0.00128    0.00784    0.00908
 1652   -0.00190    0.00718    0.00912
 1653   -0.00113    0.00781    0.00836
 1654   -0.00186    0.00741    0.00798
 1655   -0.00176    0.00691    0.00797
 1656   -0.00112    0.00691    0.00764
 1657   -0.00188    0.00730    0.00733
 1658   -0.00241    0.00716    0.00722
 1659   -0.00280    0.00823    0.00791
 1660   -0.00304    0.00764    0.00820
 1661   -0.00338    0.00868    0.00785
 1662   -0.00217    0.00664    0.00791
 1663   -0.00222    0.00607    0.00782
 1664   -0.00216    0.00572    0.00777
 1665   -0.00223    0.00513    0.00801
 1666   -0.00266    0.00526    0.00847
 1667   -0.00276    0.00471    0.00879
 1668   -0.00292    0.00513    0.00866
 1669   -0.00227    0.00621    0.00753
 1670   -0.00226    0.00617    0.00729
 1671   -0.00187    0.00583    0.00654
 1672   -0.00188    0.00612    0.00609
 1673   -0.00251    0.00690    0.00731
 1674   -0.00285    0.00700    0.00791
 1675   -0.00340    0.00773    0.00835
 1676   -0.00347    0.00767    0.00906
 1677   -0.00323    0.00698    0.00927
 1678   -0.00336    0.00734    0.00948
 1679   -0.00297    0.00602    0.00938
 1680   -0.00176    0.00527    0.00656
 1681   -0.00171    0.00491    0.00601
 1682   -0.00195    0.00411    0.00611
 1683   -0.00228    0.00374    0.00649
 1684   -0.00133    0.00489    0.00599
 1685   -0.00106    0.00524    0.00576
 1686   -0.00121    0.00565    0.00631
 1687   -0.00081    0.00499    0.00512
 1688   -0.00110    0.00588    0.00620
 1689   -0.00069    0.00496    0.00484
 1690   -0.00074    0.00537    0.00528
 1691   -0.00174    0.00355    0.00505
 1692   -0.00177    0.00287    0.00474
 1693   -0.00140    0.00228    0.00409
 1694   -0.00078    0.00255    0.00344
 1695   -0.00159    0.00239    0.00426
 1696   -0.00197    0.00302    0.00506
 1697   -0.00152    0.00161    0.00414
 1698   -0.00142    0.00120    0.00342
 1699   -0.00166    0.00039    0.00309
 1700   -0.00170   -0.00011    0.00331
 1701   -0.00124    0.00147    0.00393
 1702   -0.00106   -0.00006    0.00218
 1703   -0.00110   -0.00115    0.00162
 1704   -0.00096   -0.00130    0.00147
 1705   -0.00076   -0.00063    0.00131
 1706   -0.00094   -0.00149    0.00068
 1707   -0.00109   -0.00169    0.00077
 1708   -0.00062   -0.00069    0.00021
 1709   -0.00104   -0.00241    0.00131
 1710   -0.00099   -0.00249    0.00130
 1711   -0.00089   -0.00326    0.00060
 1712   -0.00082   -0.00400    0.00019
 1713   -0.00099   -0.00280    0.00190
 1714   -0.00085   -0.00284    0.00047
 1715   -0.00085   -0.00342   -0.00001
 1716   -0.00117   -0.00405    0.00041
 1717   -0.00128   -0.00353    0.00098
 1718   -0.00070   -0.00252   -0.00008
 1719   -0.00083   -0.00289   -0.00047
 1720   -0.00070   -0.00376   -0.00155
 1721   -0.00048   -0.00177   -0.00018
 1722   -0.00125   -0.00507    0.00008
 1723   -0.00160   -0.00570    0.00060
 1724   -0.00190   -0.00676    0.00019
 1725   -0.00182   -0.00711   -0.00084
 1726   -0.00146   -0.00571    0.00108
 1727   -0.00132   -0.00582    0.00073
 1728   -0.00240   -0.00744    0.00093
 1729   -0.00305   -0.00852    0.00058
 1730   -0.00325   -0.00934    0.00043
 1731   -0.00328   -0.00967    0.00148
 1732   -0.00380   -0.00883    0.00158
 1733   -0.00467   -0.00991    0.00132
 1734   -0.00540   -0.01031    0.00252
 1735   -0.00635   -0.01122    0.00235
 1736   -0.00662   -0.01159    0.00372
 1737   -0.00344   -0.00983   -0.00081
 1738   -0.00426   -0.01075   -0.00131
 1739   -0.00521   -0.01193   -0.00090
 1740   -0.00627   -0.01361   -0.00075
 1741   -0.00448   -0.01122   -0.00257
 1742   -0.00579   -0.01272   -0.00092
 1743   -0.00811   -0.01563   -0.00038
 1744   -0.01171   -0.02136   -0.00300
 1745   -0.01589   -0.02857   -0.00380
 1746   -0.00862   -0.01635    0.00138
 1747   -0.01190   -0.02241   -0.00540
 1748   -0.01376   -0.00409   -0.00528
 1749   -0.01475   -0.00321   -0.00478
 1750   -0.01354   -0.00269   -0.00318
 1751   -0.01250   -0.00267   -0.00226
 1752   -0.01603   -0.00223   -0.00435
 1753   -0.01553   -0.00166   -0.00323
 1754   -0.01704   -0.00041   -0.00289
 1755   -0.01836   -0.00099   -0.00487
 1756   -0.01395   -0.00218   -0.00298
 1757   -0.01298   -0.00180   -0.00170
 1758   -0.01358   -0.00060   -0.00043
 1759   -0.01473   -0.00007   -0.00053
 1760   -0.01325   -0.00203   -0.00239
 1761   -0.01231   -0.00167   -0.00113
 1762   -0.01243   -0.00221   -0.00192
 1763   -0.01222   -0.00316   -0.00319
 1764   -0.01247   -0.00158   -0.00104
 1765   -0.01235   -0.00036    0.00087
 1766   -0.01244    0.00065    0.00215
 1767   -0.01151    0.00078    0.00342
 1768   -0.01036    0.00021    0.00341
 1769   -0.01248    0.00119    0.00263
 1770   -0.01108    0.00081    0.00334
 1771   -0.01381    0.00116    0.00154
 1772   -0.01089    0.00148    0.00421
 1773   -0.01167    0.00182    0.00426
 1774   -0.01037    0.00220    0.00543
 1775   -0.00914    0.00284    0.00656
 1776   -0.00961    0.00341    0.00648
 1777   -0.01101    0.00261    0.00566
 1778   -0.01204    0.00193    0.00438
 1779   -0.01106    0.00130    0.00415
 1780   -0.01382    0.00174    0.00350
 1781   -0.01230    0.00080    0.00283
 1782   -0.01500    0.00155    0.00221
 1783   -0.01398    0.00093    0.00182
 1784   -0.00797    0.00271    0.00723
 1785   -0.00732    0.00304    0.00791
 1786   -0.00691    0.00325    0.00860
 1787   -0.00633    0.00299    0.00868
 1788   -0.00665    0.00256    0.00805
 1789   -0.00602    0.00273    0.00865
 1790   -0.00718    0.00223    0.00756
 1791   -0.00717    0.00343    0.00881
 1792   -0.00622    0.00345    0.00924
 1793   -0.00539    0.00337    0.00931
 1794   -0.00555    0.00338    0.00928
 1795   -0.00643    0.00320    0.00939
 1796   -0.00596    0.00263    0.00966
 1797   -0.00579    0.00206    0.00994
 1798   -0.00478    0.00145    0.01019
 1799   -0.00405    0.00083    0.01077
 1800   -0.00500    0.00324    0.00951
 1801   -0.00451    0.00330    0.00917
 1802   -0.00427    0.00306    0.00878
 1803   -0.00431    0.00284    0.00907
 1804   -0.00395    0.00351    0.00908
 1805   -0.00370    0.00380    0.00910
 1806   -0.00391    0.00346    0.00928
 1807   -0.00400    0.00284    0.00836
 1808   -0.00387    0.00253    0.00804
 1809   -0.00298    0.00294    0.00759
 1810   -0.00255    0.00263    0.00697
 1811   -0.00359    0.00266    0.00741
 1812   -0.00239    0.00228    0.00635
 1813   -0.00248    0.00102    0.00586
 1814   -0.00211    0.00257    0.00584
 1815   -0.00307    0.00366    0.00778
 1816   -0.00205    0.00456    0.00740
 1817   -0.00240    0.00419    0.00789
 1818   -0.00179    0.00401    0.00771
 1819   -0.00183    0.00542    0.00766
 1820   -0.00261    0.00521    0.00838
 1821   -0.00124    0.00542    0.00707
 1822   -0.00356    0.00347    0.00869
 1823   -0.00365    0.00288    0.00964
 1824   -0.00408    0.00300    0.01033
 1825   -0.00487    0.00300    0.01109
 1826   -0.00419    0.00339    0.01025
 1827   -0.00457    0.00340    0.01038
 1828   -0.00504    0.00310    0.01022
 1829   -0.00510    0.00322    0.00971
 1830   -0.00417    0.00387    0.00995
 1831   -0.00393    0.00364    0.00968
 1832   -0.00386    0.00381    0.00939
 1833   -0.00363    0.00337    0.00914
 1834   -0.00339    0.00366    0.00912
 1835   -0.00529    0.00289    0.01015
 1836   -0.00611    0.00279    0.00928
 1837   -0.00602    0.00225    0.00868
 1838   -0.00586    0.00214    0.00850
 1839   -0.00717    0.00250    0.00895
 1840   -0.00728    0.00259    0.00961
 1841   -0.00819    0.00255    0.00787
 1842   -0.00589    0.00226    0.00829
 1843   -0.00558    0.00185    0.00793
 1844   -0.00646    0.00136    0.00666
 1845   -0.00739    0.00171    0.00637
 1846   -0.00519    0.00182    0.00810
 1847   -0.00477    0.00238    0.00883
 1848   -0.00461    0.00131    0.00783
 1849   -0.00447    0.00258    0.00893
 1850   -0.00638    0.00077    0.00591
 1851   -0.00727   -0.00016    0.00463
 1852   -0.00684   -0.00061    0.00425
 1853   -0.00611   -0.00084    0.00429
 1854   -0.00755   -0.00072    0.00355
 1855   -0.00823   -0.00028    0.00379
 1856   -0.00840   -0.00168    0.00170
 1857   -0.00770   -0.00065    0.00392
 1858   -0.00738   -0.00111    0.00362
 1859   -0.00835   -0.00184    0.00196
 1860   -0.00958   -0.00187    0.00118
 1861   -0.00749   -0.00047    0.00469
 1862   -0.00660    0.00016    0.00613
 1863   -0.00683    0.00055    0.00663
 1864   -0.00546   -0.00021    0.00660
 1865   -0.00775   -0.00266    0.00104
 1866   -0.00869   -0.00342   -0.00057
 1867   -0.00884   -0.00336   -0.00046
 1868   -0.00773   -0.00371   -0.00003
 1869   -0.00769   -0.00488   -0.00185
 1870   -0.00773   -0.00498   -0.00201
 1871   -0.00901   -0.00481   -0.00294
 1872   -0.00932   -0.00398   -0.00204
 1873   -0.00956   -0.00562   -0.00461
 1874   -0.01013   -0.00304   -0.00089
 1875   -0.01040   -0.00277   -0.00045
 1876   -0.01153   -0.00311   -0.00179
 1877   -0.01227   -0.00350   -0.00304
 1878   -0.01074   -0.00161    0.00096
 1879   -0.00929   -0.00132    0.00261
 1880   -0.01189   -0.00090    0.00078
 1881   -0.01174   -0.00284   -0.00149
 1882   -0.01305   -0.00290   -0.00253
 1883   -0.01366   -0.00179   -0.00144
 1884   -0.01278   -0.00134   -0.00012
 1885   -0.01262   -0.00431   -0.00354
 1886   -0.01275   -0.00550   -0.00531
 1887   -0.01156   -0.00690   -0.00628
 1888   -0.01003   -0.00730   -0.00553
 1889   -0.01221   -0.00811   -0.00833
 1890   -0.01502   -0.00140   -0.00220
 1891   -0.01555   -0.00027   -0.00124
 1892   -0.01455   -0.00050   -0.00056
 1893   -0.01437    0.00054    0.00052
 1894   -0.01708   -0.00011   -0.00244
 1895   -0.01765   -0.00092   -0.00375
 1896   -0.01612   -0.00185   -0.00375
 1897   -0.01369   -0.00179   -0.00124
 1898   -0.01246   -0.00209   -0.00066
 1899   -0.01111   -0.00180    0.00089
 1900   -0.01026   -0.00166    0.00173
 1901   -0.01184   -0.00357   -0.00192
 1902   -0.01312   -0.00401   -0.00355
 1903   -0.01088   -0.00180    0.00120
 1904   -0.00953   -0.00160    0.00246
 1905   -0.00967   -0.00028    0.00381
 1906   -0.01077    0.00074    0.00388
 1907   -0.00933   -0.00178    0.00236
 1908   -0.00897   -0.00299    0.00102
 1909   -0.00896   -0.00388    0.00018
 1910   -0.00880   -0.00313    0.00087
 1911   -0.00844   -0.00026    0.00485
 1912   -0.00811    0.00098    0.00614
 1913   -0.00762    0.00143    0.00690
 1914   -0.00722    0.00074    0.00662
 1915   -0.00692    0.00078    0.00704
 1916   -0.00555   -0.00020    0.00712
 1917   -0.00730    0.00048    0.00652
 1918   -0.00794    0.00258    0.00776
 1919   -0.00760    0.00296    0.00851
 1920   -0.00598    0.00216    0.00892
 1921   -0.00535    0.00186    0.00897
 1922   -0.00791    0.00422    0.00927
 1923   -0.00945    0.00497    0.00876
 1924   -0.00709    0.00404    0.00942
 1925   -0.01026    0.00463    0.00773
 1926   -0.00527    0.00192    0.00930
 1927   -0.00383    0.00128    0.00967
 1928   -0.00355    0.00031    0.00896
 1929   -0.00291    0.00008    0.00912
 1930   -0.00324    0.00112    0.01021
 1931   -0.00172    0.00061    0.01087
 1932   -0.00116   -0.00001    0.01118
 1933   -0.00010    0.00011    0.01227
 1934   -0.00164   -0.00054    0.01048
 1935   -0.00428   -0.00034    0.00788
 1936   -0.00416   -0.00136    0.00694
 1937   -0.00459   -0.00101    0.00701
 1938   -0.00427   -0.00158    0.00682
 1939   -0.00496   -0.00215    0.00562
 1940   -0.00425   -0.00278    0.00560
 1941   -0.00298   -0.00318    0.00626
 1942   -0.00508   -0.00286    0.00487
 1943   -0.00545   -0.00010    0.00717
 1944   -0.00587    0.00024    0.00729
 1945   -0.00493    0.00045    0.00823
 1946   -0.00471    0.00040    0.00813
 1947   -0.00714    0.00107    0.00719
 1948   -0.00708    0.00141    0.00746
 1949   -0.00843    0.00086    0.00599
 1950   -0.00437    0.00088    0.00887
 1951   -0.00373    0.00111    0.00938
 1952   -0.00321    0.00078    0.00925
 1953   -0.00303    0.00123    0.00937
 1954   -0.00329    0.00137    0.00986
 1955   -0.00372    0.00159    0.00990
 1956   -0.00336    0.00195    0.01035
 1957   -0.00393    0.00226    0.01034
 1958   -0.00374    0.00286    0.01082
 1959   -0.00306    0.00013    0.00891
 1960   -0.00260   -0.00035    0.00866
 1961   -0.00292   -0.00060    0.00820
 1962   -0.00259   -0.00046    0.00818
 1963   -0.00216   -0.00116    0.00834
 1964   -0.00339   -0.00093    0.00775
 1965   -0.00363   -0.00114    0.00725
 1966   -0.00368   -0.00021    0.00791
 1967   -0.00367   -0.00035    0.00763
 1968   -0.00444   -0.00147    0.00655
 1969   -0.00477   -0.00260    0.00541
 1970   -0.00588   -0.00239    0.00445
 1971   -0.00611   -0.00342    0.00304
 1972   -0.00592   -0.00441    0.00188
 1973   -0.00384    0.00055    0.00850
 1974   -0.00393    0.00111    0.00890
 1975   -0.00341    0.00140    0.00912
 1976   -0.00330    0.00173    0.00925
 1977   -0.00410    0.00164    0.00926
 1978   -0.00478    0.00146    0.00893
 1979   -0.00389    0.00220    0.00960
 1980   -0.00491    0.00185    0.00909
 1981   -0.00294    0.00148    0.00922
 1982   -0.00246    0.00158    0.00932
 1983   -0.00256    0.00124    0.00902
 1984   -0.00248    0.00145    0.00907
 1985   -0.00198    0.00121    0.00922
 1986   -0.00154    0.00133    0.00931
 1987   -0.00104    0.00083    0.00925
 1988   -0.00114    0.00087    0.00931
 1989   -0.00084    0.00041    0.00919
 1990   -0.00269    0.00050    0.00855
 1991   -0.00265    0.00009    0.00831
 1992   -0.00314    0.00014    0.00832
 1993   -0.00309    0.00008    0.00831
 1994   -0.00267   -0.00092    0.00755
 1995   -0.00213   -0.00134    0.00741
 1996   -0.00220   -0.00216    0.00690
 1997   -0.00182   -0.00096    0.00773
 1998   -0.00339    0.00040    0.00820
 1999   -0.00370    0.00062    0.00796
 2000   -0.00355    0.00158    0.00882
 2001   -0.00348    0.00193    0.00888
 2002   -0.00385    0.00064    0.00785
 2003   -0.00385    0.00001    0.00682
 2004   -0.00396    0.00032    0.00657
 2005   -0.00379   -0.00010    0.00505
 2006   -0.00468   -0.00051    0.00461
 2007   -0.00344    0.00222    0.00943
 2008   -0.00317    0.00299    0.00973
 2009   -0.00282    0.00338    0.00970
 2010   -0.00263    0.00412    0.00961
 2011   -0.00310    0.00337    0.00970
 2012   -0.00347    0.00294    0.00926
 2013   -0.00341    0.00318    0.00909
 2014   -0.00336    0.00393    0.00907
 2015   -0.00355    0.00259    0.00879
 2016   -0.00261    0.00287    0.00954
 2017   -0.00218    0.00301    0.00945
 2018   -0.00208    0.00347    0.00950
 2019   -0.00202    0.00392    0.00947
 2020   -0.00227    0.00365    0.00981
 2021   -0.00215    0.00405    0.00988
 2022   -0.00201    0.00357    0.00988
 2023   -0.00209    0.00294    0.00987
 2024   -0.00250    0.00415    0.00989
 2025   -0.00263    0.00454    0.00970
 2026   -0.00256    0.00433    0.00943
 2027   -0.00267    0.00441    0.00940
 2028   -0.00204    0.00406    0.00964
 2029   -0.00201    0.00393    0.00995
 2030   -0.00188    0.00309    0.00989
 2031   -0.00214    0.00322    0.00953
 2032   -0.00261    0.00453    0.00943
 2033   -0.00253    0.00544    0.00887
 2034   -0.00262    0.00570    0.00948
 2035   -0.00172    0.00243    0.01012
 2036   -0.00176    0.00217    0.01013
 2037   -0.00165    0.00230    0.00998
 2038   -0.00164    0.00227    0.00984
 2039   -0.00138    0.00171    0.01051
 2040   -0.00145    0.00133    0.01023
 2041   -0.00155    0.00186    0.01008
 2042   -0.00119    0.00242    0.00943
 2043   -0.00064    0.00222    0.00827
 2044   -0.00083    0.00231    0.00800
 2045   -0.00035    0.00191    0.00706
 2046   -0.00015    0.00244    0.00691
 2047    0.00106    0.00215    0.00737
 2048    0.00079    0.00204    0.00896
 2049    0.00090    0.00251    0.00567
 2050   -0.00148    0.00306    0.00833
 2051   -0.00158    0.00303    0.00790
 2052   -0.00175    0.00290    0.00847
 2053   -0.00184    0.00301    0.00839
 2054   -0.00193    0.00412    0.00770
 2055   -0.00187    0.00477    0.00635
 2056   -0.00232    0.00602    0.00636
 2057   -0.00235    0.00612    0.00767
 2058   -0.00254    0.00688    0.00496
 2059   -0.00194    0.00270    0.00912
 2060   -0.00249    0.00241    0.00969
 2061   -0.00228    0.00235    0.00965
 2062   -0.00256    0.00231    0.01003
 2063   -0.00289    0.00218    0.01012
 2064   -0.00290    0.00257    0.01002
 2065   -0.00321    0.00224    0.01007
 2066   -0.00359    0.00208    0.00994
 2067   -0.00282    0.00237    0.00993
 2068   -0.00274    0.00242    0.00983
 2069   -0.00338    0.00275    0.01025
 2070   -0.00399    0.00286    0.01006
 2071   -0.00421    0.00269    0.00988
 2072   -0.00322    0.00273    0.01006
 2073   -0.00209    0.00240    0.00872
 2074   -0.00235    0.00280    0.00946
 2075   -0.00168    0.00226    0.00810
 2076    0.00009    0.00104    0.00662
 2077   -0.00069    0.00205    0.00788
 2078    0.00071    0.00039    0.00462
 2079   -0.00459    0.00308    0.00970
 2080   -0.00594    0.00364    0.00920
 2081   -0.00718    0.00447    0.00928
 2082   -0.00770    0.00512    0.00947
 2083   -0.00627    0.00347    0.00890
 2084   -0.00569    0.00286    0.00892
 2085   -0.00597    0.00270    0.00869
 2086   -0.00568    0.00278    0.00876
 2087   -0.00756    0.00480    0.00899
 2088   -0.00877    0.00576    0.00891
 2089   -0.01016    0.00596    0.00829
 2090   -0.00963    0.00571    0.00796
 2091   -0.00804    0.00534    0.00946
 2092   -0.00640    0.00446    0.01020
 2093   -0.00914    0.00646    0.00938
 2094   -0.00630    0.00507    0.01046
 2095   -0.01149    0.00690    0.00773
 2096   -0.01321    0.00722    0.00703
 2097   -0.01480    0.00840    0.00737
 2098   -0.01485    0.00911    0.00776
 2099   -0.01406    0.00699    0.00648
 2100   -0.01567    0.00657    0.00551
 2101   -0.01566    0.00591    0.00513
 2102   -0.01697    0.00758    0.00530
 2103   -0.01698    0.00605    0.00438
 2104   -0.01856    0.00767    0.00484
 2105   -0.01871    0.00681    0.00425
 2106   -0.01501    0.00872    0.00703
 2107   -0.01682    0.00996    0.00713
 2108   -0.01627    0.01123    0.00779
 2109   -0.01732    0.01237    0.00808
 2110   -0.01822    0.01071    0.00649
 2111   -0.01456    0.01074    0.00863
 2112   -0.01468    0.01175    0.01029
 2113   -0.01488    0.01090    0.01082
 2114   -0.01521    0.01159    0.01205
 2115   -0.01417    0.01015    0.01006
 2116   -0.01390    0.01007    0.01042
 2117   -0.01252    0.00895    0.01049
 2118   -0.01181    0.00822    0.00977
 2119   -0.01450    0.01037    0.00936
 2120   -0.01417    0.01092    0.00996
 2121   -0.01578    0.01221    0.00951
 2122   -0.01598    0.01299    0.01078
 2123   -0.01689    0.01390    0.00975
 2124   -0.01078    0.00881    0.01035
 2125   -0.00940    0.00781    0.01072
 2126   -0.01003    0.00799    0.01063
 2127   -0.01092    0.00904    0.01109
 2128   -0.00814    0.00792    0.01053
 2129   -0.00721    0.00737    0.00968
 2130   -0.00479    0.00614    0.00964
 2131   -0.00415    0.00669    0.01017
 2132   -0.00317    0.00418    0.00929
 2133   -0.00936    0.00699    0.01006
 2134   -0.00989    0.00722    0.00974
 2135   -0.00878    0.00682    0.01049
 2136   -0.00759    0.00585    0.01076
 2137   -0.01010    0.00653    0.00904
 2138   -0.01130    0.00663    0.00828
 2139   -0.01106    0.00571    0.00760
 2140   -0.01305    0.00774    0.00783
 2141   -0.00953    0.00783    0.01125
 2142   -0.00877    0.00776    0.01233
 2143   -0.00846    0.00670    0.01229
 2144   -0.00903    0.00656    0.01109
 2145   -0.00981    0.00885    0.01361
 2146   -0.00902    0.00894    0.01518
 2147   -0.00811    0.00950    0.01588
 2148   -0.00865    0.00970    0.01558
 2149   -0.00727    0.00937    0.01755
 2150   -0.00718    0.00601    0.01286
 2151   -0.00645    0.00494    0.01242
 2152   -0.00669    0.00514    0.01220
 2153   -0.00705    0.00595    0.01305
 2154   -0.00460    0.00465    0.01288
 2155   -0.00329    0.00451    0.01228
 2156   -0.00381    0.00375    0.01151
 2157   -0.00254    0.00495    0.01254
 2158   -0.00658    0.00421    0.01103
 2159   -0.00698    0.00400    0.01063
 2160   -0.00832    0.00429    0.00946
 2161   -0.00868    0.00360    0.00850
 2162   -0.00926    0.00524    0.00959
 2163   -0.01060    0.00562    0.00853
 2164   -0.01081    0.00458    0.00745
 2165   -0.01010    0.00415    0.00773
 2166   -0.01149    0.00699    0.00907
 2167   -0.01169    0.00819    0.01012
 2168   -0.01311    0.00908    0.00961
 2169   -0.01363    0.01031    0.01083
 2170   -0.01388    0.01158    0.01180
 2171   -0.01464    0.01301    0.01323
 2172   -0.01393    0.01179    0.01178
 2173   -0.01168    0.00422    0.00616
 2174   -0.01206    0.00322    0.00505
 2175   -0.01319    0.00385    0.00475
 2176   -0.01377    0.00502    0.00525
 2177   -0.01274    0.00229    0.00380
 2178   -0.01398    0.00307    0.00343
 2179   -0.01149    0.00139    0.00398
 2180   -0.01336    0.00310    0.00392
 2181   -0.01442    0.00352    0.00350
 2182   -0.01596    0.00400    0.00261
 2183   -0.01680    0.00490    0.00263
 2184   -0.01420    0.00251    0.00267
 2185   -0.01273    0.00211    0.00355
 2186   -0.01242    0.00092    0.00277
 2187   -0.01267    0.00292    0.00441
 2188   -0.01634    0.00344    0.00191
 2189   -0.01782    0.00383    0.00107
 2190   -0.01828    0.00521    0.00207
 2191   -0.01979    0.00595    0.00170
 2192   -0.01763    0.00291    0.00005
 2193   -0.01918    0.00321   -0.00087
 2194   -0.01717    0.00559    0.00338
 2195   -0.01750    0.00692    0.00445
 2196   -0.01796    0.00813    0.00483
 2197   -0.01862    0.00944    0.00558
 2198   -0.01581    0.00685    0.00557
 2199   -0.01571    0.00630    0.00538
 2200   -0.01416    0.00583    0.00605
 2201   -0.01670    0.00630    0.00439
 2202   -0.01788    0.00771    0.00446
 2203   -0.01827    0.00867    0.00475
 2204   -0.01945    0.00834    0.00362
 2205   -0.02007    0.00895    0.00377
 2206   -0.01681    0.00835    0.00554
 2207   -0.01571    0.00873    0.00658
 2208   -0.01438    0.00785    0.00693
 2209   -0.01612    0.01001    0.00732
 2210   -0.01343    0.00820    0.00810
 2211   -0.01517    0.01041    0.00830
 2212   -0.01388    0.00949    0.00883
 2213   -0.01302    0.00984    0.01001
 2214   -0.02038    0.00751    0.00259
 2215   -0.02162    0.00714    0.00122
 2216   -0.02091    0.00658    0.00120
 2217   -0.02203    0.00689    0.00069
 2218   -0.02403    0.00837    0.00084
 2219   -0.02584    0.00887    0.00021
 2220   -0.02461    0.00801    0.00036
 2221   -0.03108    0.00981    0.00013
 2222   -0.01934    0.00581    0.00172
 2223   -0.01841    0.00524    0.00165
 2224   -0.01910    0.00426    0.00048
 2225   -0.01866    0.00337   -0.00028
 2226   -0.01667    0.00488    0.00287
 2227   -0.01623    0.00601    0.00442
 2228   -0.01580    0.00398    0.00271
 2229   -0.01441    0.00548    0.00500
 2230   -0.01962    0.00445    0.00017
 2231   -0.02056    0.00363   -0.00114
 2232   -0.01930    0.00269   -0.00121
 2233   -0.01772    0.00268   -0.00016
 2234   -0.02278    0.00425   -0.00168
 2235   -0.02465    0.00515   -0.00204
 2236   -0.02615    0.00449   -0.00378
 2237   -0.03119    0.00231   -0.00646
 2238   -0.02483    0.00445   -0.00344
 2239   -0.02012    0.00201   -0.00240
 2240   -0.01907    0.00133   -0.00256
 2241   -0.01909    0.00183   -0.00176
 2242   -0.02086    0.00271   -0.00181
 2243   -0.01955    0.00021   -0.00428
 2244   -0.02168    0.00032   -0.00569
 2245   -0.02247   -0.00095   -0.00784
 2246   -0.02211   -0.00163   -0.00823
 2247   -0.02417   -0.00108   -0.00849
 2248   -0.01768    0.00147   -0.00079
 2249   -0.01795    0.00182    0.00004
 2250   -0.01830    0.00282    0.00140
 2251   -0.01882    0.00337    0.00237
 2252   -0.01992    0.00193   -0.00098
 2253   -0.01938    0.00102   -0.00150
 2254   -0.01933    0.00009   -0.00319
 2255   -0.02116   -0.00011   -0.00463
 2256   -0.01778   -0.00055   -0.00323
 2257   -0.01793    0.00310    0.00154
 2258   -0.01786    0.00387    0.00281
 2259   -0.01551    0.00386    0.00383
 2260   -0.01426    0.00339    0.00405
 2261   -0.01839    0.00450    0.00281
 2262   -0.01732    0.00417    0.00242
 2263   -0.01450    0.00448    0.00461
 2264   -0.01299    0.00442    0.00584
 2265   -0.01244    0.00466    0.00610
 2266   -0.01285    0.00513    0.00608
 2267   -0.01323    0.00456    0.00642
 2268   -0.01370    0.00371    0.00629
 2269   -0.01104    0.00430    0.00766
 2270   -0.01080    0.00443    0.00678
 2271   -0.00993    0.00443    0.00704
 2272   -0.00853    0.00439    0.00821
 2273   -0.00811    0.00398    0.00849
 2274   -0.00931    0.00404    0.00726
 2275   -0.01008    0.00385    0.00655
 2276   -0.00924    0.00327    0.00666
 2277   -0.01155    0.00443    0.00618
 2278   -0.00821    0.00430    0.00823
 2279   -0.00708    0.00405    0.00898
 2280   -0.00633    0.00368    0.00928
 2281   -0.00652    0.00400    0.00911
 2282   -0.00733    0.00404    0.00911
 2283   -0.00725    0.00411    0.00878
 2284   -0.00623    0.00305    0.00871
 2285   -0.00824    0.00472    0.00829
 2286   -0.00600    0.00278    0.00865
 2287   -0.00759    0.00395    0.00837
 2288   -0.00570    0.00349    0.00946
 2289   -0.00505    0.00327    0.00941
 2290   -0.00444    0.00285    0.00949
 2291   -0.00420    0.00307    0.00885
 2292   -0.00468    0.00310    0.00937
 2293   -0.00399    0.00308    0.00958
 2294   -0.00372    0.00282    0.00988
 2295   -0.00390    0.00311    0.00955
 2296   -0.00424    0.00278    0.00923
 2297   -0.00386    0.00251    0.00845
 2298   -0.00318    0.00250    0.00836
 2299   -0.00281    0.00267    0.00880
 2300   -0.00370    0.00198    0.00834
 2301   -0.00293    0.00096    0.00710
 2302   -0.00419    0.00205    0.00876
 2303   -0.00272    0.00261    0.00772
 2304   -0.00211    0.00314    0.00750
 2305   -0.00204    0.00282    0.00596
 2306   -0.00208    0.00237    0.00497
 2307   -0.00216    0.00375    0.00766
 2308   -0.00236    0.00412    0.00865
 2309   -0.00230    0.00459    0.00830
 2310   -0.00250    0.00386    0.00910
 2311   -0.00152    0.00286    0.00559
 2312   -0.00134    0.00254    0.00381
 2313   -0.00161    0.00324    0.00323
 2314   -0.00133    0.00356    0.00291
 2315   -0.00082    0.00150    0.00349
 2316   -0.00108    0.00054    0.00436
 2317   -0.00093   -0.00036    0.00259
 2318   -0.00088   -0.00070    0.00342
 2319   -0.00118   -0.00149    0.00383
 2320   -0.00156   -0.00118    0.00386
 2321   -0.00163   -0.00221    0.00455
 2322   -0.00160    0.00360    0.00316
 2323   -0.00128    0.00417    0.00254
 2324   -0.00104    0.00403    0.00078
 2325   -0.00069    0.00323   -0.00001
 2326   -0.00175    0.00487    0.00350
 2327   -0.00198    0.00503    0.00502
 2328   -0.00196    0.00519    0.00558
 2329   -0.00215    0.00579    0.00562
 2330   -0.00117    0.00463    0.00008
 2331   -0.00044    0.00442   -0.00171
 2332   -0.00026    0.00485   -0.00173
 2333   -0.00097    0.00548   -0.00127
 2334    0.00027    0.00474   -0.00399
 2335    0.00052    0.00453   -0.00467
 2336    0.00068    0.00545   -0.00616
 2337    0.00154    0.00626   -0.00910
 2338    0.00142    0.00746   -0.01010
 2339    0.00048    0.00796   -0.00870
 2340    0.00155    0.00865   -0.01203
 2341    0.00076    0.00439   -0.00243
 2342    0.00072    0.00495   -0.00195
 2343    0.00184    0.00533   -0.00409
 2344    0.00273    0.00480   -0.00512
