    1    0.00318   -0.01326    0.01019
    2    0.00396   -0.01337    0.01144
    3    0.00337   -0.01122    0.00808
    4    0.00284   -0.00850    0.00463
    5    0.00229   -0.01262    0.01168
    6    0.00773   -0.01411    0.01885
    7    0.00532   -0.01255    0.01886
    8    0.01359   -0.01426    0.02500
    9    0.00403   -0.01167    0.00832
   10    0.00418   -0.01003    0.00628
   11    0.00357   -0.00867    0.00593
   12    0.00341   -0.00899    0.00753
   13    0.00482   -0.01215    0.00597
   14    0.00479   -0.01521    0.00782
   15    0.00453   -0.02058    0.00723
   16    0.00318   -0.02127    0.00689
   17    0.00298   -0.02071    0.00696
   18    0.00357   -0.00689    0.00482
   19    0.00278   -0.00563    0.00474
   20    0.00311   -0.00546    0.00477
   21    0.00531   -0.00718    0.00512
   22    0.00286   -0.00398    0.00394
   23    0.00206   -0.00358    0.00375
   24    0.00196   -0.00257    0.00281
   25    0.00041   -0.00332    0.00424
   26    0.00339   -0.00419    0.00496
   27    0.00499   -0.00418    0.00527
   28    0.00622   -0.00319    0.00434
   29    0.00594   -0.00278    0.00402
   30    0.00407   -0.00366    0.00566
   31    0.00241   -0.00421    0.00672
   32    0.00128   -0.00291    0.00741
   33   -0.00033   -0.00263    0.00866
   34    0.00049   -0.00396    0.01003
   35    0.00805   -0.00277    0.00461
   36    0.00848   -0.00140    0.00366
   37    0.00703   -0.00047    0.00345
   38    0.00708   -0.00012    0.00414
   39    0.01245   -0.00027    0.00453
   40    0.01598   -0.00250    0.00884
   41    0.00938   -0.00392    0.00495
   42    0.00621    0.00027    0.00215
   43    0.00493    0.00056    0.00160
   44    0.00522    0.00172    0.00067
   45    0.00540    0.00181   -0.00038
   46    0.00391    0.00047    0.00094
   47    0.00297    0.00127    0.00055
   48    0.00189    0.00128    0.00105
   49    0.00167    0.00056    0.00142
   50    0.00459    0.00198    0.00081
   51    0.00401    0.00261   -0.00065
   52    0.00269    0.00260   -0.00161
   53    0.00227    0.00296   -0.00111
   54    0.00323    0.00285   -0.00083
   55    0.00206    0.00315   -0.00230
   56    0.00144    0.00347   -0.00274
   57    0.00157    0.00389   -0.00126
   58    0.00129    0.00331   -0.00372
   59    0.00236    0.00234   -0.00235
   60    0.00148    0.00228   -0.00262
   61    0.00044    0.00246   -0.00271
   62    0.00009    0.00209   -0.00332
   63    0.00132    0.00184   -0.00335
   64    0.00084    0.00183   -0.00328
   65    0.00137    0.00153   -0.00389
   66    0.00073    0.00173   -0.00352
   67    0.00027    0.00275   -0.00241
   68   -0.00032    0.00282   -0.00271
   69   -0.00061    0.00281   -0.00241
   70   -0.00073    0.00271   -0.00194
   71   -0.00030    0.00401   -0.00232
   72   -0.00103    0.00439   -0.00191
   73   -0.00131    0.00373   -0.00256
   74   -0.00142    0.00550   -0.00088
   75   -0.00056    0.00271   -0.00273
   76   -0.00057    0.00263   -0.00263
   77   -0.00105    0.00308   -0.00228
   78   -0.00118    0.00269   -0.00216
   79   -0.00046    0.00277   -0.00271
   80   -0.00045    0.00298   -0.00283
   81   -0.00048    0.00266   -0.00294
   82   -0.00151    0.00349   -0.00197
   83   -0.00200    0.00426   -0.00119
   84   -0.00211    0.00467   -0.00016
   85   -0.00270    0.00465    0.00014
   86   -0.00200    0.00580   -0.00061
   87   -0.00225    0.00790    0.00136
   88   -0.00210    0.00922    0.00250
   89   -0.00176    0.00913    0.00158
   90   -0.00309    0.01019    0.00346
   91   -0.00174    0.00423   -0.00005
   92   -0.00177    0.00408    0.00072
   93   -0.00185    0.00294    0.00058
   94   -0.00227    0.00282    0.00078
   95   -0.00089    0.00395    0.00051
   96   -0.00097    0.00440    0.00090
   97    0.00034    0.00399    0.00051
   98    0.00101    0.00289    0.00119
   99   -0.00142    0.00256   -0.00065
  100   -0.00085    0.00207   -0.00122
  101   -0.00134    0.00167   -0.00167
  102   -0.00169    0.00122   -0.00186
  103   -0.00031    0.00154   -0.00210
  104    0.00035    0.00165   -0.00214
  105    0.00054    0.00204   -0.00170
  106    0.00039    0.00155   -0.00277
  107   -0.00160    0.00206   -0.00175
  108   -0.00178    0.00210   -0.00190
  109   -0.00289    0.00201   -0.00113
  110   -0.00308    0.00166   -0.00097
  111   -0.00156    0.00256   -0.00168
  112   -0.00105    0.00191   -0.00240
  113   -0.00066    0.00124   -0.00299
  114   -0.00084    0.00254   -0.00214
  115   -0.00316    0.00285    0.00039
  116   -0.00421    0.00299    0.00132
  117   -0.00452    0.00197    0.00145
  118   -0.00568    0.00144    0.00161
  119   -0.00437    0.00354    0.00211
  120   -0.00456    0.00492    0.00269
  121   -0.00460    0.00548    0.00423
  122   -0.00467    0.00714    0.00470
  123   -0.00415    0.00838    0.00427
  124   -0.00369    0.00156    0.00076
  125   -0.00345    0.00089    0.00001
  126   -0.00378    0.00017   -0.00056
  127   -0.00434   -0.00051   -0.00074
  128   -0.00203    0.00088   -0.00010
  129   -0.00203   -0.00005   -0.00027
  130   -0.00161    0.00103    0.00036
  131   -0.00327    0.00031   -0.00134
  132   -0.00318   -0.00041   -0.00202
  133   -0.00439   -0.00064   -0.00181
  134   -0.00482   -0.00165   -0.00211
  135   -0.00210   -0.00055   -0.00304
  136   -0.00140   -0.00057   -0.00345
  137   -0.00053   -0.00037   -0.00376
  138   -0.00135   -0.00131   -0.00322
  139   -0.00466    0.00026   -0.00131
  140   -0.00600    0.00004   -0.00057
  141   -0.00719   -0.00035   -0.00001
  142   -0.00871   -0.00139   -0.00064
  143   -0.00593    0.00150    0.00001
  144   -0.00615    0.00250    0.00123
  145   -0.00735   -0.00028    0.00053
  146   -0.00835   -0.00107    0.00060
  147   -0.00834   -0.00232   -0.00082
  148   -0.00953   -0.00313   -0.00097
  149   -0.00688   -0.00074    0.00163
  150   -0.00781    0.00004    0.00349
  151   -0.00617   -0.00007    0.00365
  152   -0.00678    0.00093    0.00447
  153   -0.00747    0.00085    0.00520
  154   -0.00685   -0.00020    0.00528
  155   -0.00748    0.00214    0.00653
  156   -0.00736   -0.00255   -0.00124
  157   -0.00747   -0.00344   -0.00193
  158   -0.00813   -0.00426   -0.00252
  159   -0.00849   -0.00541   -0.00275
  160   -0.00618   -0.00295   -0.00198
  161   -0.00530   -0.00234   -0.00135
  162   -0.00422   -0.00226   -0.00170
  163   -0.00573   -0.00303   -0.00123
  164   -0.00806   -0.00380   -0.00265
  165   -0.00843   -0.00475   -0.00259
  166   -0.00646   -0.00490   -0.00246
  167   -0.00610   -0.00629   -0.00224
  168   -0.00509   -0.00393   -0.00251
  169   -0.00346   -0.00416   -0.00267
  170   -0.00293   -0.00392   -0.00286
  171   -0.00306   -0.00284   -0.00237
  172   -0.00232   -0.00342   -0.00328
  173   -0.00103   -0.00363   -0.00388
  174   -0.00277   -0.00360   -0.00326
  175   -0.00214   -0.00479   -0.00317
  176   -0.00149   -0.00473   -0.00318
  177    0.00013   -0.00453   -0.00354
  178    0.00067   -0.00474   -0.00422
  179   -0.00224   -0.00575   -0.00304
  180    0.00051   -0.00441   -0.00377
  181    0.00112   -0.00486   -0.00493
  182    0.00074   -0.00545   -0.00556
  183    0.00064   -0.00415   -0.00396
  184    0.00198   -0.00555   -0.00601
  185    0.00202   -0.00582   -0.00615
  186    0.00248   -0.00472   -0.00555
  187    0.00312   -0.00498   -0.00496
  188    0.00430   -0.00670   -0.00615
  189    0.00538   -0.00665   -0.00590
  190    0.00744   -0.00732   -0.00531
  191    0.00879   -0.00892   -0.00525
  192    0.00808   -0.00780   -0.00532
  193    0.00213   -0.00401   -0.00559
  194    0.00195   -0.00334   -0.00501
  195    0.00141   -0.00232   -0.00470
  196    0.00115   -0.00194   -0.00483
  197    0.00166   -0.00326   -0.00517
  198    0.00198   -0.00407   -0.00575
  199    0.00210   -0.00457   -0.00612
  200    0.00197   -0.00384   -0.00527
  201    0.00235   -0.00472   -0.00581
  202    0.00219   -0.00426   -0.00545
  203    0.00178   -0.00331   -0.00462
  204    0.00230   -0.00410   -0.00511
  205    0.00168   -0.00316   -0.00430
  206    0.00197   -0.00348   -0.00458
  207    0.00150   -0.00201   -0.00427
  208    0.00098   -0.00102   -0.00395
  209    0.00072   -0.00061   -0.00359
  210    0.00086   -0.00104   -0.00331
  211    0.00095   -0.00111   -0.00347
  212    0.00132   -0.00132   -0.00295
  213    0.00219   -0.00277   -0.00282
  214    0.00249   -0.00327   -0.00197
  215    0.00272   -0.00373   -0.00121
  216    0.00292   -0.00436   -0.00045
  217    0.00252   -0.00371   -0.00125
  218    0.00047    0.00053   -0.00362
  219    0.00032    0.00090   -0.00333
  220    0.00055    0.00104   -0.00283
  221    0.00023    0.00140   -0.00253
  222    0.00018    0.00122   -0.00349
  223   -0.00004    0.00078   -0.00374
  224   -0.00022    0.00063   -0.00387
  225   -0.00009    0.00053   -0.00378
  226   -0.00049    0.00020   -0.00398
  227   -0.00030    0.00026   -0.00405
  228   -0.00037    0.00015   -0.00399
  229    0.00049    0.00058   -0.00259
  230    0.00056    0.00033   -0.00204
  231    0.00056    0.00075   -0.00196
  232    0.00028    0.00076   -0.00205
  233    0.00097   -0.00071   -0.00148
  234    0.00071   -0.00136   -0.00077
  235    0.00122   -0.00130   -0.00168
  236    0.00035    0.00089   -0.00154
  237    0.00009    0.00083   -0.00179
  238    0.00016   -0.00025   -0.00108
  239    0.00031   -0.00091   -0.00004
  240   -0.00003    0.00137   -0.00116
  241   -0.00014    0.00176   -0.00199
  242   -0.00042    0.00233   -0.00106
  243   -0.00021    0.00179   -0.00266
  244   -0.00017   -0.00002   -0.00109
  245   -0.00070   -0.00046   -0.00012
  246   -0.00140   -0.00062    0.00080
  247   -0.00139   -0.00016    0.00032
  248   -0.00124   -0.00052   -0.00063
  249   -0.00224   -0.00058    0.00059
  250   -0.00099   -0.00036   -0.00113
  251   -0.00128   -0.00084    0.00236
  252   -0.00134   -0.00074    0.00323
  253   -0.00167   -0.00076    0.00374
  254   -0.00180   -0.00052    0.00421
  255   -0.00104   -0.00091    0.00466
  256   -0.00095   -0.00114    0.00451
  257   -0.00102   -0.00085    0.00606
  258   -0.00116    0.00015    0.00487
  259   -0.00185   -0.00097    0.00383
  260   -0.00248   -0.00089    0.00428
  261   -0.00319   -0.00065    0.00356
  262   -0.00349   -0.00072    0.00318
  263   -0.00355   -0.00066    0.00369
  264   -0.00504   -0.00016    0.00265
  265   -0.00599   -0.00018    0.00318
  266   -0.00682   -0.00010    0.00259
  267   -0.00544    0.00004    0.00195
  268   -0.00484    0.00004    0.00084
  269   -0.00503    0.00009    0.00010
  270   -0.00473    0.00006   -0.00017
  271   -0.00491   -0.00075    0.00468
  272   -0.00592   -0.00132    0.00524
  273   -0.00497   -0.00172    0.00521
  274   -0.00424   -0.00179    0.00504
  275   -0.00436   -0.00136    0.00677
  276   -0.00369   -0.00167    0.00729
  277   -0.00321   -0.00166    0.00661
  278   -0.00232   -0.00090    0.00722
  279   -0.00281   -0.00167    0.00594
  280   -0.00621   -0.00217    0.00524
  281   -0.00510   -0.00232    0.00593
  282   -0.00376   -0.00326    0.00645
  283   -0.00273   -0.00344    0.00599
  284   -0.00549   -0.00221    0.00633
  285   -0.00591   -0.00165    0.00494
  286   -0.00775   -0.00083    0.00352
  287   -0.00857   -0.00084    0.00428
  288   -0.00866   -0.00015    0.00147
  289   -0.00301   -0.00363    0.00770
  290   -0.00174   -0.00405    0.00859
  291   -0.00114   -0.00379    0.00795
  292   -0.00029   -0.00428    0.00834
  293   -0.00216   -0.00461    0.01061
  294   -0.00138   -0.00308    0.00713
  295   -0.00112   -0.00315    0.00620
  296   -0.00117   -0.00312    0.00485
  297   -0.00101   -0.00326    0.00453
  298   -0.00135   -0.00283    0.00553
  299   -0.00109   -0.00265    0.00652
  300   -0.00204   -0.00255    0.00467
  301   -0.00194   -0.00249    0.00363
  302   -0.00139   -0.00305    0.00380
  303   -0.00105   -0.00339    0.00292
  304   -0.00326   -0.00201    0.00313
  305   -0.00389   -0.00127    0.00259
  306   -0.00553   -0.00127    0.00174
  307   -0.00373   -0.00101    0.00192
  308   -0.00110   -0.00361    0.00435
  309    0.00006   -0.00411    0.00434
  310    0.00054   -0.00477    0.00469
  311    0.00125   -0.00531    0.00445
  312    0.00042   -0.00476    0.00488
  313    0.00096   -0.00537    0.00488
  314    0.00092   -0.00490    0.00352
  315    0.00108   -0.00493    0.00349
  316    0.00108   -0.00548    0.00560
  317    0.00048   -0.00488    0.00529
  318    0.00075   -0.00384    0.00315
  319    0.00084   -0.00351    0.00217
  320    0.00141   -0.00373    0.00167
  321    0.00133   -0.00379    0.00188
  322    0.00022   -0.00263    0.00160
  323    0.00045   -0.00216    0.00038
  324   -0.00005   -0.00229    0.00141
  325    0.00192   -0.00393    0.00152
  326    0.00244   -0.00447    0.00111
  327    0.00217   -0.00425    0.00041
  328    0.00152   -0.00356    0.00017
  329    0.00281   -0.00451    0.00087
  330    0.00253   -0.00437    0.00100
  331    0.00181   -0.00393    0.00116
  332    0.00252   -0.00491    0.00045
  333    0.00182   -0.00517    0.00027
  334    0.00280   -0.00539   -0.00048
  335    0.00339   -0.00652    0.00011
  336    0.00098   -0.00557    0.00152
  337    0.00242   -0.00491   -0.00143
  338    0.00120   -0.00402   -0.00185
  339    0.00090   -0.00339   -0.00211
  340    0.00156   -0.00339   -0.00235
  341    0.00135   -0.00346   -0.00284
  342    0.00251   -0.00407   -0.00318
  343    0.00327   -0.00501   -0.00228
  344   -0.00012   -0.00300   -0.00198
  345   -0.00040   -0.00242   -0.00233
  346   -0.00108   -0.00182   -0.00284
  347   -0.00222   -0.00131   -0.00298
  348   -0.00100   -0.00226   -0.00173
  349   -0.00052   -0.00143   -0.00341
  350   -0.00079   -0.00102   -0.00387
  351   -0.00126   -0.00057   -0.00397
  352   -0.00181   -0.00003   -0.00412
  353    0.00005   -0.00140   -0.00432
  354    0.00028   -0.00141   -0.00455
  355   -0.00119   -0.00054   -0.00387
  356   -0.00132   -0.00006   -0.00402
  357   -0.00126   -0.00011   -0.00379
  358   -0.00087   -0.00035   -0.00359
  359   -0.00084   -0.00021   -0.00428
  360   -0.00172    0.00009   -0.00375
  361   -0.00182    0.00011   -0.00354
  362   -0.00149    0.00044   -0.00385
  363   -0.00146    0.00073   -0.00397
  364   -0.00260    0.00010   -0.00332
  365   -0.00268   -0.00003   -0.00313
  366   -0.00213   -0.00023   -0.00274
  367   -0.00376   -0.00003   -0.00291
  368   -0.00104    0.00072   -0.00372
  369   -0.00062    0.00100   -0.00375
  370   -0.00070    0.00120   -0.00364
  371   -0.00089    0.00106   -0.00351
  372   -0.00015    0.00099   -0.00380
  373    0.00024    0.00091   -0.00404
  374    0.00007    0.00083   -0.00406
  375    0.00046    0.00107   -0.00379
  376   -0.00058    0.00153   -0.00387
  377   -0.00072    0.00156   -0.00388
  378    0.00020    0.00160   -0.00408
  379    0.00074    0.00175   -0.00413
  380   -0.00116    0.00150   -0.00378
  381   -0.00133    0.00138   -0.00378
  382   -0.00181    0.00074   -0.00330
  383   -0.00188    0.00180   -0.00378
  384    0.00059    0.00162   -0.00414
  385    0.00141    0.00184   -0.00417
  386    0.00120    0.00139   -0.00429
  387    0.00063    0.00077   -0.00431
  388    0.00180    0.00150   -0.00424
  389    0.00263    0.00116   -0.00434
  390    0.00324    0.00126   -0.00385
  391    0.00245    0.00036   -0.00490
  392    0.00176    0.00180   -0.00440
  393    0.00146    0.00149   -0.00440
  394    0.00243    0.00169   -0.00471
  395    0.00336    0.00262   -0.00466
  396    0.00059    0.00199   -0.00414
  397    0.00130    0.00310   -0.00422
  398    0.00167    0.00392   -0.00418
  399    0.00139    0.00330   -0.00410
  400    0.00234    0.00482   -0.00441
  401    0.00199    0.00381   -0.00444
  402    0.00252    0.00453   -0.00450
  403    0.00206    0.00092   -0.00498
  404    0.00266    0.00031   -0.00570
  405    0.00349    0.00240   -0.00539
  406    0.00245    0.00303   -0.00502
  407    0.00133   -0.00207   -0.00652
  408    0.00073   -0.00018   -0.00451
  409    0.00111    0.00022   -0.00454
  410    0.00499    0.00363   -0.00548
  411    0.00600    0.00619   -0.00530
  412    0.00628    0.00613   -0.00525
  413    0.00885    0.00630   -0.00567
  414    0.00861    0.00789   -0.00461
  415    0.00758    0.00882   -0.00569
  416    0.00608    0.00789   -0.00567
  417    0.01002    0.00752   -0.00539
  418    0.00449    0.00559   -0.00501
  419    0.00416    0.00533   -0.00552
  420    0.00431    0.00929   -0.00559
  421    0.00406    0.00995   -0.00532
  422    0.00269    0.00419   -0.00525
  423    0.00213    0.00553   -0.00449
  424    0.00233    0.00080   -0.00550
  425    0.00434    0.01002   -0.00583
  426    0.00417    0.01220   -0.00593
  427    0.00304    0.01239   -0.00449
  428    0.00248    0.01385   -0.00464
  429    0.00391    0.01439   -0.00698
  430    0.00291    0.01098   -0.00378
  431    0.00234    0.01097   -0.00270
  432    0.00212    0.01042   -0.00270
  433    0.00227    0.01125   -0.00217
  434    0.00167    0.00962   -0.00237
  435    0.00086    0.00932   -0.00144
  436    0.00070    0.01106   -0.00030
  437    0.00121    0.01281    0.00035
  438    0.00120    0.01119    0.00023
  439    0.00214    0.00930   -0.00350
  440    0.00196    0.00903   -0.00376
  441    0.00223    0.01004   -0.00418
  442    0.00214    0.01007   -0.00385
  443    0.00223    0.00776   -0.00437
  444    0.00235    0.00718   -0.00420
  445    0.00311    0.00707   -0.00486
  446    0.00179    0.00711   -0.00386
  447    0.00307    0.00640   -0.00471
  448    0.00259    0.00626   -0.00419
  449    0.00227    0.01074   -0.00499
  450    0.00210    0.01092   -0.00538
  451    0.00157    0.01218   -0.00507
  452    0.00113    0.01154   -0.00524
  453    0.00263    0.01152   -0.00627
  454    0.00281    0.01075   -0.00636
  455    0.00372    0.00986   -0.00600
  456    0.00360    0.00885   -0.00587
  457    0.00467    0.01010   -0.00653
  458    0.00168    0.01353   -0.00433
  459    0.00171    0.01444   -0.00327
  460    0.00243    0.01310   -0.00266
  461    0.00304    0.01267   -0.00262
  462    0.00205    0.01591   -0.00189
  463    0.00133    0.01916   -0.00220
  464    0.00097    0.02010   -0.00386
  465    0.00125    0.02102   -0.00125
  466    0.00292    0.01211   -0.00258
  467    0.00360    0.01098   -0.00216
  468    0.00374    0.01024   -0.00286
  469    0.00486    0.00899   -0.00306
  470    0.00299    0.01051   -0.00198
  471    0.00283    0.00956   -0.00208
  472    0.00343    0.00877   -0.00162
  473    0.00228    0.00921   -0.00293
  474    0.00276    0.00814   -0.00227
  475    0.00171    0.00843   -0.00337
  476    0.00177    0.00820   -0.00319
  477    0.00268    0.00989   -0.00324
  478    0.00262    0.00787   -0.00317
  479    0.00257    0.00656   -0.00336
  480    0.00329    0.00461   -0.00363
  481    0.00217    0.00739   -0.00350
  482    0.00267    0.00687   -0.00375
  483    0.00231    0.00569   -0.00385
  484    0.00217    0.00516   -0.00435
  485    0.00156    0.00425   -0.00462
  486    0.00109    0.00419   -0.00458
  487    0.00116    0.00389   -0.00476
  488    0.00195    0.00728   -0.00364
  489    0.00165    0.00536   -0.00397
  490    0.00350    0.00366   -0.00413
  491    0.00370    0.00019   -0.00422
  492    0.00062    0.00708   -0.00488
  493    0.00500    0.00545   -0.00443
  494    0.00761    0.00325   -0.00535
  495    0.00825    0.00242   -0.00623
  496    0.00985   -0.00004   -0.00751
  497    0.00933    0.00548   -0.00488
  498    0.00705    0.00434   -0.00564
  499    0.00643    0.00447   -0.00558
  500    0.00624    0.00218   -0.00628
  501    0.00691    0.00135   -0.00715
  502    0.00541    0.00617   -0.00519
  503    0.00437    0.00615   -0.00600
  504    0.00290    0.00605   -0.00545
  505    0.00272    0.00601   -0.00474
  506    0.00137    0.00601   -0.00553
  507    0.00477    0.00132   -0.00470
  508    0.00389   -0.00059   -0.00375
  509    0.00627   -0.00328   -0.00485
  510    0.00672   -0.00376   -0.00439
  511    0.00294   -0.00146   -0.00292
  512    0.00140    0.00058   -0.00217
  513    0.00242   -0.00379   -0.00240
  514    0.00103    0.00091   -0.00171
  515    0.00750   -0.00475   -0.00573
  516    0.01062   -0.00963   -0.00644
  517    0.01383   -0.00962   -0.00912
  518    0.01630   -0.01425   -0.01011
  519    0.01235   -0.01201   -0.00720
  520    0.01186   -0.01683   -0.00415
  521    0.00552   -0.01116   -0.00415
  522    0.00356   -0.00852   -0.00337
  523    0.00569   -0.01327   -0.00306
  524    0.01347   -0.00574   -0.01054
  525    0.01552   -0.00482   -0.01405
  526    0.01336   -0.00397   -0.01342
  527    0.01541   -0.00511   -0.01720
  528    0.01460   -0.00133   -0.01412
  529    0.00961   -0.00227   -0.00943
  530    0.00714   -0.00141   -0.00790
  531    0.00775   -0.00355   -0.00698
  532    0.00575   -0.00163   -0.00607
  533    0.00469    0.00050   -0.00600
  534    0.00269    0.00231   -0.00643
  535    0.00495    0.00316   -0.00760
  536    0.00170    0.00283   -0.00508
  537    0.01007   -0.00700   -0.00657
  538    0.01107   -0.01081   -0.00415
  539    0.00860   -0.00608   -0.00079
  540    0.00707   -0.00324    0.00067
  541    0.01597   -0.01802   -0.00907
  542    0.00894   -0.00629   -0.00020
  543    0.00628    0.00169    0.00329
  544    0.00200    0.00596    0.00093
  545   -0.00636    0.02901    0.00680
  546    0.00059    0.00493   -0.00101
  547   -0.00335    0.00693   -0.00183
  548   -0.00398    0.00920    0.00014
  549   -0.00242    0.00830    0.00111
  550   -0.00373    0.00584   -0.00354
  551   -0.00132    0.00415   -0.00305
  552   -0.00262    0.00466   -0.00359
  553   -0.00213    0.00465   -0.00303
  554   -0.00368    0.00427   -0.00511
  555   -0.00660    0.01178    0.00026
  556   -0.00676    0.01280    0.00119
  557   -0.00641    0.01015    0.00009
  558   -0.00702    0.00896   -0.00116
  559   -0.00904    0.01339    0.00166
  560   -0.00923    0.01300    0.00129
  561   -0.00812    0.01409    0.00243
  562   -0.00726    0.01764    0.00576
  563   -0.00808    0.01231    0.00122
  564   -0.00535    0.01035    0.00062
  565   -0.00495    0.00926   -0.00042
  566   -0.00526    0.01013   -0.00023
  567   -0.00477    0.01161    0.00053
  568   -0.00350    0.00844   -0.00044
  569   -0.00313    0.00663   -0.00108
  570   -0.00295    0.00675   -0.00075
  571   -0.00602    0.00907   -0.00116
  572   -0.00688    0.00944   -0.00128
  573   -0.00585    0.00936   -0.00117
  574   -0.00505    0.00778   -0.00143
  575   -0.00771    0.00884   -0.00182
  576   -0.00842    0.00964   -0.00151
  577   -0.00556    0.01029   -0.00094
  578   -0.00529    0.00826   -0.00131
  579   -0.00493    0.00724   -0.00155
  580   -0.00280    0.00373   -0.00068
  581   -0.00563    0.01060   -0.00056
  582   -0.00542    0.01471    0.00133
  583   -0.00642    0.01155   -0.00060
  584   -0.00563    0.00811   -0.00161
  585   -0.00510    0.00755   -0.00166
  586   -0.00409    0.00574   -0.00187
  587   -0.00254    0.00404   -0.00201
  588   -0.00629    0.01066   -0.00148
  589   -0.00696    0.01351   -0.00072
  590   -0.00736    0.01513   -0.00224
  591   -0.00593    0.01668   -0.00267
  592   -0.00761    0.01752   -0.00328
  593   -0.00392    0.00524   -0.00216
  594   -0.00282    0.00383   -0.00232
  595   -0.00068    0.00273   -0.00189
  596   -0.00039    0.00248   -0.00138
  597   -0.00325    0.00443   -0.00244
  598   -0.00235    0.00344   -0.00249
  599   -0.00450    0.00565   -0.00250
  600   -0.00039    0.00219   -0.00190
  601    0.00091   -0.00023   -0.00070
  602    0.00047    0.00066   -0.00158
  603    0.00007    0.00067   -0.00229
  604    0.00053   -0.00079   -0.00103
  605   -0.00038   -0.00147   -0.00048
  606   -0.00052   -0.00183   -0.00102
  607   -0.00136   -0.00312    0.00068
  608   -0.00131   -0.00220   -0.00096
  609   -0.00217   -0.00388    0.00098
  610   -0.00225   -0.00361    0.00003
  611   -0.00288   -0.00384    0.00001
  612    0.00092    0.00027   -0.00117
  613    0.00081    0.00038   -0.00159
  614    0.00093   -0.00043   -0.00077
  615    0.00079   -0.00103    0.00009
  616    0.00125    0.00065   -0.00127
  617    0.00163    0.00069   -0.00125
  618    0.00132    0.00118   -0.00187
  619    0.00211    0.00019   -0.00094
  620    0.00148    0.00099   -0.00210
  621    0.00230    0.00041   -0.00122
  622    0.00218    0.00056   -0.00188
  623    0.00082   -0.00031   -0.00128
  624    0.00059   -0.00082   -0.00108
  625    0.00108   -0.00041   -0.00158
  626    0.00131   -0.00006   -0.00222
  627    0.00002   -0.00131   -0.00134
  628   -0.00034   -0.00202   -0.00109
  629   -0.00065   -0.00183   -0.00157
  630   -0.00082   -0.00186   -0.00201
  631    0.00123   -0.00093   -0.00126
  632    0.00160   -0.00074   -0.00173
  633    0.00135   -0.00121   -0.00207
  634    0.00107   -0.00160   -0.00187
  635    0.00202   -0.00110   -0.00117
  636    0.00268   -0.00065   -0.00088
  637    0.00321   -0.00051   -0.00013
  638    0.00341   -0.00008   -0.00048
  639    0.00391    0.00022   -0.00086
  640    0.00173   -0.00084   -0.00260
  641    0.00169   -0.00096   -0.00282
  642    0.00180   -0.00134   -0.00226
  643    0.00186   -0.00123   -0.00206
  644    0.00178   -0.00074   -0.00354
  645    0.00187   -0.00087   -0.00342
  646    0.00228   -0.00085   -0.00368
  647    0.00247   -0.00074   -0.00384
  648    0.00219   -0.00159   -0.00332
  649    0.00176   -0.00174   -0.00212
  650    0.00165   -0.00208   -0.00154
  651    0.00109   -0.00376   -0.00109
  652    0.00106   -0.00469   -0.00075
  653    0.00155   -0.00245   -0.00097
  654    0.00102   -0.00274   -0.00099
  655    0.00165   -0.00236   -0.00084
  656    0.00130   -0.00348   -0.00140
  657    0.00188   -0.00469   -0.00086
  658    0.00193   -0.00495   -0.00076
  659    0.00208   -0.00363   -0.00127
  660    0.00200   -0.00384   -0.00007
  661    0.00131   -0.00355   -0.00091
  662    0.00224   -0.00457    0.00137
  663    0.00068   -0.00339    0.00004
  664    0.00253   -0.00679    0.00045
  665    0.00476   -0.00892    0.00104
  666    0.00583   -0.00810    0.00169
  667    0.00497   -0.00742    0.00236
  668    0.00722   -0.00712    0.00181
  669    0.00693   -0.00509    0.00191
  670    0.00532   -0.00421    0.00129
  671    0.00508   -0.00387    0.00158
  672    0.00678   -0.00700    0.00388
  673    0.00842   -0.00753    0.00295
  674    0.01067   -0.00757    0.00240
  675    0.00808   -0.00765    0.00368
  676    0.00441   -0.00315   -0.00042
  677    0.00375   -0.00244   -0.00025
  678    0.00303   -0.00117   -0.00197
  679    0.00243   -0.00114   -0.00178
  680    0.00266   -0.00273   -0.00037
  681    0.00225   -0.00222   -0.00168
  682    0.00317   -0.00101   -0.00258
  683    0.00300   -0.00047   -0.00335
  684    0.00279   -0.00005   -0.00338
  685    0.00237    0.00033   -0.00359
  686    0.00375    0.00008   -0.00382
  687    0.00621    0.00069   -0.00177
  688    0.00331    0.00033   -0.00283
  689    0.00272    0.00071   -0.00248
  690    0.00193    0.00005   -0.00233
  691    0.00137    0.00036   -0.00264
  692    0.00203   -0.00048   -0.00133
  693    0.00096   -0.00099   -0.00141
  694    0.00073   -0.00087   -0.00240
  695    0.00020   -0.00078   -0.00224
  696    0.00068   -0.00143   -0.00067
  697    0.00083   -0.00139    0.00030
  698   -0.00049   -0.00195   -0.00073
  699    0.00107   -0.00068   -0.00256
  700    0.00098   -0.00017   -0.00306
  701    0.00081    0.00015   -0.00354
  702    0.00049    0.00019   -0.00352
  703    0.00143   -0.00001   -0.00330
  704    0.00149   -0.00059   -0.00298
  705    0.00107   -0.00095   -0.00276
  706    0.00110   -0.00052   -0.00295
  707    0.00108    0.00042   -0.00373
  708    0.00075    0.00068   -0.00389
  709    0.00030    0.00043   -0.00378
  710    0.00002    0.00047   -0.00397
  711    0.00004    0.00029   -0.00340
  712   -0.00046   -0.00038   -0.00329
  713   -0.00067   -0.00072   -0.00329
  714   -0.00079   -0.00092   -0.00353
  715   -0.00053   -0.00020   -0.00271
  716   -0.00059    0.00002   -0.00257
  717   -0.00009    0.00032   -0.00263
  718   -0.00112    0.00001   -0.00222
  719   -0.00074   -0.00099   -0.00292
  720   -0.00084   -0.00118   -0.00295
  721   -0.00061   -0.00085   -0.00339
  722   -0.00090   -0.00128   -0.00352
  723   -0.00091   -0.00149   -0.00271
  724   -0.00162   -0.00206   -0.00234
  725   -0.00130   -0.00186   -0.00225
  726   -0.00167   -0.00239   -0.00222
  727   -0.00032   -0.00016   -0.00350
  728   -0.00044   -0.00001   -0.00363
  729   -0.00070    0.00004   -0.00395
  730   -0.00083    0.00022   -0.00394
  731   -0.00016    0.00062   -0.00373
  732    0.00015    0.00077   -0.00346
  733    0.00063    0.00065   -0.00349
  734    0.00013    0.00047   -0.00314
  735    0.00080    0.00082   -0.00306
  736    0.00061    0.00054   -0.00283
  737   -0.00058    0.00004   -0.00430
  738   -0.00063    0.00002   -0.00436
  739   -0.00071   -0.00062   -0.00433
  740   -0.00060   -0.00092   -0.00456
  741   -0.00061   -0.00001   -0.00439
  742   -0.00087   -0.00129   -0.00390
  743   -0.00106   -0.00221   -0.00411
  744   -0.00129   -0.00289   -0.00414
  745   -0.00154   -0.00323   -0.00425
  746   -0.00157   -0.00301   -0.00371
  747   -0.00170   -0.00428   -0.00382
  748   -0.00137   -0.00259   -0.00372
  749   -0.00112   -0.00279   -0.00362
  750   -0.00115   -0.00318   -0.00332
  751   -0.00089   -0.00202   -0.00419
  752   -0.00121   -0.00235   -0.00403
  753   -0.00118   -0.00205   -0.00274
  754   -0.00074   -0.00104   -0.00419
  755   -0.00130   -0.00022   -0.00443
  756   -0.00148   -0.00064   -0.00469
  757   -0.00195    0.00028   -0.00461
  758   -0.00151    0.00071   -0.00408
  759   -0.00176    0.00167   -0.00328
  760   -0.00210    0.00262   -0.00309
  761   -0.00132    0.00131   -0.00327
  762   -0.00101   -0.00151   -0.00487
  763   -0.00020   -0.00188   -0.00554
  764   -0.00029   -0.00382   -0.00543
  765   -0.00018   -0.00418   -0.00527
  766   -0.00010   -0.00154   -0.00527
  767   -0.00031   -0.00088   -0.00497
  768   -0.00052   -0.00080   -0.00486
  769   -0.00054   -0.00047   -0.00478
  770   -0.00071   -0.00466   -0.00540
  771   -0.00134   -0.00583   -0.00507
  772   -0.00026   -0.00593   -0.00575
  773   -0.00062   -0.00639   -0.00606
  774   -0.00215   -0.00664   -0.00501
  775   -0.00261   -0.00687   -0.00415
  776   -0.00337   -0.00775   -0.00348
  777   -0.00425   -0.00904   -0.00236
  778   -0.00332   -0.00753   -0.00265
  779    0.00031   -0.00562   -0.00608
  780    0.00096   -0.00536   -0.00682
  781    0.00115   -0.00508   -0.00679
  782    0.00202   -0.00550   -0.00747
  783    0.00026   -0.00397   -0.00767
  784   -0.00019   -0.00318   -0.00682
  785   -0.00080   -0.00281   -0.00691
  786   -0.00034   -0.00262   -0.00627
  787    0.00077   -0.00447   -0.00619
  788    0.00142   -0.00469   -0.00638
  789    0.00161   -0.00552   -0.00600
  790    0.00205   -0.00574   -0.00649
  791    0.00138   -0.00375   -0.00602
  792    0.00135   -0.00333   -0.00641
  793    0.00081   -0.00246   -0.00598
  794    0.00021   -0.00193   -0.00601
  795   -0.00102   -0.00091   -0.00523
  796    0.00096   -0.00541   -0.00533
  797    0.00087   -0.00543   -0.00550
  798    0.00053   -0.00624   -0.00532
  799   -0.00003   -0.00688   -0.00562
  800    0.00038   -0.00494   -0.00483
  801    0.00034   -0.00405   -0.00494
  802    0.00052   -0.00378   -0.00508
  803   -0.00005   -0.00354   -0.00454
  804    0.00070   -0.00638   -0.00538
  805    0.00008   -0.00791   -0.00533
  806   -0.00087   -0.00769   -0.00426
  807   -0.00086   -0.00676   -0.00361
  808   -0.00235   -0.00981   -0.00330
  809   -0.00400   -0.00993   -0.00225
  810   -0.00612   -0.01120   -0.00268
  811   -0.00634   -0.01290   -0.00303
  812   -0.00488   -0.01078   -0.00219
  813   -0.00398   -0.00931   -0.00239
  814   -0.00383   -0.00799   -0.00213
  815   -0.00347   -0.00983   -0.00249
  816   -0.00349   -0.00666   -0.00275
  817   -0.00322   -0.00841   -0.00313
  818   -0.00328   -0.00730   -0.00300
  819   -0.00723   -0.00984   -0.00233
  820   -0.00992   -0.01061   -0.00299
  821   -0.01249   -0.01347   -0.00333
  822   -0.01159   -0.01402   -0.00247
  823   -0.01094   -0.00810   -0.00208
  824   -0.01241   -0.00775   -0.00249
  825   -0.01368   -0.00584   -0.00194
  826   -0.01445   -0.00492   -0.00173
  827   -0.01383   -0.00580   -0.00238
  828   -0.01650   -0.01579   -0.00377
  829   -0.02039   -0.01971   -0.00407
  830   -0.02212   -0.01818   -0.00480
  831   -0.02380   -0.01701   -0.00550
  832   -0.02947   -0.02847   -0.00493
  833   -0.01867   -0.01736   -0.00462
  834   -0.01891   -0.01591   -0.00500
  835   -0.01585   -0.01251   -0.00472
  836   -0.01648   -0.01129   -0.00483
  837   -0.01304   -0.01169   -0.00341
  838   -0.01103   -0.00983   -0.00314
  839   -0.01096   -0.00919   -0.00299
  840   -0.01048   -0.01037   -0.00260
  841   -0.00890   -0.00963   -0.00250
  842   -0.00769   -0.00833   -0.00243
  843   -0.01082   -0.00784   -0.00264
  844   -0.01035   -0.00754   -0.00247
  845   -0.00901   -0.00687   -0.00220
  846   -0.00890   -0.00713   -0.00201
  847   -0.00998   -0.00668   -0.00168
  848   -0.00846   -0.00653   -0.00151
  849   -0.01136   -0.00744   -0.00173
  850   -0.00806   -0.00624   -0.00222
  851   -0.00703   -0.00591   -0.00202
  852   -0.00698   -0.00726   -0.00189
  853   -0.00661   -0.00740   -0.00159
  854   -0.00582   -0.00505   -0.00224
  855   -0.00472   -0.00464   -0.00227
  856   -0.00432   -0.00409   -0.00200
  857   -0.00376   -0.00362   -0.00254
  858   -0.00717   -0.00892   -0.00188
  859   -0.00672   -0.01061   -0.00121
  860   -0.00744   -0.01190   -0.00129
  861   -0.00727   -0.01233   -0.00081
  862   -0.00740   -0.01273   -0.00146
  863   -0.00703   -0.01467   -0.00097
  864   -0.00879   -0.01847   -0.00152
  865   -0.00901   -0.01837   -0.00141
  866   -0.01147   -0.02334   -0.00177
  867   -0.00878   -0.01194   -0.00183
  868   -0.00949   -0.01274   -0.00222
  869   -0.00843   -0.01089   -0.00185
  870   -0.00852   -0.01167   -0.00178
  871   -0.01120   -0.01279   -0.00327
  872   -0.01319   -0.01496   -0.00510
  873   -0.01516   -0.01968   -0.00695
  874   -0.01442   -0.02200   -0.00632
  875   -0.02297   -0.02590   -0.01231
  876   -0.00804   -0.00937   -0.00187
  877   -0.00693   -0.00761   -0.00121
  878   -0.00625   -0.00807   -0.00057
  879   -0.00565   -0.00782   -0.00003
  880   -0.00670   -0.00591   -0.00138
  881   -0.00564   -0.00506   -0.00120
  882   -0.00556   -0.00504   -0.00142
  883   -0.00463   -0.00472   -0.00096
  884   -0.00443   -0.00457   -0.00140
  885   -0.00362   -0.00396   -0.00123
  886   -0.00378   -0.00412   -0.00134
  887   -0.00619   -0.00849   -0.00086
  888   -0.00530   -0.00888   -0.00034
  889   -0.00563   -0.01079    0.00014
  890   -0.00534   -0.01120    0.00112
  891   -0.00517   -0.00843   -0.00035
  892   -0.00485   -0.00652   -0.00114
  893   -0.00391   -0.00600   -0.00231
  894   -0.00379   -0.00478   -0.00141
  895   -0.00650   -0.01185   -0.00004
  896   -0.00671   -0.01431    0.00084
  897   -0.00704   -0.01358    0.00073
  898   -0.00714   -0.01452    0.00143
  899   -0.00785   -0.01622   -0.00015
  900   -0.00862   -0.01888   -0.00032
  901   -0.00734   -0.01220   -0.00005
  902   -0.00752   -0.01144   -0.00014
  903   -0.00615   -0.00983    0.00123
  904   -0.00582   -0.00968    0.00167
  905   -0.00752   -0.01059   -0.00068
  906   -0.00951   -0.01253   -0.00222
  907   -0.00948   -0.01139   -0.00313
  908   -0.00819   -0.00962   -0.00223
  909   -0.01219   -0.01285   -0.00532
  910   -0.00556   -0.00870    0.00152
  911   -0.00459   -0.00737    0.00215
  912   -0.00435   -0.00758    0.00297
  913   -0.00371   -0.00605    0.00334
  914   -0.00446   -0.00567    0.00141
  915   -0.00446   -0.00581    0.00093
  916   -0.00432   -0.00560    0.00074
  917   -0.00422   -0.00951    0.00321
  918   -0.00482   -0.00855    0.00384
  919   -0.00477   -0.00691    0.00569
  920   -0.00431   -0.00432    0.00578
  921   -0.00452   -0.01214    0.00458
  922   -0.00539   -0.00891    0.00417
  923   -0.00398   -0.01514    0.00583
  924   -0.00339   -0.01936    0.00719
  925   -0.00424   -0.01516    0.00574
  926   -0.00386   -0.00916    0.00626
  927   -0.00269   -0.00965    0.00738
  928   -0.00202   -0.00855    0.00696
  929   -0.00112   -0.00907    0.00792
  930   -0.00316   -0.01140    0.00876
  931   -0.00241   -0.00705    0.00559
  932   -0.00155   -0.00687    0.00507
  933   -0.00040   -0.00598    0.00489
  934   -0.00033   -0.00512    0.00494
  935   -0.00205   -0.00622    0.00400
  936   -0.00285   -0.00674    0.00408
  937   -0.00295   -0.00612    0.00275
  938   -0.00363   -0.00724    0.00261
  939    0.00020   -0.00592    0.00484
  940    0.00113   -0.00531    0.00446
  941    0.00080   -0.00443    0.00311
  942    0.00009   -0.00434    0.00275
  943    0.00205   -0.00575    0.00515
  944    0.00161   -0.00560    0.00486
  945    0.00141   -0.00347    0.00248
  946    0.00127   -0.00252    0.00129
  947    0.00123   -0.00298    0.00132
  948    0.00092   -0.00274    0.00078
  949    0.00191   -0.00177    0.00089
  950    0.00180   -0.00202    0.00125
  951    0.00180   -0.00314    0.00249
  952    0.00163   -0.00322    0.00206
  953    0.00183   -0.00327    0.00187
  954    0.00095   -0.00351    0.00185
  955    0.00060   -0.00341    0.00134
  956    0.00273   -0.00351    0.00244
  957    0.00359   -0.00288    0.00231
  958    0.00355   -0.00246    0.00238
  959    0.00403   -0.00137    0.00212
  960    0.00326   -0.00308    0.00289
  961    0.00056   -0.00397    0.00249
  962   -0.00026   -0.00418    0.00245
  963   -0.00111   -0.00410    0.00165
  964   -0.00160   -0.00447    0.00121
  965   -0.00050   -0.00483    0.00332
  966    0.00022   -0.00534    0.00409
  967    0.00093   -0.00504    0.00397
  968    0.00005   -0.00635    0.00510
  969   -0.00114   -0.00383    0.00156
  970   -0.00171   -0.00363    0.00092
  971   -0.00144   -0.00339    0.00016
  972   -0.00190   -0.00378   -0.00023
  973   -0.00162   -0.00328    0.00093
  974   -0.00205   -0.00384    0.00166
  975   -0.00155   -0.00368    0.00173
  976   -0.00167   -0.00400    0.00287
  977   -0.00082   -0.00293    0.00320
  978    0.00040   -0.00174    0.00191
  979   -0.00110   -0.00288    0.00419
  980   -0.00067   -0.00308    0.00013
  981   -0.00021   -0.00307   -0.00047
  982   -0.00047   -0.00341   -0.00015
  983   -0.00058   -0.00357   -0.00050
  984    0.00051   -0.00262   -0.00029
  985   -0.00045   -0.00373    0.00021
  986   -0.00054   -0.00408    0.00038
  987   -0.00122   -0.00461    0.00013
  988   -0.00141   -0.00458    0.00001
  989   -0.00048   -0.00440    0.00101
  990    0.00040   -0.00402    0.00130
  991    0.00081   -0.00449    0.00204
  992    0.00197   -0.00433    0.00244
  993    0.00222   -0.00396    0.00239
  994   -0.00179   -0.00474   -0.00001
  995   -0.00273   -0.00525   -0.00062
  996   -0.00258   -0.00496   -0.00084
  997   -0.00327   -0.00532   -0.00119
  998   -0.00334   -0.00518   -0.00050
  999   -0.00310   -0.00588    0.00033
 1000   -0.00219   -0.00444   -0.00082
 1001   -0.00199   -0.00433   -0.00086
 1002   -0.00177   -0.00459   -0.00053
 1003   -0.00189   -0.00484   -0.00031
 1004   -0.00136   -0.00372   -0.00102
 1005   -0.00108   -0.00348   -0.00107
 1006   -0.00175   -0.00390   -0.00118
 1007   -0.00011   -0.00298   -0.00088
 1008   -0.00117   -0.00357   -0.00086
 1009    0.00029   -0.00270   -0.00060
 1010   -0.00034   -0.00301   -0.00062
 1011   -0.00129   -0.00445   -0.00056
 1012   -0.00120   -0.00451   -0.00043
 1013   -0.00173   -0.00479   -0.00024
 1014   -0.00100   -0.00476    0.00012
 1015   -0.00071   -0.00429   -0.00045
 1016   -0.00003   -0.00372   -0.00073
 1017    0.00010   -0.00394   -0.00070
 1018    0.00042   -0.00375   -0.00061
 1019    0.00014   -0.00403   -0.00093
 1020   -0.00242   -0.00521   -0.00040
 1021   -0.00330   -0.00554   -0.00053
 1022   -0.00396   -0.00589   -0.00100
 1023   -0.00477   -0.00646   -0.00138
 1024   -0.00367   -0.00603   -0.00068
 1025   -0.00322   -0.00578   -0.00014
 1026   -0.00314   -0.00600    0.00027
 1027   -0.00307   -0.00616    0.00019
 1028   -0.00523   -0.00839   -0.00234
 1029   -0.00370   -0.00577   -0.00089
 1030   -0.00400   -0.00610   -0.00112
 1031   -0.00389   -0.00600   -0.00087
 1032   -0.00355   -0.00569   -0.00046
 1033   -0.00455   -0.00583   -0.00150
 1034   -0.00540   -0.00635   -0.00174
 1035   -0.00493   -0.00646   -0.00149
 1036   -0.00568   -0.00662   -0.00147
 1037   -0.00451   -0.00584   -0.00126
 1038   -0.00519   -0.00561   -0.00107
 1039   -0.00488   -0.00593   -0.00098
 1040   -0.00424   -0.00583   -0.00001
 1041   -0.00648   -0.00605   -0.00225
 1042   -0.00723   -0.00612   -0.00308
 1043   -0.00827   -0.00501   -0.00302
 1044   -0.00396   -0.00562    0.00107
 1045   -0.01539   -0.00324   -0.00910
 1046   -0.00479   -0.00670   -0.00110
 1047   -0.00503   -0.00688   -0.00056
 1048   -0.00480   -0.00630    0.00027
 1049   -0.00444   -0.00609    0.00095
 1050   -0.00538   -0.00755   -0.00085
 1051   -0.00398   -0.00569   -0.00076
 1052   -0.00349   -0.00495   -0.00028
 1053   -0.00289   -0.00434    0.00033
 1054   -0.00305   -0.00363    0.00055
 1055   -0.00336   -0.00466   -0.00103
 1056   -0.00515   -0.00464   -0.00181
 1057   -0.00283   -0.00356   -0.00102
 1058   -0.00504   -0.00484   -0.00185
 1059   -0.00238   -0.00454    0.00069
 1060   -0.00220   -0.00404    0.00176
 1061   -0.00253   -0.00448    0.00328
 1062   -0.00214   -0.00395    0.00418
 1063   -0.00185   -0.00404    0.00272
 1064   -0.00115   -0.00367    0.00228
 1065   -0.00084   -0.00341    0.00222
 1066   -0.00051   -0.00346    0.00247
 1067   -0.00099   -0.00432    0.00121
 1068   -0.00357   -0.00458    0.00287
 1069   -0.00397   -0.00433    0.00431
 1070   -0.00341   -0.00358    0.00408
 1071   -0.00254   -0.00247    0.00593
 1072   -0.00453   -0.00450    0.00379
 1073   -0.00377   -0.00399    0.00310
 1074   -0.00358   -0.00342    0.00315
 1075   -0.00240   -0.00218    0.00303
 1076   -0.00225   -0.00119    0.00336
 1077   -0.00419   -0.00371    0.00228
 1078   -0.00152   -0.00233    0.00318
 1079   -0.00018   -0.00133    0.00309
 1080   -0.00053   -0.00134    0.00385
 1081    0.00003   -0.00042    0.00389
 1082    0.00028   -0.00173    0.00306
 1083    0.00151   -0.00165    0.00262
 1084    0.00195   -0.00135    0.00177
 1085    0.00198   -0.00171    0.00367
 1086    0.00309   -0.00137    0.00210
 1087    0.00283   -0.00153    0.00280
 1088   -0.00091   -0.00188    0.00527
 1089   -0.00137   -0.00202    0.00569
 1090   -0.00171   -0.00083    0.00610
 1091   -0.00195   -0.00034    0.00623
 1092   -0.00183   -0.00299    0.00677
 1093   -0.00127   -0.00313    0.00602
 1094   -0.00183   -0.00446    0.00677
 1095    0.00023   -0.00318    0.00560
 1096   -0.00178   -0.00080    0.00597
 1097   -0.00213   -0.00013    0.00659
 1098   -0.00207    0.00110    0.00616
 1099   -0.00266    0.00175    0.00677
 1100   -0.00219   -0.00030    0.00656
 1101   -0.00144    0.00107    0.00514
 1102   -0.00119    0.00196    0.00435
 1103   -0.00045    0.00200    0.00397
 1104   -0.00027    0.00278    0.00404
 1105   -0.00126    0.00175    0.00314
 1106   -0.00140    0.00260    0.00250
 1107   -0.00283    0.00136    0.00305
 1108    0.00025    0.00115    0.00412
 1109    0.00208    0.00058    0.00519
 1110    0.00233    0.00076    0.00652
 1111    0.00312    0.00147    0.00619
 1112    0.00258   -0.00037    0.00495
 1113    0.00114    0.00078    0.00734
 1114    0.00122    0.00074    0.00862
 1115    0.00110    0.00217    0.00949
 1116    0.00201    0.00197    0.01152
 1117   -0.00013    0.00048    0.00920
 1118   -0.00025    0.00015    0.01214
 1119   -0.00213    0.00110    0.01386
 1120   -0.00205    0.00263    0.01619
 1121   -0.00277    0.00051    0.01381
 1122    0.00048    0.00372    0.00863
 1123    0.00027    0.00542    0.00851
 1124    0.00053    0.00536    0.00630
 1125   -0.00041    0.00623    0.00544
 1126   -0.00225    0.00488    0.00703
 1127   -0.00358    0.00726    0.00762
 1128   -0.00421    0.00799    0.00626
 1129   -0.00388    0.00766    0.00527
 1130   -0.00522    0.01162    0.00700
 1131    0.00200    0.00452    0.00693
 1132    0.00212    0.00453    0.00442
 1133    0.00233    0.00510    0.00375
 1134    0.00092    0.00679    0.00253
 1135    0.00400    0.00464    0.00492
 1136    0.00464    0.00455    0.00298
 1137    0.00655    0.00170    0.00572
 1138    0.00789   -0.00041    0.00739
 1139    0.00607    0.00225   -0.00223
 1140    0.00788    0.00058   -0.00115
 1141    0.00646    0.00152   -0.00035
 1142    0.00540    0.00181   -0.00218
 1143    0.00735    0.00172    0.00280
 1144    0.00800    0.00091    0.00516
 1145    0.00822   -0.00357    0.02211
 1146    0.02279   -0.00890    0.00744
 1147    0.02674   -0.01422    0.00650
 1148    0.00472   -0.00107    0.01591
 1149   -0.00156    0.00138    0.02415
 1150    0.02151   -0.00724   -0.00132
 1151    0.02375   -0.01041   -0.01452
 1152    0.03944   -0.01957   -0.00933
 1153    0.06467   -0.03156    0.00283
 1154    0.01624   -0.00803   -0.02191
 1155    0.01058   -0.00350   -0.02601
 1156    0.00821   -0.00341   -0.01972
 1157    0.00646   -0.00078   -0.01489
 1158    0.00504   -0.00031   -0.01123
 1159    0.00564   -0.00054   -0.01049
 1160    0.00344    0.00146   -0.00822
 1161    0.04077   -0.02541   -0.02222
 1162    0.06348   -0.03976   -0.01946
 1163    0.05205   -0.04227   -0.02172
 1164    0.07216   -0.07290   -0.02897
 1165    0.14865   -0.13727   -0.06287
 1166    0.13438   -0.17232   -0.08005
 1167    0.50051   -0.45360   -0.07281
 1168    0.03710   -0.03082   -0.02163
 1169    0.02865   -0.02616   -0.02304
 1170    0.04260   -0.02771   -0.01645
 1171    0.04446   -0.03510   -0.01956
 1172    0.01997   -0.01830   -0.01969
 1173    0.02230   -0.01045   -0.01141
 1174    0.02762   -0.00774   -0.00458
 1175    0.01686   -0.00818   -0.01051
 1176    0.05644   -0.02815   -0.01009
 1177    0.08002   -0.03735   -0.00356
 1178    0.06951   -0.02890   -0.00390
 1179    0.05238   -0.01448   -0.00189
 1180    0.12222   -0.07835   -0.00750
 1181    0.07971   -0.04348   -0.00651
 1182    0.07679   -0.04579    0.00223
 1183    0.05217   -0.02871   -0.00544
 1184    0.04840   -0.02117   -0.00154
 1185    0.10441   -0.07905   -0.00212
 1186    0.10028   -0.09198   -0.03000
 1187    0.08652   -0.07007   -0.02576
 1188    0.08934   -0.07444   -0.04921
 1189    0.06315   -0.05161   -0.02864
 1190    0.03999   -0.02492   -0.01272
 1191    0.02455   -0.01538   -0.01251
 1192    0.02134   -0.00706   -0.00717
 1193    0.01783   -0.00535   -0.00747
 1194    0.02157   -0.01697   -0.01868
 1195    0.02670   -0.02544   -0.02107
 1196    0.02281   -0.01739   -0.01989
 1197    0.02578   -0.00492   -0.00379
 1198    0.02500   -0.00133   -0.00076
 1199    0.01674    0.00058   -0.00231
 1200    0.01376    0.00084   -0.00470
 1201    0.03369    0.00069    0.00233
 1202    0.04242    0.00063    0.00492
 1203    0.05344   -0.00183    0.00118
 1204    0.03823    0.00413    0.00726
 1205    0.01299    0.00124   -0.00144
 1206    0.00788    0.00229   -0.00334
 1207    0.00798    0.00262   -0.00231
 1208    0.00980    0.00232   -0.00110
 1209    0.00613    0.00131   -0.00385
 1210    0.00582   -0.00033   -0.00580
 1211    0.00436   -0.00121   -0.00638
 1212    0.00724   -0.00207   -0.00778
 1213    0.00386   -0.00321   -0.00789
 1214    0.00675   -0.00470   -0.01118
 1215    0.00499   -0.00518   -0.01114
 1216    0.00584    0.00373   -0.00336
 1217    0.00624    0.00370   -0.00333
 1218    0.00419    0.00309   -0.00370
 1219    0.00310    0.00297   -0.00398
 1220    0.00583    0.00525   -0.00373
 1221    0.00471    0.00355   -0.00384
 1222    0.00490    0.00205   -0.00378
 1223    0.00384    0.00347   -0.00415
 1224    0.00342    0.00142   -0.00444
 1225    0.00344    0.00267   -0.00438
 1226    0.00406    0.00179   -0.00370
 1227    0.00278    0.00172   -0.00385
 1228    0.00228    0.00186   -0.00436
 1229    0.00253    0.00164   -0.00425
 1230    0.00289    0.00136   -0.00377
 1231    0.00292    0.00165   -0.00333
 1232    0.00365    0.00149   -0.00292
 1233    0.00215    0.00182   -0.00335
 1234    0.00358    0.00167   -0.00256
 1235    0.00197    0.00177   -0.00318
 1236    0.00271    0.00187   -0.00268
 1237    0.00149    0.00191   -0.00430
 1238    0.00090    0.00197   -0.00450
 1239    0.00028    0.00178   -0.00425
 1240   -0.00015    0.00172   -0.00418
 1241    0.00073    0.00224   -0.00458
 1242    0.00016    0.00278   -0.00444
 1243    0.00146    0.00280   -0.00459
 1244   -0.00057    0.00295   -0.00443
 1245    0.00003    0.00169   -0.00424
 1246   -0.00046    0.00124   -0.00417
 1247   -0.00139    0.00142   -0.00438
 1248   -0.00148    0.00169   -0.00433
 1249   -0.00036    0.00093   -0.00425
 1250   -0.00077    0.00077   -0.00429
 1251   -0.00059    0.00062   -0.00423
 1252   -0.00076    0.00063   -0.00431
 1253   -0.00204    0.00137   -0.00434
 1254   -0.00315    0.00160   -0.00429
 1255   -0.00318    0.00137   -0.00415
 1256   -0.00277    0.00088   -0.00401
 1257   -0.00384    0.00175   -0.00413
 1258   -0.00368    0.00183   -0.00408
 1259   -0.00320    0.00162   -0.00415
 1260   -0.00414    0.00228   -0.00409
 1261   -0.00277    0.00206   -0.00396
 1262   -0.00402    0.00249   -0.00412
 1263   -0.00347    0.00231   -0.00416
 1264   -0.00368    0.00164   -0.00418
 1265   -0.00349    0.00149   -0.00400
 1266   -0.00457    0.00218   -0.00396
 1267   -0.00520    0.00317   -0.00416
 1268   -0.00242    0.00114   -0.00406
 1269   -0.00204    0.00090   -0.00440
 1270   -0.00255    0.00124   -0.00428
 1271   -0.00153    0.00052   -0.00435
 1272   -0.00483    0.00233   -0.00385
 1273   -0.00597    0.00327   -0.00396
 1274   -0.00599    0.00388   -0.00408
 1275   -0.00501    0.00320   -0.00422
 1276   -0.00669    0.00308   -0.00390
 1277   -0.00869    0.00432   -0.00438
 1278   -0.00927    0.00444   -0.00427
 1279   -0.00878    0.00480   -0.00435
 1280   -0.00697    0.00490   -0.00417
 1281   -0.00689    0.00601   -0.00419
 1282   -0.00821    0.00734   -0.00430
 1283   -0.00877    0.00769   -0.00401
 1284   -0.00605    0.00548   -0.00367
 1285   -0.00603    0.00669   -0.00339
 1286   -0.00467    0.00407   -0.00353
 1287   -0.00862    0.00824   -0.00409
 1288   -0.00943    0.01029   -0.00440
 1289   -0.01028    0.01063   -0.00504
 1290   -0.01183    0.01147   -0.00424
 1291   -0.00983    0.01042   -0.00335
 1292   -0.01055    0.01208   -0.00308
 1293   -0.01102    0.01400   -0.00435
 1294   -0.00980    0.01278   -0.00275
 1295   -0.01060    0.00974   -0.00489
 1296   -0.01171    0.00910   -0.00508
 1297   -0.01208    0.00822   -0.00474
 1298   -0.01326    0.00823   -0.00476
 1299   -0.01074    0.00773   -0.00458
 1300   -0.01091    0.00709   -0.00436
 1301   -0.00976    0.00584   -0.00442
 1302   -0.00865    0.00533   -0.00439
 1303   -0.01079    0.00780   -0.00387
 1304   -0.01214    0.00907   -0.00369
 1305   -0.01313    0.00915   -0.00389
 1306   -0.01239    0.01038   -0.00336
 1307   -0.01429    0.01079   -0.00364
 1308   -0.01383    0.01154   -0.00312
 1309   -0.00966    0.00509   -0.00425
 1310   -0.00864    0.00416   -0.00428
 1311   -0.00759    0.00411   -0.00435
 1312   -0.00773    0.00427   -0.00448
 1313   -0.00901    0.00322   -0.00403
 1314   -0.00811    0.00255   -0.00403
 1315   -0.00751    0.00204   -0.00376
 1316   -0.00850    0.00223   -0.00382
 1317   -0.00636    0.00384   -0.00419
 1318   -0.00523    0.00385   -0.00427
 1319   -0.00435    0.00320   -0.00448
 1320   -0.00419    0.00276   -0.00443
 1321   -0.00457    0.00384   -0.00398
 1322   -0.00538    0.00487   -0.00359
 1323   -0.00525    0.00496   -0.00327
 1324   -0.00652    0.00583   -0.00339
 1325   -0.00581    0.00626   -0.00284
 1326   -0.00719    0.00652   -0.00298
 1327   -0.00692    0.00678   -0.00272
 1328   -0.00760    0.00774   -0.00223
 1329   -0.00365    0.00316   -0.00448
 1330   -0.00289    0.00250   -0.00455
 1331   -0.00165    0.00250   -0.00427
 1332   -0.00142    0.00258   -0.00391
 1333   -0.00306    0.00275   -0.00440
 1334   -0.00231    0.00296   -0.00451
 1335   -0.00205    0.00344   -0.00451
 1336   -0.00092    0.00360   -0.00434
 1337   -0.00303    0.00357   -0.00408
 1338   -0.00097    0.00208   -0.00415
 1339   -0.00030    0.00196   -0.00378
 1340    0.00064    0.00182   -0.00381
 1341    0.00062    0.00179   -0.00396
 1342   -0.00041    0.00174   -0.00374
 1343   -0.00095    0.00191   -0.00368
 1344   -0.00092    0.00134   -0.00351
 1345   -0.00091    0.00211   -0.00313
 1346    0.00105    0.00161   -0.00355
 1347    0.00167    0.00148   -0.00392
 1348    0.00191    0.00121   -0.00350
 1349    0.00210    0.00115   -0.00316
 1350    0.00169    0.00222   -0.00437
 1351    0.00216    0.00259   -0.00470
 1352    0.00219    0.00359   -0.00469
 1353    0.00258    0.00203   -0.00438
 1354    0.00198    0.00104   -0.00359
 1355    0.00215    0.00040   -0.00346
 1356    0.00252    0.00037   -0.00333
 1357    0.00275   -0.00003   -0.00298
 1358    0.00265    0.00092   -0.00379
 1359    0.00311    0.00143   -0.00359
 1360    0.00303    0.00197   -0.00339
 1361    0.00331    0.00319   -0.00366
 1362    0.00337    0.00197   -0.00414
 1363    0.00291    0.00016   -0.00391
 1364    0.00340    0.00071   -0.00414
 1365    0.00446    0.00225   -0.00448
 1366    0.00467    0.00650   -0.00606
 1367    0.00445    0.00624   -0.00565
 1368    0.00557    0.00831   -0.00669
 1369    0.00283    0.00147   -0.00301
 1370    0.00278    0.00168   -0.00284
 1371    0.00308    0.00104   -0.00191
 1372    0.00309    0.00064   -0.00168
 1373    0.00245    0.00210   -0.00321
 1374    0.00235    0.00330   -0.00386
 1375    0.00222    0.00351   -0.00362
 1376    0.00200    0.00246   -0.00398
 1377    0.00314    0.00103   -0.00165
 1378    0.00449    0.00019   -0.00071
 1379    0.00377    0.00053   -0.00021
 1380    0.00357    0.00025    0.00044
 1381    0.00466   -0.00005   -0.00064
 1382    0.00295    0.00070   -0.00142
 1383    0.00275    0.00146   -0.00204
 1384    0.00317    0.00099   -0.00077
 1385    0.00257    0.00132   -0.00056
 1386    0.00131    0.00189   -0.00148
 1387    0.00127    0.00180   -0.00210
 1388    0.00222    0.00207    0.00016
 1389    0.00206    0.00167   -0.00008
 1390    0.00159    0.00198   -0.00135
 1391    0.00330    0.00085    0.00047
 1392    0.00215    0.00113   -0.00192
 1393    0.00353   -0.00039   -0.00002
 1394    0.00306   -0.00001   -0.00118
 1395    0.00047    0.00245   -0.00148
 1396   -0.00064    0.00287   -0.00223
 1397   -0.00142    0.00365   -0.00291
 1398   -0.00183    0.00404   -0.00256
 1399   -0.00154    0.00333   -0.00221
 1400   -0.00080    0.00322   -0.00159
 1401    0.00012    0.00285   -0.00088
 1402   -0.00156    0.00314   -0.00362
 1403   -0.00205    0.00324   -0.00420
 1404   -0.00400    0.00380   -0.00427
 1405   -0.00452    0.00370   -0.00452
 1406   -0.00179    0.00286   -0.00463
 1407   -0.00177    0.00329   -0.00524
 1408    0.00001    0.00255   -0.00443
 1409   -0.00448    0.00444   -0.00429
 1410   -0.00647    0.00504   -0.00457
 1411   -0.00735    0.00477   -0.00541
 1412   -0.00697    0.00459   -0.00572
 1413   -0.00703    0.00608   -0.00387
 1414   -0.00860    0.00699   -0.00367
 1415   -0.00916    0.00680   -0.00384
 1416   -0.00933    0.00809   -0.00322
 1417   -0.00822    0.00470   -0.00514
 1418   -0.00920    0.00414   -0.00541
 1419   -0.01124    0.00449   -0.00515
 1420   -0.01192    0.00396   -0.00511
 1421   -0.00900    0.00337   -0.00488
 1422   -0.00771    0.00345   -0.00513
 1423   -0.00751    0.00340   -0.00473
 1424   -0.00639    0.00331   -0.00491
 1425   -0.00594    0.00389   -0.00451
 1426   -0.00538    0.00325   -0.00442
 1427   -0.01193    0.00553   -0.00504
 1428   -0.01393    0.00631   -0.00500
 1429   -0.01423    0.00637   -0.00485
 1430   -0.01282    0.00613   -0.00444
 1431   -0.01635    0.00712   -0.00513
 1432   -0.01675    0.00753   -0.00530
 1433   -0.01503    0.00593   -0.00465
 1434   -0.01489    0.00516   -0.00431
 1435   -0.01987    0.00869   -0.00590
 1436   -0.01384    0.00599   -0.00450
 1437   -0.01288    0.00472   -0.00389
 1438   -0.01248    0.00497   -0.00390
 1439   -0.01227    0.00603   -0.00443
 1440   -0.01152    0.00385   -0.00397
 1441   -0.01067    0.00284   -0.00340
 1442   -0.01178    0.00397   -0.00314
 1443   -0.01151    0.00400   -0.00339
 1444   -0.00991    0.00293   -0.00314
 1445   -0.00939    0.00213   -0.00296
 1446   -0.01228    0.00349   -0.00282
 1447   -0.01443    0.00503   -0.00345
 1448   -0.00941    0.00289   -0.00347
 1449   -0.00739    0.00189   -0.00353
 1450   -0.00725    0.00084   -0.00318
 1451   -0.00652   -0.00013   -0.00318
 1452   -0.00638    0.00202   -0.00417
 1453   -0.00613    0.00233   -0.00426
 1454   -0.00423    0.00155   -0.00417
 1455   -0.00434    0.00184   -0.00409
 1456   -0.00226    0.00037   -0.00451
 1457   -0.00847    0.00076   -0.00279
 1458   -0.00916   -0.00040   -0.00231
 1459   -0.00996   -0.00085   -0.00199
 1460   -0.00891   -0.00170   -0.00181
 1461   -0.01057   -0.00059   -0.00202
 1462   -0.01181    0.00028   -0.00287
 1463   -0.00932    0.00111   -0.00311
 1464   -0.02008    0.00063   -0.00312
 1465   -0.01046    0.00007   -0.00188
 1466   -0.01099    0.00004   -0.00175
 1467   -0.00989    0.00008   -0.00205
 1468   -0.01018    0.00035   -0.00187
 1469   -0.01207    0.00092   -0.00151
 1470   -0.01199    0.00192   -0.00183
 1471   -0.01312    0.00079   -0.00079
 1472   -0.00905    0.00012   -0.00259
 1473   -0.00809    0.00040   -0.00275
 1474   -0.00776   -0.00018   -0.00271
 1475   -0.00782    0.00010   -0.00269
 1476   -0.00682    0.00031   -0.00312
 1477   -0.00573    0.00067   -0.00337
 1478   -0.00632    0.00133   -0.00350
 1479   -0.00465    0.00086   -0.00356
 1480   -0.00717   -0.00102   -0.00266
 1481   -0.00655   -0.00131   -0.00246
 1482   -0.00735   -0.00101   -0.00204
 1483   -0.00721   -0.00079   -0.00189
 1484   -0.00548   -0.00230   -0.00159
 1485   -0.00393   -0.00219   -0.00138
 1486   -0.00314   -0.00283   -0.00054
 1487   -0.00343   -0.00171   -0.00151
 1488   -0.00806   -0.00084   -0.00185
 1489   -0.00872   -0.00021   -0.00135
 1490   -0.00936    0.00049   -0.00126
 1491   -0.00935    0.00080   -0.00098
 1492   -0.00935    0.00004   -0.00132
 1493   -0.00971    0.00015   -0.00067
 1494   -0.01150    0.00014   -0.00033
 1495   -0.01151   -0.00017   -0.00027
 1496   -0.01060    0.00028   -0.00059
 1497   -0.01003    0.00075   -0.00170
 1498   -0.01023    0.00144   -0.00208
 1499   -0.00916    0.00110   -0.00237
 1500   -0.00900    0.00149   -0.00230
 1501   -0.01062    0.00157   -0.00238
 1502   -0.01167    0.00227   -0.00202
 1503   -0.01202    0.00287   -0.00250
 1504   -0.01235    0.00202   -0.00128
 1505   -0.00811    0.00080   -0.00276
 1506   -0.00691    0.00081   -0.00302
 1507   -0.00701    0.00059   -0.00261
 1508   -0.00659    0.00107   -0.00256
 1509   -0.00609    0.00059   -0.00324
 1510   -0.00747    0.00002   -0.00198
 1511   -0.00760    0.00010   -0.00142
 1512   -0.00840    0.00040   -0.00097
 1513   -0.00808    0.00036   -0.00071
 1514   -0.00740   -0.00024   -0.00086
 1515   -0.00887    0.00084   -0.00111
 1516   -0.00925    0.00137   -0.00094
 1517   -0.00846    0.00206   -0.00117
 1518   -0.00866    0.00247   -0.00061
 1519   -0.00965    0.00196   -0.00082
 1520   -0.01122    0.00247    0.00007
 1521   -0.01128    0.00348    0.00010
 1522   -0.01101    0.00385   -0.00054
 1523   -0.01272    0.00404   -0.00037
 1524   -0.00786    0.00226   -0.00173
 1525   -0.00725    0.00290   -0.00193
 1526   -0.00660    0.00244   -0.00205
 1527   -0.00599    0.00271   -0.00207
 1528   -0.00654    0.00282   -0.00263
 1529   -0.00583    0.00312   -0.00302
 1530   -0.00717    0.00297   -0.00267
 1531   -0.00628    0.00164   -0.00227
 1532   -0.00550    0.00150   -0.00238
 1533   -0.00583    0.00126   -0.00181
 1534   -0.00528    0.00138   -0.00181
 1535   -0.00527    0.00088   -0.00212
 1536   -0.00426    0.00100   -0.00289
 1537   -0.00670    0.00116   -0.00122
 1538   -0.00696    0.00090   -0.00073
 1539   -0.00723    0.00149   -0.00067
 1540   -0.00701    0.00116   -0.00063
 1541   -0.00800    0.00071    0.00005
 1542   -0.00787    0.00012    0.00069
 1543   -0.00829   -0.00012    0.00154
 1544   -0.01006   -0.00010    0.00139
 1545   -0.01024   -0.00019    0.00135
 1546   -0.00940   -0.00026    0.00139
 1547   -0.01129    0.00016    0.00128
 1548   -0.00759    0.00235   -0.00073
 1549   -0.00697    0.00321   -0.00116
 1550   -0.00558    0.00327   -0.00193
 1551   -0.00538    0.00351   -0.00165
 1552   -0.00720    0.00405   -0.00111
 1553   -0.00832    0.00432   -0.00033
 1554   -0.00827    0.00518   -0.00021
 1555   -0.00686    0.00483   -0.00113
 1556   -0.00949    0.00554    0.00017
 1557   -0.00466    0.00290   -0.00233
 1558   -0.00348    0.00283   -0.00300
 1559   -0.00394    0.00189   -0.00234
 1560   -0.00346    0.00193   -0.00233
 1561   -0.00271    0.00256   -0.00338
 1562   -0.00230    0.00343   -0.00381
 1563   -0.00310    0.00357   -0.00365
 1564   -0.00112    0.00387   -0.00412
 1565   -0.00263    0.00398   -0.00378
 1566   -0.00085    0.00443   -0.00410
 1567   -0.00151    0.00402   -0.00409
 1568   -0.00477    0.00127   -0.00155
 1569   -0.00453    0.00059   -0.00109
 1570   -0.00521    0.00062   -0.00103
 1571   -0.00506    0.00023   -0.00100
 1572   -0.00497   -0.00003   -0.00057
 1573   -0.00481    0.00003   -0.00070
 1574   -0.00478   -0.00051    0.00010
 1575   -0.00611    0.00121   -0.00089
 1576   -0.00697    0.00145   -0.00049
 1577   -0.00675    0.00228   -0.00063
 1578   -0.00744    0.00213   -0.00011
 1579   -0.00843    0.00183    0.00015
 1580   -0.00941    0.00091    0.00056
 1581   -0.01035    0.00151    0.00101
 1582   -0.01081    0.00259    0.00112
 1583   -0.01158    0.00057    0.00155
 1584   -0.00527    0.00298   -0.00109
 1585   -0.00438    0.00376   -0.00106
 1586   -0.00426    0.00297   -0.00127
 1587   -0.00412    0.00335   -0.00099
 1588   -0.00343    0.00510   -0.00128
 1589   -0.00395    0.00577   -0.00086
 1590   -0.00183    0.00651   -0.00035
 1591   -0.00126    0.00664   -0.00167
 1592   -0.00196    0.00634   -0.00214
 1593   -0.00307    0.00605   -0.00185
 1594   -0.00155    0.00621   -0.00300
 1595   -0.00398    0.00197   -0.00171
 1596   -0.00346    0.00108   -0.00192
 1597   -0.00417   -0.00018   -0.00151
 1598   -0.00378   -0.00065   -0.00140
 1599   -0.00251    0.00112   -0.00249
 1600   -0.00148    0.00241   -0.00277
 1601   -0.00071    0.00336   -0.00292
 1602   -0.00015    0.00483   -0.00277
 1603   -0.00059    0.00267   -0.00298
 1604   -0.00497   -0.00036   -0.00113
 1605   -0.00596   -0.00114   -0.00076
 1606   -0.00542   -0.00150    0.00024
 1607   -0.00490   -0.00107    0.00094
 1608   -0.00700   -0.00149   -0.00047
 1609   -0.00543   -0.00189    0.00088
 1610   -0.00472   -0.00169    0.00218
 1611   -0.00334   -0.00044    0.00252
 1612   -0.00191    0.00040    0.00369
 1613   -0.00343   -0.00143    0.00074
 1614   -0.00213   -0.00132    0.00020
 1615   -0.00149   -0.00103    0.00058
 1616   -0.00210   -0.00060    0.00124
 1617   -0.00166   -0.00134   -0.00165
 1618   -0.00058   -0.00101   -0.00222
 1619    0.00032   -0.00206   -0.00227
 1620    0.00080   -0.00254   -0.00240
 1621    0.00084   -0.00366   -0.00319
 1622   -0.00070   -0.00088    0.00126
 1623   -0.00020   -0.00046    0.00182
 1624    0.00018   -0.00085    0.00036
 1625   -0.00013   -0.00078    0.00030
 1626    0.00118    0.00097    0.00345
 1627    0.00202    0.00060    0.00346
 1628    0.00041    0.00136    0.00435
 1629    0.00096   -0.00132   -0.00094
 1630    0.00116   -0.00226   -0.00344
 1631    0.00098   -0.00095   -0.00349
 1632    0.00120   -0.00197   -0.00515
 1633    0.00282   -0.00402   -0.00649
 1634    0.00353   -0.00454   -0.00667
 1635    0.00470   -0.00597   -0.00780
 1636    0.00538   -0.00832   -0.00876
 1637    0.00466   -0.00602   -0.00614
 1638    0.00314   -0.00221   -0.00358
 1639    0.00500   -0.00513   -0.00558
 1640    0.00011   -0.00082   -0.00271
 1641   -0.00037   -0.00044   -0.00319
 1642   -0.00053   -0.00047   -0.00296
 1643   -0.00049   -0.00061   -0.00270
 1644   -0.00127   -0.00054   -0.00253
 1645   -0.00135   -0.00035   -0.00228
 1646   -0.00154   -0.00060   -0.00171
 1647   -0.00134    0.00031   -0.00278
 1648   -0.00172   -0.00045   -0.00197
 1649   -0.00155    0.00074   -0.00298
 1650   -0.00165    0.00022   -0.00279
 1651   -0.00013   -0.00011   -0.00356
 1652   -0.00038    0.00047   -0.00321
 1653   -0.00049    0.00078   -0.00311
 1654   -0.00027    0.00072   -0.00357
 1655    0.00018    0.00055   -0.00386
 1656    0.00012    0.00007   -0.00418
 1657   -0.00090    0.00082   -0.00269
 1658   -0.00097    0.00084   -0.00274
 1659   -0.00087    0.00117   -0.00279
 1660   -0.00051    0.00092   -0.00266
 1661   -0.00163    0.00045   -0.00224
 1662   -0.00060    0.00120   -0.00304
 1663   -0.00038    0.00114   -0.00302
 1664   -0.00043    0.00078   -0.00305
 1665   -0.00068    0.00065   -0.00324
 1666   -0.00018    0.00138   -0.00312
 1667   -0.00020    0.00164   -0.00305
 1668   -0.00020    0.00132   -0.00335
 1669   -0.00030    0.00036   -0.00268
 1670   -0.00038   -0.00015   -0.00258
 1671   -0.00002   -0.00020   -0.00290
 1672    0.00026   -0.00035   -0.00285
 1673   -0.00058   -0.00074   -0.00177
 1674   -0.00012   -0.00044   -0.00331
 1675    0.00022   -0.00077   -0.00367
 1676    0.00052   -0.00140   -0.00347
 1677    0.00037   -0.00136   -0.00344
 1678   -0.00000   -0.00053   -0.00411
 1679    0.00017   -0.00089   -0.00441
 1680    0.00041   -0.00080   -0.00439
 1681   -0.00021   -0.00090   -0.00460
 1682    0.00107   -0.00178   -0.00328
 1683    0.00153   -0.00242   -0.00275
 1684    0.00213   -0.00319   -0.00290
 1685    0.00214   -0.00314   -0.00316
 1686    0.00145   -0.00249   -0.00184
 1687    0.00118   -0.00233   -0.00150
 1688    0.00258   -0.00377   -0.00275
 1689    0.00319   -0.00447   -0.00292
 1690    0.00366   -0.00497   -0.00212
 1691    0.00357   -0.00510   -0.00108
 1692    0.00350   -0.00487   -0.00305
 1693    0.00409   -0.00544   -0.00384
 1694    0.00433   -0.00610   -0.00398
 1695    0.00525   -0.00679   -0.00480
 1696    0.00481   -0.00616   -0.00557
 1697    0.00408   -0.00537   -0.00249
 1698    0.00452   -0.00590   -0.00174
 1699    0.00572   -0.00699   -0.00154
 1700    0.00661   -0.00810   -0.00042
 1701    0.00417   -0.00594   -0.00252
 1702    0.00626   -0.00736   -0.00253
 1703    0.00760   -0.01024   -0.00257
 1704    0.00800   -0.01624   -0.00229
 1705    0.00707   -0.03124    0.00063
 1706    0.00733   -0.01080   -0.00193
 1707   -0.00423    0.00157   -0.00032
 1708   -0.00574    0.00227    0.00161
 1709   -0.00362    0.00374    0.00402
 1710   -0.00186    0.00436    0.00421
 1711   -0.00779    0.00214    0.00157
 1712   -0.00968    0.00061   -0.00167
 1713   -0.01196    0.00073   -0.00116
 1714   -0.00982    0.00214    0.00103
 1715   -0.00423    0.00442    0.00562
 1716   -0.00295    0.00559    0.00773
 1717   -0.00391    0.00603    0.00911
 1718   -0.00543    0.00591    0.00997
 1719   -0.00264    0.00602    0.00839
 1720   -0.00133    0.00715    0.01046
 1721   -0.00068    0.00794    0.01132
 1722   -0.00007    0.00784    0.00991
 1723   -0.00038    0.00875    0.01367
 1724   -0.00292    0.00648    0.00951
 1725   -0.00327    0.00699    0.01072
 1726   -0.00201    0.00793    0.01206
 1727   -0.00077    0.00796    0.01168
 1728   -0.00380    0.00681    0.01017
 1729   -0.00192    0.00647    0.00949
 1730   -0.00556    0.00584    0.00882
 1731   -0.00193    0.00654    0.00914
 1732   -0.00243    0.00842    0.01295
 1733   -0.00129    0.00850    0.01363
 1734   -0.00129    0.00803    0.01314
 1735   -0.00199    0.00792    0.01271
 1736   -0.00161    0.00831    0.01481
 1737   -0.00179    0.00804    0.01532
 1738   -0.00049    0.00835    0.01571
 1739   -0.00351    0.00723    0.01559
 1740   -0.00065    0.00848    0.01621
 1741   -0.00383    0.00733    0.01578
 1742   -0.00226    0.00816    0.01592
 1743   -0.00067    0.00749    0.01281
 1744   -0.00068    0.00707    0.01198
 1745   -0.00039    0.00650    0.01177
 1746   -0.00037    0.00684    0.01189
 1747   -0.00031    0.00692    0.01113
 1748    0.00001    0.00571    0.01007
 1749   -0.00012    0.00664    0.01075
 1750   -0.00044    0.00591    0.01136
 1751   -0.00083    0.00458    0.01064
 1752   -0.00108    0.00345    0.00874
 1753   -0.00119    0.00360    0.00836
 1754   -0.00056    0.00358    0.01038
 1755   -0.00004    0.00269    0.00974
 1756    0.00023    0.00230    0.00982
 1757   -0.00063    0.00143    0.00914
 1758   -0.00074    0.00170    0.01070
 1759   -0.00174    0.00209    0.00777
 1760   -0.00167    0.00132    0.00558
 1761   -0.00180    0.00031    0.00468
 1762   -0.00147   -0.00015    0.00501
 1763   -0.00090    0.00156    0.00552
 1764   -0.00087    0.00159    0.00563
 1765   -0.00037    0.00277    0.00627
 1766   -0.00206   -0.00004    0.00348
 1767   -0.00203   -0.00050    0.00247
 1768   -0.00240   -0.00093    0.00230
 1769   -0.00282   -0.00132    0.00275
 1770   -0.00178   -0.00043    0.00130
 1771   -0.00193   -0.00047    0.00030
 1772   -0.00190   -0.00028    0.00048
 1773   -0.00164   -0.00018   -0.00103
 1774   -0.00265   -0.00085    0.00224
 1775   -0.00322   -0.00116    0.00216
 1776   -0.00303   -0.00132    0.00290
 1777   -0.00380   -0.00121    0.00263
 1778   -0.00303   -0.00147    0.00197
 1779   -0.00192   -0.00026    0.00324
 1780   -0.00282   -0.00083    0.00072
 1781   -0.00222   -0.00111    0.00406
 1782   -0.00190    0.00028    0.00567
 1783   -0.00093    0.00170    0.00664
 1784    0.00084    0.00248    0.00872
 1785   -0.00030    0.00191    0.00711
 1786    0.00036    0.00265    0.00831
 1787    0.00005    0.00398    0.01032
 1788   -0.00020    0.00374    0.00981
 1789   -0.00050    0.00285    0.00769
 1790   -0.00005    0.00394    0.00894
 1791    0.00010    0.00540    0.00912
 1792    0.00126    0.00690    0.01031
 1793    0.00161    0.00757    0.01057
 1794    0.00074    0.00554    0.01226
 1795    0.00090    0.00646    0.01333
 1796    0.00097    0.00794    0.01332
 1797    0.00131    0.00856    0.01397
 1798    0.00166    0.00643    0.01437
 1799    0.00150    0.00511    0.01339
 1800    0.00097    0.00723    0.01480
 1801    0.00074    0.00769    0.01282
 1802    0.00117    0.00754    0.01239
 1803    0.00139    0.00856    0.01285
 1804    0.00095    0.00824    0.01275
 1805    0.00165    0.00743    0.01135
 1806    0.00119    0.00672    0.01096
 1807    0.00230    0.00740    0.01137
 1808    0.00185    0.00568    0.00976
 1809    0.00232    0.00867    0.01301
 1810    0.00227    0.00973    0.01288
 1811    0.00289    0.00833    0.01141
 1812    0.00414    0.00828    0.01077
 1813    0.00286    0.01037    0.01325
 1814    0.00294    0.01067    0.01512
 1815    0.00239    0.00980    0.01251
 1816    0.00219    0.00783    0.01077
 1817    0.00277    0.00722    0.00939
 1818    0.00240    0.00700    0.00808
 1819    0.00105    0.00723    0.00826
 1820    0.00225    0.00692    0.00923
 1821    0.00270    0.00664    0.00956
 1822    0.00237    0.00620    0.00923
 1823    0.00435    0.00661    0.00952
 1824    0.00352    0.00648    0.00640
 1825    0.00310    0.00595    0.00447
 1826    0.00341    0.00472    0.00310
 1827    0.00488    0.00446    0.00201
 1828    0.00451    0.00653    0.00330
 1829    0.00502    0.00767    0.00496
 1830    0.00379    0.00787    0.00635
 1831    0.00377    0.00883    0.00806
 1832    0.00305    0.00733    0.00550
 1833    0.00142    0.00433    0.00302
 1834    0.00098    0.00359    0.00221
 1835   -0.00106    0.00234    0.00025
 1836   -0.00277    0.00201   -0.00006
 1837    0.00006    0.00426    0.00381
 1838    0.00181    0.00493    0.00530
 1839   -0.00226    0.00452    0.00478
 1840   -0.00078    0.00140   -0.00112
 1841   -0.00289    0.00003   -0.00318
 1842   -0.00436    0.00066   -0.00201
 1843   -0.00303    0.00173   -0.00046
 1844   -0.00131   -0.00142   -0.00553
 1845    0.00119   -0.00190   -0.00682
 1846    0.00015   -0.00350   -0.00928
 1847    0.00186   -0.00377   -0.00997
 1848   -0.00262   -0.00483   -0.01074
 1849   -0.00669   -0.00002   -0.00305
 1850   -0.00795    0.00054   -0.00220
 1851   -0.00645    0.00035   -0.00258
 1852   -0.00609    0.00159   -0.00119
 1853   -0.01109   -0.00076   -0.00364
 1854   -0.01190   -0.00190   -0.00492
 1855   -0.00934   -0.00190   -0.00526
 1856   -0.00495   -0.00105   -0.00446
 1857   -0.00303   -0.00124   -0.00475
 1858   -0.00059    0.00008   -0.00276
 1859    0.00075    0.00016   -0.00229
 1860   -0.00202   -0.00316   -0.00773
 1861   -0.00423   -0.00589   -0.01090
 1862   -0.00001    0.00088   -0.00154
 1863    0.00222    0.00189    0.00005
 1864    0.00213    0.00317    0.00182
 1865    0.00037    0.00392    0.00249
 1866    0.00261    0.00248    0.00085
 1867    0.00339    0.00159   -0.00080
 1868    0.00367    0.00024   -0.00277
 1869    0.00350    0.00197   -0.00018
 1870    0.00394    0.00330    0.00258
 1871    0.00434    0.00458    0.00416
 1872    0.00458    0.00535    0.00540
 1873    0.00511    0.00502    0.00535
 1874    0.00582    0.00408    0.00463
 1875    0.00742    0.00343    0.00480
 1876    0.00543    0.00281    0.00321
 1877    0.00400    0.00635    0.00648
 1878    0.00388    0.00663    0.00713
 1879    0.00601    0.00575    0.00698
 1880    0.00599    0.00512    0.00660
 1881    0.00314    0.00774    0.00821
 1882    0.00081    0.00844    0.00843
 1883    0.00393    0.00699    0.00751
 1884   -0.00051    0.00806    0.00800
 1885    0.00718    0.00589    0.00743
 1886    0.00846    0.00483    0.00718
 1887    0.00873    0.00444    0.00680
 1888    0.00871    0.00422    0.00645
 1889    0.00997    0.00529    0.00819
 1890    0.00969    0.00474    0.00786
 1891    0.00993    0.00499    0.00892
 1892    0.01175    0.00403    0.00887
 1893    0.00933    0.00606    0.00985
 1894    0.00832    0.00424    0.00618
 1895    0.00831    0.00374    0.00555
 1896    0.00791    0.00450    0.00603
 1897    0.00809    0.00475    0.00625
 1898    0.00800    0.00298    0.00399
 1899    0.00875    0.00172    0.00332
 1900    0.00948    0.00191    0.00434
 1901    0.00885    0.00049    0.00159
 1902    0.00702    0.00484    0.00620
 1903    0.00658    0.00507    0.00652
 1904    0.00722    0.00469    0.00675
 1905    0.00710    0.00499    0.00714
 1906    0.00493    0.00540    0.00660
 1907    0.00404    0.00563    0.00724
 1908    0.00351    0.00532    0.00611
 1909    0.00700    0.00415    0.00607
 1910    0.00727    0.00296    0.00486
 1911    0.00755    0.00351    0.00503
 1912    0.00728    0.00293    0.00454
 1913    0.00733    0.00106    0.00382
 1914    0.00689    0.00094    0.00441
 1915    0.00716    0.00052    0.00407
 1916    0.00615    0.00091    0.00440
 1917    0.00574    0.00182    0.00403
 1918    0.00804    0.00434    0.00569
 1919    0.00760    0.00521    0.00578
 1920    0.00745    0.00613    0.00659
 1921    0.00658    0.00689    0.00642
 1922    0.00736    0.00540    0.00606
 1923    0.00808    0.00592    0.00703
 1924    0.00806    0.00662    0.00779
 1925    0.00715    0.00621    0.00798
 1926    0.00740    0.00706    0.00861
 1927    0.00806    0.00645    0.00776
 1928    0.00775    0.00581    0.00671
 1929    0.00762    0.00548    0.00580
 1930    0.00737    0.00458    0.00330
 1931    0.00752    0.00498    0.00252
 1932    0.00714    0.00547    0.00736
 1933    0.00704    0.00554    0.00733
 1934    0.00703    0.00513    0.00671
 1935    0.00644    0.00506    0.00660
 1936    0.00656    0.00476    0.00671
 1937    0.00591    0.00505    0.00733
 1938    0.00534    0.00428    0.00616
 1939    0.00493    0.00441    0.00641
 1940    0.00700    0.00487    0.00591
 1941    0.00609    0.00588    0.00523
 1942    0.00572    0.00720    0.00622
 1943    0.00497    0.00799    0.00596
 1944    0.00548    0.00615    0.00450
 1945    0.00378    0.00711    0.00340
 1946    0.00283    0.00768    0.00261
 1947    0.00333    0.00726    0.00226
 1948    0.00104    0.00932    0.00189
 1949    0.00547    0.00801    0.00705
 1950    0.00530    0.00992    0.00813
 1951    0.00552    0.00964    0.00888
 1952    0.00549    0.01121    0.01026
 1953    0.00593    0.01031    0.00821
 1954    0.00549    0.01069    0.00733
 1955    0.00544    0.01233    0.00714
 1956    0.00531    0.00956    0.00666
 1957    0.00592    0.00868    0.00868
 1958    0.00597    0.00852    0.00982
 1959    0.00604    0.00782    0.00893
 1960    0.00557    0.00784    0.00925
 1961    0.00627    0.00774    0.01023
 1962    0.00655    0.00812    0.01010
 1963    0.00665    0.00867    0.01066
 1964    0.00716    0.00891    0.00986
 1965    0.00704    0.00981    0.00967
 1966    0.00638    0.00663    0.00776
 1967    0.00511    0.00566    0.00661
 1968    0.00402    0.00585    0.00500
 1969    0.00219    0.00512    0.00380
 1970    0.00461    0.00406    0.00600
 1971    0.00444    0.00470    0.00811
 1972    0.00417    0.00491    0.00958
 1973    0.00317    0.00431    0.00828
 1974    0.00286    0.00699    0.01030
 1975    0.00501    0.00658    0.00498
 1976    0.00343    0.00737    0.00323
 1977    0.00298    0.00575    0.00141
 1978    0.00380    0.00609   -0.00135
 1979    0.00383    0.00421    0.00133
 1980    0.00364    0.00298   -0.00042
 1981    0.00414    0.00339   -0.00048
 1982    0.00494    0.00327    0.00064
 1983    0.00437    0.00074   -0.00064
 1984    0.00412    0.00056   -0.00019
 1985    0.00431    0.00026   -0.00167
 1986    0.00433    0.00040    0.00117
 1987    0.00484    0.00209   -0.00352
 1988    0.00572    0.00211   -0.00435
 1989    0.00536    0.00175   -0.00283
 1990    0.00485   -0.00016   -0.00365
 1991    0.01066   -0.00758   -0.01734
 1992    0.00625   -0.01568   -0.02075
 1993    0.00778   -0.00602   -0.01276
 1994    0.00583    0.00205   -0.00086
 1995    0.00648    0.00111   -0.00010
 1996    0.00617   -0.00050   -0.00230
 1997    0.00559   -0.00150   -0.00206
 1998    0.00693    0.00241    0.00186
 1999    0.00584    0.00352    0.00216
 2000    0.00470    0.00414    0.00003
 2001    0.00600   -0.00167   -0.00508
 2002    0.00531   -0.00259   -0.00854
 2003    0.00437   -0.00184   -0.00772
 2004    0.00432   -0.00157   -0.01065
 2005    0.00626   -0.00213   -0.01562
 2006    0.00809   -0.00274   -0.03174
 2007    0.01254   -0.00452   -0.03189
 2008    0.00677   -0.00291   -0.04751
 2009    0.00494   -0.00187   -0.00651
 2010    0.00449   -0.00106   -0.00600
 2011    0.00344   -0.00048   -0.00397
 2012    0.00262   -0.00042   -0.00351
 2013    0.00517   -0.00280   -0.00842
 2014    0.00580   -0.00499   -0.01333
 2015    0.00590   -0.00757   -0.01456
 2016    0.00587   -0.00880   -0.01401
 2017    0.00658   -0.00738   -0.01595
 2018    0.00385   -0.00139   -0.00363
 2019    0.00368   -0.00118   -0.00181
 2020    0.00334   -0.00035   -0.00077
 2021    0.00305   -0.00051   -0.00043
 2022    0.00484   -0.00126    0.00006
 2023    0.00535   -0.00088    0.00005
 2024    0.00573   -0.00044    0.00139
 2025    0.00587    0.00006    0.00256
 2026    0.00617    0.00043    0.00120
 2027    0.00203    0.00197    0.00216
 2028    0.00105    0.00364    0.00318
 2029    0.00087    0.00432    0.00443
 2030   -0.00033    0.00320    0.00463
 2031    0.00005    0.00351    0.00241
 2032    0.00032    0.00247    0.00005
 2033    0.00011    0.00410    0.00125
 2034   -0.00056    0.00548    0.00092
 2035   -0.00093    0.00474    0.00004
 2036   -0.00071    0.00341   -0.00199
 2037   -0.00115    0.00510   -0.00014
 2038    0.00186    0.00499    0.00522
 2039    0.00193    0.00514    0.00628
 2040   -0.00046    0.00642    0.00737
 2041   -0.00029    0.00773    0.00756
 2042    0.00173    0.00560    0.00707
 2043    0.00314    0.00434    0.00634
 2044    0.00359    0.00462    0.00650
 2045    0.00236    0.00408    0.00693
 2046   -0.00109    0.00613    0.00732
 2047   -0.00255    0.00737    0.00783
 2048   -0.00335    0.00768    0.00873
 2049   -0.00326    0.00723    0.00884
 2050   -0.00206    0.00687    0.00774
 2051   -0.00153    0.00568    0.00722
 2052   -0.00294    0.00884    0.00846
 2053   -0.00085    0.00640    0.00702
 2054   -0.00487    0.00893    0.00916
 2055   -0.00643    0.00862    0.00921
 2056   -0.00766    0.00992    0.00979
 2057   -0.00727    0.01059    0.00983
 2058   -0.00761    0.00869    0.00991
 2059   -0.00914    0.00789    0.01030
 2060   -0.00918    0.00735    0.01081
 2061   -0.01104    0.00814    0.01111
 2062   -0.01098    0.00675    0.01149
 2063   -0.01373    0.00782    0.01200
 2064   -0.01408    0.00711    0.01184
 2065   -0.00830    0.00992    0.00982
 2066   -0.00949    0.01156    0.00942
 2067   -0.00911    0.01301    0.00936
 2068   -0.00908    0.01453    0.00925
 2069   -0.01166    0.01078    0.01032
 2070   -0.00786    0.01339    0.00954
 2071   -0.00828    0.01431    0.01101
 2072   -0.00701    0.01436    0.01141
 2073   -0.00366    0.01582    0.00807
 2074   -0.00617    0.01323    0.01038
 2075   -0.00538    0.01315    0.01083
 2076   -0.00382    0.01202    0.00916
 2077   -0.00412    0.01103    0.00978
 2078   -0.00519    0.01290    0.00980
 2079   -0.00071    0.01229    0.00734
 2080    0.00012    0.01167    0.00774
 2081   -0.00022    0.01115    0.00847
 2082   -0.00089    0.01205    0.00968
 2083    0.00143    0.01184    0.00674
 2084    0.00147    0.01168    0.00532
 2085    0.00262    0.01203    0.00425
 2086    0.00189    0.01109    0.00551
 2087    0.00391    0.01380    0.00380
 2088   -0.00018    0.01020    0.00823
 2089   -0.00130    0.01075    0.00924
 2090    0.00051    0.01041    0.00918
 2091    0.00143    0.00972    0.00890
 2092   -0.00204    0.01000    0.00941
 2093   -0.00357    0.00930    0.00937
 2094   -0.00331    0.00860    0.00943
 2095   -0.00541    0.01025    0.00989
 2096   -0.00050    0.01207    0.01099
 2097    0.00136    0.01190    0.01205
 2098    0.00224    0.01059    0.01163
 2099    0.00157    0.01035    0.01059
 2100    0.00032    0.01328    0.01394
 2101    0.00175    0.01366    0.01582
 2102    0.00288    0.01379    0.01729
 2103    0.00291    0.01427    0.01597
 2104    0.00367    0.01267    0.01875
 2105    0.00416    0.00965    0.01156
 2106    0.00594    0.00883    0.01069
 2107    0.00578    0.00922    0.01080
 2108    0.00525    0.00988    0.01172
 2109    0.00940    0.00968    0.01070
 2110    0.00814    0.00712    0.00938
 2111    0.00766    0.00543    0.00792
 2112    0.00793    0.00645    0.00754
 2113    0.00593    0.00806    0.00931
 2114    0.00575    0.00719    0.00852
 2115    0.00387    0.00698    0.00727
 2116    0.00373    0.00544    0.00566
 2117    0.00212    0.00793    0.00780
 2118   -0.00010    0.00759    0.00668
 2119   -0.00070    0.00680    0.00569
 2120   -0.00012    0.00729    0.00648
 2121   -0.00182    0.00917    0.00803
 2122   -0.00163    0.01032    0.00926
 2123   -0.00383    0.01181    0.00981
 2124   -0.00676    0.01013    0.00827
 2125   -0.01029    0.01105    0.00834
 2126   -0.01359    0.01047    0.00702
 2127   -0.01178    0.01406    0.01072
 2128   -0.00199    0.00564    0.00394
 2129   -0.00253    0.00488    0.00294
 2130   -0.00408    0.00570    0.00379
 2131   -0.00508    0.00677    0.00497
 2132   -0.00400    0.00313    0.00068
 2133   -0.00653    0.00328    0.00054
 2134   -0.00241    0.00186   -0.00028
 2135   -0.00433    0.00521    0.00354
 2136   -0.00605    0.00567    0.00440
 2137   -0.00892    0.00533    0.00364
 2138   -0.01046    0.00582    0.00472
 2139   -0.00541    0.00518    0.00412
 2140   -0.00320    0.00564    0.00528
 2141   -0.00230    0.00482    0.00480
 2142   -0.00401    0.00654    0.00690
 2143   -0.00971    0.00402    0.00170
 2144   -0.01253    0.00321    0.00042
 2145   -0.01395    0.00453    0.00172
 2146   -0.01704    0.00448    0.00173
 2147   -0.01250    0.00137   -0.00205
 2148   -0.01582    0.00021   -0.00348
 2149   -0.01188    0.00548    0.00287
 2150   -0.01277    0.00680    0.00433
 2151   -0.01308    0.00827    0.00586
 2152   -0.01429    0.00979    0.00697
 2153   -0.00981    0.00722    0.00488
 2154   -0.00967    0.00619    0.00347
 2155   -0.00697    0.00548    0.00298
 2156   -0.01209    0.00587    0.00241
 2157   -0.01289    0.00825    0.00635
 2158   -0.01329    0.00969    0.00813
 2159   -0.01485    0.00861    0.00853
 2160   -0.01530    0.00920    0.01005
 2161   -0.01012    0.00944    0.00965
 2162   -0.00862    0.01023    0.00990
 2163   -0.00645    0.00982    0.00925
 2164   -0.00863    0.01121    0.00955
 2165   -0.00507    0.01070    0.00964
 2166   -0.00765    0.01231    0.01023
 2167   -0.00564    0.01204    0.01066
 2168   -0.00442    0.01314    0.01175
 2169   -0.01717    0.00709    0.00684
 2170   -0.01961    0.00652    0.00615
 2171   -0.01851    0.00671    0.00740
 2172   -0.02042    0.00703    0.00871
 2173   -0.02517    0.00728    0.00686
 2174   -0.03110    0.00719    0.00437
 2175   -0.02744    0.00674    0.00359
 2176   -0.05969    0.00623    0.00189
 2177   -0.01571    0.00657    0.00742
 2178   -0.01360    0.00663    0.00819
 2179   -0.01492    0.00553    0.00688
 2180   -0.01430    0.00447    0.00491
 2181   -0.01089    0.00722    0.00913
 2182   -0.01031    0.00856    0.01101
 2183   -0.00952    0.00695    0.00933
 2184   -0.00788    0.00793    0.00984
 2185   -0.01560    0.00572    0.00806
 2186   -0.01716    0.00437    0.00710
 2187   -0.01474    0.00478    0.00795
 2188   -0.01140    0.00531    0.00856
 2189   -0.02161    0.00388    0.00719
 2190   -0.02740    0.00367    0.00579
 2191   -0.02961    0.00191    0.00170
 2192   -0.04537   -0.00715   -0.00462
 2193   -0.02735    0.00190    0.00103
 2194   -0.01576    0.00420    0.00745
 2195   -0.01333    0.00473    0.00824
 2196   -0.01274    0.00498    0.01107
 2197   -0.01523    0.00498    0.01193
 2198   -0.01463    0.00379    0.00699
 2199   -0.01565    0.00276    0.00375
 2200   -0.01610    0.00205    0.00150
 2201   -0.01941    0.00148    0.00284
 2202   -0.02677   -0.00133   -0.00132
 2203   -0.01062    0.00548    0.01259
 2204   -0.01033    0.00584    0.01515
 2205   -0.01058    0.00652    0.01581
 2206   -0.01004    0.00637    0.01750
 2207   -0.01326    0.00542    0.01691
 2208   -0.01302    0.00568    0.01732
 2209   -0.01360    0.00482    0.01453
 2210   -0.01725    0.00371    0.01480
 2211   -0.01128    0.00500    0.01215
 2212   -0.01022    0.00618    0.01403
 2213   -0.01023    0.00629    0.01440
 2214   -0.00697    0.00709    0.01400
 2215   -0.00556    0.00772    0.01353
 2216   -0.01207    0.00609    0.01353
 2217   -0.01066    0.00680    0.01218
 2218   -0.00624    0.00726    0.01341
 2219   -0.00448    0.00749    0.01331
 2220   -0.00434    0.00742    0.01215
 2221   -0.00451    0.00692    0.01133
 2222   -0.00421    0.00676    0.01356
 2223   -0.00456    0.00599    0.01529
 2224   -0.00233    0.00608    0.01334
 2225   -0.00327    0.00732    0.01203
 2226   -0.00281    0.00657    0.01057
 2227   -0.00208    0.00615    0.01073
 2228   -0.00170    0.00623    0.01105
 2229   -0.00202    0.00707    0.01061
 2230   -0.00270    0.00736    0.01069
 2231   -0.00156    0.00661    0.00917
 2232   -0.00412    0.00767    0.01064
 2233   -0.00236    0.00521    0.00916
 2234   -0.00202    0.00433    0.00870
 2235   -0.00186    0.00327    0.00764
 2236   -0.00192    0.00400    0.00692
 2237   -0.00196    0.00363    0.00823
 2238   -0.00208    0.00366    0.00841
 2239   -0.00131    0.00208    0.00755
 2240   -0.00229    0.00426    0.00900
 2241   -0.00104    0.00174    0.00799
 2242   -0.00166    0.00304    0.00892
 2243   -0.00147    0.00314    0.00754
 2244   -0.00111    0.00277    0.00651
 2245   -0.00128    0.00215    0.00477
 2246   -0.00103    0.00186    0.00441
 2247   -0.00027    0.00310    0.00657
 2248    0.00170    0.00291    0.00582
 2249    0.00234    0.00257    0.00525
 2250    0.00218    0.00346    0.00588
 2251   -0.00095    0.00223    0.00384
 2252   -0.00105    0.00157    0.00140
 2253   -0.00012    0.00134   -0.00004
 2254    0.00092    0.00143   -0.00046
 2255   -0.00106    0.00195    0.00097
 2256   -0.00074    0.00172   -0.00094
 2257   -0.00105    0.00192    0.00170
 2258   -0.00036    0.00076   -0.00134
 2259    0.00063    0.00039   -0.00260
 2260    0.00062    0.00051   -0.00399
 2261    0.00022    0.00062   -0.00449
 2262    0.00118   -0.00049   -0.00320
 2263    0.00096   -0.00025   -0.00138
 2264    0.00185   -0.00075   -0.00117
 2265    0.00232   -0.00006   -0.00067
 2266    0.00126    0.00075   -0.00421
 2267    0.00137    0.00130   -0.00455
 2268    0.00191    0.00049   -0.00520
 2269    0.00310    0.00061   -0.00567
 2270    0.00141    0.00177   -0.00474
 2271    0.00053    0.00182   -0.00439
 2272    0.00001    0.00247   -0.00341
 2273   -0.00070    0.00254   -0.00281
 2274   -0.00052    0.00252   -0.00251
 2275   -0.00038    0.00223   -0.00277
 2276   -0.00062    0.00269   -0.00226
 2277    0.00235    0.00039   -0.00528
 2278    0.00377   -0.00007   -0.00602
 2279    0.00452    0.00086   -0.00479
 2280    0.00407    0.00161   -0.00354
 2281    0.00348   -0.00114   -0.00697
 2282    0.00311   -0.00251   -0.00776
 2283    0.00263   -0.00289   -0.00708
 2284    0.00426   -0.00453   -0.00990
 2285    0.00637    0.00058   -0.00454
 2286    0.00794    0.00090   -0.00208
 2287    0.00834    0.00060   -0.00152
 2288    0.01015    0.00028   -0.00205
 2289    0.01098    0.00072   -0.00039
 2290    0.01015    0.00099   -0.00051
 2291    0.01266   -0.00030   -0.00015
 2292    0.01605   -0.00155    0.00390
 2293    0.02317   -0.00313    0.00898
 2294    0.02488   -0.00605    0.00553
 2295    0.02785   -0.00689    0.01471
 2296    0.00777    0.00116   -0.00052
 2297    0.00742    0.00089   -0.00104
 2298    0.00784    0.00014    0.00033
 2299    0.00763   -0.00005    0.00151
