    1   -0.00041   -0.03667    0.06993
    2    0.00280   -0.00797    0.02988
    3    0.00682    0.00568    0.02355
    4    0.00865    0.01028    0.01328
    5    0.00777    0.01590    0.00101
    6    0.01372    0.01618    0.00452
    7    0.01382    0.01319   -0.00303
    8    0.00593    0.01458   -0.00842
    9    0.00622    0.01722    0.00524
   10    0.00462    0.01842    0.01179
   11    0.00161    0.02074    0.03416
   12    0.00274    0.02314    0.04676
   13   -0.00302    0.01872    0.02377
   14   -0.00424    0.01637    0.02337
   15   -0.00702    0.01562   -0.00686
   16   -0.00923    0.01488   -0.02496
   17   -0.00682    0.00504   -0.01233
   18   -0.01029    0.03257    0.01948
   19   -0.00985    0.04499    0.05078
   20   -0.00950    0.03790    0.02160
   21   -0.00016    0.02912    0.01692
   22   -0.00040    0.02427    0.00117
   23    0.00069    0.01897   -0.00864
   24    0.00130    0.01577   -0.00571
   25    0.00220    0.01783   -0.01437
   26    0.00283    0.01590   -0.01383
   27    0.00344    0.01933   -0.01433
   28    0.00113    0.02001   -0.01424
   29    0.00226    0.01677   -0.01182
   30   -0.00216    0.01932   -0.01459
   31   -0.00385    0.02325   -0.01923
   32   -0.00456    0.02499   -0.02218
   33   -0.00597    0.02208   -0.01801
   34   -0.00971    0.01735   -0.01174
   35   -0.01247    0.01689   -0.00882
   36   -0.01159    0.01681   -0.00723
   37   -0.01536    0.00396   -0.01067
   38   -0.01688    0.01015   -0.02543
   39   -0.02494    0.01541   -0.09713
   40   -0.05331   -0.05560    0.10436
   41   -0.04443   -0.02610    0.01287
   42   -0.09901   -0.11673    0.26397
   43   -0.01244    0.01176   -0.08141
   44   -0.03224   -0.00329    0.02018
   45   -0.02025    0.00529    0.02313
   46   -0.01640    0.00101    0.05255
   47   -0.00802    0.00516    0.02153
   48   -0.00412   -0.00028    0.02373
   49   -0.00152    0.00176    0.00838
   50   -0.00382   -0.00426    0.00642
   51   -0.00950   -0.02798    0.01963
   52   -0.01052   -0.03198    0.04845
   53   -0.01030   -0.02101    0.04600
   54   -0.01137   -0.01163    0.01931
   55   -0.01545   -0.00750    0.01757
   56   -0.00980    0.01013   -0.01639
   57   -0.00734    0.01955   -0.03171
   58   -0.01039    0.02054   -0.02801
   59   -0.00905    0.02554   -0.03162
   60   -0.01309    0.01388   -0.01335
   61   -0.00324    0.01450   -0.01826
   62   -0.00206    0.01511   -0.02649
   63   -0.00105    0.00588   -0.01563
   64   -0.00288    0.00615   -0.00143
   65   -0.00088   -0.00516    0.02167
   66   -0.00078    0.00210    0.02502
   67    0.00194   -0.01142    0.05135
   68    0.00543   -0.05680    0.10302
   69   -0.00171   -0.03673    0.02270
   70   -0.00394   -0.02236    0.00104
   71   -0.00440   -0.00473   -0.00996
   72   -0.00851    0.00276   -0.01429
   73   -0.00698    0.01513   -0.01665
   74   -0.00380    0.02380   -0.02390
   75   -0.00401    0.02638   -0.02703
   76   -0.00663    0.02307   -0.02259
   77   -0.01152    0.00841   -0.01678
   78   -0.01079   -0.00344   -0.00765
   79   -0.01140    0.00744   -0.01318
   80   -0.01279   -0.00013   -0.01557
   81   -0.00949    0.01224   -0.01845
   82   -0.00671    0.02000   -0.01553
   83   -0.00248    0.02146   -0.01690
   84   -0.00114    0.01922   -0.01384
   85    0.00020    0.01761   -0.01521
   86   -0.00067    0.00632   -0.01419
   87   -0.00524    0.00481   -0.01356
   88   -0.00351   -0.00317   -0.01327
   89   -0.00356   -0.00261   -0.00692
   90   -0.00646   -0.02002   -0.00897
   91   -0.00798   -0.03648   -0.00604
   92   -0.00483   -0.02915    0.01138
   93   -0.00857   -0.03971    0.01253
   94   -0.00383   -0.01321    0.00409
   95   -0.00325   -0.01005   -0.00068
   96    0.00217    0.00322   -0.00581
   97    0.00333   -0.00166   -0.00030
   98    0.00530    0.00102   -0.00193
   99    0.00011   -0.02396    0.00540
  100   -0.00070   -0.01332   -0.00177
  101    0.00067   -0.00906   -0.00795
  102   -0.00202   -0.01650   -0.00639
  103   -0.00106   -0.00688   -0.01368
  104   -0.00471   -0.02143   -0.02543
  105    0.00216   -0.00332   -0.01337
  106    0.00396    0.00852   -0.01141
  107    0.00682    0.01089   -0.01309
  108    0.01168    0.01135   -0.00931
  109    0.01518    0.00771   -0.00873
  110    0.02140    0.00001   -0.00626
  111    0.01719    0.00035   -0.00249
  112    0.02251   -0.01610    0.00028
  113    0.01433   -0.00357    0.00141
  114    0.01420   -0.00466    0.00454
  115    0.07938   -0.15399   -0.02372
  116    0.07762   -0.09386   -0.01084
  117    0.04418   -0.02509    0.00854
  118    0.03320   -0.00264    0.00028
  119    0.01995    0.00604   -0.00173
  120    0.01410    0.01112   -0.00938
  121    0.00986    0.01519   -0.01250
  122    0.00805    0.01731   -0.01541
  123    0.00612    0.01820   -0.01697
  124    0.00597    0.01688   -0.01241
  125    0.00244    0.01585   -0.01940
  126    0.00371    0.01298   -0.02202
  127    0.00088    0.00427   -0.02875
  128    0.00884    0.00817   -0.01767
  129    0.00939    0.01315   -0.01414
  130    0.00715    0.01069   -0.00972
  131    0.00558    0.01039   -0.00525
  132    0.00134    0.00420    0.00006
  133   -0.00339    0.00384   -0.00403
  134    0.00156    0.01086   -0.00861
  135    0.00325    0.01938   -0.01839
  136    0.00725    0.02161   -0.00312
  137    0.00291    0.05878    0.02224
  138    0.00622   -0.10615   -0.01331
  139   -0.00378   -0.05508    0.01048
  140    0.13841    0.58435   -0.00740
  141   -0.12476   -0.45256   -0.06097
  142    0.05205    0.16081    0.00494
  143   -0.00134   -0.05229   -0.01475
  144   -0.01543   -0.09440   -0.01518
  145   -0.00440   -0.03826   -0.01369
  146   -0.00703   -0.02607   -0.00895
  147   -0.00333   -0.00651   -0.01125
  148   -0.00517   -0.00533   -0.00409
  149   -0.00983   -0.02803    0.01789
  150   -0.01673   -0.05445    0.00988
  151   -0.01812   -0.07297    0.00509
  152   -0.02348   -0.06717    0.02039
  153   -0.02626   -0.08250    0.01488
  154   -0.01153   -0.02214    0.00577
  155   -0.00794   -0.00152    0.00222
  156    0.01148    0.01300   -0.00463
  157    0.01072    0.02204    0.00428
  158    0.01622    0.02557    0.00641
  159   -0.00841   -0.00087    0.03329
  160    0.00489   -0.00180    0.01612
  161    0.00503   -0.01398    0.01636
  162    0.01120   -0.00547    0.01015
  163    0.01346   -0.00955    0.00331
  164    0.01274    0.00182   -0.00565
  165    0.01234   -0.00149   -0.00515
  166    0.01189   -0.02469    0.00050
  167    0.00771   -0.01713    0.01061
  168    0.00775   -0.00478    0.01069
  169    0.00281   -0.00231    0.01363
  170    0.00760    0.00599    0.00493
  171    0.01400    0.01027   -0.00640
  172    0.00937    0.01060   -0.00520
  173    0.00573    0.00792   -0.00766
  174   -0.00049    0.00820   -0.00388
  175   -0.00508   -0.00434    0.00302
  176   -0.01626   -0.01086    0.02594
  177   -0.00065   -0.00863    0.01701
  178   -0.00101    0.00233    0.01683
  179    0.00675    0.01052    0.00401
  180    0.01099    0.01195   -0.00454
  181    0.00673    0.01536   -0.01178
  182    0.00943    0.01639   -0.01557
  183    0.00712    0.01469   -0.01984
  184    0.00749    0.01336   -0.01757
  185    0.01326    0.00997   -0.01817
  186    0.00968    0.01204   -0.01058
  187    0.00998    0.01518   -0.01003
  188    0.00878    0.01153   -0.00401
  189    0.00909    0.00954   -0.00239
  190    0.00984    0.00861   -0.00544
  191    0.00820    0.00854   -0.00540
  192    0.00810    0.01009   -0.00634
  193    0.00559    0.00634    0.00040
  194    0.00286    0.00567    0.00218
  195   -0.00028   -0.00666    0.01242
  196   -0.00254   -0.01571    0.02294
  197    0.00295    0.00701    0.05761
  198   -0.00091    0.00569    0.02927
  199    0.00035    0.01312    0.00587
  200    0.00078    0.01504   -0.00519
  201    0.00118    0.01548   -0.01118
  202   -0.00036    0.01383   -0.01765
  203    0.00126    0.00657   -0.01706
  204   -0.00448   -0.00692   -0.02384
  205   -0.00882   -0.02904   -0.02364
  206   -0.01562   -0.11610   -0.05076
