    1    0.03978    0.05037   -0.08602
    2    0.02350    0.02722   -0.05121
    3    0.01790    0.00633   -0.04369
    4    0.00621    0.00767   -0.05468
    5    0.00087   -0.00531   -0.03068
    6   -0.00160   -0.01888   -0.05163
    7    0.00288   -0.01434   -0.03070
    8    0.00553   -0.01211   -0.00801
    9    0.00520   -0.01023   -0.00329
   10    0.00804   -0.01288    0.01102
   11    0.00363   -0.00761    0.02726
   12    0.00227    0.00153    0.04585
   13   -0.00429   -0.00052    0.03399
   14   -0.01288    0.00786    0.03029
   15   -0.01306    0.00818    0.00015
   16   -0.01297    0.02203   -0.04397
   17   -0.02079    0.03420   -0.08152
   18   -0.04523    0.04793   -0.03516
   19   -0.04743    0.05699    0.05178
   20   -0.04036    0.03595    0.03417
   21   -0.00797    0.00377    0.02812
   22   -0.00237   -0.00746    0.01756
   23    0.00138   -0.01141    0.01627
   24    0.00060   -0.01265    0.01404
   25   -0.00050   -0.01323    0.01412
   26   -0.00221   -0.00914    0.01285
   27   -0.00181   -0.01266    0.01015
   28   -0.00443   -0.01420    0.01329
   29   -0.00301   -0.01304    0.01312
   30   -0.00618   -0.01304    0.01410
   31   -0.00672   -0.01213    0.01658
   32   -0.00990   -0.00870    0.01606
   33   -0.01078   -0.00156    0.01074
   34   -0.01381    0.00543    0.00679
   35   -0.02603    0.00566   -0.00436
   36   -0.04337    0.01283   -0.02112
   37   -0.04901    0.00777   -0.05541
   38   -0.02915    0.02593   -0.06966
   39   -0.02777    0.13545   -0.41783
   40   -0.04723   -0.04120    0.28273
   41   -0.00765    0.00491    0.08245
   42   -0.04065   -0.05710    0.15494
   43   -0.00556    0.00446   -0.00322
   44    0.00081    0.00537   -0.01396
   45   -0.01420   -0.00527    0.03754
   46   -0.00642   -0.00289   -0.01392
   47   -0.00862   -0.00345   -0.00789
   48   -0.00454   -0.00242   -0.01516
   49   -0.00359   -0.00426   -0.00671
   50   -0.00075   -0.00088   -0.00856
   51    0.00351    0.01344   -0.01835
   52    0.00339    0.01652   -0.03729
   53   -0.00018    0.01038   -0.03213
   54   -0.00092    0.00352   -0.00809
   55   -0.00551   -0.00666    0.00848
   56   -0.00899   -0.01135    0.01401
   57   -0.00787   -0.00926    0.00920
   58   -0.00481    0.00074   -0.00014
   59    0.00949    0.02596   -0.03296
   60    0.02501    0.02705   -0.02334
   61    0.05252    0.04789   -0.04318
   62    0.01529    0.01977   -0.03694
   63    0.01284    0.00679   -0.02593
   64    0.00152   -0.00885    0.00620
   65    0.00915   -0.03036    0.03096
   66    0.00538   -0.02107    0.03936
   67    0.01433   -0.02614    0.05122
   68    0.03143   -0.09919    0.13373
   69    0.01557   -0.06911    0.02859
   70    0.00499   -0.04295    0.01044
   71    0.00951   -0.01267   -0.00637
   72    0.01061   -0.00443   -0.00387
   73    0.00395    0.00388    0.00111
   74   -0.00468   -0.00142    0.00518
   75   -0.00652   -0.00290    0.00643
   76   -0.00943   -0.00191    0.00508
   77   -0.00963   -0.00890    0.00663
   78   -0.00396    0.00177    0.00684
   79   -0.00276    0.00397    0.00980
   80    0.00284    0.00852    0.01265
   81   -0.00402    0.00269    0.01860
   82   -0.00756   -0.00180    0.01858
   83   -0.00434   -0.01057    0.01848
   84   -0.00274   -0.01485    0.01877
   85   -0.00427   -0.01625    0.01752
   86   -0.00505   -0.01359    0.01588
   87   -0.00665   -0.01731    0.01683
   88   -0.00185   -0.02058    0.01541
   89   -0.00392   -0.01438    0.01887
   90   -0.00897   -0.00514    0.01606
   91   -0.00579   -0.02976    0.01307
   92   -0.00086   -0.03185    0.02428
   93   -0.00742   -0.00281    0.01449
   94   -0.00214    0.00503    0.01051
   95   -0.00047    0.02556    0.00151
   96    0.00325    0.02149   -0.00538
   97    0.01544    0.04483   -0.02445
   98    0.01297    0.05686   -0.03749
   99    0.02617    0.18887   -0.05591
  100    0.01444    0.09128   -0.01532
  101    0.00625    0.06562    0.00862
  102   -0.01090    0.05302    0.01384
  103   -0.00960    0.02556    0.01989
  104   -0.01872    0.04568    0.04001
  105   -0.01673    0.02917    0.02821
  106   -0.00349    0.00485    0.01558
  107    0.00341    0.00443    0.01113
  108    0.01157   -0.00641    0.01094
  109    0.01399   -0.01746    0.00612
  110    0.02151   -0.03956   -0.00301
  111    0.01933   -0.03544    0.00446
  112    0.01873   -0.03953   -0.00033
  113    0.00849   -0.00919    0.00097
  114   -0.00232    0.02809    0.00192
  115   -0.05853    0.16279    0.02278
  116   -0.02110   -0.00875   -0.04906
  117    0.00488   -0.07495   -0.04580
  118   -0.00578   -0.04435   -0.03941
  119    0.00515   -0.03926   -0.01647
  120    0.00788   -0.01715    0.00117
  121    0.00664   -0.01376    0.00554
  122    0.00514   -0.01074    0.00545
  123    0.00159   -0.01302    0.00766
  124    0.00274   -0.01067    0.00302
  125    0.00102   -0.01230    0.01074
  126    0.00097   -0.01267    0.00837
  127    0.00379   -0.00927    0.00686
  128   -0.00119   -0.01130    0.00443
  129    0.00006   -0.01400    0.00358
  130   -0.00130   -0.01155   -0.00173
  131   -0.00227   -0.01114   -0.00700
  132   -0.00448   -0.00773   -0.01515
  133   -0.01150    0.00120   -0.01445
  134   -0.01383    0.00631   -0.00928
  135   -0.03603    0.03959    0.00691
  136   -0.01609    0.04346    0.00606
  137   -0.07734    0.39950    0.10838
  138    0.02724   -0.18639   -0.12148
  139    0.01755   -0.05779   -0.03804
  140   -0.05705   -0.26423    0.00160
  141   -0.01146   -0.04557   -0.00951
  142   -0.00035   -0.03196   -0.00974
  143    0.00509    0.02668    0.00051
  144    0.01341    0.05137   -0.00033
  145    0.00438    0.01820    0.00138
  146    0.00449    0.01401    0.00094
  147    0.00097    0.00133    0.00409
  148   -0.00115    0.00001    0.00083
  149    0.00323    0.01405   -0.01432
  150    0.00938    0.02839   -0.01057
  151    0.01347    0.03914   -0.01022
  152    0.01681    0.03466   -0.02076
  153    0.01798    0.03837   -0.01663
  154    0.00550    0.00297   -0.00524
  155    0.00355   -0.00797    0.00339
  156    0.00147    0.00500   -0.00108
  157    0.01054    0.01861   -0.00711
  158    0.02152    0.01048   -0.01332
  159    0.06309    0.04206   -0.03723
  160    0.02833    0.02800   -0.00017
  161    0.02368    0.00835    0.01108
  162    0.01347   -0.01495    0.01308
  163    0.02683   -0.03604    0.03097
  164    0.01817   -0.03743    0.01100
  165    0.02957   -0.05924    0.01635
  166    0.05743   -0.13465    0.06904
  167    0.01831   -0.05165    0.05136
  168    0.01614   -0.02208    0.05198
  169    0.01229   -0.01045    0.02010
  170    0.00786   -0.00594    0.00986
  171    0.00279   -0.00439   -0.00048
  172    0.00068   -0.00580    0.00251
  173    0.00032   -0.00293   -0.00045
  174   -0.00069   -0.00297   -0.00294
  175   -0.00119   -0.00056   -0.01037
  176   -0.00493    0.00762   -0.02492
  177    0.00088   -0.00119   -0.02151
  178    0.00150   -0.00863   -0.02422
  179    0.00176   -0.01808   -0.01716
  180    0.00039   -0.01882   -0.01020
  181    0.00301   -0.01532    0.00115
  182    0.00355   -0.01654    0.00605
  183    0.00208   -0.01553    0.00830
  184    0.00148   -0.01233    0.00459
  185   -0.00471   -0.01728    0.00641
  186    0.00191   -0.01966    0.01050
  187    0.00389   -0.01303   -0.00084
  188    0.00100   -0.00847   -0.01419
  189   -0.00237   -0.01807    0.00480
  190    0.00190   -0.02195    0.00314
  191    0.00229    0.01067   -0.03006
  192    0.00696    0.01044   -0.01965
  193    0.00912    0.01846   -0.03082
  194    0.00690    0.01014   -0.01291
  195    0.01160    0.02253   -0.02025
  196    0.00567    0.00912   -0.00259
  197   -0.01188   -0.01117   -0.04463
  198   -0.00630   -0.00751   -0.01877
  199   -0.00508   -0.01060   -0.00010
  200   -0.00471   -0.01218    0.00501
  201   -0.00160   -0.01163    0.00645
  202   -0.00087   -0.01237    0.01071
  203    0.00021   -0.00839    0.00628
  204    0.00339    0.00008    0.00817
  205    0.00504    0.01089    0.00519
  206    0.00424    0.06107    0.01976
