    1    0.00621    0.00233   -0.02868
    2    0.00760   -0.00506   -0.01986
    3    0.00279   -0.01551   -0.01421
    4    0.00684   -0.01449   -0.01983
    5    0.00293   -0.02255   -0.00618
    6    0.01032   -0.02542   -0.02302
    7    0.00466   -0.02632   -0.00467
    8   -0.00444   -0.03232    0.00555
    9   -0.00801   -0.02984    0.00426
   10   -0.01539   -0.03293   -0.00595
   11   -0.02028   -0.02289   -0.01440
   12   -0.02983   -0.01554   -0.02793
   13   -0.02416   -0.00961   -0.01848
   14   -0.02578    0.00345   -0.02129
   15   -0.01561    0.00229   -0.00778
   16   -0.01252    0.01736   -0.01493
   17   -0.03405    0.03243   -0.07025
   18   -0.03353    0.00756   -0.04110
   19   -0.04499    0.00385   -0.03906
   20   -0.03776   -0.01323   -0.02360
   21   -0.02684   -0.02341   -0.01801
   22   -0.01752   -0.02809    0.00010
   23   -0.01227   -0.03265    0.01113
   24   -0.00913   -0.03294    0.01361
   25   -0.00705   -0.03589    0.02142
   26   -0.00651   -0.02842    0.02335
   27   -0.00325   -0.03746    0.02253
   28   -0.00086   -0.04290    0.01600
   29    0.00224   -0.03974    0.00567
   30   -0.00430   -0.03299    0.00470
   31   -0.00693   -0.03238    0.01125
   32   -0.00453   -0.02807    0.00996
   33   -0.00495   -0.01601    0.00456
   34   -0.00245   -0.00566    0.00102
   35    0.01095    0.00465   -0.00405
   36    0.01150   -0.00201   -0.00070
   37    0.00925   -0.00886    0.00750
   38    0.00255    0.00287    0.00928
   39    0.00391    0.02284    0.02828
   40    0.01842    0.04827   -0.02432
   41    0.02776    0.03736   -0.00112
   42   -0.05602   -0.07915    0.28228
   43    0.00864    0.00147   -0.01620
   44   -0.02194   -0.03419    0.14530
   45    0.05436    0.01303   -0.22806
   46    0.05429    0.02787   -0.25398
   47    0.01898   -0.01366   -0.06407
   48    0.00929   -0.01532   -0.02725
   49    0.00340   -0.02337    0.00395
   50   -0.00271   -0.01900    0.00967
   51   -0.00613    0.00401   -0.00866
   52    0.00473    0.00418   -0.03538
   53    0.02085    0.01569   -0.09110
   54    0.02502    0.04558   -0.09109
   55    0.05353    0.08246   -0.15496
   56    0.02752    0.02136   -0.04480
   57    0.02553    0.00629   -0.01264
   58    0.00378   -0.00169   -0.01166
   59    0.00218    0.00271    0.00496
   60   -0.00071    0.00593    0.00827
   61    0.01142    0.02923    0.00292
   62   -0.00107    0.01390    0.00034
   63   -0.00444    0.02454   -0.01011
   64   -0.01071    0.00915   -0.00889
   65   -0.01470    0.00231   -0.01828
   66   -0.01469   -0.01144   -0.01244
   67   -0.01813   -0.00539   -0.02843
   68   -0.02261    0.01919   -0.05202
   69   -0.00424    0.02077   -0.02583
   70   -0.00241    0.01324   -0.01100
   71    0.00185    0.01962   -0.00056
   72   -0.00547   -0.00351    0.00060
   73   -0.00545   -0.00843   -0.00226
   74   -0.00476   -0.01514    0.00158
   75    0.00141   -0.01651   -0.00354
   76    0.00618   -0.00694   -0.00057
   77    0.01174    0.00899   -0.01169
   78    0.00903    0.02816   -0.00984
   79   -0.00344   -0.00488    0.00201
   80   -0.01157    0.00244    0.00639
   81   -0.01225   -0.01592    0.00780
   82   -0.01083   -0.02132    0.00843
   83   -0.00923   -0.03407    0.01691
   84   -0.00803   -0.03684    0.01389
   85   -0.00369   -0.03971    0.01295
   86   -0.00428   -0.02299    0.01785
   87   -0.00373   -0.03051    0.00122
   88   -0.00447   -0.01963    0.00580
   89   -0.00518   -0.02121    0.01118
   90   -0.00344   -0.00893    0.01064
   91   -0.00146   -0.00678    0.00358
   92   -0.00260   -0.00828   -0.00205
   93    0.00105   -0.00343   -0.00090
   94   -0.00143   -0.01108    0.00503
   95   -0.00082   -0.00020    0.00868
   96   -0.00257   -0.00098    0.01238
   97    0.00225    0.01271   -0.00078
   98   -0.00058    0.03151   -0.00575
   99    0.00690    0.12673   -0.03507
  100   -0.00206    0.04820   -0.00029
  101   -0.00950    0.03825    0.01411
  102   -0.00876    0.02299    0.01919
  103   -0.00819    0.00105    0.02656
  104   -0.01343    0.01484    0.03810
  105   -0.02794    0.01430    0.04114
  106   -0.01544   -0.00738    0.03064
  107   -0.01721    0.00510    0.03154
  108   -0.02041    0.02073    0.03444
  109   -0.01913    0.04308    0.03409
  110   -0.02561    0.06043    0.03395
  111   -0.01573    0.03288    0.01903
  112   -0.02293    0.03638    0.00684
  113   -0.00606    0.00049    0.00087
  114    0.00516   -0.02811   -0.01711
  115    0.03687   -0.22771   -0.08333
  116    0.01055   -0.00993    0.01109
  117   -0.03334    0.10245    0.05336
  118   -0.01172    0.03628    0.04378
  119   -0.01265    0.02118    0.03625
  120   -0.01083    0.00295    0.03233
  121   -0.01245   -0.00801    0.03167
  122   -0.00871   -0.01386    0.02685
  123   -0.00568   -0.02797    0.02630
  124   -0.00447   -0.02813    0.02020
  125   -0.00574   -0.03412    0.02426
  126   -0.00218   -0.03119    0.03030
  127    0.00097   -0.02243    0.02924
  128    0.00179   -0.01959    0.02724
  129    0.00067   -0.02179    0.02708
  130    0.00065   -0.02255    0.02761
  131    0.00366   -0.01558    0.02066
  132    0.00836   -0.00892    0.01502
  133    0.02067   -0.00622    0.00077
  134    0.03008   -0.01477   -0.00776
  135    0.03451   -0.02898   -0.03266
  136    0.01683   -0.02718   -0.01532
  137    0.01666   -0.09003   -0.03951
  138    0.06886    0.21155    0.00985
  139    0.01833   -0.00418   -0.00426
  140    0.04096    0.08004   -0.00056
  141   -0.08871   -0.29670   -0.00489
  142    0.13093    0.44627   -0.01174
  143    0.04178    0.08393    0.02890
  144    0.02135    0.04347    0.02381
  145    0.00571    0.00502    0.02436
  146   -0.00204   -0.00126    0.01717
  147   -0.00373   -0.01489    0.01748
  148   -0.00281   -0.00959    0.00506
  149   -0.00242    0.01541   -0.02124
  150   -0.00596    0.04020   -0.01464
  151   -0.00077    0.03517    0.00751
  152   -0.00017    0.01949    0.00539
  153    0.01239    0.03460    0.00401
  154    0.01242    0.00911    0.00463
  155    0.02209    0.00595   -0.00231
  156    0.01210   -0.00171    0.01684
  157    0.00949   -0.00937    0.00949
  158    0.00821    0.00052    0.01033
  159   -0.01112   -0.01197    0.02114
  160   -0.00767   -0.01580    0.00363
  161   -0.01001   -0.00983   -0.00902
  162   -0.00860    0.00176    0.00122
  163   -0.01894    0.02645   -0.01076
  164   -0.01484    0.03384    0.00711
  165   -0.02681    0.08420    0.00542
  166   -0.04671    0.12921   -0.04895
  167   -0.01348    0.03568   -0.03856
  168   -0.00101    0.01266   -0.01621
  169    0.00400   -0.00258   -0.01848
  170    0.00047   -0.00173    0.00570
  171    0.00273   -0.00462    0.01732
  172    0.00340   -0.01284    0.01921
  173    0.00761   -0.01438    0.02025
  174    0.01099   -0.01164    0.01231
  175    0.00935    0.00001    0.00562
  176    0.00882   -0.00014   -0.00352
  177    0.00286   -0.01260    0.01647
  178    0.00542   -0.02031    0.01771
  179   -0.00214   -0.01636    0.02556
  180   -0.00207   -0.01196    0.02527
  181   -0.00536   -0.02192    0.02972
  182   -0.00356   -0.01742    0.02583
  183   -0.00236   -0.02326    0.02598
  184    0.00207   -0.01925    0.01489
  185    0.00533   -0.01230    0.00748
  186    0.00291   -0.00376    0.00332
  187    0.00135   -0.00418    0.00530
  188    0.00921   -0.00118   -0.01684
  189    0.01289    0.01622   -0.03591
  190    0.00372    0.03374   -0.02295
  191    0.01152    0.03179   -0.03447
  192    0.00464    0.00647   -0.00627
  193    0.00479   -0.00379   -0.00645
  194    0.00117   -0.01242    0.00295
  195    0.00451   -0.00530   -0.00466
  196    0.00233   -0.00827   -0.00662
  197    0.04416   -0.01331   -0.01644
  198    0.01679   -0.01864   -0.02018
  199    0.01217   -0.03153   -0.00734
  200    0.00275   -0.03754    0.01009
  201   -0.00042   -0.03892    0.02443
  202   -0.00266   -0.03658    0.02770
  203   -0.00041   -0.02830    0.03113
  204    0.00041   -0.01392    0.02910
  205    0.00893    0.00224    0.02695
  206    0.01242    0.03950    0.03566
