    1   -0.00019   -0.04400    0.08164
    2    0.00078   -0.01785    0.04871
    3    0.00526   -0.00099    0.04387
    4    0.00985    0.00602    0.03857
    5    0.00972    0.01592    0.02090
    6    0.01829    0.02528    0.03638
    7    0.02582    0.02515    0.03509
    8    0.01628    0.01886    0.01961
    9    0.01013    0.01083    0.02248
   10    0.00476    0.00866    0.02019
   11    0.00250    0.00557    0.02128
   12   -0.00311   -0.00144    0.00565
   13   -0.00255   -0.00171   -0.00252
   14   -0.00256   -0.00293   -0.02232
   15   -0.00458   -0.00157   -0.01615
   16   -0.00329    0.00432   -0.02753
   17   -0.00764    0.01444   -0.06692
   18   -0.01745   -0.01400   -0.07426
   19   -0.01902   -0.00952   -0.04672
   20   -0.01505   -0.01166   -0.02233
   21   -0.00672   -0.00466   -0.00302
   22   -0.00114   -0.00217    0.00693
   23    0.00329    0.00535    0.00825
   24    0.00271    0.00471    0.00946
   25    0.00222    0.01012    0.00403
   26   -0.00028    0.01047    0.00078
   27   -0.00239    0.01918   -0.00373
   28   -0.00555    0.01587    0.00621
   29    0.00006    0.00650    0.01149
   30    0.00223    0.00037    0.01403
   31    0.00196   -0.00294    0.01090
   32   -0.00246   -0.01047    0.01372
   33   -0.00440   -0.01597    0.00743
   34   -0.00664   -0.02564    0.00385
   35   -0.02075   -0.03614    0.00024
   36   -0.02420   -0.02551   -0.01427
   37   -0.01049   -0.00948   -0.01857
   38   -0.00138   -0.00128   -0.01655
   39    0.00726    0.01557   -0.03632
   40   -0.02105   -0.04999    0.22885
   41    0.02703    0.01428    0.05477
   42    0.04856    0.05066   -0.08338
   43    0.13892    0.05409   -0.27645
   44    0.09413    0.06025   -0.31921
   45   -0.02321   -0.02674    0.18327
   46   -0.03475   -0.03072    0.21504
   47   -0.01955   -0.00919    0.07144
   48   -0.01350   -0.00052    0.03522
   49   -0.00652    0.01147    0.00364
   50    0.00095    0.02164   -0.01108
   51    0.00837    0.01473   -0.00740
   52   -0.00408    0.00466    0.01037
   53   -0.01906   -0.01676    0.05454
   54   -0.02547   -0.05221    0.08453
   55   -0.05081   -0.08714    0.14988
   56   -0.02536   -0.04267    0.06314
   57   -0.01432   -0.01887    0.03194
   58   -0.00204   -0.02112    0.03488
   59    0.00355   -0.00783    0.01049
   60    0.00777   -0.00174    0.00414
   61    0.00694    0.00788   -0.00598
   62    0.00441    0.00572   -0.01112
   63    0.00781    0.01243   -0.01944
   64    0.00565    0.00741   -0.01438
   65    0.00657    0.00180   -0.01455
   66    0.00533   -0.00201    0.00341
   67    0.00893   -0.00884    0.01766
   68    0.01528   -0.00611   -0.00420
   69    0.01696    0.00468   -0.01757
   70    0.01018    0.01117   -0.00581
   71    0.00955    0.00824   -0.00918
   72    0.00925    0.00107   -0.00326
   73    0.01025   -0.00052    0.00942
   74    0.00261   -0.00699    0.01150
   75   -0.00332   -0.01573    0.02354
   76   -0.00855   -0.02263    0.01734
   77   -0.01319   -0.03899    0.02386
   78   -0.01383   -0.04416    0.02416
   79    0.00272   -0.02154    0.01578
   80    0.01360   -0.01762    0.00883
   81    0.00551   -0.01202    0.00413
   82   -0.00034   -0.01312    0.00487
   83    0.00007   -0.00010    0.00631
   84    0.00110    0.00442    0.00786
   85   -0.00138    0.00971    0.01016
   86   -0.00106    0.00331    0.00687
   87    0.00750    0.00502    0.01181
   88    0.00601    0.00283    0.00680
   89    0.00357   -0.00193    0.00802
   90    0.00185   -0.00830    0.00603
   91    0.00805   -0.00747    0.00312
   92    0.00804   -0.00944    0.00422
   93    0.00247   -0.02144    0.01210
   94    0.00106   -0.01171    0.01285
   95   -0.00471   -0.01234    0.01101
   96   -0.00747   -0.00408    0.00623
   97   -0.01361   -0.01348    0.01267
   98   -0.01627   -0.01349    0.00772
   99   -0.03713   -0.04607    0.00669
  100   -0.02351   -0.02885    0.00523
  101   -0.01754   -0.01859   -0.00306
  102   -0.01209   -0.01780    0.00219
  103   -0.00487   -0.00783   -0.00076
  104   -0.00784   -0.01215   -0.00434
  105   -0.01125   -0.00627   -0.00946
  106   -0.00938    0.00787   -0.00713
  107   -0.00488    0.00842   -0.01202
  108   -0.00334    0.01171   -0.01809
  109   -0.00104    0.01043   -0.02119
  110    0.00796    0.00385   -0.02526
  111    0.00755    0.00421   -0.02564
  112    0.01935   -0.01325   -0.01410
  113    0.01719   -0.01155   -0.00505
  114    0.01944   -0.03983    0.00977
  115    0.07734   -0.14853    0.00675
  116    0.07884   -0.09676   -0.02386
  117    0.04714   -0.02814   -0.01142
  118    0.03411   -0.00192   -0.02285
  119    0.01220    0.01114   -0.02129
  120    0.00736    0.01691   -0.02598
  121    0.00221    0.01930   -0.02008
  122    0.00156    0.01895   -0.01472
  123    0.00369    0.02030   -0.00866
  124    0.00560    0.01680    0.00108
  125    0.00735    0.01668   -0.00010
  126    0.00871    0.02458   -0.01008
  127    0.00586    0.02513   -0.01657
  128    0.00322    0.02736   -0.02435
  129    0.00496    0.02842   -0.02828
  130    0.00745    0.03041   -0.02988
  131    0.00947    0.02151   -0.02777
  132    0.01081    0.01449   -0.02961
  133    0.01553    0.00464   -0.03299
  134    0.02049   -0.00892   -0.01916
  135    0.01455   -0.02733   -0.00307
  136    0.00094   -0.03038    0.01187
  137   -0.01845   -0.06100    0.05308
  138   -0.07324    0.28076    0.20690
  139   -0.09675    0.16199    0.12191
  140   -0.12633   -0.25128    0.03604
  141   -0.13021   -0.26845   -0.02424
  142   -0.05649   -0.09560   -0.01468
  143   -0.02098    0.01843   -0.01689
  144    0.00659    0.04678   -0.01690
  145    0.01131    0.02550   -0.01739
  146    0.01496    0.01464   -0.00875
  147    0.00926    0.00954   -0.00412
  148    0.00234   -0.00101    0.00776
  149    0.00058   -0.00861    0.01673
  150    0.01245   -0.01614    0.01205
  151    0.02345    0.01168   -0.00485
  152    0.02684    0.03653   -0.02272
  153    0.02185    0.04859   -0.02725
  154    0.00483    0.03194   -0.02403
  155   -0.00603    0.00874   -0.01299
  156   -0.01658    0.00555   -0.02261
  157   -0.01015   -0.00644   -0.01497
  158   -0.00252   -0.00619   -0.02239
  159    0.00281   -0.00397   -0.00645
  160    0.00232   -0.00604   -0.00188
  161    0.00190   -0.00983   -0.00131
  162    0.00770   -0.00120   -0.01097
  163   -0.00318   -0.00041   -0.02806
  164   -0.00374    0.00989   -0.02654
  165   -0.01250    0.00889   -0.02717
  166   -0.02515    0.00505   -0.04091
  167   -0.01385   -0.00243   -0.03359
  168   -0.00448    0.00196   -0.02831
  169    0.00479    0.00243   -0.02077
  170    0.00387    0.00431   -0.02634
  171    0.00146    0.00924   -0.02758
  172    0.00314    0.01607   -0.02509
  173    0.00195    0.02240   -0.02762
  174    0.00680    0.01796   -0.02482
  175    0.01014    0.02142   -0.03203
  176    0.01676    0.01681   -0.02767
  177    0.00735    0.02418   -0.02426
  178   -0.00599    0.02484   -0.02149
  179    0.00485    0.02517   -0.02374
  180    0.00995    0.02453   -0.02779
  181    0.00542    0.02756   -0.02280
  182    0.00540    0.02595   -0.02270
  183    0.00669    0.02646   -0.01636
  184    0.00767    0.02360   -0.00726
  185    0.00199    0.01989   -0.02278
  186    0.00435    0.02093   -0.01915
  187    0.00271    0.01967   -0.01104
  188    0.00410    0.01500   -0.00055
  189    0.00277    0.01518   -0.01658
  190   -0.00453    0.01237   -0.01594
  191   -0.00422    0.00400    0.00104
  192   -0.00429    0.00556    0.00259
  193   -0.00252   -0.00042    0.01888
  194    0.00039   -0.00101    0.01748
  195   -0.00249   -0.01369    0.02754
  196    0.00227   -0.01748    0.02774
  197   -0.05630    0.01629    0.00900
  198   -0.02318    0.01355    0.01612
  199   -0.01844    0.01545    0.01250
  200   -0.00750    0.01540    0.00472
  201   -0.00168    0.02457   -0.00834
  202    0.00435    0.01867   -0.00456
  203    0.00832    0.02298   -0.01158
  204    0.00966    0.01821   -0.01059
  205    0.01076    0.02198   -0.00828
  206    0.00821    0.03202   -0.00306
