    1    0.03854    0.04714    0.02443
    2    0.02616    0.02792    0.02109
    3    0.01411    0.02168    0.02063
    4    0.01364    0.01024    0.01767
    5    0.00510    0.00195    0.01349
    6    0.00731   -0.00046    0.01292
    7    0.00478   -0.00286    0.01165
    8    0.00582   -0.00252    0.01250
    9    0.01019   -0.00401    0.01300
   10    0.01292   -0.00387    0.01471
   11    0.01680   -0.00427    0.01560
   12    0.01227   -0.00814    0.01073
   13    0.01538   -0.00798    0.00895
   14    0.01108   -0.00781    0.00415
   15    0.01109   -0.00683    0.00029
   16    0.00671   -0.00580   -0.00458
   17    0.00509   -0.00527   -0.00748
   18    0.00350   -0.00693   -0.00699
   19    0.00199   -0.00592   -0.00953
   20    0.00319   -0.00624   -0.01048
   21    0.00509   -0.00585   -0.00918
   22    0.00651   -0.00424   -0.01001
   23    0.01076   -0.00552   -0.00566
   24    0.01108   -0.00838   -0.00105
   25    0.01228   -0.00879    0.00384
   26    0.00719   -0.00973    0.00402
   27    0.00600   -0.00861    0.00667
   28    0.00439   -0.00791    0.00360
   29    0.00333   -0.00763   -0.00023
   30    0.00191   -0.00666   -0.00174
   31    0.00146   -0.00525   -0.00213
   32    0.00057   -0.00432   -0.00177
   33    0.00011   -0.00163   -0.00080
   34   -0.00095   -0.00088   -0.00031
   35   -0.00220   -0.00070    0.00014
   36   -0.00515   -0.00187   -0.00090
   37   -0.00718   -0.00213   -0.00064
   38   -0.00941   -0.00498   -0.00237
   39   -0.01340   -0.00603   -0.00137
   40   -0.01149   -0.00616   -0.00201
   41   -0.00874   -0.00464   -0.00070
   42   -0.00627   -0.00503   -0.00309
   43   -0.00343   -0.00531   -0.00430
   44   -0.00073   -0.00267   -0.00296
   45    0.00221   -0.00310   -0.00506
   46    0.00124   -0.00595   -0.00805
   47   -0.00017   -0.00527   -0.00605
   48   -0.00332   -0.00581   -0.00399
   49   -0.00444   -0.00399   -0.00127
   50   -0.00489   -0.00445   -0.00073
   51   -0.00834   -0.00630    0.00060
   52   -0.00888   -0.00639    0.00184
   53   -0.01260   -0.01018    0.00298
   54   -0.01372   -0.00985    0.00554
   55   -0.00896   -0.00612    0.00428
   56   -0.00737   -0.00244    0.00467
   57   -0.00458   -0.00068    0.00338
   58   -0.00410   -0.00052    0.00302
   59   -0.00453   -0.00359    0.00249
   60   -0.00405   -0.00466    0.00108
   61   -0.00218   -0.00267   -0.00007
   62   -0.00217   -0.00331    0.00002
   63   -0.00242   -0.00591   -0.00039
   64   -0.00359   -0.00630    0.00124
   65   -0.00346   -0.00916    0.00105
   66   -0.00678   -0.01162    0.00289
   67   -0.00579   -0.01012    0.00175
   68   -0.00442   -0.01245    0.00043
   69   -0.00611   -0.01413   -0.00034
   70   -0.00605   -0.01034   -0.00088
   71   -0.00373   -0.00965   -0.00259
   72   -0.00382   -0.00956   -0.00394
   73   -0.00248   -0.00673   -0.00410
   74   -0.00027   -0.00586   -0.00611
   75    0.00041   -0.00381   -0.00524
   76   -0.00077   -0.00299   -0.00289
   77    0.00017   -0.00133   -0.00190
   78   -0.00187   -0.00006    0.00086
   79   -0.00454   -0.00070    0.00215
   80   -0.00808   -0.00224    0.00339
   81   -0.01062   -0.00242    0.00556
   82   -0.01550   -0.00461    0.00698
   83   -0.02541   -0.00431    0.01441
   84   -0.02444   -0.00799    0.01168
   85   -0.01346   -0.00533    0.00744
   86   -0.01050   -0.00444    0.00677
   87   -0.00767   -0.00570    0.00483
   88   -0.00577   -0.00275    0.00411
   89   -0.00411   -0.00137    0.00329
   90   -0.00391   -0.00354    0.00254
   91   -0.00196   -0.00297    0.00144
   92   -0.00171   -0.00091    0.00203
   93   -0.00121    0.00054    0.00206
   94   -0.00140    0.00218    0.00276
   95   -0.00179    0.00202    0.00317
   96   -0.00067    0.00380    0.00313
   97    0.00003    0.00602    0.00439
   98   -0.00179    0.00576    0.00519
   99   -0.00192    0.00822    0.00673
  100    0.00047    0.00790    0.00582
  101    0.00004    0.00502    0.00326
  102   -0.00148    0.00466    0.00433
  103    0.00029    0.00655    0.00498
  104    0.00193    0.00539    0.00284
  105    0.00050    0.00259    0.00103
  106   -0.00032    0.00258    0.00224
  107    0.00134    0.00135   -0.00029
  108    0.00232    0.00047   -0.00288
  109    0.00327   -0.00074   -0.00630
  110    0.00286   -0.00192   -0.00785
  111    0.00133   -0.00254   -0.00566
  112    0.00088   -0.00394   -0.00653
  113    0.00005   -0.00487   -0.00551
  114    0.00033   -0.00504   -0.00659
  115    0.00032   -0.00580   -0.00659
  116    0.00000   -0.00328   -0.00615
  117   -0.00009   -0.00388   -0.00583
  118    0.00020   -0.00610   -0.00635
  119    0.00027   -0.00733   -0.00532
  120    0.00092   -0.00915   -0.00688
  121    0.00108   -0.00804   -0.00791
  122    0.00078   -0.00573   -0.00685
  123    0.00093   -0.00607   -0.00624
  124    0.00188   -0.00768   -0.00797
  125    0.00213   -0.00749   -0.00788
  126    0.00133   -0.00696   -0.00603
  127    0.00095   -0.00827   -0.00521
  128    0.00055   -0.00830   -0.00476
  129    0.00033   -0.01058   -0.00429
  130    0.00050   -0.01002   -0.00320
  131    0.00033   -0.00758   -0.00281
  132    0.00019   -0.00788   -0.00165
  133   -0.00058   -0.00705   -0.00046
  134   -0.00160   -0.00794    0.00047
  135   -0.00233   -0.00610    0.00127
  136   -0.00247   -0.00657    0.00099
  137   -0.00260   -0.00977    0.00161
  138   -0.00323   -0.01302    0.00163
  139   -0.00721   -0.02214    0.00318
  140   -0.00695   -0.02007    0.00458
  141   -0.00193   -0.01584    0.00188
  142   -0.00025   -0.01024    0.00021
  143   -0.00078   -0.00942   -0.00035
  144   -0.00088   -0.00728   -0.00095
  145   -0.00138   -0.00624   -0.00095
  146   -0.00124   -0.00766   -0.00211
  147   -0.00063   -0.00533   -0.00259
  148   -0.00042   -0.00455   -0.00238
  149   -0.00003   -0.00546   -0.00314
  150    0.00013   -0.00528   -0.00274
  151    0.00057   -0.00524   -0.00376
  152    0.00078   -0.00583   -0.00388
  153    0.00124   -0.00624   -0.00489
  154    0.00170   -0.00829   -0.00603
  155    0.00261   -0.01100   -0.00730
  156    0.00262   -0.00817   -0.00676
  157    0.00266   -0.00668   -0.00729
  158    0.00176   -0.00497   -0.00582
  159    0.00153   -0.00454   -0.00586
  160    0.00031   -0.00325   -0.00464
  161    0.00033   -0.00325   -0.00508
  162   -0.00064   -0.00249   -0.00500
  163   -0.00063   -0.00248   -0.00554
  164   -0.00076   -0.00131   -0.00572
  165   -0.00030   -0.00095   -0.00676
  166   -0.00032    0.00021   -0.00751
  167    0.00146    0.00077   -0.00834
  168    0.00153    0.00091   -0.01112
  169    0.00277    0.00009   -0.01074
  170    0.00521    0.00258   -0.01285
  171    0.00467    0.00217   -0.00888
  172    0.00405    0.00270   -0.00592
  173    0.00243    0.00109   -0.00524
  174    0.00143    0.00088   -0.00287
  175    0.00083    0.00016   -0.00301
  176   -0.00001   -0.00057   -0.00162
  177   -0.00016   -0.00116   -0.00174
  178   -0.00030   -0.00115   -0.00122
  179   -0.00003   -0.00089   -0.00160
  180   -0.00008   -0.00164   -0.00127
  181    0.00008   -0.00095   -0.00130
  182    0.00028   -0.00204   -0.00149
  183    0.00041   -0.00183   -0.00128
  184    0.00050   -0.00214   -0.00174
  185    0.00050   -0.00227   -0.00242
  186    0.00066   -0.00403   -0.00315
  187   -0.00016   -0.00427   -0.00240
  188    0.00014   -0.00315   -0.00294
  189    0.00068   -0.00453   -0.00384
  190    0.00071   -0.00611   -0.00360
  191    0.00067   -0.00528   -0.00329
  192    0.00078   -0.00421   -0.00381
  193    0.00136   -0.00458   -0.00492
  194    0.00141   -0.00310   -0.00486
  195    0.00078   -0.00254   -0.00415
  196    0.00063   -0.00167   -0.00355
  197    0.00056   -0.00159   -0.00358
  198    0.00028   -0.00097   -0.00335
  199    0.00023   -0.00060   -0.00310
  200    0.00012   -0.00069   -0.00240
  201    0.00035    0.00022   -0.00256
  202    0.00005    0.00026   -0.00194
  203    0.00063    0.00137   -0.00270
  204    0.00116    0.00267   -0.00178
  205    0.00259    0.00439    0.00030
  206    0.00163    0.00227   -0.00042
  207    0.00105    0.00021   -0.00046
  208    0.00103   -0.00017    0.00011
  209    0.00065   -0.00112   -0.00048
  210    0.00027   -0.00012   -0.00170
  211    0.00024   -0.00051   -0.00250
  212    0.00017   -0.00027   -0.00216
  213    0.00017    0.00020   -0.00129
  214    0.00045   -0.00057   -0.00133
  215    0.00089   -0.00079   -0.00082
  216    0.00136   -0.00113   -0.00054
  217    0.00119   -0.00042   -0.00018
  218    0.00107   -0.00085    0.00031
  219    0.00038   -0.00146    0.00018
  220   -0.00060   -0.00143    0.00034
  221   -0.00207   -0.00346    0.00065
  222   -0.00210   -0.00384   -0.00023
  223   -0.00081   -0.00301   -0.00005
  224    0.00028   -0.00192   -0.00037
  225    0.00001   -0.00198   -0.00040
  226   -0.00042   -0.00103    0.00033
  227   -0.00078   -0.00108    0.00019
  228   -0.00077    0.00042    0.00044
  229   -0.00059    0.00043    0.00035
  230   -0.00001    0.00108    0.00038
  231    0.00047    0.00151   -0.00041
  232    0.00163    0.00240   -0.00115
  233    0.00273    0.00321   -0.00230
  234    0.00271    0.00315   -0.00445
  235    0.00407    0.00437   -0.00614
  236    0.00399    0.00396   -0.00917
  237    0.00218    0.00348   -0.00973
  238    0.00107    0.00264   -0.00638
  239   -0.00015    0.00100   -0.00547
  240    0.00009    0.00044   -0.00427
  241   -0.00045   -0.00054   -0.00415
  242   -0.00007   -0.00077   -0.00391
  243   -0.00017   -0.00124   -0.00391
  244    0.00026   -0.00165   -0.00388
  245    0.00081   -0.00229   -0.00424
  246    0.00065   -0.00256   -0.00355
  247    0.00026   -0.00215   -0.00259
  248    0.00020   -0.00218   -0.00275
  249   -0.00013   -0.00295   -0.00218
  250    0.00010   -0.00274   -0.00317
  251    0.00002   -0.00274   -0.00352
  252   -0.00015   -0.00477   -0.00417
  253   -0.00016   -0.00447   -0.00428
  254    0.00036   -0.00251   -0.00437
  255    0.00094   -0.00172   -0.00465
  256    0.00178   -0.00074   -0.00585
  257    0.00313    0.00085   -0.00534
  258    0.00524    0.00208   -0.00621
  259    0.00438    0.00316   -0.00254
  260    0.00444    0.00308   -0.00181
  261    0.00565    0.00405   -0.00014
  262    0.00381    0.00523    0.00267
  263    0.00147    0.00391    0.00310
  264   -0.00087    0.00456    0.00469
  265   -0.00404    0.00303    0.00503
  266   -0.00675    0.00173    0.00546
  267   -0.01077    0.00019    0.00735
  268   -0.01422   -0.00253    0.00661
  269   -0.01857   -0.00632    0.00570
  270   -0.01572   -0.00668    0.00244
  271   -0.01555   -0.00965   -0.00071
  272   -0.01136   -0.00898   -0.00229
  273   -0.01046   -0.01045   -0.00595
  274   -0.00729   -0.01194   -0.00890
  275   -0.00632   -0.00948   -0.00813
  276   -0.00304   -0.00662   -0.00627
  277   -0.00210   -0.00350   -0.00334
  278   -0.00024   -0.00167   -0.00134
  279   -0.00133    0.00014    0.00080
  280   -0.00365    0.00014    0.00157
  281   -0.00569    0.00116    0.00330
  282   -0.00888    0.00044    0.00467
  283   -0.01174   -0.00156    0.00356
  284   -0.00921   -0.00272    0.00086
  285   -0.00612   -0.00245   -0.00034
  286   -0.00370   -0.00094    0.00007
  287   -0.00293   -0.00213   -0.00175
  288   -0.00109   -0.00093   -0.00045
  289   -0.00026   -0.00186   -0.00041
  290   -0.00030   -0.00199   -0.00007
  291   -0.00056   -0.00132    0.00056
  292   -0.00060    0.00001    0.00070
  293   -0.00142    0.00084    0.00079
  294   -0.00283    0.00172    0.00090
  295   -0.00504    0.00114    0.00186
  296   -0.00516    0.00298    0.00398
  297   -0.00356    0.00538    0.00469
  298   -0.00390    0.00531    0.00599
  299   -0.00250    0.00400    0.00458
  300   -0.00088    0.00298    0.00349
  301    0.00070    0.00165    0.00187
  302    0.00117    0.00087    0.00169
  303    0.00004    0.00171    0.00228
  304   -0.00033    0.00093    0.00182
  305   -0.00054    0.00192    0.00204
  306   -0.00155    0.00325    0.00238
  307   -0.00136    0.00281    0.00047
  308   -0.00188    0.00308   -0.00138
  309    0.00088    0.00025   -0.00319
  310    0.00221   -0.00066   -0.00291
  311    0.00439   -0.00213   -0.00356
  312    0.00291   -0.00379   -0.00350
  313    0.00397   -0.00538   -0.00410
  314    0.00214   -0.00691   -0.00389
  315    0.00237   -0.00855   -0.00217
  316    0.00021   -0.00792   -0.00042
  317    0.00114   -0.00836    0.00298
  318    0.00198   -0.00949    0.00309
  319    0.00611   -0.01006    0.00310
  320    0.00923   -0.00846    0.00828
  321    0.01300   -0.00666    0.01077
  322    0.01815   -0.00321    0.01565
  323    0.02375   -0.00290    0.01722
  324    0.03302   -0.00039    0.02304
  325    0.00088   -0.01042   -0.00154
  326   -0.00360   -0.01043   -0.00295
  327   -0.00583   -0.01187   -0.00026
  328   -0.00097   -0.01039    0.00257
  329   -0.00018   -0.01061    0.00514
  330    0.00313   -0.01055    0.00530
  331    0.00767   -0.00931    0.00745
  332    0.00536   -0.00978    0.00890
  333    0.00574   -0.00823    0.01417
  334    0.00887   -0.00785    0.01455
  335    0.01327   -0.00817    0.01721
  336    0.01728   -0.00576    0.01539
  337    0.01457   -0.00349    0.01446
  338    0.01573    0.00073    0.01892
  339    0.01537    0.00233    0.02042
  340    0.01555    0.00863    0.02442
  341    0.00892    0.00748    0.01935
  342    0.00598    0.00684    0.01598
  343    0.00050    0.01034    0.01442
  344   -0.00189    0.00419    0.01139
  345   -0.00097   -0.00166    0.00924
  346   -0.00207    0.00016    0.01010
  347   -0.00166    0.00673    0.01432
  348    0.00293    0.01305    0.01871
  349    0.01395    0.01782    0.02257
  350    0.01861    0.03029    0.02596
  351    0.03564    0.04872    0.03374
  352    0.03411    0.06857    0.04185
  353    0.06672    0.11594    0.05775
  354    0.05798    0.14494    0.06586
  355    0.06540    0.11887    0.05246
  356    0.04391    0.06240    0.04139
  357    0.01951    0.04127    0.03217
  358    0.00949    0.02275    0.02500
  359   -0.00017    0.02513    0.02153
  360   -0.00459    0.01382    0.01614
  361   -0.01027    0.01205    0.01257
  362   -0.01274    0.01345    0.00983
  363   -0.01459    0.00894    0.00470
  364   -0.01202    0.00101    0.00274
  365   -0.00883    0.00108    0.00530
  366   -0.00936    0.00079    0.00363
  367   -0.01011   -0.00274   -0.00103
  368   -0.00829   -0.00555   -0.00034
  369   -0.00642   -0.00470    0.00153
  370   -0.00744   -0.00493   -0.00172
  371   -0.00771   -0.00740   -0.00238
  372   -0.00539   -0.00747   -0.00089
  373   -0.00455   -0.00674   -0.00118
  374   -0.00574   -0.00754   -0.00211
  375   -0.00501   -0.00808   -0.00212
  376   -0.00269   -0.00716   -0.00196
  377   -0.00305   -0.00642   -0.00084
  378   -0.00411   -0.00708   -0.00114
  379   -0.00260   -0.00552   -0.00131
  380   -0.00158   -0.00409   -0.00025
  381   -0.00191   -0.00473    0.00042
  382   -0.00235   -0.00392    0.00092
  383   -0.00118   -0.00171    0.00142
  384    0.00023   -0.00036    0.00339
  385    0.00101    0.00007    0.00281
  386    0.00198    0.00244    0.00339
  387    0.00288    0.00227    0.00299
  388    0.00244    0.00283    0.00275
  389    0.00172    0.00545    0.00497
  390   -0.00059    0.00633    0.00598
  391   -0.00148    0.00802    0.00710
  392   -0.00149    0.00919    0.00790
  393   -0.00300    0.00986    0.00865
  394   -0.00241    0.01137    0.00870
  395   -0.00284    0.01143    0.00853
  396   -0.00124    0.01043    0.00751
  397   -0.00087    0.01113    0.00641
  398   -0.00109    0.01209    0.00734
  399   -0.00065    0.01184    0.00664
  400   -0.00097    0.01200    0.00683
  401   -0.00050    0.01171    0.00748
  402   -0.00158    0.01208    0.00746
  403   -0.00119    0.01207    0.00601
  404   -0.00067    0.01111    0.00640
  405   -0.00073    0.01067    0.00679
  406   -0.00166    0.01097    0.00571
  407   -0.00109    0.01038    0.00456
  408   -0.00017    0.00894    0.00526
  409   -0.00108    0.00838    0.00468
  410   -0.00140    0.00859    0.00261
  411   -0.00082    0.00730    0.00226
  412   -0.00041    0.00527    0.00233
  413   -0.00118    0.00554    0.00127
  414   -0.00105    0.00541   -0.00107
  415   -0.00069    0.00322   -0.00047
  416   -0.00051    0.00173   -0.00008
  417   -0.00054    0.00204   -0.00199
  418   -0.00028    0.00054   -0.00369
  419   -0.00050   -0.00127   -0.00298
  420   -0.00006   -0.00206   -0.00280
  421    0.00052   -0.00229   -0.00507
  422    0.00011   -0.00374   -0.00663
  423   -0.00062   -0.00536   -0.00491
  424    0.00090   -0.00558   -0.00510
  425    0.00128   -0.00598   -0.00745
  426   -0.00094   -0.00723   -0.00670
  427   -0.00151   -0.00811   -0.00496
  428    0.00086   -0.00835   -0.00492
  429   -0.00015   -0.00892   -0.00563
  430   -0.00325   -0.00943   -0.00444
  431   -0.00252   -0.00980   -0.00233
  432   -0.00017   -0.01029   -0.00173
  433   -0.00318   -0.01104   -0.00311
  434   -0.00611   -0.01061   -0.00262
  435   -0.00381   -0.00980    0.00049
  436   -0.00284   -0.01095    0.00008
  437   -0.00802   -0.01098   -0.00142
  438   -0.00836   -0.00863    0.00043
  439   -0.00380   -0.00785    0.00463
  440   -0.00614   -0.01113    0.00140
  441   -0.01101   -0.00904   -0.00075
  442   -0.00831   -0.00516    0.00451
  443   -0.00342   -0.00733    0.00443
  444   -0.00859   -0.00859    0.00153
  445   -0.01085   -0.00561    0.00134
  446   -0.00711   -0.00017    0.00678
  447   -0.00358   -0.00516    0.00519
  448   -0.01120   -0.00844    0.00238
  449   -0.00970    0.00295    0.00799
  450   -0.00089    0.00419    0.01189
  451   -0.00166   -0.00538    0.00466
  452    0.00724   -0.00788    0.00692
  453    0.00613    0.01065    0.01541
  454    0.01338    0.00586    0.00962
  455    0.01085    0.00044    0.00970
  456    0.00458   -0.00243    0.01636
  457    0.00826    0.00213    0.02351
  458    0.00505   -0.00245    0.02311
  459    0.01136   -0.00462    0.01947
  460    0.00755   -0.00339    0.01456
  461    0.01421    0.00147    0.01742
  462    0.01289    0.00552    0.01441
  463    0.02174    0.01591    0.01477
  464    0.01907    0.02477    0.01772
  465    0.01785    0.02552    0.01647
  466    0.01817    0.04525    0.02875
  467    0.02634    0.05562    0.03117
  468    0.01064    0.06001    0.03695
  469    0.01218    0.08200    0.04582
  470    0.00368    0.08330    0.04571
  471   -0.01552    0.08659    0.04807
  472   -0.01342    0.06251    0.04012
  473   -0.00553    0.04924    0.03294
  474   -0.01899    0.05614    0.03366
  475   -0.02943    0.04984    0.03493
  476   -0.01739    0.03053    0.02336
  477   -0.01667    0.02634    0.02121
  478   -0.02262    0.03139    0.02019
  479   -0.01808    0.02140    0.01422
  480   -0.02506    0.03042    0.02380
  481   -0.02214    0.03349    0.02632
  482   -0.01602    0.02093    0.02757
  483   -0.00709    0.01856    0.02247
  484   -0.00220    0.00029    0.01348
  485   -0.06384    0.00199   -0.00170
  486   -0.05130   -0.00122   -0.00229
  487   -0.03616   -0.00241   -0.00285
  488   -0.03374   -0.00385   -0.00910
  489   -0.02309   -0.00436   -0.00862
  490   -0.02117   -0.00654   -0.01784
  491   -0.01437   -0.00925   -0.02347
  492   -0.00943   -0.01123   -0.03296
  493   -0.01487   -0.01611   -0.04116
  494   -0.01319   -0.01996   -0.05568
  495   -0.01560   -0.02940   -0.07391
  496   -0.01151   -0.02114   -0.05816
  497   -0.01649   -0.02218   -0.05292
  498   -0.00890   -0.01329   -0.03713
  499   -0.00934   -0.01201   -0.02550
  500   -0.00498   -0.00928   -0.01628
  501   -0.00548   -0.01012   -0.01046
  502   -0.00755   -0.00971   -0.00777
  503   -0.00751   -0.00980   -0.00399
  504   -0.00999   -0.01115   -0.00126
  505   -0.00960   -0.01329   -0.00573
  506   -0.00642   -0.01484   -0.00814
  507   -0.00782   -0.01451   -0.01456
  508   -0.01266   -0.01225   -0.01902
  509   -0.01508   -0.01451   -0.02953
  510   -0.01012   -0.01290   -0.03008
  511   -0.00687   -0.01345   -0.03745
  512   -0.00116   -0.01034   -0.03508
  513    0.00029   -0.00761   -0.02898
  514    0.00271   -0.00489   -0.02633
  515    0.00047   -0.00319   -0.02100
  516    0.00054   -0.00040   -0.01509
  517   -0.00066    0.00065   -0.00989
  518   -0.00173    0.00310   -0.00830
  519   -0.00240    0.00392   -0.00541
  520   -0.00263    0.00544   -0.00317
  521   -0.00375    0.00843   -0.00171
  522   -0.00451    0.01036   -0.00072
  523   -0.00380    0.01127    0.00017
  524   -0.00374    0.01073   -0.00011
  525   -0.00285    0.01018    0.00011
  526   -0.00344    0.01032   -0.00014
  527   -0.00232    0.00986    0.00056
  528   -0.00195    0.00987    0.00118
  529   -0.00095    0.00920    0.00117
  530   -0.00119    0.00904    0.00082
  531    0.00078    0.00927    0.00112
  532    0.00039    0.00901    0.00067
  533    0.00030    0.00928    0.00054
  534    0.00142    0.00772   -0.00030
  535    0.00035    0.00677   -0.00116
  536   -0.00005    0.00505   -0.00225
  537   -0.00148    0.00383   -0.00299
  538   -0.00330    0.00107   -0.00453
  539   -0.00205    0.00187   -0.00375
  540   -0.00182    0.00409   -0.00164
  541   -0.00021    0.00478   -0.00044
  542   -0.00031    0.00322   -0.00135
  543   -0.00041    0.00103   -0.00325
  544    0.00114    0.00174   -0.00258
  545    0.00204    0.00232   -0.00181
  546    0.00179    0.00065   -0.00293
  547    0.00257   -0.00031   -0.00424
  548    0.00025   -0.00134   -0.00555
  549    0.00094   -0.00251   -0.00734
  550   -0.00034   -0.00249   -0.00745
  551    0.00117   -0.00087   -0.00522
  552    0.00376   -0.00192   -0.00624
  553    0.00387   -0.00109   -0.00565
  554    0.00324    0.00150   -0.00346
  555    0.00501    0.00048   -0.00344
  556    0.00588    0.00229   -0.00263
  557    0.00567    0.00444   -0.00093
  558    0.00754    0.00520    0.00056
  559    0.00552    0.00757    0.00131
  560    0.00263    0.00879    0.00132
  561    0.00112    0.01020    0.00224
  562   -0.00004    0.01031    0.00181
  563   -0.00022    0.00953    0.00093
  564   -0.00110    0.00925    0.00035
  565   -0.00229    0.00833   -0.00047
  566   -0.00325    0.00841   -0.00144
  567   -0.00519    0.00846   -0.00268
  568   -0.00619    0.00428   -0.00426
  569   -0.00451    0.00303   -0.00336
  570   -0.00576    0.00044   -0.00412
  571   -0.00412   -0.00116   -0.00527
  572   -0.00202    0.00019   -0.00363
  573   -0.00139   -0.00071   -0.00329
  574   -0.00291   -0.00177   -0.00519
  575   -0.00191   -0.00238   -0.00335
  576   -0.00131   -0.00237   -0.00048
  577   -0.00111   -0.00183    0.00048
  578   -0.00020   -0.00061    0.00108
  579   -0.00054    0.00102    0.00050
  580   -0.00039    0.00309    0.00207
  581   -0.00056    0.00718    0.00367
  582   -0.00064    0.00622    0.00262
  583   -0.00137    0.00899    0.00464
  584   -0.00052    0.01017    0.00472
  585    0.00063    0.00820    0.00327
  586   -0.00038    0.00845    0.00284
  587   -0.00016    0.01022    0.00414
  588    0.00120    0.00985    0.00403
  589    0.00218    0.00875    0.00283
  590    0.00052    0.00989    0.00277
  591    0.00188    0.01000    0.00303
  592    0.00476    0.00874    0.00334
  593    0.00756    0.00798    0.00412
  594    0.00966    0.00614    0.00360
  595    0.00772    0.00493    0.00166
  596    0.00891    0.00261    0.00065
  597    0.00778    0.00139   -0.00099
  598    0.00882   -0.00000   -0.00107
  599    0.00870   -0.00096   -0.00238
  600    0.00756   -0.00099   -0.00103
  601    0.00714   -0.00134   -0.00216
  602    0.00830   -0.00196   -0.00377
  603    0.00718   -0.00220   -0.00535
  604    0.00938   -0.00249   -0.00699
  605    0.01007   -0.00187   -0.00574
  606    0.00798   -0.00127   -0.00382
  607    0.00724   -0.00114   -0.00445
  608    0.00878   -0.00090   -0.00543
  609    0.00777   -0.00053   -0.00501
  610    0.00603   -0.00130   -0.00502
  611    0.00565   -0.00231   -0.00650
  612    0.00574   -0.00256   -0.00684
  613    0.00561   -0.00366   -0.00905
  614    0.00388   -0.00372   -0.00877
  615    0.00319   -0.00278   -0.00631
  616    0.00205   -0.00253   -0.00680
  617    0.00035   -0.00311   -0.00613
  618   -0.00090   -0.00352   -0.00735
  619   -0.00238   -0.00297   -0.00635
  620   -0.00140   -0.00262   -0.00704
  621   -0.00114   -0.00361   -0.00953
  622    0.00058   -0.00429   -0.01143
  623    0.00021   -0.00801   -0.01877
  624   -0.00209   -0.00845   -0.01817
  625    0.00040   -0.00546   -0.01477
  626    0.00074   -0.00296   -0.00939
  627    0.00166   -0.00292   -0.00847
  628    0.00183   -0.00214   -0.00651
  629    0.00225   -0.00143   -0.00542
  630    0.00412   -0.00166   -0.00563
  631    0.00443   -0.00057   -0.00355
  632    0.00354   -0.00104   -0.00354
  633    0.00394   -0.00171   -0.00441
  634    0.00287   -0.00199   -0.00442
  635    0.00375   -0.00174   -0.00417
  636    0.00337   -0.00203   -0.00428
  637    0.00393   -0.00171   -0.00405
  638    0.00556   -0.00181   -0.00568
  639    0.00631   -0.00181   -0.00707
  640    0.00448   -0.00133   -0.00376
  641    0.00519   -0.00020   -0.00310
  642    0.00429   -0.00039   -0.00247
  643    0.00452    0.00031   -0.00215
  644    0.00362    0.00020   -0.00124
  645    0.00429   -0.00028   -0.00173
  646    0.00433   -0.00060   -0.00122
  647    0.00545   -0.00091   -0.00122
  648    0.00539   -0.00122    0.00005
  649    0.00694   -0.00097    0.00063
  650    0.00733   -0.00115    0.00208
  651    0.00900    0.00095    0.00299
  652    0.01260    0.00056    0.00448
  653    0.01260    0.00201    0.00425
  654    0.01489    0.00485    0.00710
  655    0.01080    0.00535    0.00543
  656    0.00802    0.00575    0.00454
  657    0.00691    0.00374    0.00273
  658    0.00494    0.00399    0.00178
  659    0.00424    0.00221    0.00069
  660    0.00276    0.00136   -0.00025
  661    0.00223    0.00031   -0.00105
  662    0.00117   -0.00026   -0.00123
  663    0.00093   -0.00067   -0.00061
  664    0.00035   -0.00121   -0.00079
  665   -0.00023   -0.00246    0.00062
  666    0.00003   -0.00310    0.00066
  667   -0.00015   -0.00466    0.00201
  668   -0.00062   -0.00576    0.00291
  669   -0.00161   -0.00596    0.00340
  670   -0.00108   -0.00606    0.00186
  671    0.00050   -0.00420   -0.00038
  672    0.00054   -0.00318    0.00054
  673    0.00105   -0.00273   -0.00044
  674    0.00165   -0.00328   -0.00241
  675    0.00185   -0.00230   -0.00298
  676    0.00202   -0.00165   -0.00181
  677    0.00221   -0.00138   -0.00101
  678    0.00180   -0.00049    0.00047
  679    0.00020   -0.00148    0.00179
  680    0.00069   -0.00135    0.00141
  681    0.00130   -0.00064    0.00041
  682    0.00146    0.00001    0.00043
  683    0.00178    0.00011    0.00019
  684    0.00150    0.00045    0.00005
  685    0.00194    0.00071    0.00042
  686    0.00188    0.00074    0.00091
  687    0.00234    0.00128    0.00188
  688    0.00141    0.00179    0.00298
  689    0.00061    0.00357    0.00403
  690    0.00147    0.00261    0.00229
  691    0.00095    0.00175    0.00103
  692    0.00053    0.00167    0.00019
  693    0.00049    0.00089   -0.00006
  694    0.00058   -0.00014    0.00010
  695    0.00058   -0.00127    0.00067
  696   -0.00005   -0.00258    0.00150
  697   -0.00018   -0.00399    0.00247
  698   -0.00094   -0.00505    0.00298
  699    0.00018   -0.00645    0.00412
  700    0.00024   -0.00703    0.00450
  701    0.00149   -0.00649    0.00511
  702    0.00253   -0.00770    0.00536
  703    0.00161   -0.00665    0.00391
  704   -0.00001   -0.00513    0.00193
  705   -0.00251   -0.00405   -0.00198
  706   -0.00000   -0.00577    0.00047
  707   -0.00065   -0.00440   -0.00014
  708    0.00044   -0.00531    0.00235
  709   -0.00057   -0.00364    0.00042
  710   -0.00083   -0.00266    0.00030
  711   -0.00053   -0.00161   -0.00103
  712   -0.00000   -0.00068   -0.00007
  713    0.00028    0.00037   -0.00063
  714    0.00102    0.00167    0.00037
  715    0.00198    0.00314    0.00109
  716    0.00292    0.00427    0.00215
  717    0.00430    0.00531    0.00342
  718    0.00539    0.00370    0.00371
  719    0.00711    0.00466    0.00521
  720    0.01013    0.00408    0.00590
  721    0.00935    0.00136    0.00509
  722    0.00612    0.00098    0.00334
  723    0.00493   -0.00008    0.00172
  724    0.00395    0.00027    0.00118
  725    0.00351   -0.00026    0.00020
  726    0.00334   -0.00014   -0.00015
  727    0.00281   -0.00020   -0.00031
  728    0.00259   -0.00009   -0.00056
  729    0.00260    0.00012   -0.00052
  730    0.00211   -0.00070   -0.00111
  731    0.00152   -0.00094   -0.00115
  732    0.00221   -0.00075   -0.00160
  733    0.00226   -0.00110   -0.00245
  734    0.00342   -0.00071   -0.00223
  735    0.00438   -0.00041   -0.00183
  736    0.00553   -0.00125   -0.00312
  737    0.00605   -0.00052   -0.00227
  738    0.00600    0.00112   -0.00045
  739    0.00656    0.00276    0.00079
  740    0.00786    0.00330    0.00220
  741    0.00770    0.00589    0.00374
  742    0.00868    0.00853    0.00548
  743    0.00525    0.00965    0.00482
  744    0.00398    0.01066    0.00460
  745    0.00253    0.01214    0.00441
  746    0.00038    0.01185    0.00433
  747   -0.00069    0.01152    0.00308
  748   -0.00150    0.01120    0.00310
  749   -0.00170    0.01036    0.00212
  750   -0.00231    0.01039    0.00162
  751   -0.00311    0.01019    0.00077
  752   -0.00274    0.01055    0.00040
  753   -0.00254    0.01114    0.00010
  754   -0.00282    0.01084    0.00034
  755   -0.00286    0.01015    0.00010
  756   -0.00218    0.00946    0.00020
  757   -0.00343    0.01042    0.00012
  758   -0.00323    0.00969    0.00052
  759   -0.00489    0.01059   -0.00047
  760   -0.00454    0.00966   -0.00087
  761   -0.00403    0.00916   -0.00169
  762   -0.00330    0.00913   -0.00213
  763   -0.00305    0.00955   -0.00123
  764   -0.00319    0.01020    0.00031
  765   -0.00296    0.01005    0.00045
  766   -0.00275    0.01040    0.00097
  767   -0.00285    0.01061    0.00031
  768   -0.00325    0.01043    0.00010
  769   -0.00380    0.00993   -0.00040
  770   -0.00356    0.00821   -0.00265
  771   -0.00400    0.00731   -0.00489
  772   -0.00269    0.00677   -0.00735
  773   -0.00189    0.00589   -0.01096
  774   -0.00125    0.00353   -0.01203
  775   -0.00116    0.00319   -0.00859
  776   -0.00110    0.00326   -0.00627
  777   -0.00108    0.00394   -0.00472
  778   -0.00138    0.00363   -0.00214
  779   -0.00195    0.00625   -0.00086
  780   -0.00202    0.00766    0.00069
  781   -0.00167    0.00759    0.00165
  782   -0.00216    0.00940    0.00245
  783   -0.00251    0.00988    0.00152
  784   -0.00257    0.01081    0.00144
  785   -0.00226    0.01038    0.00005
  786   -0.00235    0.00970   -0.00240
  787   -0.00209    0.00831   -0.00253
  788   -0.00166    0.00633   -0.00492
  789   -0.00109    0.00522   -0.00310
  790   -0.00110    0.00518   -0.00125
  791   -0.00105    0.00256   -0.00150
  792   -0.00113    0.00125   -0.00062
  793   -0.00169   -0.00112   -0.00428
  794   -0.00247   -0.00212   -0.00604
  795   -0.00232   -0.00388   -0.01004
  796   -0.00056   -0.00290   -0.01191
  797   -0.00063   -0.00508   -0.01685
  798    0.00017   -0.00473   -0.01744
  799   -0.00119   -0.00715   -0.02056
  800    0.00157   -0.00666   -0.02328
  801   -0.00072   -0.00868   -0.02650
  802   -0.00721   -0.01098   -0.02367
  803   -0.01407   -0.01256   -0.02348
  804   -0.01783   -0.01708   -0.03450
  805   -0.02777   -0.01965   -0.03578
  806   -0.03053   -0.02438   -0.04802
  807   -0.04526   -0.03115   -0.04832
  808   -0.04964   -0.03961   -0.06874
  809   -0.01651   -0.00892   -0.00342
  810   -0.01329   -0.00977   -0.00299
  811   -0.01528   -0.00913   -0.00318
  812   -0.02160   -0.00657    0.00012
  813   -0.02367   -0.00659   -0.00457
  814   -0.02149   -0.00831   -0.01006
  815   -0.02678   -0.00737   -0.00845
  816   -0.02939   -0.00349    0.00081
  817   -0.03894    0.00143    0.00477
  818   -0.03408   -0.00294   -0.00848
  819   -0.03534   -0.00025   -0.01419
  820   -0.03390   -0.01111   -0.02833
  821   -0.02579   -0.01375   -0.03359
  822   -0.02261   -0.01411   -0.04195
  823   -0.01830   -0.01838   -0.05626
  824   -0.01911   -0.01734   -0.06205
  825   -0.00941   -0.01231   -0.04657
  826   -0.00041   -0.01306   -0.05480
  827    0.01017   -0.01241   -0.04491
  828    0.00800   -0.00911   -0.03356
  829    0.00101   -0.00845   -0.02599
  830   -0.00362   -0.00709   -0.01855
  831   -0.00558   -0.00603   -0.01815
  832   -0.01404   -0.00493   -0.01684
  833   -0.02539   -0.00646   -0.02595
  834   -0.03200   -0.00387   -0.01758
  835   -0.04755   -0.00593   -0.02302
  836   -0.04954   -0.00342   -0.01783
  837   -0.06665   -0.00223   -0.02602
  838   -0.04710   -0.00715   -0.04851
  839   -0.04410   -0.01537   -0.05900
  840   -0.04098   -0.01132   -0.04429
  841   -0.02298   -0.01250   -0.04790
  842   -0.01320   -0.00966   -0.04117
  843   -0.00031   -0.00798   -0.03241
  844    0.00608   -0.00785   -0.02692
  845    0.00845   -0.00651   -0.01393
  846    0.02081   -0.00746   -0.01709
  847    0.01710   -0.00764   -0.00766
  848    0.00898   -0.00702   -0.00897
  849    0.01078   -0.00698   -0.01904
  850    0.01710   -0.00585   -0.01880
  851    0.01075   -0.00630   -0.01174
  852    0.00671   -0.00707   -0.01523
  853    0.00847   -0.00648   -0.02155
  854    0.00918   -0.00579   -0.01789
  855    0.00451   -0.00574   -0.01446
  856    0.00312   -0.00636   -0.01734
  857    0.00484   -0.00507   -0.01998
  858    0.00329   -0.00435   -0.01611
  859    0.00135   -0.00487   -0.01450
  860    0.00176   -0.00360   -0.01784
  861    0.00167   -0.00153   -0.01626
  862    0.00156   -0.00185   -0.01343
  863    0.00036   -0.00162   -0.01147
  864   -0.00007    0.00085   -0.01273
  865    0.00063    0.00208   -0.01333
  866    0.00031    0.00153   -0.00918
  867   -0.00091    0.00347   -0.00706
  868   -0.00190    0.00604   -0.00509
  869   -0.00215    0.00776   -0.00539
  870   -0.00166    0.00920   -0.00184
  871   -0.00162    0.01050   -0.00085
  872   -0.00153    0.01127    0.00081
  873   -0.00175    0.01141    0.00266
  874   -0.00194    0.01080    0.00330
  875   -0.00141    0.01034    0.00441
  876   -0.00148    0.01087    0.00554
  877   -0.00219    0.01069    0.00577
  878    0.00003    0.00980    0.00658
  879    0.00089    0.00698    0.00644
  880    0.00331    0.00574    0.00797
  881    0.00342    0.00658    0.00874
  882    0.00275    0.00899    0.00854
  883    0.00387    0.00910    0.00893
  884    0.00386    0.00966    0.00941
  885    0.00188    0.01006    0.00832
  886    0.00160    0.01003    0.00760
  887    0.00251    0.00962    0.00821
  888    0.00207    0.00936    0.00801
  889    0.00072    0.00959    0.00697
  890    0.00073    0.00864    0.00663
  891    0.00124    0.00784    0.00698
  892    0.00026    0.00820    0.00584
  893   -0.00016    0.00776    0.00458
  894   -0.00039    0.00637    0.00481
  895   -0.00025    0.00534    0.00449
  896   -0.00041    0.00550    0.00254
  897   -0.00116    0.00465    0.00196
  898   -0.00169    0.00275    0.00232
  899   -0.00152    0.00194    0.00106
  900   -0.00109    0.00216   -0.00101
  901   -0.00167    0.00051   -0.00144
  902   -0.00228   -0.00150   -0.00095
  903   -0.00187   -0.00161   -0.00267
  904   -0.00126   -0.00133   -0.00526
  905   -0.00217   -0.00391   -0.00511
  906   -0.00319   -0.00527   -0.00427
  907   -0.00194   -0.00456   -0.00660
  908   -0.00190   -0.00499   -0.00939
  909   -0.00381   -0.00759   -0.00720
  910   -0.00421   -0.00764   -0.00681
  911   -0.00253   -0.00683   -0.01030
  912   -0.00385   -0.00749   -0.01173
  913   -0.00683   -0.00918   -0.00872
  914   -0.00518   -0.00865   -0.00861
  915   -0.00372   -0.00819   -0.01324
  916   -0.00755   -0.00915   -0.01340
  917   -0.00826   -0.00932   -0.00865
  918   -0.00452   -0.00863   -0.00947
  919   -0.00588   -0.00833   -0.01288
  920   -0.01124   -0.00868   -0.00860
  921   -0.00880   -0.00862   -0.00504
  922   -0.00522   -0.00707   -0.00586
  923   -0.01184   -0.00632   -0.00686
  924   -0.01420   -0.00650   -0.00153
  925   -0.00770   -0.00633    0.00404
  926   -0.00807   -0.00453    0.00242
  927   -0.01682   -0.00341    0.00296
  928   -0.01329   -0.00294    0.01007
  929   -0.00634   -0.00108    0.01745
  930   -0.01316    0.00051    0.01661
  931   -0.01995    0.00148    0.01676
  932   -0.01386    0.00289    0.02660
  933   -0.01231    0.00748    0.03732
  934   -0.02460    0.00892    0.03368
  935   -0.02384    0.01068    0.03229
  936   -0.03627    0.01838    0.03260
  937   -0.04634    0.00815    0.04022
  938   -0.04818    0.00376    0.02450
  939   -0.06610   -0.00203    0.02372
  940   -0.05932   -0.00345    0.01947
  941   -0.06335    0.00402    0.01158
  942   -0.05111    0.00656    0.00675
  943   -0.04268    0.00204   -0.00246
  944   -0.03759   -0.00171   -0.00118
  945   -0.04516   -0.00088    0.00107
  946   -0.05036   -0.00157    0.01105
  947   -0.06426    0.00203    0.01066
  948   -0.06045    0.00341    0.02177
  949   -0.07575    0.00387    0.03629
  950   -0.06609    0.00908    0.04262
  951   -0.06309    0.00590    0.02228
  952   -0.04120    0.00298    0.01941
  953   -0.02921    0.00013    0.00650
  954   -0.01397   -0.00361   -0.00742
  955   -0.00004   -0.00220    0.00945
  956   -0.01107   -0.00025    0.02085
  957   -0.01342   -0.00145    0.00503
  958    0.00400   -0.00225    0.00271
  959    0.00493   -0.00155    0.02078
  960   -0.00602   -0.00018    0.01827
  961    0.00037   -0.00263    0.00419
  962    0.01208   -0.00412    0.01176
  963    0.00735   -0.00290    0.02362
  964    0.01139   -0.00314    0.03824
  965   -0.00388    0.00099    0.03971
  966   -0.00449    0.00460    0.05847
  967   -0.01727    0.01450    0.07105
  968   -0.02202    0.02139    0.06462
  969    0.07726   -0.03230   -0.05218
  970    0.04773   -0.02566   -0.04246
  971    0.03561   -0.01345   -0.02741
  972    0.02129   -0.01516   -0.02725
  973    0.00728   -0.00999   -0.01468
  974    0.00789   -0.00907   -0.01513
  975    0.00609   -0.00733   -0.01184
  976    0.01034   -0.00566   -0.01104
  977    0.01319   -0.00821   -0.01679
  978    0.02035   -0.00779   -0.01803
  979    0.02568   -0.00931   -0.02120
  980    0.01078   -0.00848   -0.01219
  981    0.00341   -0.00873   -0.01379
  982   -0.00358   -0.00917   -0.00591
  983   -0.00586   -0.00906   -0.00747
  984   -0.00680   -0.01063   -0.00338
  985   -0.00755   -0.01009   -0.00298
  986   -0.00906   -0.01024   -0.00416
  987   -0.00734   -0.00911   -0.00347
  988   -0.00911   -0.00970   -0.00417
  989   -0.00801   -0.00916   -0.00429
  990   -0.00658   -0.00828   -0.00488
  991   -0.00714   -0.00733   -0.00848
  992   -0.00795   -0.00897   -0.01029
  993   -0.00453   -0.00931   -0.01153
  994   -0.00416   -0.00982   -0.00850
  995    0.00106   -0.00854   -0.00700
  996   -0.00095   -0.00936   -0.00254
  997   -0.00422   -0.01059   -0.00018
  998   -0.00520   -0.01106    0.00257
  999   -0.00604   -0.00989    0.00404
 1000   -0.00583   -0.00751    0.00386
 1001   -0.00414   -0.00568    0.00577
 1002   -0.00291   -0.00499    0.00843
 1003   -0.00204   -0.00465    0.01071
 1004   -0.00144   -0.00464    0.01319
 1005    0.00027   -0.00207    0.01353
 1006    0.00104   -0.00171    0.01373
 1007    0.00146   -0.00037    0.01529
 1008    0.00250    0.00207    0.01394
 1009    0.00255    0.00475    0.01265
 1010    0.00222    0.00391    0.01254
 1011    0.00184    0.00548    0.01163
 1012    0.00166    0.00605    0.01105
 1013    0.00117    0.00684    0.01047
 1014    0.00168    0.00693    0.01076
 1015    0.00217    0.00836    0.01095
 1016    0.00248    0.00799    0.01117
 1017    0.00264    0.00833    0.01162
 1018    0.00256    0.00901    0.01096
 1019    0.00170    0.00924    0.01111
 1020    0.00096    0.00933    0.01027
 1021   -0.00131    0.00955    0.00995
 1022   -0.00271    0.01068    0.00826
 1023   -0.00037    0.00941    0.00761
 1024    0.00122    0.00917    0.00862
 1025    0.00217    0.00827    0.00870
 1026    0.00217    0.00668    0.00722
 1027    0.00034    0.00669    0.00527
 1028    0.00029    0.00704    0.00567
 1029    0.00125    0.00543    0.00616
 1030    0.00024    0.00393    0.00454
 1031   -0.00123    0.00473    0.00293
 1032   -0.00166    0.00527    0.00212
 1033   -0.00366    0.00571   -0.00034
 1034   -0.00391    0.00851    0.00094
 1035   -0.00263    0.00858    0.00260
 1036   -0.00374    0.00858    0.00075
 1037   -0.00319    0.00986    0.00255
 1038   -0.00057    0.00911    0.00573
 1039   -0.00145    0.00804    0.00408
 1040    0.00033    0.00903    0.00630
 1041    0.00150    0.00894    0.00792
 1042    0.00202    0.00926    0.00828
 1043    0.00282    0.00946    0.00997
 1044    0.00283    0.00919    0.01079
 1045    0.00261    0.00858    0.01090
 1046    0.00308    0.00859    0.01120
 1047    0.00311    0.00905    0.01166
 1048    0.00252    0.00939    0.01248
 1049    0.00177    0.00994    0.01281
 1050    0.00006    0.01031    0.01486
 1051   -0.00122    0.01570    0.02031
 1052   -0.00300    0.01373    0.01762
 1053   -0.00058    0.01109    0.01084
 1054   -0.00071    0.01003    0.00780
 1055   -0.00104    0.00839    0.00479
 1056    0.00043    0.00722    0.00527
 1057    0.00090    0.00517    0.00402
 1058   -0.00075    0.00391    0.00181
 1059   -0.00144    0.00176    0.00043
 1060   -0.00003    0.00192    0.00113
 1061    0.00118    0.00159    0.00223
 1062    0.00284    0.00287    0.00418
 1063    0.00284    0.00381    0.00582
 1064    0.00355    0.00322    0.00715
 1065    0.00362    0.00504    0.00871
 1066    0.00462    0.00694    0.00928
 1067    0.00530    0.00864    0.01073
 1068    0.00470    0.00773    0.01032
 1069    0.00425    0.00685    0.00996
 1070    0.00438    0.00819    0.01024
 1071    0.00483    0.00880    0.01047
 1072    0.00451    0.00803    0.01031
 1073    0.00394    0.00791    0.01013
 1074    0.00382    0.00882    0.01051
 1075    0.00342    0.00876    0.01039
 1076    0.00351    0.00878    0.01021
 1077    0.00316    0.00935    0.01059
 1078    0.00271    0.00822    0.00908
 1079    0.00213    0.00701    0.00796
 1080    0.00112    0.00514    0.00598
 1081    0.00031    0.00426    0.00480
 1082   -0.00054    0.00166    0.00359
 1083   -0.00127   -0.00050    0.00263
 1084   -0.00043   -0.00257    0.00339
 1085   -0.00163   -0.00409    0.00246
 1086   -0.00330   -0.00370    0.00086
 1087   -0.00453   -0.00371   -0.00051
 1088   -0.00666   -0.00541   -0.00217
 1089   -0.00578   -0.00765   -0.00056
 1090   -0.00366   -0.00762    0.00112
 1091   -0.00452   -0.00819    0.00017
 1092   -0.00684   -0.01121   -0.00136
 1093   -0.00750   -0.01310   -0.00168
 1094   -0.00666   -0.00987   -0.00165
 1095   -0.00780   -0.00785   -0.00307
 1096   -0.00660   -0.00555   -0.00247
 1097   -0.00869   -0.00436   -0.00450
 1098   -0.00912   -0.00406   -0.00530
 1099   -0.00640   -0.00329   -0.00317
 1100   -0.00651   -0.00129   -0.00394
 1101   -0.00623   -0.00003   -0.00390
 1102   -0.00698    0.00186   -0.00475
 1103   -0.00453    0.00235   -0.00200
 1104   -0.00407    0.00296   -0.00139
 1105   -0.00655    0.00435   -0.00370
 1106   -0.00748    0.00590   -0.00438
 1107   -0.01395    0.00945   -0.00614
 1108   -0.01503    0.00952   -0.00750
 1109   -0.01211    0.00526   -0.00938
 1110   -0.00837    0.00220   -0.00653
 1111   -0.00660    0.00193   -0.00402
 1112   -0.00439    0.00116   -0.00162
 1113   -0.00256    0.00216    0.00072
 1114   -0.00294    0.00251    0.00059
 1115   -0.00148    0.00167    0.00220
 1116   -0.00161   -0.00033    0.00179
 1117   -0.00304   -0.00235    0.00027
 1118   -0.00375   -0.00340   -0.00058
 1119   -0.00410   -0.00574   -0.00062
 1120   -0.00581   -0.00706   -0.00194
 1121   -0.00716   -0.00971   -0.00263
 1122   -0.00961   -0.01127   -0.00404
 1123   -0.01431   -0.01456   -0.00662
 1124   -0.01196   -0.01520   -0.00574
 1125   -0.00887   -0.01557   -0.00339
 1126   -0.00561   -0.01242   -0.00117
 1127   -0.00472   -0.01270    0.00060
 1128   -0.00261   -0.01059    0.00289
 1129   -0.00204   -0.00996    0.00293
 1130   -0.00092   -0.00931    0.00436
 1131   -0.00079   -0.00807    0.00422
 1132    0.00076   -0.00765    0.00503
 1133    0.00137   -0.00644    0.00524
 1134    0.00262   -0.00717    0.00581
 1135    0.00360   -0.00493    0.00608
 1136    0.00337   -0.00499    0.00610
 1137    0.00311   -0.00120    0.00660
 1138    0.00534   -0.00101    0.00814
 1139    0.00450    0.00189    0.00874
 1140    0.00409    0.00177    0.00862
 1141    0.00295    0.00067    0.00702
 1142    0.00245    0.00208    0.00712
 1143    0.00192   -0.00032    0.00577
 1144    0.00139    0.00019    0.00516
 1145    0.00064   -0.00166    0.00410
 1146    0.00063   -0.00206    0.00339
 1147    0.00045   -0.00391    0.00285
 1148   -0.00103   -0.00368    0.00137
 1149   -0.00084   -0.00435    0.00081
 1150   -0.00286   -0.00440   -0.00073
 1151   -0.00314   -0.00354   -0.00157
 1152   -0.00415   -0.00478   -0.00180
 1153   -0.00470   -0.00709   -0.00162
 1154   -0.00750   -0.00833   -0.00357
 1155   -0.00650   -0.00674   -0.00272
 1156   -0.00492   -0.00799   -0.00130
 1157   -0.00716   -0.01061   -0.00281
 1158   -0.00904   -0.00899   -0.00433
 1159   -0.00658   -0.00770   -0.00256
 1160   -0.00515   -0.00925   -0.00123
 1161   -0.00672   -0.01236   -0.00225
 1162   -0.00426   -0.01270   -0.00059
 1163   -0.00448   -0.01172    0.00012
 1164   -0.00145   -0.00975    0.00147
 1165   -0.00061   -0.00942    0.00236
 1166    0.00092   -0.00851    0.00403
 1167    0.00128   -0.00755    0.00424
 1168    0.00167   -0.00699    0.00489
 1169    0.00196   -0.00603    0.00511
 1170    0.00143   -0.00566    0.00514
 1171    0.00190   -0.00567    0.00559
 1172    0.00133   -0.00513    0.00478
 1173    0.00140   -0.00340    0.00520
 1174    0.00140   -0.00334    0.00542
 1175    0.00110   -0.00461    0.00462
 1176    0.00180   -0.00421    0.00482
 1177    0.00181   -0.00546    0.00479
 1178    0.00250   -0.00628    0.00463
 1179    0.00185   -0.00725    0.00383
 1180    0.00034   -0.00653    0.00196
 1181    0.00060   -0.00487    0.00113
 1182   -0.00132   -0.00508   -0.00031
 1183   -0.00165   -0.00283   -0.00160
 1184   -0.00212   -0.00194   -0.00278
 1185   -0.00136   -0.00067   -0.00243
 1186   -0.00144    0.00032   -0.00332
 1187   -0.00226    0.00062   -0.00327
 1188   -0.00129    0.00136   -0.00202
 1189   -0.00278    0.00193   -0.00175
 1190   -0.00409    0.00077   -0.00304
 1191   -0.00366   -0.00014   -0.00256
 1192   -0.00298   -0.00125   -0.00265
 1193   -0.00237   -0.00210   -0.00123
 1194   -0.00061   -0.00123    0.00047
 1195    0.00016   -0.00109    0.00182
 1196    0.00155   -0.00050    0.00362
 1197    0.00188    0.00039    0.00454
 1198    0.00229    0.00029    0.00567
 1199    0.00239    0.00092    0.00669
 1200    0.00265    0.00000    0.00698
 1201    0.00328    0.00055    0.00762
 1202    0.00330   -0.00210    0.00673
 1203    0.00460   -0.00223    0.00702
 1204    0.00574   -0.00358    0.00702
 1205    0.00699   -0.00813    0.00624
 1206    0.00517   -0.00712    0.00578
 1207    0.00360   -0.00756    0.00577
 1208    0.00235   -0.00630    0.00543
 1209    0.00176   -0.00729    0.00536
 1210    0.00118   -0.00710    0.00453
 1211    0.00054   -0.00840    0.00436
 1212   -0.00009   -0.00862    0.00350
 1213   -0.00148   -0.00989    0.00216
 1214   -0.00199   -0.00840    0.00122
 1215   -0.00151   -0.00623    0.00149
 1216   -0.00081   -0.00562    0.00218
 1217   -0.00131   -0.00339    0.00175
 1218   -0.00070   -0.00399    0.00242
 1219   -0.00029   -0.00239    0.00305
 1220   -0.00150   -0.00158    0.00195
 1221   -0.00059    0.00038    0.00296
 1222    0.00066    0.00081    0.00475
 1223    0.00154    0.00285    0.00607
 1224    0.00210    0.00309    0.00678
 1225    0.00330    0.00506    0.00867
 1226    0.00416    0.00639    0.01075
 1227    0.00440    0.00731    0.01052
 1228    0.00402    0.00841    0.01051
 1229    0.00336    0.00849    0.00986
 1230    0.00347    0.00874    0.00956
 1231    0.00319    0.00861    0.01009
 1232    0.00380    0.00870    0.01071
 1233    0.00381    0.00891    0.01157
 1234    0.00329    0.00849    0.01256
 1235    0.00234    0.00950    0.01414
 1236    0.00154    0.00825    0.01509
 1237    0.00071    0.00726    0.01604
 1238    0.00157    0.00494    0.01468
 1239    0.00125    0.00480    0.01443
 1240    0.00149    0.00578    0.01305
 1241    0.00195    0.00388    0.01350
 1242    0.00178    0.00468    0.01234
 1243    0.00183    0.00207    0.01303
 1244    0.00118    0.00261    0.01139
 1245    0.00066    0.00261    0.01056
 1246    0.00006    0.00296    0.00958
 1247    0.00053    0.00287    0.01010
 1248    0.00165    0.00420    0.01167
 1249    0.00194    0.00419    0.01245
 1250    0.00239    0.00565    0.01360
 1251    0.00172    0.00349    0.01470
 1252    0.00168    0.00191    0.01359
 1253    0.00119    0.00165    0.01230
 1254   -0.00012   -0.00015    0.01121
 1255   -0.00104   -0.00166    0.01012
 1256   -0.00204   -0.00254    0.00857
 1257   -0.00340   -0.00388    0.00624
 1258   -0.00392   -0.00541    0.00539
 1259   -0.00380   -0.00315    0.00475
 1260   -0.00291   -0.00230    0.00588
 1261   -0.00184   -0.00217    0.00827
 1262   -0.00087   -0.00160    0.00941
 1263    0.00017   -0.00040    0.01205
 1264    0.00110    0.00256    0.01152
 1265    0.00140    0.00398    0.01001
 1266    0.00203    0.00585    0.01105
 1267    0.00192    0.00515    0.01064
 1268    0.00197    0.00599    0.01033
 1269    0.00085    0.00499    0.00945
 1270   -0.00071    0.00330    0.00792
 1271   -0.00085    0.00202    0.00816
 1272   -0.00210    0.00002    0.00712
 1273   -0.00170    0.00080    0.00627
 1274   -0.00059    0.00125    0.00751
 1275   -0.00112   -0.00031    0.00637
 1276   -0.00106   -0.00136    0.00665
 1277   -0.00327   -0.00375    0.00432
 1278   -0.00319   -0.00499    0.00465
 1279   -0.00457   -0.00706    0.00223
 1280   -0.00555   -0.00740    0.00174
 1281   -0.00636   -0.00987    0.00099
 1282   -0.00676   -0.01013    0.00002
 1283   -0.00701   -0.01026   -0.00191
 1284   -0.00524   -0.00982   -0.00011
 1285   -0.00346   -0.00808   -0.00234
 1286   -0.00487   -0.00932   -0.00612
 1287   -0.00595   -0.01133   -0.01028
 1288    0.00195   -0.01068   -0.01519
 1289    0.00649   -0.01324   -0.02214
 1290    0.01872   -0.01268   -0.03081
 1291    0.01844   -0.02015   -0.04130
 1292    0.03691   -0.02460   -0.06128
 1293   -0.01470   -0.01299   -0.00714
 1294   -0.01253   -0.01160   -0.00557
 1295   -0.01465   -0.01206   -0.00515
 1296   -0.01653   -0.01340   -0.00682
 1297   -0.01453   -0.01391   -0.00901
 1298   -0.01084   -0.01274   -0.01109
 1299   -0.01126   -0.01305   -0.01297
 1300   -0.01648   -0.01320   -0.01012
 1301   -0.01657   -0.01450   -0.01210
 1302   -0.00667   -0.01341   -0.01881
 1303   -0.00465   -0.01083   -0.01984
 1304    0.00645   -0.01374   -0.02993
 1305    0.01188   -0.01151   -0.02501
 1306    0.02269   -0.00769   -0.02471
 1307    0.03110   -0.00552   -0.02174
 1308    0.04418   -0.00395   -0.02165
 1309    0.03347   -0.00188   -0.01189
 1310    0.03413   -0.00331   -0.00350
 1311    0.03294    0.00132    0.00060
 1312    0.01896    0.00113    0.00201
 1313    0.00657   -0.00273   -0.00146
 1314    0.00626   -0.00233   -0.00146
 1315    0.01701    0.00094   -0.00078
 1316    0.02714    0.00095   -0.00604
 1317    0.04241   -0.00533   -0.02079
 1318    0.05799   -0.00517   -0.02650
 1319    0.09417   -0.01265   -0.05030
 1320    0.12024   -0.00346   -0.04479
 1321    0.20384   -0.00455   -0.08159
 1322    0.26199    0.01722   -0.05945
 1323    0.22973    0.00241   -0.08001
 1324    0.12807   -0.00184   -0.05876
 1325    0.09533    0.00316   -0.02581
 1326    0.05670    0.00218   -0.01109
 1327    0.05372    0.00884    0.00309
 1328    0.03129    0.00797    0.00614
 1329    0.02102    0.00882    0.01162
 1330    0.02412    0.01007    0.01476
 1331    0.01219    0.00720    0.01505
 1332    0.00176    0.00029    0.00901
 1333    0.00633    0.00044    0.00732
 1334    0.00536   -0.00176    0.00647
 1335   -0.00257   -0.00590    0.00424
 1336   -0.00457   -0.00688    0.00367
 1337   -0.00134   -0.00942    0.00330
 1338   -0.00289   -0.01251    0.00191
 1339   -0.00701   -0.01189    0.00082
 1340   -0.00690   -0.01087    0.00120
 1341   -0.00558   -0.01340    0.00070
 1342   -0.00651   -0.01380   -0.00091
 1343   -0.00737   -0.01094   -0.00074
 1344   -0.00657   -0.01119    0.00016
 1345   -0.00583   -0.01095   -0.00008
 1346   -0.00577   -0.00874   -0.00098
 1347   -0.00577   -0.00705    0.00058
 1348   -0.00496   -0.00671    0.00208
 1349   -0.00467   -0.00671    0.00095
 1350   -0.00432   -0.00449   -0.00007
 1351   -0.00360   -0.00206    0.00217
 1352   -0.00236    0.00044    0.00247
 1353   -0.00230    0.00098    0.00475
 1354   -0.00097    0.00343    0.00629
 1355   -0.00016    0.00511    0.00715
 1356    0.00101    0.00618    0.00879
 1357    0.00222    0.00750    0.00888
 1358    0.00291    0.00751    0.00996
 1359    0.00346    0.00828    0.01001
 1360    0.00430    0.00935    0.01038
 1361    0.00534    0.00966    0.01097
 1362    0.00610    0.01007    0.01001
 1363    0.00663    0.01006    0.00879
 1364    0.00538    0.00886    0.00553
 1365    0.00412    0.00874    0.00635
 1366    0.00424    0.01025    0.00822
 1367    0.00393    0.00943    0.00680
 1368    0.00228    0.01021    0.00779
 1369    0.00284    0.01044    0.00837
 1370    0.00441    0.00984    0.00843
 1371    0.00349    0.00899    0.00756
 1372    0.00206    0.00962    0.00768
 1373    0.00291    0.00908    0.00812
 1374    0.00368    0.00818    0.00774
 1375    0.00231    0.00767    0.00669
 1376    0.00155    0.00763    0.00647
 1377    0.00217    0.00652    0.00726
 1378    0.00204    0.00497    0.00638
 1379    0.00095    0.00512    0.00497
 1380   -0.00003    0.00425    0.00473
 1381    0.00024    0.00266    0.00565
 1382    0.00026    0.00154    0.00395
 1383   -0.00066    0.00129    0.00245
 1384   -0.00175    0.00037    0.00288
 1385   -0.00165   -0.00102    0.00304
 1386   -0.00220   -0.00168    0.00096
 1387   -0.00311   -0.00255   -0.00016
 1388   -0.00410   -0.00381    0.00090
 1389   -0.00452   -0.00508    0.00022
 1390   -0.00459   -0.00606   -0.00152
 1391   -0.00550   -0.00652   -0.00200
 1392   -0.00617   -0.00804   -0.00134
 1393   -0.00692   -0.00885   -0.00258
 1394   -0.00660   -0.00873   -0.00348
 1395   -0.00732   -0.00930   -0.00303
 1396   -0.00813   -0.01008   -0.00328
 1397   -0.00890   -0.01023   -0.00429
 1398   -0.00868   -0.01009   -0.00391
 1399   -0.00888   -0.00991   -0.00307
 1400   -0.00992   -0.01081   -0.00488
 1401   -0.01120   -0.01106   -0.00479
 1402   -0.01078   -0.01030   -0.00243
 1403   -0.00934   -0.00937   -0.00262
 1404   -0.01216   -0.01144   -0.00528
 1405   -0.01344   -0.01078   -0.00233
 1406   -0.01112   -0.00833    0.00060
 1407   -0.00959   -0.00896   -0.00395
 1408   -0.01558   -0.01109   -0.00408
 1409   -0.01783   -0.00750    0.00110
 1410   -0.01126   -0.00504    0.00172
 1411   -0.01386   -0.01020   -0.00512
 1412   -0.02151   -0.00700   -0.00020
 1413   -0.02332   -0.00103    0.00612
 1414   -0.01418   -0.00201    0.00308
 1415   -0.02161   -0.00862   -0.00340
 1416   -0.03634   -0.00012    0.00730
 1417   -0.02735    0.00659    0.01092
 1418   -0.01848   -0.00283   -0.00061
 1419   -0.03279   -0.00568    0.00187
 1420   -0.02840   -0.01713   -0.00631
 1421   -0.01284   -0.02033   -0.01493
 1422   -0.00598   -0.03004   -0.02566
 1423   -0.01810   -0.04619   -0.03132
 1424   -0.02200   -0.03363   -0.02624
 1425   -0.00979   -0.02956   -0.02484
 1426   -0.01196   -0.01833   -0.01603
 1427   -0.00463   -0.01609   -0.02461
 1428   -0.00526   -0.01688   -0.02021
 1429    0.00262   -0.02205   -0.03042
 1430    0.00082   -0.02845   -0.02973
 1431    0.01760   -0.04067   -0.03915
 1432    0.02357   -0.03259   -0.03341
 1433    0.01359   -0.04522   -0.03532
 1434    0.04000   -0.02197   -0.02874
 1435    0.07233   -0.02036   -0.03637
 1436    0.07859    0.00634   -0.01246
 1437    0.12139    0.02451   -0.00885
 1438    0.13159    0.03445    0.00460
 1439    0.12196    0.05422    0.03211
 1440    0.07674    0.03849    0.02239
 1441    0.06838    0.02455    0.01040
 1442    0.07803    0.03968    0.03340
 1443    0.05415    0.04748    0.04292
 1444    0.02781    0.02166    0.02281
 1445    0.03146    0.02111    0.02312
 1446    0.03344    0.02940    0.03131
 1447    0.01111    0.02271    0.02247
 1448    0.01413    0.04077    0.03109
 1449    0.01778    0.03305    0.02948
 1450   -0.01367    0.03791    0.01651
 1451   -0.02349    0.02180    0.01471
 1452   -0.05097    0.01052    0.01529
