    1   -0.01850   -0.00166   -0.02426
    2   -0.01697    0.00079   -0.02265
    3   -0.01425    0.00195   -0.02228
    4   -0.01440    0.00368   -0.02094
    5   -0.01207    0.00503   -0.01979
    6   -0.01231    0.00562   -0.01928
    7   -0.01050    0.00646   -0.01818
    8   -0.00960    0.00689   -0.01743
    9   -0.01008    0.00714   -0.01805
   10   -0.00888    0.00783   -0.01880
   11   -0.00770    0.00991   -0.01964
   12   -0.00486    0.01278   -0.01753
   13   -0.00459    0.01513   -0.01906
   14   -0.00210    0.01532   -0.01597
   15   -0.00265    0.01417   -0.01629
   16   -0.00039    0.01250   -0.01323
   17    0.00049    0.00998   -0.01382
   18   -0.00136    0.00835   -0.01350
   19   -0.00044    0.00611   -0.01371
   20   -0.00187    0.00502   -0.01502
   21   -0.00202    0.00713   -0.01581
   22    0.00032    0.00908   -0.01650
   23   -0.00248    0.01179   -0.01847
   24   -0.00420    0.01126   -0.01789
   25   -0.00567    0.01168   -0.01790
   26   -0.00504    0.01139   -0.01552
   27   -0.00575    0.01083   -0.01585
   28   -0.00389    0.01242   -0.01350
   29   -0.00111    0.01342   -0.00919
   30    0.00185    0.01511   -0.00444
   31    0.00540    0.01803   -0.00167
   32    0.00379    0.01750    0.00034
   33    0.00856    0.01963    0.00168
   34    0.01399    0.02404    0.00790
   35    0.02016    0.02603    0.00456
   36    0.02958    0.03083    0.01519
   37    0.03567    0.03326    0.02265
   38    0.04079    0.03955    0.02999
   39    0.04832    0.03553    0.02698
   40    0.04118    0.03665    0.02947
   41    0.03294    0.03119    0.02631
   42    0.02573    0.03452    0.03085
   43    0.01800    0.03395    0.03126
   44    0.01262    0.03089    0.02801
   45    0.00518    0.03459    0.03231
   46    0.00783    0.03876    0.03688
   47    0.01037    0.03288    0.02904
   48    0.01695    0.03037    0.02650
   49    0.01856    0.02328    0.02187
   50    0.01764    0.01661    0.01778
   51    0.02387    0.01528    0.01991
   52    0.02272    0.00718    0.01763
   53    0.02802    0.00618    0.02061
   54    0.02609   -0.00395    0.02036
   55    0.01970   -0.00560    0.01784
   56    0.01926   -0.00525    0.01694
   57    0.01657   -0.00262    0.01352
   58    0.01346   -0.00926    0.01175
   59    0.01349   -0.01103    0.01278
   60    0.01431   -0.00510    0.01114
   61    0.01193   -0.00544    0.00801
   62    0.01055   -0.01199    0.00715
   63    0.01037   -0.01279    0.00676
   64    0.01069   -0.01691    0.01052
   65    0.00930   -0.02059    0.00939
   66    0.01324   -0.01634    0.01363
   67    0.01498   -0.00843    0.01125
   68    0.01444   -0.00553    0.00939
   69    0.01255   -0.00555    0.00672
   70    0.01180   -0.00382    0.00385
   71    0.01336    0.00422    0.00942
   72    0.01374    0.00852    0.01040
   73    0.01201    0.01476    0.01147
   74    0.01025    0.01561    0.00873
   75    0.00934    0.02029    0.01389
   76    0.01101    0.02118    0.01748
   77    0.00969    0.02382    0.02095
   78    0.01421    0.01887    0.01824
   79    0.01834    0.01438    0.01678
   80    0.02544    0.01415    0.01919
   81    0.02803    0.00678    0.01894
   82    0.03679    0.00493    0.02077
   83    0.03906   -0.00116    0.02112
   84    0.03927   -0.00741    0.02535
   85    0.02606   -0.00625    0.02236
   86    0.01656   -0.01533    0.02418
   87    0.01341   -0.01550    0.01988
   88    0.01328   -0.01519    0.01520
   89    0.01003   -0.01918    0.01315
   90    0.00783   -0.02461    0.01693
   91    0.00701   -0.02528    0.01480
   92    0.00713   -0.02251    0.01507
   93    0.00753   -0.01998    0.01245
   94    0.00843   -0.01701    0.01062
   95    0.01016   -0.01318    0.00920
   96    0.00986   -0.00995    0.00812
   97    0.00948   -0.00521    0.00816
   98    0.01209   -0.00567    0.00912
   99    0.01262   -0.00187    0.00921
  100    0.00904    0.00114    0.00877
  101    0.01077    0.00011    0.00866
  102    0.01246    0.00262    0.01078
  103    0.00969    0.00602    0.01039
  104    0.00777    0.00738    0.00940
  105    0.00970    0.00795    0.00992
  106    0.01139    0.01132    0.01329
  107    0.00792    0.01580    0.01452
  108    0.00665    0.01582    0.01181
  109    0.00540    0.02020    0.01158
  110    0.00868    0.01624    0.00579
  111    0.00991    0.00961    0.00328
  112    0.00996    0.00543   -0.00171
  113    0.00976   -0.00114   -0.00154
  114    0.00820   -0.00507   -0.00648
  115    0.00679   -0.00977   -0.00809
  116    0.00714   -0.00926   -0.00899
  117    0.00631   -0.01468   -0.00993
  118    0.00556   -0.01739   -0.01187
  119    0.00481   -0.02305   -0.01025
  120    0.00429   -0.02807   -0.01547
  121    0.00425   -0.02447   -0.01855
  122    0.00493   -0.02149   -0.01474
  123    0.00416   -0.02593   -0.01257
  124    0.00347   -0.03041   -0.01712
  125    0.00322   -0.03182   -0.01444
  126    0.00331   -0.03099   -0.00896
  127    0.00292   -0.03411   -0.00670
  128    0.00389   -0.03092   -0.00572
  129    0.00314   -0.03571   -0.00451
  130    0.00325   -0.03668   -0.00020
  131    0.00437   -0.03244    0.00288
  132    0.00493   -0.03304    0.00564
  133    0.00515   -0.03341    0.01065
  134    0.00491   -0.03577    0.01602
  135    0.00604   -0.03066    0.01708
  136    0.00664   -0.02931    0.01488
  137    0.00620   -0.03398    0.01634
  138    0.00717   -0.03143    0.01327
  139    0.00629   -0.03713    0.01388
  140    0.00322   -0.05147    0.01939
  141    0.00475   -0.04385    0.01125
  142    0.00502   -0.03802    0.01059
  143    0.00552   -0.03187    0.00813
  144    0.00665   -0.02673    0.00704
  145    0.00803   -0.02094    0.00613
  146    0.00789   -0.01850    0.00248
  147    0.00820   -0.01451    0.00144
  148    0.00746   -0.01851    0.00117
  149    0.00595   -0.02317   -0.00081
  150    0.00553   -0.02605    0.00161
  151    0.00487   -0.02753   -0.00164
  152    0.00395   -0.03162   -0.00072
  153    0.00321   -0.03397   -0.00359
  154    0.00225   -0.03765   -0.00824
  155    0.00165   -0.04383   -0.00772
  156    0.00245   -0.04130   -0.00645
  157    0.00323   -0.03645   -0.00826
  158    0.00416   -0.03115   -0.00584
  159    0.00442   -0.02960   -0.00867
  160    0.00522   -0.02489   -0.00678
  161    0.00566   -0.02231   -0.00700
  162    0.00639   -0.01836   -0.00850
  163    0.00610   -0.01583   -0.01039
  164    0.00736   -0.01087   -0.01077
  165    0.00777   -0.00718   -0.01209
  166    0.00964   -0.00188   -0.01452
  167    0.01062    0.00216   -0.01394
  168    0.01031    0.00481   -0.01862
  169    0.01064    0.00791   -0.01379
  170    0.01277    0.01396   -0.01323
  171    0.01124    0.01225   -0.00531
  172    0.00976    0.00606   -0.00199
  173    0.00965    0.00152   -0.00357
  174    0.00936   -0.00126    0.00028
  175    0.00993   -0.00648   -0.00074
  176    0.01020   -0.00993    0.00267
  177    0.00912   -0.01415    0.00264
  178    0.00822   -0.01773    0.00538
  179    0.00770   -0.01942    0.00681
  180    0.00671   -0.02275    0.00818
  181    0.00600   -0.02238    0.01124
  182    0.00492   -0.02542    0.01123
  183    0.00302   -0.02503    0.01303
  184    0.00270   -0.02641    0.01132
  185    0.00190   -0.02712    0.00941
  186    0.00185   -0.03376    0.00862
  187    0.00331   -0.03255    0.00875
  188    0.00370   -0.02944    0.00717
  189    0.00238   -0.03345    0.00460
  190    0.00259   -0.03735    0.00464
  191    0.00369   -0.03349    0.00352
  192    0.00387   -0.03095    0.00148
  193    0.00297   -0.03373    0.00045
  194    0.00436   -0.02983    0.00072
  195    0.00436   -0.02761    0.00490
  196    0.00630   -0.02227    0.00622
  197    0.00685   -0.02160    0.00470
  198    0.00813   -0.01860    0.00447
  199    0.00847   -0.01735    0.00286
  200    0.01009   -0.01492    0.00241
  201    0.01034   -0.01233    0.00072
  202    0.01184   -0.01095    0.00092
  203    0.01271   -0.00828   -0.00083
  204    0.01515   -0.00928    0.00270
  205    0.01514   -0.00649    0.00569
  206    0.01328   -0.00809    0.00440
  207    0.01303   -0.01015    0.00458
  208    0.01161   -0.01154    0.00611
  209    0.01086   -0.01363    0.00649
  210    0.00930   -0.01533    0.00760
  211    0.00827   -0.01686    0.00887
  212    0.00653   -0.01951    0.01008
  213    0.00533   -0.01872    0.01338
  214    0.00405   -0.02106    0.01313
  215    0.00134   -0.01956    0.01567
  216   -0.00047   -0.01991    0.01478
  217   -0.00018   -0.01797    0.01405
  218   -0.00272   -0.01746    0.01192
  219    0.00121   -0.02190    0.01471
  220    0.00319   -0.02323    0.01879
  221    0.00666   -0.02861    0.02287
  222    0.00506   -0.03055    0.01879
  223    0.00474   -0.02697    0.01595
  224    0.00256   -0.02366    0.01464
  225    0.00420   -0.02496    0.01411
  226    0.00567   -0.02264    0.01371
  227    0.00702   -0.02166    0.01101
  228    0.00840   -0.01748    0.00951
  229    0.00940   -0.01468    0.00751
  230    0.01039   -0.01136    0.00576
  231    0.01130   -0.00695    0.00415
  232    0.01142   -0.00481    0.00244
  233    0.01088   -0.00063    0.00069
  234    0.01204   -0.00056   -0.00344
  235    0.01306    0.00429   -0.00362
  236    0.01498    0.01065   -0.01000
  237    0.01567    0.00704   -0.01339
  238    0.01459    0.00082   -0.00866
  239    0.01139   -0.00320   -0.00945
  240    0.01113   -0.00804   -0.00573
  241    0.00924   -0.01103   -0.00541
  242    0.00833   -0.01428   -0.00390
  243    0.00801   -0.01681   -0.00291
  244    0.00683   -0.01992   -0.00121
  245    0.00611   -0.02349   -0.00080
  246    0.00570   -0.02501    0.00171
  247    0.00622   -0.02369    0.00443
  248    0.00666   -0.02145    0.00209
  249    0.00691   -0.02146    0.00264
  250    0.00690   -0.01914   -0.00103
  251    0.00774   -0.01507   -0.00167
  252    0.00680   -0.01571   -0.00391
  253    0.00807   -0.01087   -0.00275
  254    0.00879   -0.00584   -0.00260
  255    0.00960   -0.00028   -0.00101
  256    0.01004    0.00493   -0.00333
  257    0.00861    0.00928    0.00224
  258    0.00401    0.01434    0.00602
  259    0.00272    0.01385    0.00905
  260    0.00134    0.01811    0.01315
  261   -0.00128    0.01737    0.01296
  262    0.00342    0.01588    0.01341
  263    0.00821    0.01670    0.01488
  264    0.01367    0.01403    0.01361
  265    0.01861    0.01156    0.01535
  266    0.02621    0.01478    0.01689
  267    0.03099    0.00849    0.01824
  268    0.04163    0.01398    0.01880
  269    0.05293    0.01734    0.01983
  270    0.04874    0.02739    0.02191
  271    0.04535    0.03338    0.02677
  272    0.03589    0.03205    0.02895
  273    0.03557    0.04094    0.03638
  274    0.02923    0.04549    0.04231
  275    0.02593    0.04593    0.04207
  276    0.01670    0.04175    0.03942
  277    0.01529    0.03523    0.03275
  278    0.00859    0.03098    0.02790
  279    0.01373    0.02755    0.02236
  280    0.02125    0.02678    0.02116
  281    0.02640    0.02441    0.01657
  282    0.03316    0.02046    0.01683
  283    0.04262    0.02476    0.01760
  284    0.03795    0.03062    0.02284
  285    0.02853    0.03264    0.02580
  286    0.02255    0.03103    0.02350
  287    0.01534    0.03113    0.02527
  288    0.00734    0.02633    0.02162
  289    0.00534    0.02544    0.01999
  290    0.00482    0.02096    0.01090
  291    0.00168    0.01727    0.00702
  292    0.00621    0.01790    0.00415
  293    0.01190    0.02065    0.00393
  294    0.01747    0.02113   -0.00004
  295    0.02492    0.02378    0.00575
  296    0.02339    0.02054    0.00579
  297    0.01741    0.01669    0.00202
  298    0.01818    0.01640    0.00658
  299    0.01619    0.01944    0.01240
  300    0.01274    0.02066    0.01594
  301    0.00742    0.02339    0.01921
  302    0.00223    0.02266    0.01886
  303    0.00584    0.02108    0.01463
  304    0.00528    0.01927    0.01003
  305    0.00507    0.01523    0.00378
  306    0.01076    0.01643    0.00055
  307    0.01061    0.01523   -0.00455
  308    0.01491    0.01537   -0.00927
  309    0.01193    0.01722   -0.01035
  310    0.01345    0.02081   -0.01117
  311    0.00801    0.01850   -0.01044
  312    0.00441    0.01589   -0.00703
  313    0.00231    0.01510   -0.00785
  314   -0.00007    0.01245   -0.00642
  315   -0.00260    0.01172   -0.01026
  316   -0.00369    0.01127   -0.00993
  317   -0.00500    0.01053   -0.01340
  318   -0.00633    0.00953   -0.01486
  319   -0.00691    0.00959   -0.01659
  320   -0.00819    0.00898   -0.01769
  321   -0.01019    0.00811   -0.01861
  322   -0.01292    0.00767   -0.01976
  323   -0.01511    0.00875   -0.02043
  324   -0.00819    0.00758   -0.01405
  325   -0.00824    0.00806   -0.01362
  326   -0.00923    0.00868   -0.01406
  327   -0.01026    0.00810   -0.01434
  328   -0.01079    0.00787   -0.01625
  329   -0.01008    0.00738   -0.01607
  330   -0.01093    0.00695   -0.01620
  331   -0.01152    0.00688   -0.01538
  332   -0.01359    0.00643   -0.01686
  333   -0.01379    0.00655   -0.01797
  334   -0.01501    0.00679   -0.01750
  335   -0.01393    0.00725   -0.01870
  336   -0.01260    0.00682   -0.01874
  337   -0.01296    0.00556   -0.01956
  338   -0.01198    0.00508   -0.01996
  339   -0.01223    0.00446   -0.02162
  340   -0.01095    0.00526   -0.02040
  341   -0.00875    0.00667   -0.01875
  342   -0.00809    0.00598   -0.01900
  343   -0.00761    0.00647   -0.01770
  344   -0.00747    0.00719   -0.01614
  345   -0.00904    0.00623   -0.01777
  346   -0.00979    0.00464   -0.01984
  347   -0.01149    0.00331   -0.02109
  348   -0.01409    0.00196   -0.02230
  349   -0.01529   -0.00089   -0.02363
  350   -0.01856   -0.00360   -0.02497
  351   -0.01864   -0.00622   -0.02693
  352   -0.02193   -0.01183   -0.03054
  353   -0.01996   -0.01316   -0.03260
  354   -0.02056   -0.01091   -0.02915
  355   -0.01883   -0.00576   -0.02645
  356   -0.01517   -0.00189   -0.02500
  357   -0.01263    0.00189   -0.02267
  358   -0.01014    0.00206   -0.02214
  359   -0.00869    0.00392   -0.02044
  360   -0.00745    0.00439   -0.01955
  361   -0.00589    0.00458   -0.01918
  362   -0.00486    0.00544   -0.01778
  363   -0.00609    0.00645   -0.01644
  364   -0.00598    0.00668   -0.01599
  365   -0.00494    0.00773   -0.01346
  366   -0.00523    0.00871   -0.01260
  367   -0.00579    0.00906   -0.01253
  368   -0.00473    0.01012   -0.00919
  369   -0.00498    0.01051   -0.00777
  370   -0.00499    0.01074   -0.00744
  371   -0.00492    0.01061   -0.00712
  372   -0.00404    0.01260   -0.00357
  373   -0.00508    0.01173   -0.00250
  374   -0.00517    0.01080   -0.00363
  375   -0.00327    0.01193   -0.00153
  376   -0.00375    0.01434    0.00277
  377   -0.00556    0.01228    0.00079
  378   -0.00428    0.01189    0.00050
  379   -0.00265    0.01597    0.00523
  380   -0.00524    0.01641    0.00768
  381   -0.00866    0.01312    0.00509
  382   -0.00557    0.01420    0.00768
  383   -0.00649    0.01822    0.01335
  384   -0.00467    0.01609    0.01219
  385   -0.00464    0.01702    0.01446
  386   -0.00059    0.02004    0.01653
  387    0.00317    0.01622    0.01247
  388    0.00868    0.01507    0.01160
  389    0.00984    0.01265    0.00735
  390    0.01406    0.01085    0.00687
  391    0.01176    0.00595    0.00632
  392    0.01463    0.00147    0.00860
  393    0.01196   -0.00308    0.00508
  394    0.01133   -0.00786    0.00489
  395    0.00910   -0.00979    0.00244
  396    0.00622   -0.00712    0.00395
  397    0.00639   -0.00325    0.00191
  398    0.00749   -0.00391   -0.00068
  399    0.00660   -0.00491   -0.00119
  400    0.00519   -0.00191   -0.00049
  401    0.00861   -0.00012   -0.00092
  402    0.00872   -0.00160   -0.00453
  403    0.00592   -0.00179   -0.00293
  404    0.00651    0.00249   -0.00134
  405    0.01025    0.00321   -0.00458
  406    0.00764    0.00001   -0.00574
  407    0.00459    0.00300   -0.00333
  408    0.00812    0.00708   -0.00320
  409    0.01013    0.00534   -0.00728
  410    0.00582    0.00237   -0.00758
  411    0.00376    0.00620   -0.00441
  412    0.00829    0.00919   -0.00592
  413    0.00814    0.00551   -0.00935
  414    0.00325    0.00474   -0.00712
  415    0.00341    0.00929   -0.00460
  416    0.00726    0.01033   -0.00832
  417    0.00531    0.00699   -0.01044
  418    0.00122    0.00707   -0.00789
  419    0.00254    0.01062   -0.00607
  420    0.00380    0.01023   -0.00970
  421    0.00153    0.00709   -0.01036
  422   -0.00107    0.00803   -0.00750
  423    0.00008    0.01016   -0.00806
  424   -0.00022    0.00842   -0.01105
  425   -0.00223    0.00697   -0.01098
  426   -0.00289    0.00859   -0.00910
  427   -0.00275    0.00984   -0.01081
  428   -0.00375    0.00837   -0.01246
  429   -0.00526    0.00835   -0.01167
  430   -0.00500    0.00972   -0.01148
  431   -0.00594    0.00928   -0.01320
  432   -0.00698    0.00848   -0.01329
  433   -0.00679    0.00840   -0.01272
  434   -0.00699    0.00846   -0.01378
  435   -0.00825    0.00814   -0.01447
  436   -0.00822    0.00802   -0.01448
  437   -0.00801    0.00748   -0.01512
  438   -0.00940    0.00732   -0.01675
  439   -0.00985    0.00832   -0.01635
  440   -0.00879    0.00818   -0.01664
  441   -0.00907    0.00709   -0.01810
  442   -0.01052    0.00766   -0.01815
  443   -0.00936    0.00903   -0.01777
  444   -0.00817    0.00840   -0.01915
  445   -0.00900    0.00720   -0.02049
  446   -0.01014    0.00885   -0.01927
  447   -0.00792    0.01028   -0.02001
  448   -0.00755    0.00780   -0.02218
  449   -0.00971    0.00739   -0.02226
  450   -0.00976    0.01029   -0.02100
  451   -0.01144    0.01043   -0.02060
  452   -0.01166    0.00656   -0.02248
  453   -0.01387    0.00609   -0.02113
  454   -0.01593    0.00664   -0.01919
  455   -0.01547    0.00725   -0.01794
  456   -0.01781    0.00545   -0.01739
  457   -0.01674    0.00590   -0.01708
  458   -0.01638    0.00546   -0.01818
  459   -0.01388    0.00561   -0.01881
  460   -0.01563    0.00464   -0.01970
  461   -0.01500    0.00454   -0.02052
  462   -0.01743    0.00323   -0.02117
  463   -0.01529    0.00246   -0.02294
  464   -0.01575    0.00314   -0.02264
  465   -0.01474    0.00028   -0.02536
  466   -0.01510   -0.00327   -0.02709
  467   -0.01303   -0.00271   -0.02702
  468   -0.01271   -0.00636   -0.02895
  469   -0.01121   -0.00666   -0.02890
  470   -0.00758   -0.00624   -0.03009
  471   -0.00835   -0.00284   -0.02815
  472   -0.00996   -0.00188   -0.02589
  473   -0.00696   -0.00246   -0.02642
  474   -0.00530   -0.00062   -0.02683
  475   -0.00761    0.00215   -0.02426
  476   -0.00766    0.00184   -0.02306
  477   -0.00542    0.00204   -0.02330
  478   -0.00589    0.00455   -0.02234
  479   -0.00477    0.00342   -0.02586
  480   -0.00637    0.00352   -0.02542
  481   -0.00501    0.00352   -0.02790
  482   -0.00656    0.00616   -0.02591
  483   -0.00435    0.00614   -0.02740
  484   -0.00494    0.00206   -0.02895
  485   -0.00825    0.00192   -0.02733
  486   -0.00843    0.00579   -0.02562
  487   -0.00847    0.00459   -0.02665
  488   -0.01214    0.00159   -0.02624
  489   -0.01304    0.00431   -0.02397
  490   -0.01272    0.00776   -0.02261
  491   -0.01548    0.00556   -0.02285
  492   -0.01812    0.00389   -0.02219
  493   -0.01722    0.00778   -0.01934
  494   -0.01731    0.01033   -0.01770
  495   -0.02045    0.00696   -0.01789
  496   -0.02169    0.00702   -0.01591
  497   -0.02079    0.01193   -0.01199
  498   -0.02262    0.01215   -0.01025
  499    0.00232    0.02583   -0.02341
  500   -0.00025    0.02307   -0.02179
  501   -0.00153    0.02163   -0.01946
  502   -0.00348    0.01939   -0.01977
  503   -0.00521    0.01719   -0.01813
  504   -0.00605    0.01631   -0.01856
  505   -0.00719    0.01490   -0.01715
  506   -0.00790    0.01409   -0.01625
  507   -0.00806    0.01473   -0.01735
  508   -0.00922    0.01573   -0.01663
  509   -0.01135    0.01663   -0.01642
  510   -0.01423    0.01475   -0.01352
  511   -0.01631    0.01581   -0.01365
  512   -0.01589    0.01256   -0.01084
  513   -0.01472    0.01262   -0.01021
  514   -0.01308    0.00973   -0.00739
  515   -0.01086    0.00997   -0.00582
  516   -0.00938    0.00924   -0.00745
  517   -0.00720    0.00966   -0.00622
  518   -0.00607    0.01066   -0.00784
  519   -0.00775    0.01150   -0.00833
  520   -0.00913    0.01171   -0.00569
  521   -0.01220    0.01419   -0.01027
  522   -0.01131    0.01349   -0.01118
  523   -0.01232    0.01402   -0.01370
  524   -0.01224    0.01184   -0.01260
  525   -0.01178    0.01235   -0.01341
  526   -0.01370    0.00999   -0.01137
  527   -0.01482    0.00561   -0.00768
  528   -0.01682    0.00118   -0.00380
  529   -0.01998   -0.00069    0.00021
  530   -0.01885   -0.00218   -0.00087
  531   -0.02120   -0.00291    0.00357
  532   -0.02575   -0.00753    0.00921
  533   -0.02853   -0.00473    0.01576
  534   -0.03376   -0.01345    0.02435
  535   -0.03645   -0.01888    0.03012
  536   -0.04116   -0.02456    0.03452
  537   -0.03776   -0.01908    0.04028
  538   -0.03799   -0.02189    0.03422
  539   -0.03194   -0.01921    0.02745
  540   -0.03344   -0.02336    0.02118
  541   -0.03247   -0.02472    0.01446
  542   -0.02919   -0.02246    0.00974
  543   -0.02975   -0.02397    0.00294
  544   -0.03433   -0.02831    0.00518
  545   -0.02993   -0.02174    0.00858
  546   -0.02811   -0.01982    0.01466
  547   -0.02172   -0.01533    0.01579
  548   -0.01516   -0.01154    0.01565
  549   -0.01457   -0.01277    0.02159
  550   -0.00677   -0.01095    0.02104
  551   -0.00690   -0.01281    0.02629
  552    0.00286   -0.01438    0.02443
  553    0.00433   -0.01175    0.01984
  554    0.00341   -0.01103    0.01980
  555    0.00185   -0.00803    0.01665
  556    0.00811   -0.00710    0.01488
  557    0.01027   -0.00757    0.01491
  558    0.00529   -0.00581    0.01457
  559    0.00532   -0.00312    0.01228
  560    0.01133   -0.00268    0.01178
  561    0.01374   -0.00158    0.01111
  562    0.01605   -0.00558    0.01250
  563    0.01973   -0.00525    0.01166
  564    0.01453   -0.00836    0.01528
  565    0.00795   -0.00568    0.01510
  566    0.00901   -0.00192    0.01260
  567    0.00387   -0.00234    0.01299
  568    0.00175    0.00053    0.01129
  569   -0.00411   -0.00229    0.01129
  570   -0.00773   -0.00645    0.01316
  571   -0.01255   -0.00580    0.01090
  572   -0.01141   -0.00253    0.00868
  573   -0.01725   -0.00756    0.00810
  574   -0.01912   -0.01164    0.00982
  575   -0.02212   -0.01559    0.00828
  576   -0.01806   -0.01309    0.01235
  577   -0.01400   -0.01112    0.01649
  578   -0.01523   -0.01278    0.02292
  579   -0.00875   -0.01200    0.02525
  580   -0.00819   -0.01317    0.03307
  581   -0.00346   -0.01331    0.03624
  582    0.00264   -0.01752    0.03854
  583    0.00382   -0.01502    0.02620
  584    0.01254   -0.01780    0.01967
  585    0.01434   -0.01451    0.01552
  586    0.01356   -0.01052    0.01538
  587    0.01729   -0.00903    0.01259
  588    0.02210   -0.01249    0.01196
  589    0.02233   -0.01083    0.01079
  590    0.01926   -0.01095    0.01060
  591    0.01684   -0.00880    0.01040
  592    0.01453   -0.00688    0.01092
  593    0.01114   -0.00558    0.01210
  594    0.00798   -0.00503    0.01149
  595    0.00387   -0.00507    0.01091
  596    0.00447   -0.00529    0.01325
  597    0.00044   -0.00556    0.01289
  598   -0.00172   -0.00566    0.00949
  599   -0.00056   -0.00465    0.01130
  600   -0.00307   -0.00675    0.01261
  601   -0.00632   -0.00705    0.00946
  602   -0.00664   -0.00562    0.00773
  603   -0.00668   -0.00551    0.00933
  604   -0.01066   -0.00886    0.01035
  605   -0.01492   -0.01018    0.00694
  606   -0.01372   -0.00700    0.00607
  607   -0.01774   -0.00659    0.00492
  608   -0.01367   -0.00058    0.00798
  609   -0.00774    0.00189    0.00868
  610   -0.00336    0.00682    0.00889
  611    0.00258    0.00680    0.00926
  612    0.00617    0.01104    0.00794
  613    0.01072    0.01180    0.00699
  614    0.00975    0.01219    0.00766
  615    0.01450    0.01287    0.00724
  616    0.01756    0.01535    0.00621
  617    0.02210    0.01290    0.00615
  618    0.02581    0.01815    0.00569
  619    0.02284    0.02027    0.00556
  620    0.02003    0.01584    0.00630
  621    0.02372    0.01357    0.00627
  622    0.02744    0.01731    0.00575
  623    0.02790    0.01346    0.00606
  624    0.02782    0.00907    0.00619
  625    0.03088    0.00779    0.00583
  626    0.02857    0.00767    0.00632
  627    0.03319    0.00680    0.00580
  628    0.03345    0.00252    0.00621
  629    0.02872    0.00011    0.00755
  630    0.02988   -0.00233    0.00828
  631    0.02984   -0.00705    0.00908
  632    0.03200   -0.01141    0.00989
  633    0.02748   -0.01295    0.01065
  634    0.02662   -0.01014    0.01065
  635    0.03055   -0.01049    0.01084
  636    0.02959   -0.00713    0.01062
  637    0.03804   -0.00882    0.00989
  638    0.04198   -0.01245    0.01019
  639    0.03966   -0.00775    0.01049
  640    0.03419   -0.00635    0.00966
  641    0.02964   -0.00376    0.00911
  642    0.02450   -0.00325    0.00972
  643    0.01938   -0.00213    0.01038
  644    0.01802    0.00171    0.00956
  645    0.01461    0.00268    0.00953
  646    0.01769    0.00212    0.00940
  647    0.02159    0.00362    0.00824
  648    0.02351    0.00080    0.00835
  649    0.02468    0.00327    0.00776
  650    0.02801    0.00197    0.00718
  651    0.02953    0.00373    0.00652
  652    0.03330    0.00798    0.00551
  653    0.03933    0.00839    0.00529
  654    0.03483    0.00504    0.00594
  655    0.03056    0.00655    0.00667
  656    0.02608    0.00465    0.00740
  657    0.02485    0.00689    0.00752
  658    0.02091    0.00561    0.00894
  659    0.01943    0.00716    0.00859
  660    0.01603    0.00849    0.00897
  661    0.01410    0.01071    0.00799
  662    0.00993    0.01227    0.00861
  663    0.00713    0.01399    0.00855
  664    0.00220    0.01712    0.00946
  665   -0.00166    0.01666    0.01075
  666   -0.00357    0.02166    0.00848
  667   -0.00645    0.01829    0.00903
  668   -0.01326    0.01864    0.01066
  669   -0.01170    0.01025    0.01029
  670   -0.00567    0.00584    0.00929
  671   -0.00099    0.00757    0.00956
  672    0.00160    0.00344    0.00979
  673    0.00613    0.00445    0.01083
  674    0.00905    0.00109    0.01151
  675    0.01271    0.00043    0.01096
  676    0.01556   -0.00233    0.01067
  677    0.01661   -0.00429    0.01062
  678    0.01933   -0.00579    0.00987
  679    0.01864   -0.00895    0.00911
  680    0.02108   -0.00915    0.00808
  681    0.02016   -0.01137    0.00563
  682    0.02132   -0.01052    0.00516
  683    0.02102   -0.00988    0.00416
  684    0.02722   -0.00851    0.00445
  685    0.02732   -0.00721    0.00663
  686    0.02447   -0.00656    0.00688
  687    0.02739   -0.00493    0.00582
  688    0.03150   -0.00389    0.00622
  689    0.02862   -0.00254    0.00724
  690    0.02599   -0.00128    0.00732
  691    0.02791   -0.00112    0.00655
  692    0.02410   -0.00170    0.00779
  693    0.02179   -0.00606    0.00760
  694    0.01760   -0.00659    0.00951
  695    0.01738   -0.00440    0.01019
  696    0.01517   -0.00365    0.01130
  697    0.01440   -0.00155    0.01154
  698    0.01211   -0.00057    0.01280
  699    0.01028    0.00144    0.01299
  700    0.00911    0.00189    0.01449
  701    0.00682    0.00367    0.01510
  702    0.00759    0.00062    0.01852
  703    0.00441   -0.00231    0.01798
  704    0.00597   -0.00108    0.01618
  705    0.00796   -0.00178    0.01609
  706    0.00936   -0.00379    0.01471
  707    0.01113   -0.00471    0.01421
  708    0.01257   -0.00572    0.01236
  709    0.01365   -0.00748    0.01149
  710    0.01578   -0.00857    0.00962
  711    0.01519   -0.01162    0.00826
  712    0.01656   -0.01225    0.00637
  713    0.01554   -0.01389    0.00373
  714    0.01621   -0.01312    0.00159
  715    0.01434   -0.01140    0.00179
  716    0.01416   -0.00875   -0.00097
  717    0.01771   -0.01119    0.00400
  718    0.01891   -0.01387    0.00682
  719    0.02365   -0.01685    0.01060
  720    0.02478   -0.01382    0.00826
  721    0.02304   -0.01275    0.00823
  722    0.01947   -0.01111    0.00489
  723    0.02073   -0.01126    0.00742
  724    0.01889   -0.01046    0.00896
  725    0.01853   -0.00775    0.01022
  726    0.01488   -0.00635    0.01102
  727    0.01273   -0.00417    0.01149
  728    0.00952   -0.00241    0.01212
  729    0.00584   -0.00053    0.01261
  730    0.00343    0.00103    0.01245
  731    0.00033    0.00305    0.01158
  732    0.00043    0.00691    0.01282
  733   -0.00448    0.00758    0.01333
  734   -0.00970    0.01475    0.01346
  735   -0.00818    0.01915    0.01395
  736   -0.00148    0.01210    0.01460
  737    0.00334    0.01159    0.01211
  738    0.00691    0.00833    0.01244
  739    0.00946    0.00726    0.01126
  740    0.01236    0.00544    0.01069
  741    0.01458    0.00392    0.01089
  742    0.01689    0.00188    0.00985
  743    0.01958    0.00081    0.00957
  744    0.02109   -0.00080    0.00901
  745    0.01994   -0.00284    0.00950
  746    0.01846   -0.00019    0.00966
  747    0.01906    0.00017    0.00950
  748    0.01713    0.00359    0.00928
  749    0.01401    0.00481    0.00933
  750    0.01530    0.00732    0.00809
  751    0.01122    0.00671    0.00880
  752    0.00634    0.00696    0.00907
  753    0.00125    0.00573    0.00933
  754   -0.00396    0.00815    0.00901
  755   -0.00757    0.00270    0.00781
  756   -0.01224   -0.00127    0.00434
  757   -0.01173   -0.00534    0.00327
  758   -0.01585   -0.00964    0.00114
  759   -0.01633   -0.01137   -0.00108
  760   -0.01534   -0.01112    0.00223
  761   -0.01673   -0.01167    0.00679
  762   -0.01414   -0.00954    0.01151
  763   -0.01222   -0.01050    0.01647
  764   -0.01607   -0.01146    0.02261
  765   -0.01143   -0.01169    0.02803
  766   -0.01730   -0.01133    0.03624
  767   -0.02105   -0.01132    0.04492
  768   -0.02964   -0.01347    0.04184
  769   -0.03265   -0.01830    0.03827
  770   -0.03119   -0.02038    0.02997
  771   -0.03924   -0.02667    0.02949
  772   -0.04333   -0.03265    0.02446
  773   -0.04395   -0.03338    0.02280
  774   -0.04060   -0.03316    0.01445
  775   -0.03500   -0.02815    0.01331
  776   -0.03075   -0.02435    0.00740
  777   -0.02828   -0.01898    0.01139
  778   -0.02742   -0.01642    0.01792
  779   -0.02576   -0.01206    0.02235
  780   -0.02278   -0.01054    0.02969
  781   -0.02770   -0.01022    0.03604
  782   -0.03226   -0.01561    0.03214
  783   -0.03331   -0.01967    0.02428
  784   -0.03251   -0.01947    0.01897
  785   -0.03480   -0.02453    0.01436
  786   -0.02856   -0.02013    0.00737
  787   -0.02691   -0.01991    0.00283
  788   -0.02250   -0.01202    0.00156
  789   -0.01851   -0.00877   -0.00125
  790   -0.01922   -0.00470    0.00254
  791   -0.02218   -0.00339    0.00745
  792   -0.02286    0.00068    0.01260
  793   -0.02549   -0.00360    0.01967
  794   -0.02232   -0.00333    0.01842
  795   -0.01859   -0.00067    0.01323
  796   -0.01822   -0.00446    0.01505
  797   -0.02083   -0.00987    0.01369
  798   -0.02141   -0.01326    0.01044
  799   -0.02346   -0.01677    0.00546
  800   -0.02321   -0.01759    0.00072
  801   -0.02224   -0.01379    0.00410
  802   -0.02047   -0.01008    0.00289
  803   -0.01670   -0.00437    0.00225
  804   -0.01789   -0.00033    0.00697
  805   -0.01660    0.00395    0.00604
  806   -0.01695    0.00891    0.00939
  807   -0.01825    0.00895    0.00550
  808   -0.02261    0.00995    0.00663
  809   -0.01963    0.00852    0.00108
  810   -0.01755    0.00453   -0.00124
  811   -0.01653    0.00411   -0.00382
  812   -0.01387    0.00228   -0.00561
  813   -0.01308    0.00658   -0.00890
  814   -0.01244    0.00576   -0.01026
  815   -0.01178    0.00957   -0.01201
  816   -0.01026    0.01092   -0.01320
  817   -0.01025    0.01266   -0.01390
  818   -0.00964    0.01400   -0.01542
  819   -0.00848    0.01510   -0.01724
  820   -0.00773    0.01610   -0.01997
  821   -0.00776    0.01731   -0.02233
  822   -0.00781    0.00980   -0.01428
  823   -0.00795    0.00899   -0.01399
  824   -0.00828    0.00963   -0.01493
  825   -0.00763    0.01014   -0.01605
  826   -0.00755    0.01242   -0.01689
  827   -0.00733    0.01220   -0.01615
  828   -0.00680    0.01241   -0.01701
  829   -0.00662    0.01174   -0.01781
  830   -0.00568    0.01370   -0.01959
  831   -0.00593    0.01482   -0.02016
  832   -0.00620    0.01410   -0.02157
  833   -0.00714    0.01528   -0.02043
  834   -0.00708    0.01532   -0.01923
  835   -0.00635    0.01677   -0.02004
  836   -0.00640    0.01720   -0.01923
  837   -0.00659    0.01956   -0.01986
  838   -0.00743    0.01792   -0.01879
  839   -0.00950    0.01650   -0.01713
  840   -0.00807    0.01707   -0.01619
  841   -0.00831    0.01454   -0.01497
  842   -0.00843    0.01267   -0.01431
  843   -0.00704    0.01443   -0.01573
  844   -0.00564    0.01697   -0.01657
  845   -0.00419    0.01888   -0.01783
  846   -0.00290    0.02073   -0.02017
  847    0.00003    0.02264   -0.02051
  848    0.00266    0.02485   -0.02347
  849    0.00441    0.02732   -0.02271
  850    0.00890    0.03168   -0.02534
  851    0.00906    0.03324   -0.02479
  852    0.00800    0.02956   -0.02490
  853    0.00396    0.02617   -0.02403
  854   -0.00103    0.02393   -0.02184
  855   -0.00392    0.02099   -0.01965
  856   -0.00428    0.02007   -0.01734
  857   -0.00573    0.01764   -0.01581
  858   -0.00539    0.01658   -0.01402
  859   -0.00623    0.01560   -0.01273
  860   -0.00646    0.01426   -0.01108
  861   -0.00737    0.01299   -0.01250
  862   -0.00797    0.01210   -0.01258
  863   -0.00932    0.00973   -0.01111
  864   -0.00992    0.00837   -0.01159
  865   -0.01002    0.00821   -0.01218
  866   -0.01164    0.00496   -0.01085
  867   -0.01194    0.00272   -0.01086
  868   -0.01178    0.00252   -0.01069
  869   -0.01159    0.00241   -0.01067
  870   -0.01402   -0.00077   -0.00945
  871   -0.01286   -0.00241   -0.00986
  872   -0.01146   -0.00107   -0.00977
  873   -0.01322   -0.00264   -0.00757
  874   -0.01556   -0.00732   -0.00759
  875   -0.01271   -0.00559   -0.00924
  876   -0.01257   -0.00439   -0.00797
  877   -0.01687   -0.00821   -0.00592
  878   -0.01727   -0.01111   -0.00806
  879   -0.01312   -0.00893   -0.01070
  880   -0.01484   -0.00991   -0.00764
  881   -0.01839   -0.01533   -0.00749
  882   -0.01615   -0.01382   -0.00626
  883   -0.01773   -0.01576   -0.00597
  884   -0.01974   -0.01571   -0.00159
  885   -0.01633   -0.01148    0.00164
  886   -0.01582   -0.00943    0.00685
  887   -0.01342   -0.00593    0.00746
  888   -0.01191   -0.00471    0.01207
  889   -0.00673   -0.00402    0.01078
  890   -0.00310   -0.00520    0.01457
  891    0.00077   -0.00293    0.01189
  892    0.00512   -0.00199    0.01182
  893    0.00724    0.00101    0.00992
  894    0.00520   -0.00125    0.00737
  895    0.00199   -0.00001    0.00662
  896    0.00227    0.00323    0.00730
  897    0.00412    0.00327    0.00671
  898    0.00120    0.00162    0.00489
  899   -0.00141    0.00269    0.00791
  900    0.00021    0.00616    0.00790
  901    0.00118    0.00409    0.00500
  902   -0.00323    0.00211    0.00519
  903   -0.00481    0.00600    0.00838
  904   -0.00112    0.00686    0.00612
  905   -0.00385    0.00355    0.00280
  906   -0.00850    0.00365    0.00584
  907   -0.00699    0.00788    0.00735
  908   -0.00338    0.00710    0.00345
  909   -0.00744    0.00336    0.00139
  910   -0.01102    0.00537    0.00527
  911   -0.00737    0.00873    0.00497
  912   -0.00575    0.00565    0.00036
  913   -0.01040    0.00305    0.00002
  914   -0.01197    0.00672    0.00314
  915   -0.00859    0.00841    0.00116
  916   -0.00826    0.00511   -0.00275
  917   -0.01215    0.00332   -0.00181
  918   -0.01172    0.00688   -0.00101
  919   -0.00849    0.00694   -0.00294
  920   -0.00913    0.00393   -0.00596
  921   -0.01165    0.00450   -0.00490
  922   -0.00958    0.00702   -0.00564
  923   -0.00784    0.00666   -0.00726
  924   -0.00956    0.00479   -0.00808
  925   -0.01099    0.00661   -0.00836
  926   -0.00917    0.00806   -0.00946
  927   -0.00899    0.00699   -0.01092
  928   -0.01054    0.00695   -0.01098
  929   -0.00987    0.00871   -0.01207
  930   -0.00893    0.00867   -0.01295
  931   -0.00873    0.00806   -0.01266
  932   -0.00895    0.00958   -0.01319
  933   -0.00819    0.01024   -0.01423
  934   -0.00784    0.01003   -0.01380
  935   -0.00764    0.01110   -0.01410
  936   -0.00731    0.01304   -0.01545
  937   -0.00775    0.01255   -0.01572
  938   -0.00745    0.01297   -0.01448
  939   -0.00673    0.01490   -0.01489
  940   -0.00681    0.01542   -0.01619
  941   -0.00769    0.01491   -0.01490
  942   -0.00727    0.01634   -0.01376
  943   -0.00586    0.01830   -0.01468
  944   -0.00690    0.01761   -0.01532
  945   -0.00819    0.01812   -0.01321
  946   -0.00602    0.02072   -0.01268
  947   -0.00495    0.02130   -0.01465
  948   -0.00699    0.02037   -0.01474
  949   -0.00605    0.02112   -0.01584
  950   -0.00287    0.02331   -0.01589
  951   -0.00323    0.02179   -0.01834
  952   -0.00364    0.01995   -0.02025
  953   -0.00462    0.01723   -0.02014
  954   -0.00320    0.01683   -0.02273
  955   -0.00389    0.01530   -0.02184
  956   -0.00424    0.01578   -0.02183
  957   -0.00485    0.01652   -0.01953
  958   -0.00342    0.01831   -0.02104
  959   -0.00290    0.02027   -0.02002
  960   -0.00132    0.02226   -0.02221
  961   -0.00035    0.02422   -0.01999
  962    0.00028    0.02496   -0.01980
  963    0.00235    0.02754   -0.01875
  964    0.00452    0.02905   -0.01924
  965    0.00325    0.02805   -0.01773
  966    0.00538    0.02989   -0.01807
  967    0.00493    0.02864   -0.01724
  968    0.00469    0.02960   -0.01390
  969    0.00287    0.02799   -0.01393
  970    0.00136    0.02545   -0.01570
  971    0.00097    0.02472   -0.01314
  972    0.00007    0.02515   -0.01177
  973   -0.00174    0.02260   -0.01329
  974   -0.00292    0.02055   -0.01370
  975   -0.00273    0.02075   -0.01138
  976   -0.00439    0.02009   -0.01142
  977   -0.00280    0.02348   -0.01057
  978   -0.00220    0.02386   -0.01156
  979   -0.00138    0.02661   -0.00997
  980   -0.00303    0.02550   -0.01129
  981   -0.00156    0.02813   -0.00836
  982    0.00172    0.02921   -0.01000
  983    0.00147    0.02852   -0.01278
  984   -0.00105    0.02752   -0.01227
  985    0.00091    0.02965   -0.01264
  986    0.00333    0.02983   -0.01500
  987    0.00061    0.02688   -0.01676
  988   -0.00145    0.02611   -0.01602
  989    0.00181    0.02763   -0.01924
  990    0.00107    0.02644   -0.02056
  991   -0.00235    0.02263   -0.02089
  992   -0.00192    0.02214   -0.02308
  993   -0.02223    0.02330   -0.00107
  994   -0.01989    0.02106   -0.00419
  995   -0.01854    0.01739   -0.00574
  996   -0.01653    0.01713   -0.00842
  997   -0.01477    0.01384   -0.00988
  998   -0.01404    0.01366   -0.01128
  999   -0.01253    0.01140   -0.01269
 1000   -0.01170    0.01030   -0.01353
 1001   -0.01250    0.01040   -0.01430
 1002   -0.01303    0.00906   -0.01589
 1003   -0.01358    0.00745   -0.01920
 1004   -0.01125    0.00420   -0.02091
 1005   -0.01301    0.00374   -0.02375
 1006   -0.00964    0.00167   -0.02178
 1007   -0.01073    0.00238   -0.02057
 1008   -0.00854    0.00013   -0.01766
 1009   -0.00942   -0.00080   -0.01525
 1010   -0.00893    0.00109   -0.01379
 1011   -0.00976    0.00049   -0.01185
 1012   -0.01119    0.00246   -0.01136
 1013   -0.01147    0.00099   -0.01247
 1014   -0.01159   -0.00092   -0.01431
 1015   -0.01315    0.00222   -0.01883
 1016   -0.01273    0.00402   -0.01756
 1017   -0.01238    0.00531   -0.01902
 1018   -0.00999    0.00476   -0.01807
 1019   -0.00999    0.00537   -0.01773
 1020   -0.00735    0.00325   -0.01871
 1021   -0.00413    0.00030   -0.01872
 1022    0.00089   -0.00349   -0.01921
 1023    0.00283   -0.00701   -0.02095
 1024    0.00456   -0.00558   -0.01952
 1025    0.00589   -0.00958   -0.02013
 1026    0.01065   -0.01518   -0.02255
 1027    0.00730   -0.02060   -0.02366
 1028    0.01702   -0.03208   -0.02506
 1029    0.02172   -0.03565   -0.02567
 1030    0.02784   -0.04004   -0.02794
 1031    0.02250   -0.04550   -0.02446
 1032    0.02444   -0.03927   -0.02521
 1033    0.02177   -0.03164   -0.02186
 1034    0.02590   -0.02586   -0.02344
 1035    0.02682   -0.01949   -0.02215
 1036    0.02486   -0.01465   -0.02078
 1037    0.02775   -0.00806   -0.02270
 1038    0.03216   -0.01174   -0.02502
 1039    0.02558   -0.01378   -0.02116
 1040    0.02168   -0.01810   -0.01854
 1041    0.01673   -0.01788   -0.01299
 1042    0.01200   -0.01663   -0.00721
 1043    0.01290   -0.02120   -0.00479
 1044    0.01050   -0.01916    0.00224
 1045    0.01216   -0.02299    0.00412
 1046    0.01245   -0.02012    0.01313
 1047    0.01035   -0.01632    0.01314
 1048    0.01008   -0.01705    0.01136
 1049    0.00743   -0.01452    0.00861
 1050    0.00561   -0.01202    0.01373
 1051    0.00564   -0.01138    0.01645
 1052    0.00448   -0.01240    0.01131
 1053    0.00189   -0.01091    0.01017
 1054    0.00068   -0.00947    0.01568
 1055   -0.00083   -0.00830    0.01834
 1056    0.00277   -0.00846    0.02131
 1057    0.00157   -0.00703    0.02467
 1058    0.00513   -0.00968    0.02231
 1059    0.00351   -0.01181    0.01468
 1060    0.00221   -0.01219    0.00931
 1061   -0.00088   -0.01081    0.01125
 1062   -0.00067   -0.01104    0.00606
 1063   -0.00610   -0.00951    0.00776
 1064   -0.00547   -0.01011    0.00268
 1065   -0.00463   -0.01109   -0.00285
 1066    0.00396   -0.01128   -0.00697
 1067    0.00883   -0.01107   -0.01088
 1068    0.01319   -0.01222   -0.01188
 1069    0.01747   -0.01152   -0.01490
 1070    0.01469   -0.01419   -0.01087
 1071    0.01221   -0.01744   -0.00620
 1072    0.01392   -0.02396   -0.00663
 1073    0.01249   -0.02504    0.00047
 1074    0.01362   -0.03218    0.00271
 1075    0.01379   -0.03402    0.00839
 1076    0.01462   -0.03517    0.01429
 1077    0.01456   -0.02206    0.01395
 1078    0.01671   -0.01396    0.02158
 1079    0.01168   -0.01114    0.02179
 1080    0.00830   -0.01119    0.02019
 1081    0.00659   -0.00868    0.02254
 1082    0.00858   -0.00672    0.02764
 1083    0.00739   -0.00576    0.02727
 1084    0.00819   -0.00617    0.02405
 1085    0.00649   -0.00667    0.02117
 1086    0.00512   -0.00764    0.01837
 1087    0.00413   -0.00954    0.01544
 1088    0.00412   -0.00978    0.01238
 1089    0.00484   -0.00953    0.00788
 1090    0.00508   -0.01158    0.00892
 1091    0.00603   -0.01185    0.00472
 1092    0.00650   -0.00967    0.00211
 1093    0.00511   -0.01093    0.00360
 1094    0.00719   -0.01243    0.00238
 1095    0.00809   -0.01024   -0.00151
 1096    0.00674   -0.00894   -0.00230
 1097    0.00632   -0.01011   -0.00188
 1098    0.00981   -0.01164   -0.00474
 1099    0.01143   -0.00930   -0.00907
 1100    0.00798   -0.00858   -0.00857
 1101    0.00799   -0.00801   -0.01240
 1102    0.00146   -0.01138   -0.00899
 1103   -0.00126   -0.01104   -0.00371
 1104   -0.00656   -0.01073    0.00074
 1105   -0.00759   -0.00971    0.00621
 1106   -0.01190   -0.00835    0.00880
 1107   -0.01322   -0.00661    0.01293
 1108   -0.01286   -0.00712    0.01140
 1109   -0.01383   -0.00626    0.01558
 1110   -0.01693   -0.00480    0.01827
 1111   -0.01537   -0.00418    0.02360
 1112   -0.02108   -0.00321    0.02651
 1113   -0.02234   -0.00409    0.02406
 1114   -0.01805   -0.00507    0.02101
 1115   -0.01607   -0.00437    0.02457
 1116   -0.02029   -0.00352    0.02793
 1117   -0.01676   -0.00376    0.02837
 1118   -0.01246   -0.00339    0.02868
 1119   -0.01141   -0.00232    0.03182
 1120   -0.01135   -0.00312    0.02970
 1121   -0.01151   -0.00163    0.03454
 1122   -0.00730   -0.00154    0.03512
 1123   -0.00395   -0.00319    0.03149
 1124   -0.00212   -0.00303    0.03320
 1125    0.00239   -0.00336    0.03364
 1126    0.00617   -0.00304    0.03673
 1127    0.00846   -0.00432    0.03275
 1128    0.00570   -0.00485    0.03156
 1129    0.00539   -0.00393    0.03600
 1130    0.00166   -0.00350    0.03560
 1131    0.00115   -0.00070    0.04437
 1132    0.00494    0.00002    0.04898
 1133    0.00109   -0.00233    0.04390
 1134    0.00075   -0.00262    0.03801
 1135   -0.00106   -0.00329    0.03331
 1136   -0.00063   -0.00517    0.02841
 1137   -0.00107   -0.00677    0.02347
 1138   -0.00446   -0.00661    0.02175
 1139   -0.00482   -0.00743    0.01785
 1140   -0.00475   -0.00678    0.02089
 1141   -0.00641   -0.00536    0.02441
 1142   -0.00388   -0.00495    0.02636
 1143   -0.00653   -0.00470    0.02669
 1144   -0.00573   -0.00365    0.02961
 1145   -0.00745   -0.00318    0.03081
 1146   -0.01203   -0.00208    0.03356
 1147   -0.01317   -0.00102    0.03878
 1148   -0.00954   -0.00205    0.03538
 1149   -0.01068   -0.00354    0.03137
 1150   -0.00850   -0.00504    0.02757
 1151   -0.01041   -0.00593    0.02569
 1152   -0.00777   -0.00768    0.02233
 1153   -0.00931   -0.00758    0.02102
 1154   -0.01003   -0.00863    0.01784
 1155   -0.01132   -0.00785    0.01572
 1156   -0.01209   -0.00889    0.01179
 1157   -0.01377   -0.00911    0.00886
 1158   -0.01570   -0.01093    0.00400
 1159   -0.01487   -0.01282    0.00064
 1160   -0.01946   -0.01048   -0.00236
 1161   -0.01666   -0.01169   -0.00523
 1162   -0.01579   -0.01501   -0.01139
 1163   -0.00860   -0.01437   -0.00806
 1164   -0.00540   -0.01268   -0.00193
 1165   -0.00726   -0.01134    0.00184
 1166   -0.00383   -0.01068    0.00499
 1167   -0.00484   -0.01058    0.00904
 1168   -0.00219   -0.01046    0.01282
 1169   -0.00186   -0.00937    0.01605
 1170    0.00037   -0.00831    0.01919
 1171    0.00210   -0.00805    0.02016
 1172    0.00311   -0.00669    0.02282
 1173    0.00627   -0.00607    0.02230
 1174    0.00595   -0.00458    0.02451
 1175    0.00803   -0.00247    0.02335
 1176    0.00700   -0.00194    0.02427
 1177    0.00657   -0.00133    0.02318
 1178    0.00493   -0.00045    0.02920
 1179    0.00345   -0.00260    0.02920
 1180    0.00319   -0.00368    0.02649
 1181    0.00113   -0.00237    0.02951
 1182   -0.00024   -0.00180    0.03314
 1183   -0.00131   -0.00322    0.03055
 1184   -0.00190   -0.00420    0.02773
 1185   -0.00247   -0.00338    0.02921
 1186   -0.00157   -0.00540    0.02573
 1187    0.00290   -0.00524    0.02424
 1188    0.00403   -0.00807    0.02034
 1189    0.00206   -0.00848    0.02028
 1190    0.00187   -0.01018    0.01796
 1191    0.00001   -0.01035    0.01739
 1192   -0.00021   -0.01223    0.01566
 1193   -0.00180   -0.01248    0.01372
 1194   -0.00145   -0.01427    0.01311
 1195   -0.00324   -0.01532    0.01090
 1196   -0.00006   -0.01852    0.01307
 1197    0.00315   -0.01775    0.00951
 1198    0.00155   -0.01585    0.01095
 1199    0.00182   -0.01584    0.01307
 1200    0.00314   -0.01403    0.01371
 1201    0.00373   -0.01341    0.01499
 1202    0.00426   -0.01105    0.01632
 1203    0.00559   -0.00987    0.01736
 1204    0.00642   -0.00742    0.01926
 1205    0.00943   -0.00611    0.01875
 1206    0.00970   -0.00383    0.01957
 1207    0.01152   -0.00139    0.01894
 1208    0.01069    0.00089    0.01903
 1209    0.00916    0.00091    0.01721
 1210    0.00716    0.00413    0.01658
 1211    0.00855    0.00043    0.02146
 1212    0.01155   -0.00195    0.02452
 1213    0.01372   -0.00547    0.03052
 1214    0.01024   -0.00301    0.03067
 1215    0.00926   -0.00332    0.02769
 1216    0.00828   -0.00149    0.02295
 1217    0.00821   -0.00365    0.02437
 1218    0.00770   -0.00513    0.02305
 1219    0.00519   -0.00664    0.02261
 1220    0.00424   -0.00811    0.01888
 1221    0.00245   -0.00911    0.01663
 1222    0.00142   -0.01066    0.01324
 1223   -0.00001   -0.01204    0.01009
 1224   -0.00123   -0.01248    0.00748
 1225   -0.00269   -0.01256    0.00401
 1226   -0.00635   -0.01439    0.00411
 1227   -0.00612   -0.01607   -0.00015
 1228   -0.01232   -0.01718   -0.00633
 1229   -0.01135   -0.01770   -0.00062
 1230   -0.01021   -0.01666    0.00257
 1231   -0.01065   -0.01296    0.00582
 1232   -0.00792   -0.01284    0.00998
 1233   -0.00712   -0.01111    0.01228
 1234   -0.00609   -0.01017    0.01491
 1235   -0.00486   -0.01025    0.01695
 1236   -0.00356   -0.00858    0.01922
 1237   -0.00290   -0.00795    0.02166
 1238   -0.00169   -0.00671    0.02339
 1239    0.00024   -0.00678    0.02294
 1240   -0.00193   -0.00733    0.02133
 1241   -0.00250   -0.00697    0.02191
 1242   -0.00564   -0.00725    0.02004
 1243   -0.00647   -0.00787    0.01698
 1244   -0.00926   -0.00646    0.01770
 1245   -0.00821   -0.00782    0.01432
 1246   -0.00745   -0.00900    0.00926
 1247   -0.00614   -0.01032    0.00462
 1248   -0.00766   -0.01166   -0.00053
 1249   -0.00229   -0.01080   -0.00373
 1250    0.00235   -0.00818   -0.00785
 1251    0.00602   -0.00613   -0.00756
 1252    0.01086   -0.00462   -0.01135
 1253    0.01253   -0.00202   -0.01218
 1254    0.01172   -0.00541   -0.00966
 1255    0.01280   -0.00915   -0.01064
 1256    0.01126   -0.01333   -0.00843
 1257    0.01190   -0.01775   -0.00535
 1258    0.01309   -0.02464   -0.00774
 1259    0.01323   -0.02832   -0.00139
 1260    0.01423   -0.03688   -0.00555
 1261    0.01306   -0.04581   -0.00822
 1262    0.01706   -0.04411   -0.01707
 1263    0.02150   -0.04141   -0.02112
 1264    0.02257   -0.03306   -0.02060
 1265    0.02925   -0.03368   -0.02723
 1266    0.03485   -0.02930   -0.03060
 1267    0.03608   -0.02837   -0.03120
 1268    0.03450   -0.02070   -0.02849
 1269    0.02961   -0.01838   -0.02489
 1270    0.02628   -0.01224   -0.02294
 1271    0.02129   -0.01618   -0.02094
 1272    0.01898   -0.02212   -0.01927
 1273    0.01461   -0.02551   -0.01779
 1274    0.01326   -0.03189   -0.01350
 1275    0.01324   -0.03954   -0.01720
 1276    0.01914   -0.03633   -0.02122
 1277    0.02281   -0.02906   -0.02340
 1278    0.02222   -0.02402   -0.02390
 1279    0.02469   -0.01800   -0.02468
 1280    0.02229   -0.01000   -0.02229
 1281    0.02285   -0.00958   -0.02299
 1282    0.01409   -0.00723   -0.02059
 1283    0.01054   -0.00363   -0.01759
 1284    0.00705   -0.00713   -0.01788
 1285    0.00673   -0.01211   -0.01983
 1286    0.00196   -0.01676   -0.02020
 1287    0.00693   -0.02366   -0.01995
 1288    0.00629   -0.02213   -0.01707
 1289    0.00356   -0.01657   -0.01533
 1290    0.00717   -0.01763   -0.01336
 1291    0.01232   -0.01650   -0.01497
 1292    0.01543   -0.01374   -0.01556
 1293    0.01894   -0.00964   -0.01797
 1294    0.01952   -0.00526   -0.01835
 1295    0.01598   -0.00824   -0.01820
 1296    0.01241   -0.00716   -0.01801
 1297    0.00646   -0.00618   -0.01514
 1298    0.00286   -0.01077   -0.01627
 1299   -0.00129   -0.01088   -0.01643
 1300   -0.00688   -0.01416   -0.01665
 1301   -0.00726   -0.01119   -0.01936
 1302   -0.00700   -0.01312   -0.02311
 1303   -0.00548   -0.00831   -0.02176
 1304   -0.00228   -0.00534   -0.01917
 1305   -0.00211   -0.00339   -0.01907
 1306   -0.00121   -0.00103   -0.01652
 1307   -0.00482    0.00168   -0.01690
 1308   -0.00411    0.00297   -0.01643
 1309   -0.00749    0.00455   -0.01666
 1310   -0.00928    0.00620   -0.01572
 1311   -0.01110    0.00714   -0.01619
 1312   -0.01223    0.00791   -0.01644
 1313   -0.01366    0.01081   -0.01540
 1314   -0.01446    0.01350   -0.01547
 1315   -0.01522    0.01640   -0.01528
 1316   -0.00926    0.00927   -0.01355
 1317   -0.00839    0.00907   -0.01361
 1318   -0.00872    0.01011   -0.01369
 1319   -0.00953    0.01188   -0.01332
 1320   -0.01131    0.01250   -0.01326
 1321   -0.01103    0.01114   -0.01317
 1322   -0.01116    0.01229   -0.01283
 1323   -0.01111    0.01402   -0.01260
 1324   -0.01264    0.01648   -0.01183
 1325   -0.01331    0.01632   -0.01208
 1326   -0.01304    0.01804   -0.01301
 1327   -0.01367    0.01608   -0.01409
 1328   -0.01349    0.01390   -0.01339
 1329   -0.01424    0.01428   -0.01246
 1330   -0.01449    0.01271   -0.01252
 1331   -0.01611    0.01366   -0.01202
 1332   -0.01455    0.01203   -0.01216
 1333   -0.01249    0.00898   -0.01388
 1334   -0.01251    0.00837   -0.01248
 1335   -0.01107    0.00759   -0.01262
 1336   -0.01011    0.00765   -0.01315
 1337   -0.01188    0.00966   -0.01177
 1338   -0.01409    0.01122   -0.01004
 1339   -0.01596    0.01333   -0.00835
 1340   -0.01777    0.01670   -0.00738
 1341   -0.01960    0.01731   -0.00364
 1342   -0.02146    0.02144   -0.00140
 1343   -0.02397    0.02213    0.00179
 1344   -0.02768    0.02589    0.00678
 1345   -0.02934    0.02382    0.00819
 1346   -0.02657    0.02401    0.00593
 1347   -0.02304    0.02111    0.00027
 1348   -0.02031    0.01724   -0.00504
 1349   -0.01737    0.01436   -0.00815
 1350   -0.01639    0.01168   -0.00773
 1351   -0.01411    0.00953   -0.00951
 1352   -0.01357    0.00832   -0.00898
 1353   -0.01264    0.00619   -0.00929
 1354   -0.01164    0.00493   -0.00969
 1355   -0.01079    0.00648   -0.01112
 1356   -0.01011    0.00622   -0.01199
 1357   -0.00698    0.00468   -0.01270
 1358   -0.00692    0.00475   -0.01347
 1359   -0.00643    0.00529   -0.01411
 1360   -0.00369    0.00402   -0.01502
 1361   -0.00150    0.00387   -0.01495
 1362   -0.00163    0.00381   -0.01502
 1363   -0.00165    0.00366   -0.01548
 1364    0.00202    0.00245   -0.01652
 1365    0.00306    0.00344   -0.01546
 1366    0.00155    0.00347   -0.01446
 1367    0.00344    0.00141   -0.01541
 1368    0.00802    0.00191   -0.01744
 1369    0.00579    0.00384   -0.01525
 1370    0.00519    0.00262   -0.01464
 1371    0.00970    0.00043   -0.01762
 1372    0.01202    0.00271   -0.01797
 1373    0.01034    0.00606   -0.01485
 1374    0.01154    0.00320   -0.01514
 1375    0.01686    0.00323   -0.01745
 1376    0.01504    0.00237   -0.01494
 1377    0.01763    0.00238   -0.01551
 1378    0.01722   -0.00192   -0.01580
 1379    0.01320   -0.00471   -0.01286
 1380    0.01124   -0.00937   -0.01153
 1381    0.00761   -0.00956   -0.00994
 1382    0.00689   -0.01358   -0.00771
 1383    0.00515   -0.01166   -0.00336
 1384    0.00631   -0.01386    0.00081
 1385    0.00324   -0.01077    0.00366
 1386    0.00220   -0.00943    0.00789
 1387   -0.00115   -0.00728    0.00911
 1388    0.00114   -0.00527    0.00711
 1389    0.00065   -0.00545    0.00312
 1390   -0.00286   -0.00583    0.00324
 1391   -0.00337   -0.00548    0.00434
 1392   -0.00153   -0.00419    0.00151
 1393   -0.00201   -0.00749   -0.00022
 1394   -0.00550   -0.00698    0.00057
 1395   -0.00393   -0.00458    0.00085
 1396   -0.00126   -0.00569   -0.00271
 1397   -0.00502   -0.00874   -0.00405
 1398   -0.00678   -0.00638   -0.00146
 1399   -0.00318   -0.00379   -0.00393
 1400   -0.00210   -0.00711   -0.00780
 1401   -0.00678   -0.00877   -0.00715
 1402   -0.00684   -0.00454   -0.00447
 1403   -0.00258   -0.00351   -0.00789
 1404   -0.00414   -0.00799   -0.01080
 1405   -0.00832   -0.00707   -0.00812
 1406   -0.00543   -0.00294   -0.00752
 1407   -0.00215   -0.00353   -0.01157
 1408   -0.00553   -0.00706   -0.01325
 1409   -0.00803   -0.00483   -0.01071
 1410   -0.00481   -0.00126   -0.01069
 1411   -0.00217   -0.00287   -0.01375
 1412   -0.00571   -0.00404   -0.01417
 1413   -0.00655   -0.00192   -0.01152
 1414   -0.00326    0.00039   -0.01234
 1415   -0.00341   -0.00080   -0.01436
 1416   -0.00668   -0.00022   -0.01336
 1417   -0.00669    0.00182   -0.01195
 1418   -0.00465    0.00240   -0.01347
 1419   -0.00599    0.00215   -0.01501
 1420   -0.00772    0.00359   -0.01394
 1421   -0.00660    0.00506   -0.01351
 1422   -0.00615    0.00448   -0.01498
 1423   -0.00771    0.00574   -0.01488
 1424   -0.00790    0.00708   -0.01406
 1425   -0.00720    0.00666   -0.01373
 1426   -0.00820    0.00697   -0.01390
 1427   -0.00908    0.00874   -0.01347
 1428   -0.00905    0.00861   -0.01305
 1429   -0.00970    0.00836   -0.01251
 1430   -0.01132    0.01026   -0.01241
 1431   -0.01111    0.01116   -0.01306
 1432   -0.01129    0.00965   -0.01248
 1433   -0.01270    0.01004   -0.01132
 1434   -0.01306    0.01224   -0.01159
 1435   -0.01274    0.01110   -0.01233
 1436   -0.01386    0.00957   -0.01137
 1437   -0.01543    0.01118   -0.00969
 1438   -0.01476    0.01269   -0.01110
 1439   -0.01521    0.01015   -0.01224
 1440   -0.01751    0.00992   -0.00916
 1441   -0.01824    0.01303   -0.00838
 1442   -0.01702    0.01330   -0.01115
 1443   -0.01732    0.01624   -0.01009
 1444   -0.01964    0.01661   -0.00609
 1445   -0.01822    0.01828   -0.00707
 1446   -0.01663    0.02047   -0.00809
 1447   -0.01457    0.01958   -0.00965
 1448   -0.01443    0.02206   -0.00855
 1449   -0.01333    0.02031   -0.00962
 1450   -0.01422    0.01971   -0.01046
 1451   -0.01452    0.01686   -0.01016
 1452   -0.01592    0.01903   -0.00842
 1453   -0.01746    0.01870   -0.00746
 1454   -0.01914    0.02191   -0.00559
 1455   -0.02075    0.02033   -0.00353
 1456   -0.02127    0.02133   -0.00255
 1457   -0.02366    0.02019    0.00044
 1458   -0.02511    0.02016    0.00305
 1459   -0.02402    0.01700    0.00140
 1460   -0.02596    0.01653    0.00439
 1461   -0.02525    0.01440    0.00384
 1462   -0.02587    0.01038    0.00425
 1463   -0.02423    0.01166    0.00169
 1464   -0.02209    0.01296   -0.00056
 1465   -0.02199    0.00940   -0.00019
 1466   -0.02177    0.00781   -0.00140
 1467   -0.01901    0.01001   -0.00420
 1468   -0.01778    0.00916   -0.00526
 1469   -0.01724    0.00658   -0.00497
 1470   -0.01714    0.00732   -0.00613
 1471   -0.02004    0.00646   -0.00405
 1472   -0.02079    0.00864   -0.00346
 1473   -0.02361    0.00834   -0.00229
 1474   -0.02248    0.01025   -0.00469
 1475   -0.02456    0.00819   -0.00227
 1476   -0.02622    0.00936    0.00184
 1477   -0.02459    0.01373    0.00046
 1478   -0.02331    0.01363   -0.00287
 1479   -0.02458    0.01577   -0.00070
 1480   -0.02522    0.01848    0.00201
 1481   -0.02247    0.01944   -0.00188
 1482   -0.02123    0.01986   -0.00410
 1483   -0.02228    0.02534   -0.00054
 1484   -0.02238    0.02469   -0.00144
 1485   -0.01848    0.02415   -0.00564
 1486   -0.01748    0.02500   -0.00528
