    1   -0.02080   -0.02464    0.02110
    2   -0.01755   -0.01752    0.01376
    3   -0.00784   -0.01301    0.00050
    4   -0.01013   -0.01259    0.00055
    5   -0.00389   -0.00927   -0.00453
    6   -0.00673   -0.01142   -0.00420
    7   -0.00661   -0.01083   -0.00618
    8   -0.00814   -0.01288   -0.00796
    9   -0.01397   -0.01321   -0.00653
   10   -0.01635   -0.01667   -0.00799
   11   -0.02193   -0.02017   -0.00774
   12   -0.01334   -0.00655   -0.00527
   13   -0.01567   -0.00090   -0.00444
   14   -0.00870    0.00471   -0.00205
   15   -0.00811    0.00774   -0.00155
   16   -0.00483    0.00935    0.00091
   17   -0.00492    0.01160    0.00048
   18   -0.00366    0.01107    0.00060
   19   -0.00348    0.01157    0.00060
   20   -0.00365    0.01116   -0.00243
   21   -0.00571    0.01121   -0.00376
   22   -0.00790    0.01284   -0.00408
   23   -0.00970    0.01192   -0.00621
   24   -0.00842    0.00774   -0.00271
   25   -0.01101    0.00342   -0.00288
   26   -0.00774    0.00096   -0.00249
   27   -0.00808   -0.00464   -0.00480
   28   -0.00452   -0.00240   -0.00353
   29   -0.00227    0.00278    0.00060
   30   -0.00105    0.00556    0.00390
   31   -0.00118    0.00948    0.00743
   32   -0.00111    0.01088    0.01000
   33   -0.00195    0.01195    0.01235
   34   -0.00067    0.01134    0.01391
   35   -0.00229    0.00925    0.01362
   36    0.00044    0.00623    0.01670
   37    0.00142    0.00457    0.01789
   38   -0.00004    0.00057    0.01655
   39   -0.00176   -0.00409    0.01808
   40   -0.00258   -0.00462    0.01416
   41   -0.00284   -0.00427    0.01148
   42   -0.00159   -0.00250    0.00850
   43   -0.00097   -0.00234    0.00492
   44    0.00041    0.00220    0.00587
   45    0.00140    0.00447    0.00342
   46    0.00095    0.00081    0.00037
   47    0.00011   -0.00195   -0.00054
   48   -0.00196   -0.00640    0.00169
   49   -0.00323   -0.00782    0.00421
   50   -0.00459   -0.01228    0.00262
   51   -0.00697   -0.01621    0.00638
   52   -0.00865   -0.02016    0.00733
   53   -0.01267   -0.02662    0.01085
   54   -0.01738   -0.03016    0.01408
   55   -0.01274   -0.02559    0.00995
   56   -0.00956   -0.01836    0.00909
   57   -0.00633   -0.01437    0.00571
   58   -0.00642   -0.01605    0.00324
   59   -0.00770   -0.02206    0.00417
   60   -0.00601   -0.02179    0.00259
   61   -0.00372   -0.01849   -0.00043
   62   -0.00291   -0.02081   -0.00122
   63   -0.00243   -0.02594   -0.00071
   64   -0.00514   -0.02767    0.00249
   65   -0.00334   -0.03410    0.00281
   66   -0.00918   -0.03783    0.00697
   67   -0.00748   -0.03155    0.00471
   68   -0.00576   -0.03396    0.00179
   69   -0.00338   -0.02853   -0.00222
   70   -0.00233   -0.03137   -0.00645
   71   -0.00411   -0.02861   -0.00623
   72   -0.00327   -0.02093   -0.00460
   73   -0.00177   -0.01599   -0.00662
   74    0.00086   -0.01216   -0.00882
   75    0.00033   -0.00749   -0.00550
   76   -0.00104   -0.00591   -0.00101
   77   -0.00057   -0.00141    0.00234
   78   -0.00196   -0.00292    0.00550
   79   -0.00391   -0.00767    0.00660
   80   -0.00581   -0.01059    0.01059
   81   -0.00854   -0.01482    0.01335
   82   -0.01161   -0.01867    0.01797
   83   -0.01249   -0.01791    0.02332
   84   -0.02174   -0.02414    0.02733
   85   -0.01679   -0.02322    0.01682
   86   -0.01592   -0.02375    0.01442
   87   -0.01455   -0.02730    0.01086
   88   -0.00978   -0.02114    0.00545
   89   -0.00724   -0.01857    0.00176
   90   -0.00667   -0.02212    0.00327
   91   -0.00368   -0.01652   -0.00164
   92   -0.00605   -0.00874   -0.00403
   93   -0.00554   -0.00620   -0.00453
   94   -0.00609   -0.00530   -0.00431
   95   -0.00600   -0.00859   -0.00152
   96   -0.00421   -0.00494   -0.00223
   97   -0.00264   -0.00245    0.00051
   98   -0.00443   -0.00447    0.00273
   99   -0.00368    0.00077    0.00628
  100   -0.00187    0.00121    0.00460
  101   -0.00190   -0.00417    0.00145
  102   -0.00306   -0.00413    0.00484
  103   -0.00164    0.00050    0.00513
  104   -0.00072   -0.00139    0.00129
  105   -0.00164   -0.00533    0.00054
  106   -0.00209   -0.00319    0.00432
  107   -0.00034   -0.00157    0.00114
  108    0.00078   -0.00340   -0.00330
  109    0.00269   -0.00256   -0.00693
  110    0.00302   -0.00652   -0.00982
  111    0.00153   -0.01084   -0.00839
  112    0.00142   -0.01523   -0.00978
  113    0.00106   -0.02015   -0.00801
  114    0.00283   -0.02198   -0.00889
  115    0.00485   -0.02428   -0.00834
  116    0.00328   -0.01981   -0.00862
  117    0.00752   -0.02158   -0.00912
  118    0.01030   -0.02711   -0.00801
  119    0.01259   -0.02951   -0.00687
  120    0.02006   -0.03616   -0.00830
  121    0.01944   -0.03113   -0.00962
  122    0.01569   -0.02488   -0.01001
  123    0.01858   -0.02480   -0.01019
  124    0.02638   -0.02846   -0.01269
  125    0.02729   -0.02444   -0.01439
  126    0.02115   -0.02294   -0.01152
  127    0.02019   -0.02730   -0.00993
  128    0.01644   -0.02948   -0.00826
  129    0.01765   -0.03703   -0.00723
  130    0.01656   -0.03156   -0.00694
  131    0.01149   -0.02570   -0.00692
  132    0.00892   -0.02905   -0.00464
  133    0.00497   -0.02547   -0.00322
  134   -0.00006   -0.02727   -0.00068
  135   -0.00287   -0.02245   -0.00017
  136   -0.00254   -0.02825    0.00220
  137   -0.00373   -0.03833    0.00540
  138   -0.00403   -0.04511    0.00550
  139   -0.00863   -0.06696    0.00793
  140   -0.00909   -0.07568    0.01320
  141    0.00498   -0.05348    0.00408
  142    0.00630   -0.03667   -0.00003
  143    0.00370   -0.03474   -0.00055
  144    0.00318   -0.02902   -0.00210
  145    0.00080   -0.02742   -0.00208
  146    0.00190   -0.03048   -0.00345
  147    0.00160   -0.02464   -0.00422
  148    0.00321   -0.02261   -0.00501
  149    0.00732   -0.02396   -0.00622
  150    0.00845   -0.02124   -0.00695
  151    0.01282   -0.02014   -0.00863
  152    0.01578   -0.01947   -0.00989
  153    0.02155   -0.01872   -0.01271
  154    0.02657   -0.02467   -0.01316
  155    0.03215   -0.02779   -0.01545
  156    0.03373   -0.02015   -0.01830
  157    0.03181   -0.01748   -0.01822
  158    0.02422   -0.01450   -0.01601
  159    0.02611   -0.01427   -0.01607
  160    0.01656   -0.01110   -0.01171
  161    0.01302   -0.01357   -0.01061
  162    0.00807   -0.01361   -0.00962
  163    0.00600   -0.01519   -0.00992
  164    0.00160   -0.01402   -0.00996
  165    0.00122   -0.01455   -0.01088
  166   -0.00118   -0.01228   -0.01214
  167    0.00048   -0.01104   -0.01264
  168    0.00129   -0.01001   -0.01611
  169    0.00181   -0.00892   -0.01505
  170    0.00379   -0.00520   -0.01607
  171    0.00347   -0.00448   -0.01228
  172    0.00257   -0.00544   -0.00958
  173    0.00145   -0.00939   -0.00947
  174    0.00018   -0.01052   -0.00678
  175    0.00048   -0.01277   -0.00692
  176   -0.00036   -0.01405   -0.00527
  177    0.00105   -0.01408   -0.00641
  178    0.00136   -0.01253   -0.00662
  179    0.00274   -0.00844   -0.00903
  180    0.00421   -0.00832   -0.00926
  181    0.00224   -0.00309   -0.01117
  182    0.00378   -0.00332   -0.01121
  183    0.00094    0.00025   -0.01168
  184    0.00358    0.00242   -0.01342
  185    0.00679    0.00386   -0.01394
  186    0.01267   -0.00318   -0.01633
  187    0.00955   -0.00726   -0.01316
  188    0.01166   -0.00494   -0.01426
  189    0.01804   -0.00677   -0.01651
  190    0.01772   -0.01347   -0.01328
  191    0.01563   -0.01436   -0.01166
  192    0.01771   -0.01086   -0.01358
  193    0.02276   -0.00898   -0.01773
  194    0.02182   -0.00417   -0.01960
  195    0.01630    0.00054   -0.01889
  196    0.01197    0.00352   -0.01423
  197    0.01026   -0.00026   -0.01402
  198    0.00551   -0.00145   -0.01272
  199    0.00462   -0.00535   -0.01135
  200    0.00065   -0.00796   -0.00864
  201    0.00037   -0.00961   -0.00829
  202   -0.00178   -0.01155   -0.00637
  203   -0.00160   -0.01041   -0.00709
  204   -0.00134   -0.01061   -0.00545
  205   -0.00024   -0.00769   -0.00346
  206   -0.00169   -0.00986   -0.00472
  207   -0.00199   -0.01186   -0.00542
  208   -0.00154   -0.01010   -0.00537
  209   -0.00082   -0.00794   -0.00722
  210    0.00093   -0.00376   -0.01053
  211    0.00213    0.00049   -0.01365
  212    0.00304    0.00112   -0.01294
  213    0.00025    0.00528   -0.01199
  214    0.00149    0.00515   -0.01269
  215   -0.00276    0.00776   -0.01094
  216   -0.00521    0.00675   -0.01158
  217   -0.00769    0.00596   -0.01292
  218   -0.01113    0.00587   -0.01534
  219   -0.00950    0.00046   -0.01317
  220   -0.00947   -0.00451   -0.00954
  221   -0.00758   -0.01430   -0.00235
  222   -0.00602   -0.01210   -0.00712
  223   -0.00326   -0.00711   -0.00847
  224   -0.00402   -0.00043   -0.01126
  225   -0.00090   -0.00390   -0.00945
  226   -0.00203   -0.00500   -0.00799
  227   -0.00085   -0.00907   -0.00638
  228   -0.00212   -0.00766   -0.00636
  229   -0.00229   -0.01001   -0.00488
  230   -0.00178   -0.00985   -0.00465
  231   -0.00132   -0.00965   -0.00514
  232   -0.00062   -0.00873   -0.00557
  233    0.00073   -0.00696   -0.00677
  234    0.00102   -0.00715   -0.00916
  235    0.00207   -0.00451   -0.00988
  236    0.00245   -0.00499   -0.01348
  237    0.00058   -0.00672   -0.01464
  238   -0.00102   -0.00912   -0.01086
  239   -0.00148   -0.01173   -0.01022
  240   -0.00050   -0.01166   -0.00893
  241    0.00023   -0.01221   -0.00862
  242    0.00298   -0.01117   -0.00878
  243    0.00515   -0.00900   -0.00974
  244    0.00911   -0.00800   -0.01099
  245    0.01481   -0.00690   -0.01280
  246    0.01300   -0.00835   -0.01248
  247    0.00861   -0.00889   -0.01093
  248    0.00702   -0.01189   -0.00905
  249    0.00505   -0.01624   -0.00725
  250    0.00574   -0.01729   -0.00727
  251    0.00348   -0.01842   -0.00659
  252    0.00450   -0.02336   -0.00616
  253    0.00214   -0.02219   -0.00611
  254    0.00077   -0.01707   -0.00718
  255    0.00052   -0.01418   -0.00755
  256    0.00161   -0.01044   -0.01001
  257    0.00231   -0.00725   -0.00819
  258    0.00332   -0.00267   -0.00699
  259    0.00197   -0.00051   -0.00362
  260    0.00233    0.00270   -0.00161
  261    0.00247    0.00700    0.00116
  262    0.00117    0.00636    0.00488
  263   -0.00001    0.00429    0.00665
  264   -0.00142    0.00183    0.00950
  265   -0.00326   -0.00298    0.01087
  266   -0.00374   -0.00391    0.01383
  267   -0.00643   -0.00913    0.01750
  268   -0.00721   -0.01116    0.01919
  269   -0.00933   -0.01653    0.02027
  270   -0.00588   -0.01050    0.01681
  271   -0.00744   -0.01334    0.01353
  272   -0.00547   -0.01217    0.00944
  273   -0.00429   -0.01013    0.00835
  274   -0.00261   -0.00880    0.00488
  275   -0.00132   -0.00252    0.00758
  276   -0.00009    0.00198    0.00681
  277    0.00047    0.00531    0.00977
  278    0.00090    0.00857    0.01016
  279    0.00078    0.00825    0.01284
  280   -0.00009    0.00463    0.01335
  281   -0.00072    0.00429    0.01586
  282   -0.00219   -0.00115    0.01703
  283   -0.00237   -0.00238    0.01838
  284   -0.00098   -0.00058    0.01654
  285   -0.00023    0.00319    0.01467
  286    0.00088    0.00806    0.01569
  287    0.00091    0.01017    0.01482
  288    0.00067    0.01189    0.01400
  289    0.00063    0.01184    0.01370
  290    0.00022    0.01175    0.01319
  291    0.00016    0.01208    0.01306
  292   -0.00085    0.01296    0.01388
  293   -0.00125    0.01214    0.01463
  294   -0.00237    0.01100    0.01496
  295   -0.00171    0.00757    0.01675
  296   -0.00212    0.00782    0.01729
  297   -0.00163    0.01119    0.01616
  298   -0.00147    0.00888    0.01579
  299   -0.00033    0.00796    0.01517
  300    0.00007    0.00708    0.01224
  301    0.00102    0.00901    0.01090
  302    0.00131    0.01166    0.01155
  303    0.00113    0.01210    0.01386
  304    0.00052    0.01278    0.01438
  305   -0.00017    0.01350    0.01428
  306   -0.00104    0.01334    0.01477
  307   -0.00228    0.01414    0.01296
  308   -0.00330    0.01425    0.01143
  309   -0.00399    0.01480    0.00915
  310   -0.00531    0.01394    0.00685
  311   -0.00465    0.01326    0.00577
  312   -0.00306    0.01242    0.00786
  313   -0.00266    0.01001    0.00488
  314   -0.00135    0.00770    0.00503
  315   -0.00212    0.00468    0.00116
  316   -0.00019    0.00104   -0.00057
  317   -0.00211   -0.00210   -0.00371
  318   -0.00459   -0.00146   -0.00303
  319   -0.00869    0.00006   -0.00208
  320   -0.01347   -0.00496   -0.00355
  321   -0.01735   -0.00635   -0.00197
  322   -0.02562   -0.01267   -0.00334
  323   -0.03177   -0.01004    0.00094
  324   -0.00167    0.00605   -0.00130
  325   -0.00055    0.00448   -0.00158
  326    0.00003    0.00271   -0.00123
  327   -0.00005    0.00452    0.00012
  328   -0.00116    0.00130    0.00018
  329   -0.00390    0.00051   -0.00119
  330   -0.00396    0.00257    0.00008
  331   -0.00077    0.00385    0.00216
  332   -0.00008    0.00386    0.00568
  333   -0.00481   -0.00180    0.00291
  334   -0.00619   -0.00320    0.00209
  335   -0.01580   -0.00776    0.00010
  336   -0.01539   -0.01161   -0.00307
  337   -0.01616   -0.01876   -0.00590
  338   -0.01820   -0.02419   -0.00878
  339   -0.01718   -0.03284   -0.00966
  340   -0.00923   -0.02735   -0.01186
  341   -0.00793   -0.02794   -0.01234
  342   -0.00360   -0.02722   -0.01700
  343   -0.00029   -0.01829   -0.01474
  344   -0.00092   -0.01090   -0.00974
  345    0.00003   -0.01097   -0.01032
  346    0.00017   -0.01629   -0.01325
  347   -0.00284   -0.01965   -0.01149
  348   -0.01130   -0.02693   -0.00658
  349   -0.01355   -0.03106   -0.00582
  350   -0.02591   -0.04181    0.00243
  351   -0.02584   -0.04827   -0.00001
  352   -0.04198   -0.07987   -0.00317
  353   -0.03517   -0.10424   -0.02076
  354   -0.04369   -0.09827   -0.01219
  355   -0.03242   -0.06147   -0.00882
  356   -0.02102   -0.05419   -0.01325
  357   -0.01043   -0.03693   -0.01354
  358   -0.00202   -0.03459   -0.01983
  359    0.00200   -0.02371   -0.01992
  360    0.00554   -0.01614   -0.01956
  361    0.00742   -0.01788   -0.02434
  362    0.00837   -0.01100   -0.01884
  363    0.00635   -0.00773   -0.01266
  364    0.00495   -0.01158   -0.01323
  365    0.00693   -0.01160   -0.01316
  366    0.00675   -0.00683   -0.00659
  367    0.00467   -0.00444   -0.00521
  368    0.00376   -0.00581   -0.00384
  369    0.00537   -0.00448   -0.00086
  370    0.00513   -0.00112    0.00211
  371    0.00292    0.00060    0.00164
  372    0.00270    0.00099    0.00388
  373    0.00402    0.00169    0.00654
  374    0.00294    0.00409    0.00654
  375    0.00143    0.00513    0.00685
  376    0.00244    0.00596    0.00935
  377    0.00330    0.00643    0.01002
  378    0.00156    0.00862    0.01011
  379    0.00151    0.00955    0.01127
  380    0.00269    0.00891    0.01216
  381    0.00269    0.00971    0.01253
  382    0.00192    0.01158    0.01311
  383    0.00238    0.01213    0.01330
  384    0.00168    0.01323    0.01316
  385    0.00183    0.01326    0.01174
  386    0.00152    0.01164    0.01020
  387    0.00100    0.01138    0.01161
  388    0.00011    0.00864    0.01157
  389   -0.00085    0.00999    0.01333
  390   -0.00251    0.00671    0.01334
  391   -0.00245    0.00652    0.01161
  392   -0.00338    0.00452    0.01249
  393   -0.00420    0.00788    0.00883
  394   -0.00705    0.00893    0.00469
  395   -0.00844    0.01027   -0.00171
  396   -0.00642    0.01232   -0.00130
  397   -0.00498    0.01185    0.00162
  398   -0.00388    0.01326    0.00012
  399   -0.00384    0.01361    0.00168
  400   -0.00280    0.01092    0.00688
  401   -0.00274    0.01246    0.00681
  402   -0.00257    0.01421    0.00460
  403   -0.00301    0.01308    0.00561
  404   -0.00250    0.01296    0.00938
  405   -0.00331    0.01416    0.00859
  406   -0.00298    0.01575    0.00689
  407   -0.00185    0.01433    0.01042
  408   -0.00150    0.01440    0.01187
  409   -0.00195    0.01593    0.01021
  410   -0.00230    0.01565    0.00964
  411   -0.00157    0.01526    0.01240
  412   -0.00181    0.01543    0.01221
  413   -0.00265    0.01637    0.01005
  414   -0.00227    0.01515    0.01094
  415   -0.00176    0.01438    0.01235
  416   -0.00256    0.01533    0.01049
  417   -0.00329    0.01537    0.00914
  418   -0.00203    0.01362    0.00982
  419   -0.00201    0.01361    0.01030
  420   -0.00313    0.01397    0.00822
  421   -0.00266    0.01284    0.00676
  422   -0.00132    0.01093    0.00809
  423   -0.00175    0.01066    0.00654
  424   -0.00271    0.01141    0.00385
  425   -0.00173    0.00954    0.00423
  426   -0.00065    0.00754    0.00455
  427   -0.00153    0.00747    0.00251
  428   -0.00192    0.00742    0.00104
  429   -0.00020    0.00525    0.00207
  430    0.00028    0.00360    0.00101
  431   -0.00147    0.00345   -0.00064
  432   -0.00032    0.00343   -0.00050
  433    0.00159    0.00164   -0.00059
  434    0.00041   -0.00036   -0.00268
  435   -0.00033    0.00127   -0.00205
  436    0.00206    0.00093   -0.00206
  437    0.00344   -0.00113   -0.00441
  438    0.00119   -0.00185   -0.00467
  439    0.00183    0.00118   -0.00284
  440    0.00461    0.00226   -0.00500
  441    0.00477    0.00015   -0.00824
  442    0.00290    0.00178   -0.00417
  443    0.00589    0.00581   -0.00480
  444    0.00980    0.00856   -0.00970
  445    0.00973    0.00828   -0.01023
  446    0.00763    0.01118   -0.00354
  447    0.01191    0.01655   -0.00731
  448    0.01691    0.02335   -0.01389
  449    0.01486    0.02457   -0.00793
  450    0.01340    0.03079   -0.00145
  451    0.00962    0.03764    0.00611
  452    0.00960    0.03320    0.00787
  453    0.00138    0.01690    0.01387
  454   -0.00483    0.01963    0.03074
  455   -0.00482    0.01591    0.02266
  456   -0.00411    0.00947    0.02841
  457   -0.00071    0.00614    0.01639
  458   -0.00522   -0.00033    0.00816
  459   -0.00480   -0.00056    0.00430
  460   -0.00878   -0.00341    0.00977
  461   -0.00706    0.00234    0.01570
  462   -0.01043    0.00014    0.03029
  463   -0.00612    0.00408    0.01919
  464   -0.00755    0.01993    0.03044
  465   -0.00281    0.01067    0.01508
  466   -0.00716   -0.01067    0.00401
  467   -0.00084   -0.01625   -0.00995
  468   -0.00199   -0.03665   -0.02475
  469    0.00131   -0.04992   -0.03405
  470    0.01612   -0.03862   -0.04802
  471    0.01401   -0.01633   -0.03471
  472    0.00669   -0.02290   -0.02495
  473    0.01504   -0.02988   -0.03817
  474    0.02145   -0.01192   -0.04174
  475    0.01433   -0.00315   -0.02586
  476    0.01240   -0.01419   -0.02594
  477    0.01541   -0.01076   -0.03329
  478    0.01408    0.00329   -0.02700
  479    0.01850    0.00946   -0.04035
  480    0.01943    0.01488   -0.03180
  481    0.02218    0.03194   -0.03884
  482    0.02299    0.04311   -0.01990
  483    0.02674    0.05996   -0.02153
  484    0.03032    0.04457   -0.03259
  485    0.02197    0.03605   -0.01367
  486    0.02832    0.06166   -0.00030
  487    0.02548    0.07558    0.00928
  488    0.01031    0.04547    0.01661
  489    0.00914    0.04533    0.02268
  490    0.01856    0.06867    0.03106
  491   -0.00047    0.07047    0.05388
  492   -0.01808    0.04660    0.06091
  493   -0.02223    0.05648    0.06423
  494   -0.03558    0.08232    0.07739
  495   -0.04145    0.07909    0.13392
  496   -0.02439    0.05540    0.11660
  497   -0.04134    0.08565    0.11929
  498   -0.05449    0.11596    0.19429
  499    0.00662    0.00085   -0.00375
  500    0.00760   -0.00306   -0.00337
  501    0.00715   -0.00532   -0.00234
  502    0.00595   -0.00499   -0.00180
  503    0.00498   -0.00545   -0.00142
  504    0.00470   -0.00466    0.00014
  505    0.00481   -0.00462    0.00242
  506    0.00542   -0.00528    0.00506
  507    0.00567   -0.00461    0.00651
  508    0.00666   -0.00464    0.00897
  509    0.00836   -0.00461    0.01133
  510    0.00737   -0.00279    0.01122
  511    0.00800   -0.00188    0.01146
  512    0.00729   -0.00054    0.01156
  513    0.00638    0.00043    0.01045
  514    0.00558    0.00157    0.00987
  515    0.00548    0.00225    0.00926
  516    0.00476    0.00274    0.00727
  517    0.00388    0.00386    0.00683
  518    0.00507    0.00194    0.00456
  519    0.00555    0.00050    0.00542
  520    0.00584    0.00020    0.00850
  521    0.00689   -0.00114    0.00855
  522    0.00610    0.00002    0.00707
  523    0.00656   -0.00101    0.00782
  524    0.00526   -0.00097    0.00829
  525    0.00536   -0.00259    0.00857
  526    0.00551   -0.00201    0.00989
  527    0.00540   -0.00014    0.01115
  528    0.00544    0.00153    0.01301
  529    0.00578    0.00364    0.01468
  530    0.00500    0.00581    0.01442
  531    0.00583    0.00751    0.01614
  532    0.00737    0.00837    0.01721
  533    0.00821    0.00850    0.01799
  534    0.00984    0.01024    0.01675
  535    0.01080    0.01266    0.01564
  536    0.01194    0.01395    0.01450
  537    0.00994    0.01366    0.01366
  538    0.01019    0.01404    0.01427
  539    0.00878    0.01290    0.01549
  540    0.00987    0.01321    0.01692
  541    0.01028    0.01272    0.01856
  542    0.01052    0.01209    0.02049
  543    0.01168    0.01174    0.02315
  544    0.01227    0.01295    0.02182
  545    0.00992    0.01029    0.02004
  546    0.00805    0.01036    0.01736
  547    0.00648    0.00888    0.01705
  548    0.00385    0.00624    0.01544
  549    0.00244    0.00794    0.01381
  550    0.00026    0.00567    0.01239
  551   -0.00130    0.00777    0.01028
  552   -0.00351    0.00614    0.00815
  553   -0.00182    0.00253    0.00879
  554    0.00003    0.00133    0.01035
  555    0.00095   -0.00070    0.01242
  556    0.00021   -0.00447    0.01035
  557   -0.00201   -0.00432    0.00828
  558   -0.00152   -0.00358    0.00989
  559   -0.00022   -0.00686    0.01145
  560   -0.00185   -0.01004    0.00958
  561   -0.00333   -0.00954    0.00791
  562   -0.00421   -0.00736    0.00570
  563   -0.00599   -0.00688    0.00302
  564   -0.00665   -0.00164    0.00403
  565   -0.00506   -0.00144    0.00672
  566   -0.00553   -0.00252    0.00599
  567   -0.00305   -0.00242    0.00921
  568   -0.00231   -0.00498    0.01097
  569   -0.00238   -0.00057    0.01040
  570   -0.00012    0.00198    0.01199
  571    0.00241    0.00110    0.01463
  572    0.00342   -0.00251    0.01630
  573    0.00609    0.00143    0.01876
  574    0.00665    0.00536    0.01881
  575    0.00895    0.00736    0.01949
  576    0.00740    0.00736    0.01808
  577    0.00510    0.00635    0.01647
  578    0.00434    0.00866    0.01529
  579    0.00262    0.00772    0.01372
  580    0.00111    0.01019    0.01293
  581    0.00122    0.01018    0.01238
  582   -0.00196    0.01108    0.01211
  583   -0.00155    0.00603    0.00963
  584   -0.00205    0.00113    0.00472
  585   -0.00282   -0.00200    0.00402
  586   -0.00147   -0.00393    0.00645
  587   -0.00181   -0.00765    0.00454
  588   -0.00333   -0.00935    0.00150
  589   -0.00392   -0.01294    0.00175
  590   -0.00261   -0.01227    0.00144
  591   -0.00136   -0.01198    0.00278
  592    0.00040   -0.01011    0.00433
  593    0.00059   -0.00835    0.00782
  594    0.00069   -0.00806    0.00907
  595    0.00086   -0.00499    0.01217
  596    0.00251   -0.00282    0.01322
  597    0.00377    0.00135    0.01477
  598    0.00345   -0.00014    0.01576
  599    0.00295   -0.00395    0.01552
  600    0.00407    0.00060    0.01540
  601    0.00597    0.00206    0.01683
  602    0.00577   -0.00163    0.01744
  603    0.00501   -0.00157    0.01695
  604    0.00645    0.00327    0.01715
  605    0.00773    0.00321    0.01884
  606    0.00732   -0.00086    0.01940
  607    0.00871   -0.00120    0.02143
  608    0.00671   -0.00685    0.01879
  609    0.00327   -0.00819    0.01671
  610    0.00123   -0.01324    0.01439
  611   -0.00059   -0.01479    0.01314
  612   -0.00086   -0.02050    0.01370
  613   -0.00245   -0.02292    0.01391
  614   -0.00088   -0.02425    0.01527
  615   -0.00308   -0.02473    0.01580
  616   -0.00456   -0.02544    0.01598
  617   -0.00637   -0.02311    0.01513
  618   -0.00671   -0.02709    0.01766
  619   -0.00637   -0.02961    0.01928
  620   -0.00582   -0.02731    0.01793
  621   -0.00774   -0.02618    0.01736
  622   -0.00992   -0.02913    0.01903
  623   -0.01114   -0.02778    0.01810
  624   -0.01081   -0.02463    0.01566
  625   -0.01158   -0.02359    0.01408
  626   -0.00959   -0.02227    0.01334
  627   -0.01208   -0.02206    0.01162
  628   -0.01219   -0.02058    0.00882
  629   -0.00878   -0.01888    0.00728
  630   -0.00852   -0.01663    0.00303
  631   -0.00794   -0.01524    0.00004
  632   -0.00867   -0.01359   -0.00288
  633   -0.00661   -0.01242   -0.00125
  634   -0.00575   -0.01078   -0.00028
  635   -0.00761   -0.00845   -0.00315
  636   -0.00786   -0.00583   -0.00250
  637   -0.01116   -0.00325   -0.00503
  638   -0.01273   -0.00528   -0.00759
  639   -0.01167   -0.00978   -0.00668
  640   -0.00890   -0.01328   -0.00285
  641   -0.00732   -0.01238    0.00052
  642   -0.00627   -0.01373    0.00400
  643   -0.00442   -0.01259    0.00593
  644   -0.00415   -0.01362    0.00765
  645   -0.00241   -0.01520    0.01003
  646   -0.00323   -0.01704    0.01037
  647   -0.00516   -0.01907    0.01071
  648   -0.00615   -0.01900    0.00925
  649   -0.00726   -0.02113    0.01113
  650   -0.00963   -0.02152    0.01082
  651   -0.01149   -0.02328    0.01266
  652   -0.01415   -0.02545    0.01526
  653   -0.01989   -0.02745    0.01445
  654   -0.01797   -0.02645    0.01343
  655   -0.01508   -0.02680    0.01483
  656   -0.01104   -0.02387    0.01466
  657   -0.01116   -0.02262    0.01846
  658   -0.00884   -0.02043    0.01891
  659   -0.00649   -0.02188    0.01831
  660   -0.00508   -0.02151    0.01929
  661   -0.00374   -0.02364    0.01895
  662   -0.00126   -0.02515    0.01825
  663    0.00063   -0.02697    0.01743
  664    0.00336   -0.03066    0.01682
  665    0.00632   -0.02985    0.01516
  666    0.00712   -0.03434    0.01636
  667    0.00711   -0.02952    0.01552
  668    0.01344   -0.03112    0.01489
  669    0.01162   -0.02212    0.01578
  670    0.00715   -0.01803    0.01640
  671    0.00398   -0.01877    0.01508
  672    0.00258   -0.01509    0.01475
  673    0.00098   -0.01777    0.01342
  674   -0.00031   -0.01569    0.01222
  675   -0.00179   -0.01711    0.01143
  676   -0.00198   -0.01672    0.00895
  677   -0.00239   -0.01767    0.00816
  678   -0.00424   -0.01769    0.00601
  679   -0.00425   -0.01881    0.00300
  680   -0.00684   -0.01852    0.00207
  681   -0.00720   -0.01803   -0.00176
  682   -0.00991   -0.01930   -0.00031
  683   -0.01101   -0.02109    0.00247
  684   -0.01526   -0.02194    0.00344
  685   -0.01291   -0.01968    0.00435
  686   -0.01151   -0.01948    0.00742
  687   -0.01424   -0.02115    0.00948
  688   -0.01443   -0.02129    0.00757
  689   -0.01135   -0.02083    0.00780
  690   -0.01057   -0.02132    0.01110
  691   -0.01404   -0.02324    0.01182
  692   -0.01342   -0.02351    0.01257
  693   -0.01236   -0.02289    0.00956
  694   -0.00597   -0.01478    0.01076
  695   -0.00377   -0.01678    0.01229
  696   -0.00257   -0.01631    0.01439
  697   -0.00233   -0.01775    0.01442
  698   -0.00229   -0.01635    0.01490
  699   -0.00169   -0.01806    0.01333
  700   -0.00274   -0.01763    0.01245
  701   -0.00127   -0.02038    0.01090
  702   -0.00298   -0.01866    0.00576
  703   -0.00262   -0.01538    0.00488
  704   -0.00286   -0.01527    0.00767
  705   -0.00417   -0.01411    0.00873
  706   -0.00280   -0.01229    0.00933
  707   -0.00182   -0.01293    0.01190
  708    0.00033   -0.01560    0.01019
  709   -0.00104   -0.01630    0.00880
  710   -0.00275   -0.01731    0.00466
  711   -0.00276   -0.01668   -0.00070
  712   -0.00542   -0.01844   -0.00083
  713   -0.00540   -0.01596   -0.00370
  714   -0.00638   -0.01471   -0.00452
  715   -0.00467   -0.01444   -0.00474
  716   -0.00426   -0.01337   -0.00616
  717   -0.00510   -0.01399   -0.00471
  718   -0.00419   -0.01413   -0.00315
  719   -0.00536   -0.01319   -0.00287
  720   -0.00708   -0.01488   -0.00333
  721   -0.00621   -0.01589   -0.00192
  722   -0.00632   -0.01621   -0.00334
  723   -0.00525   -0.01694   -0.00067
  724   -0.00297   -0.01611    0.00134
  725   -0.00209   -0.01552    0.00448
  726   -0.00123   -0.01428    0.00586
  727   -0.00055   -0.01228    0.00786
  728   -0.00032   -0.01293    0.01053
  729    0.00035   -0.01345    0.01248
  730    0.00153   -0.01545    0.01259
  731    0.00298   -0.01586    0.01351
  732    0.00374   -0.02138    0.01261
  733    0.00777   -0.02312    0.01168
  734    0.01260   -0.02885    0.01261
  735    0.01380   -0.03558    0.01195
  736    0.00778   -0.02892    0.01110
  737    0.00337   -0.02752    0.01466
  738    0.00029   -0.02339    0.01413
  739   -0.00104   -0.02203    0.01614
  740   -0.00184   -0.02070    0.01613
  741   -0.00323   -0.01908    0.01737
  742   -0.00454   -0.01871    0.01629
  743   -0.00712   -0.01926    0.01513
  744   -0.00705   -0.01960    0.01261
  745   -0.00556   -0.01853    0.01015
  746   -0.00416   -0.01887    0.01169
  747   -0.00428   -0.01834    0.01041
  748   -0.00302   -0.01995    0.01286
  749   -0.00189   -0.01963    0.01278
  750   -0.00274   -0.02056    0.01290
  751   -0.00141   -0.01871    0.01245
  752    0.00003   -0.01845    0.01349
  753    0.00166   -0.01570    0.01420
  754    0.00374   -0.01751    0.01514
  755    0.00574   -0.01198    0.01740
  756    0.00910   -0.00885    0.02154
  757    0.00919   -0.00438    0.02038
  758    0.01049    0.00036    0.02115
  759    0.01056    0.00321    0.01985
  760    0.00810    0.00698    0.01708
  761    0.00829    0.00794    0.01799
  762    0.00677    0.00755    0.01675
  763    0.00579    0.00679    0.01561
  764    0.00588    0.00926    0.01562
  765    0.00436    0.00956    0.01425
  766    0.00432    0.01174    0.01400
  767    0.00284    0.01339    0.01237
  768    0.00631    0.01314    0.01272
  769    0.00654    0.01362    0.01265
  770    0.00684    0.01315    0.01382
  771    0.00943    0.01486    0.01428
  772    0.01121    0.01653    0.01577
  773    0.01292    0.01635    0.01724
  774    0.01318    0.01568    0.01903
  775    0.01175    0.01423    0.01902
  776    0.01109    0.01325    0.02025
  777    0.01000    0.01251    0.01855
  778    0.00944    0.01237    0.01765
  779    0.00860    0.01214    0.01675
  780    0.00743    0.01214    0.01565
  781    0.00803    0.01244    0.01472
  782    0.00942    0.01284    0.01535
  783    0.01031    0.01302    0.01648
  784    0.01032    0.01263    0.01722
  785    0.01130    0.01256    0.01760
  786    0.00925    0.01173    0.01814
  787    0.00839    0.00996    0.01710
  788    0.00634    0.00854    0.01609
  789    0.00450    0.00914    0.01482
  790    0.00503    0.00923    0.01539
  791    0.00619    0.00955    0.01663
  792    0.00680    0.00971    0.01672
  793    0.00804    0.01083    0.01695
  794    0.00746    0.01144    0.01658
  795    0.00537    0.01102    0.01512
  796    0.00614    0.01101    0.01540
  797    0.00754    0.01140    0.01630
  798    0.00841    0.01102    0.01703
  799    0.00916    0.01150    0.01817
  800    0.00840    0.01201    0.01813
  801    0.00736    0.01158    0.01706
  802    0.00593    0.01080    0.01614
  803    0.00462    0.01097    0.01522
  804    0.00499    0.01076    0.01550
  805    0.00448    0.01021    0.01492
  806    0.00477    0.01005    0.01530
  807    0.00523    0.00848    0.01503
  808    0.00627    0.00703    0.01628
  809    0.00608    0.00544    0.01501
  810    0.00484    0.00560    0.01371
  811    0.00496    0.00332    0.01278
  812    0.00402    0.00264    0.01091
  813    0.00418    0.00064    0.00930
  814    0.00421   -0.00061    0.00831
  815    0.00461   -0.00193    0.00745
  816    0.00417   -0.00188    0.00586
  817    0.00476   -0.00146    0.00555
  818    0.00535   -0.00224    0.00682
  819    0.00547   -0.00241    0.00557
  820    0.00649   -0.00415    0.00682
  821    0.00654   -0.00361    0.00685
  822    0.00521   -0.00015   -0.00043
  823    0.00378    0.00050   -0.00060
  824    0.00273   -0.00019   -0.00110
  825    0.00548    0.00032   -0.00333
  826    0.00380   -0.00126   -0.00216
  827    0.00475   -0.00218    0.00012
  828    0.00665   -0.00105   -0.00194
  829    0.00624    0.00030   -0.00490
  830    0.00711    0.00105   -0.00634
  831    0.00534   -0.00093   -0.00266
  832    0.00622   -0.00067   -0.00325
  833    0.00531   -0.00255    0.00181
  834    0.00524   -0.00413    0.00333
  835    0.00539   -0.00539    0.00393
  836    0.00650   -0.00603    0.00658
  837    0.00601   -0.00688    0.00574
  838    0.00525   -0.00695    0.00478
  839    0.00516   -0.00726    0.00697
  840    0.00534   -0.00790    0.00602
  841    0.00539   -0.00662    0.00568
  842    0.00520   -0.00520    0.00478
  843    0.00521   -0.00560    0.00232
  844    0.00518   -0.00648    0.00138
  845    0.00553   -0.00648    0.00046
  846    0.00538   -0.00617    0.00037
  847    0.00636   -0.00669   -0.00001
  848    0.00747   -0.00559   -0.00046
  849    0.00853   -0.00577   -0.00149
  850    0.00992   -0.00627   -0.00124
  851    0.00881   -0.00943    0.00099
  852    0.00752   -0.00857    0.00214
  853    0.00632   -0.00673    0.00198
  854    0.00538   -0.00733    0.00277
  855    0.00493   -0.00749    0.00273
  856    0.00506   -0.00832    0.00292
  857    0.00538   -0.00762    0.00328
  858    0.00552   -0.00776    0.00210
  859    0.00560   -0.00846    0.00352
  860    0.00493   -0.00866    0.00196
  861    0.00456   -0.00624    0.00219
  862    0.00487   -0.00597    0.00420
  863    0.00471   -0.00652    0.00538
  864    0.00338   -0.00582    0.00373
  865    0.00376   -0.00390    0.00427
  866    0.00417   -0.00400    0.00675
  867    0.00375   -0.00376    0.00674
  868    0.00267   -0.00220    0.00537
  869    0.00338   -0.00058    0.00678
  870    0.00369   -0.00093    0.00903
  871    0.00262    0.00021    0.00814
  872    0.00225    0.00227    0.00780
  873    0.00335    0.00257    0.01047
  874    0.00323    0.00349    0.01102
  875    0.00179    0.00522    0.00963
  876    0.00198    0.00642    0.01081
  877    0.00371    0.00674    0.01282
  878    0.00337    0.00737    0.01252
  879    0.00147    0.00869    0.01138
  880    0.00241    0.00993    0.01281
  881    0.00390    0.01092    0.01400
  882    0.00393    0.01186    0.01472
  883    0.00556    0.01198    0.01622
  884    0.00825    0.01143    0.01823
  885    0.00781    0.01135    0.01717
  886    0.00786    0.01059    0.01679
  887    0.00671    0.01127    0.01498
  888    0.00619    0.01047    0.01445
  889    0.00467    0.00867    0.01393
  890    0.00445    0.00631    0.01384
  891    0.00466    0.00635    0.01203
  892    0.00380    0.00421    0.00899
  893    0.00218    0.00293    0.00484
  894    0.00066    0.00240    0.00441
  895    0.00059    0.00586    0.00763
  896    0.00073    0.00632    0.00624
  897   -0.00027    0.00749    0.00833
  898    0.00048    0.00901    0.00916
  899    0.00206    0.00987    0.00958
  900    0.00102    0.01040    0.00930
  901   -0.00009    0.01054    0.01015
  902    0.00128    0.01087    0.01104
  903    0.00241    0.01227    0.01154
  904    0.00119    0.01274    0.01253
  905    0.00120    0.01304    0.01262
  906    0.00270    0.01271    0.01291
  907    0.00218    0.01328    0.01330
  908    0.00091    0.01376    0.01314
  909    0.00169    0.01328    0.01353
  910    0.00283    0.01245    0.01374
  911    0.00158    0.01288    0.01353
  912    0.00065    0.01296    0.01313
  913    0.00213    0.01135    0.01348
  914    0.00246    0.01068    0.01381
  915    0.00147    0.01100    0.01283
  916    0.00102    0.01069    0.01207
  917    0.00251    0.00920    0.01275
  918    0.00274    0.00805    0.01233
  919    0.00186    0.00796    0.01067
  920    0.00194    0.00754    0.00981
  921    0.00293    0.00553    0.01042
  922    0.00355    0.00482    0.00894
  923    0.00222    0.00544    0.00746
  924    0.00198    0.00437    0.00763
  925    0.00313    0.00252    0.00751
  926    0.00301    0.00225    0.00546
  927    0.00183    0.00260    0.00470
  928    0.00256    0.00100    0.00544
  929    0.00337   -0.00031    0.00418
  930    0.00265    0.00006    0.00232
  931    0.00243   -0.00073    0.00275
  932    0.00346   -0.00242    0.00296
  933    0.00348   -0.00229    0.00103
  934    0.00266   -0.00189    0.00043
  935    0.00360   -0.00353    0.00067
  936    0.00412   -0.00409   -0.00016
  937    0.00333   -0.00360   -0.00149
  938    0.00344   -0.00441   -0.00171
  939    0.00458   -0.00574   -0.00179
  940    0.00397   -0.00559   -0.00302
  941    0.00383   -0.00387   -0.00326
  942    0.00451   -0.00650   -0.00408
  943    0.00604   -0.00690   -0.00435
  944    0.00463   -0.00403   -0.00439
  945    0.00159   -0.00337   -0.00337
  946    0.00634   -0.00589   -0.00441
  947    0.00806   -0.00596   -0.00616
  948    0.00701   -0.00324   -0.00411
  949    0.00905   -0.00203   -0.00546
  950    0.01201   -0.00337   -0.00680
  951    0.00791   -0.00375   -0.00781
  952    0.00889    0.00319   -0.00630
  953    0.01039    0.00539   -0.00398
  954    0.00942    0.00715   -0.00585
  955    0.00917    0.00520   -0.00651
  956    0.00661   -0.00036   -0.00439
  957    0.00534   -0.00290   -0.00304
  958    0.00539   -0.00172   -0.00270
  959    0.00640   -0.00103   -0.00452
  960    0.00749    0.00171   -0.00561
  961    0.00866   -0.00145   -0.00582
  962    0.01087    0.00077   -0.00550
  963    0.01158   -0.00231   -0.00523
  964    0.00883   -0.00356   -0.00248
  965    0.00960   -0.00613   -0.00289
  966    0.00940   -0.00793   -0.00140
  967    0.00828   -0.01004    0.00013
  968    0.00933   -0.01083   -0.00017
  969    0.00952   -0.00897   -0.00152
  970    0.00808   -0.00812   -0.00097
  971    0.00768   -0.00961    0.00037
  972    0.00881   -0.00980   -0.00091
  973    0.00843   -0.00853   -0.00240
  974    0.00650   -0.00865   -0.00092
  975    0.00724   -0.01037   -0.00083
  976    0.00669   -0.00916   -0.00251
  977    0.00876   -0.00976   -0.00211
  978    0.01000   -0.00905   -0.00378
  979    0.01373   -0.00912   -0.00283
  980    0.01139   -0.00419   -0.00507
  981    0.01270    0.00029    0.00281
  982    0.01844   -0.00996   -0.00548
  983    0.01710   -0.00496   -0.00521
  984    0.02041   -0.00076   -0.00605
  985    0.02814    0.00240   -0.00443
  986    0.02104   -0.00114   -0.00558
  987    0.01786   -0.00100   -0.00899
  988    0.01578    0.00673    0.00374
  989    0.02679   -0.00325   -0.02313
  990    0.01551    0.00554   -0.00376
  991    0.01873    0.02425    0.01347
  992    0.06360    0.12921    0.04173
  993   -0.01810   -0.01674   -0.02992
  994   -0.01410   -0.01592   -0.02576
  995   -0.00313   -0.00902   -0.02076
  996   -0.00416   -0.00965   -0.01847
  997    0.00057   -0.00511   -0.01503
  998    0.00075   -0.00612   -0.01724
  999    0.00220   -0.00562   -0.01704
 1000    0.00403   -0.00591   -0.02010
 1001    0.00232   -0.01045   -0.02245
 1002    0.00455   -0.01129   -0.02835
 1003    0.00415   -0.01563   -0.03553
 1004    0.00248   -0.00566   -0.02023
 1005    0.00104   -0.00673   -0.01391
 1006    0.00016    0.00109   -0.00713
 1007   -0.00018    0.00002   -0.00230
 1008   -0.00112    0.00374    0.00055
 1009   -0.00070    0.00336    0.00348
 1010   -0.00062    0.00325    0.00400
 1011    0.00017    0.00333    0.00593
 1012    0.00095    0.00021    0.00467
 1013    0.00086   -0.00116    0.00411
 1014    0.00095   -0.00086    0.00462
 1015    0.00122   -0.00277    0.00267
 1016   -0.00027   -0.00301   -0.00127
 1017   -0.00023   -0.00497   -0.00644
 1018    0.00037   -0.00139   -0.00816
 1019    0.00246   -0.00187   -0.01383
 1020    0.00231    0.00339   -0.01154
 1021   -0.00025    0.00763   -0.00644
 1022   -0.00238    0.01170   -0.00460
 1023   -0.00433    0.01380   -0.00096
 1024   -0.00501    0.01472    0.00120
 1025   -0.00619    0.01573    0.00133
 1026   -0.00620    0.01795   -0.00047
 1027   -0.00606    0.01741   -0.00338
 1028   -0.00658    0.01979   -0.00708
 1029   -0.00417    0.01864   -0.00912
 1030   -0.00120    0.01522   -0.01389
 1031   -0.00211    0.01296   -0.01645
 1032    0.00225    0.01131   -0.01684
 1033    0.00360    0.01211   -0.01496
 1034    0.00685    0.01421   -0.01340
 1035    0.00977    0.01577   -0.01289
 1036    0.00807    0.01938   -0.00975
 1037    0.01106    0.02254   -0.00848
 1038    0.01511    0.01993   -0.01126
 1039    0.01260    0.01738   -0.01289
 1040    0.01050    0.01322   -0.01556
 1041    0.00656    0.01230   -0.01607
 1042    0.00537    0.00955   -0.01805
 1043    0.00340    0.00602   -0.02059
 1044    0.00026    0.00382   -0.02295
 1045   -0.00096   -0.00227   -0.02853
 1046   -0.00662   -0.00943   -0.03232
 1047   -0.00552   -0.00374   -0.02743
 1048   -0.00648    0.00131   -0.02140
 1049   -0.00482    0.00548   -0.01850
 1050   -0.00601    0.00320   -0.01886
 1051   -0.00593    0.00061   -0.02267
 1052   -0.00356    0.00371   -0.02264
 1053   -0.00350    0.00682   -0.02070
 1054   -0.00577    0.00598   -0.02190
 1055   -0.00453    0.00573   -0.02564
 1056   -0.00631    0.00077   -0.02662
 1057   -0.00555   -0.00031   -0.03109
 1058   -0.00501   -0.00511   -0.03382
 1059   -0.00237   -0.00012   -0.02792
 1060    0.00257    0.00103   -0.02777
 1061    0.00290    0.00469   -0.02711
 1062    0.00525    0.00741   -0.02461
 1063    0.00385    0.01013   -0.02761
 1064    0.00667    0.01094   -0.02232
 1065    0.00558    0.01265   -0.01795
 1066    0.00804    0.01331   -0.01817
 1067    0.00811    0.01527   -0.01572
 1068    0.00765    0.01495   -0.01471
 1069    0.00628    0.01666   -0.01239
 1070    0.00249    0.01458   -0.01300
 1071    0.00065    0.01167   -0.01560
 1072   -0.00046    0.00952   -0.01766
 1073   -0.00380    0.00583   -0.02052
 1074   -0.00604    0.00258   -0.02373
 1075   -0.01191    0.00206   -0.02394
 1076   -0.01816   -0.00893   -0.02850
 1077   -0.01025   -0.00631   -0.02642
 1078   -0.01463   -0.01214   -0.02640
 1079   -0.01089   -0.00927   -0.02827
 1080   -0.00815   -0.00394   -0.02257
 1081   -0.00811   -0.00349   -0.01900
 1082   -0.01034   -0.00513   -0.02177
 1083   -0.00979   -0.00288   -0.01532
 1084   -0.00822   -0.00597   -0.00827
 1085   -0.00757   -0.00461   -0.00655
 1086   -0.00584   -0.00327   -0.00682
 1087   -0.00630    0.00060   -0.01130
 1088   -0.00623    0.00346   -0.00791
 1089   -0.00588    0.00822   -0.00611
 1090   -0.00522    0.00708   -0.00959
 1091   -0.00529    0.01050   -0.00634
 1092   -0.00451    0.01327   -0.00565
 1093   -0.00459    0.01223   -0.01057
 1094   -0.00397    0.01132   -0.01139
 1095   -0.00254    0.01404   -0.00881
 1096   -0.00139    0.01472   -0.01021
 1097   -0.00078    0.01315   -0.01350
 1098   -0.00018    0.01360   -0.01246
 1099    0.00279    0.01590   -0.01222
 1100    0.00312    0.01663   -0.01326
 1101    0.00531    0.01936   -0.01342
 1102    0.00404    0.01733   -0.01592
 1103    0.00209    0.01448   -0.01666
 1104    0.00022    0.01242   -0.01814
 1105   -0.00240    0.01156   -0.02228
 1106   -0.00654    0.01381   -0.02453
 1107   -0.00886    0.01657   -0.02614
 1108   -0.01056    0.01575   -0.02317
 1109   -0.01007    0.02066   -0.02237
 1110   -0.01003    0.02330   -0.02583
 1111   -0.00914    0.02645   -0.02869
 1112   -0.00797    0.03476   -0.03262
 1113   -0.01081    0.03820   -0.03066
 1114   -0.00975    0.03171   -0.02358
 1115   -0.00811    0.03437   -0.02124
 1116   -0.00667    0.04399   -0.02295
 1117   -0.00573    0.04337   -0.01678
 1118   -0.00609    0.03535   -0.01589
 1119   -0.00636    0.03271   -0.02003
 1120   -0.00676    0.02830   -0.02445
 1121   -0.00637    0.02902   -0.02915
 1122   -0.00646    0.02467   -0.02269
 1123   -0.00675    0.01723   -0.02011
 1124   -0.00657    0.01178   -0.02313
 1125   -0.00789    0.00482   -0.02008
 1126   -0.00915   -0.00195   -0.02163
 1127   -0.01029   -0.00472   -0.01979
 1128   -0.00904   -0.00247   -0.02529
 1129   -0.00795   -0.00503   -0.03224
 1130   -0.00364   -0.00443   -0.04024
 1131    0.00008   -0.01421   -0.06317
 1132   -0.00657   -0.01510   -0.05520
 1133   -0.00641    0.00115   -0.03962
 1134   -0.00701    0.00507   -0.02902
 1135   -0.00574    0.00536   -0.02939
 1136   -0.00659    0.00650   -0.02534
 1137   -0.00597    0.00639   -0.02528
 1138   -0.00483    0.00902   -0.02950
 1139   -0.00630    0.01038   -0.02562
 1140   -0.00726    0.01215   -0.02311
 1141   -0.00744    0.01692   -0.02253
 1142   -0.00734    0.01613   -0.01821
 1143   -0.00697    0.02254   -0.01667
 1144   -0.00625    0.02560   -0.01322
 1145   -0.00480    0.03285   -0.00990
 1146   -0.00482    0.04110   -0.01399
 1147   -0.00247    0.04750   -0.01234
 1148   -0.00071    0.04642   -0.00403
 1149   -0.00158    0.04536   -0.00383
 1150   -0.00374    0.03768   -0.00555
 1151   -0.00362    0.04050   -0.00556
 1152   -0.00452    0.03407   -0.00565
 1153   -0.00692    0.02994   -0.01129
 1154   -0.00840    0.02551   -0.01304
 1155   -0.00986    0.02208   -0.01579
 1156   -0.01102    0.01725   -0.01710
 1157   -0.01190    0.01535   -0.01936
 1158   -0.01453    0.01184   -0.02012
 1159   -0.01288    0.01100   -0.02107
 1160   -0.01352    0.01250   -0.02181
 1161   -0.00877    0.01287   -0.02035
 1162   -0.00814    0.01326   -0.02230
 1163   -0.00439    0.01481   -0.01806
 1164   -0.00519    0.01473   -0.01526
 1165   -0.00563    0.01317   -0.01608
 1166   -0.00536    0.01203   -0.01579
 1167   -0.00757    0.01155   -0.01698
 1168   -0.00748    0.01002   -0.01705
 1169   -0.00769    0.01059   -0.01547
 1170   -0.00732    0.00853   -0.01308
 1171   -0.00660    0.00884   -0.00832
 1172   -0.00671    0.00822   -0.00623
 1173   -0.00701    0.00344   -0.00010
 1174   -0.00674    0.00465    0.00230
 1175   -0.00740   -0.00251    0.00758
 1176   -0.00818    0.00120    0.01186
 1177   -0.00912    0.00709    0.01452
 1178   -0.00494    0.01484    0.01180
 1179   -0.00489    0.01338    0.00438
 1180   -0.00344    0.01788    0.00560
 1181   -0.00232    0.02613    0.00616
 1182   -0.00424    0.02427   -0.00024
 1183   -0.00519    0.02225   -0.00479
 1184   -0.00398    0.02662   -0.00214
 1185   -0.00188    0.03270    0.00335
 1186   -0.00120    0.03211    0.00765
 1187   -0.00382    0.02317    0.01142
 1188    0.00042    0.02073    0.00880
 1189   -0.00124    0.01980    0.00252
 1190   -0.00191    0.01715   -0.00107
 1191   -0.00429    0.01647   -0.00578
 1192   -0.00535    0.01411   -0.00889
 1193   -0.00747    0.01177   -0.01129
 1194   -0.00910    0.00903   -0.01216
 1195   -0.01106    0.00734   -0.01262
 1196   -0.01117    0.00339   -0.01019
 1197   -0.01080    0.00433   -0.00781
 1198   -0.00874    0.00506   -0.00912
 1199   -0.00681    0.00618   -0.00984
 1200   -0.00536    0.00632   -0.00993
 1201   -0.00384    0.00960   -0.00789
 1202   -0.00367    0.00880   -0.00588
 1203   -0.00244    0.00721    0.00062
 1204   -0.00433    0.00519    0.00315
 1205   -0.00516   -0.00272    0.00729
 1206   -0.00721   -0.00253    0.01088
 1207   -0.00735   -0.00844    0.01346
 1208   -0.00626   -0.01147    0.01359
 1209   -0.00434   -0.01469    0.01172
 1210   -0.00142   -0.02003    0.01190
 1211   -0.00325   -0.01619    0.00650
 1212   -0.00629   -0.01503   -0.00105
 1213   -0.01024   -0.01118   -0.01095
 1214   -0.00759   -0.01083   -0.00605
 1215   -0.00818   -0.00680   -0.00318
 1216   -0.00627   -0.00877    0.00557
 1217   -0.00763   -0.00329    0.00089
 1218   -0.00798   -0.00283   -0.00296
 1219   -0.00793    0.00166   -0.00910
 1220   -0.00699    0.00189   -0.00847
 1221   -0.00658    0.00381   -0.01186
 1222   -0.00667    0.00647   -0.01202
 1223   -0.00672    0.00897   -0.01354
 1224   -0.00765    0.00951   -0.01291
 1225   -0.00677    0.01163   -0.01296
 1226   -0.00965    0.01014   -0.01391
 1227   -0.01011    0.00937   -0.01480
 1228   -0.01144    0.00895   -0.02094
 1229   -0.01550    0.00522   -0.02229
 1230   -0.01446    0.00558   -0.02033
 1231   -0.01403    0.00977   -0.01953
 1232   -0.01169    0.01091   -0.01646
 1233   -0.01017    0.01425   -0.01527
 1234   -0.00848    0.01691   -0.01303
 1235   -0.00648    0.02017   -0.00969
 1236   -0.00477    0.02311   -0.00658
 1237   -0.00304    0.02791   -0.00192
 1238   -0.00405    0.02363   -0.00383
 1239   -0.00512    0.01675   -0.00548
 1240   -0.00645    0.01667   -0.01056
 1241   -0.00723    0.01385   -0.01517
 1242   -0.00829    0.01645   -0.01818
 1243   -0.00887    0.01439   -0.02063
 1244   -0.00856    0.01519   -0.02465
 1245   -0.00789    0.01222   -0.02512
 1246   -0.00718    0.01170   -0.02047
 1247   -0.00491    0.01172   -0.01852
 1248   -0.00426    0.01300   -0.01660
 1249   -0.00184    0.01589   -0.01574
 1250   -0.00037    0.01923   -0.01490
 1251    0.00041    0.01906   -0.01231
 1252    0.00239    0.01985   -0.01070
 1253    0.00194    0.01998   -0.00634
 1254    0.00047    0.01733   -0.00696
 1255    0.00061    0.01667   -0.00633
 1256   -0.00108    0.01532   -0.00784
 1257   -0.00341    0.01248   -0.01192
 1258   -0.00400    0.01253   -0.01313
 1259   -0.00731    0.00906   -0.01757
 1260   -0.00640    0.00808   -0.01956
 1261   -0.00495    0.00458   -0.02300
 1262   -0.00226    0.00744   -0.02024
 1263    0.00254    0.00504   -0.02224
 1264    0.00626    0.00738   -0.01989
 1265    0.00991    0.00837   -0.01956
 1266    0.01507    0.01073   -0.01865
 1267    0.01112    0.01436   -0.01582
 1268    0.01038    0.01719   -0.01164
 1269    0.00546    0.01886   -0.00813
 1270    0.00330    0.02057   -0.00507
 1271   -0.00006    0.01976   -0.00497
 1272   -0.00029    0.01777   -0.00816
 1273   -0.00341    0.01684   -0.00801
 1274   -0.00429    0.01418   -0.01261
 1275   -0.00502    0.01394   -0.01356
 1276   -0.00191    0.01476   -0.01328
 1277   -0.00064    0.01689   -0.00990
 1278   -0.00275    0.01929   -0.00544
 1279   -0.00257    0.01974   -0.00351
 1280   -0.00294    0.01949   -0.00056
 1281   -0.00381    0.01902   -0.00096
 1282   -0.00540    0.01782    0.00089
 1283   -0.00524    0.01678    0.00330
 1284   -0.00592    0.01638    0.00347
 1285   -0.00608    0.01715    0.00171
 1286   -0.00573    0.01613    0.00029
 1287   -0.00593    0.01783   -0.00457
 1288   -0.00632    0.01622   -0.00379
 1289   -0.00643    0.01571    0.00176
 1290   -0.00602    0.01563   -0.00216
 1291   -0.00408    0.01709   -0.00328
 1292   -0.00113    0.01767   -0.00451
 1293    0.00061    0.01955   -0.00312
 1294   -0.00042    0.01986    0.00015
 1295   -0.00323    0.01954    0.00108
 1296   -0.00491    0.01836    0.00292
 1297   -0.00499    0.01698    0.00515
 1298   -0.00558    0.01632    0.00456
 1299   -0.00499    0.01488    0.00534
 1300   -0.00326    0.01390    0.00621
 1301   -0.00264    0.01202    0.00597
 1302   -0.00250    0.01149    0.00360
 1303   -0.00259    0.01078    0.00315
 1304   -0.00404    0.01144    0.00352
 1305   -0.00304    0.01072    0.00070
 1306   -0.00318    0.00990   -0.00028
 1307   -0.00115    0.00672   -0.00272
 1308    0.00051    0.00724   -0.00639
 1309    0.00228    0.00364   -0.00964
 1310    0.00085   -0.00036   -0.00900
 1311   -0.00089   -0.00406   -0.00764
 1312   -0.00047   -0.00880   -0.01366
 1313   -0.00282   -0.01419   -0.01618
 1314   -0.00278   -0.02182   -0.02346
 1315   -0.00672   -0.02754   -0.02382
 1316   -0.00080   -0.00294   -0.00082
 1317    0.00041   -0.00110   -0.00013
 1318   -0.00027   -0.00055   -0.00156
 1319   -0.00126   -0.00284   -0.00231
 1320   -0.00290   -0.00263   -0.00479
 1321   -0.00219   -0.00430   -0.00631
 1322   -0.00259   -0.00685   -0.00541
 1323   -0.00323   -0.00572   -0.00384
 1324   -0.00622   -0.00471   -0.00483
 1325   -0.00481   -0.00691   -0.00930
 1326   -0.00400   -0.00840   -0.01097
 1327   -0.00430   -0.01388   -0.01576
 1328   -0.00135   -0.01323   -0.01996
 1329    0.00172   -0.01431   -0.02727
 1330    0.00478   -0.01513   -0.03409
 1331    0.00725   -0.01534   -0.04264
 1332    0.00954   -0.00876   -0.03363
 1333    0.01023   -0.00497   -0.03581
 1334    0.01587   -0.00224   -0.03364
 1335    0.01263    0.00110   -0.02499
 1336    0.00718    0.00090   -0.01784
 1337    0.00747   -0.00037   -0.01715
 1338    0.01001   -0.00212   -0.02091
 1339    0.00838   -0.00499   -0.02433
 1340    0.00391   -0.01210   -0.03172
 1341    0.00730   -0.01205   -0.03501
 1342   -0.00068   -0.02156   -0.04312
 1343    0.00029   -0.01940   -0.04643
 1344    0.00440   -0.03172   -0.06807
 1345    0.02519   -0.03176   -0.09107
 1346    0.02022   -0.04118   -0.10266
 1347    0.01161   -0.02980   -0.06756
 1348    0.01280   -0.02020   -0.05579
 1349    0.01219   -0.01101   -0.04040
 1350    0.01875   -0.00444   -0.03674
 1351    0.01808    0.00017   -0.02752
 1352    0.01671    0.00237   -0.02020
 1353    0.02268    0.00540   -0.02130
 1354    0.01534    0.00648   -0.01533
 1355    0.00946    0.00503   -0.01272
 1356    0.01145    0.00548   -0.01711
 1357    0.01162    0.00849   -0.01691
 1358    0.00352    0.00849   -0.01172
 1359    0.00383    0.00732   -0.01028
 1360    0.00302    0.00880   -0.01277
 1361    0.00037    0.01151   -0.01129
 1362   -0.00256    0.01076   -0.00708
 1363   -0.00112    0.00959   -0.00606
 1364   -0.00309    0.01188   -0.00698
 1365   -0.00500    0.01307   -0.00495
 1366   -0.00379    0.01197   -0.00209
 1367   -0.00407    0.01290   -0.00247
 1368   -0.00577    0.01476   -0.00139
 1369   -0.00477    0.01478    0.00075
 1370   -0.00454    0.01428    0.00272
 1371   -0.00525    0.01593    0.00173
 1372   -0.00509    0.01702    0.00146
 1373   -0.00459    0.01659    0.00431
 1374   -0.00438    0.01690    0.00535
 1375   -0.00333    0.01813    0.00499
 1376   -0.00278    0.01841    0.00566
 1377   -0.00085    0.01976    0.00441
 1378    0.00063    0.02026    0.00027
 1379   -0.00118    0.01854    0.00045
 1380   -0.00167    0.01758   -0.00235
 1381   -0.00279    0.01529   -0.00028
 1382   -0.00381    0.01321   -0.00308
 1383   -0.00430    0.01215   -0.00161
 1384   -0.00656    0.01058   -0.00321
 1385   -0.00381    0.00758    0.00015
 1386   -0.00200    0.00118    0.00256
 1387    0.00162   -0.00448    0.00805
 1388    0.00052   -0.00207    0.01152
 1389    0.00133    0.00257    0.01043
 1390    0.00303    0.00230    0.01254
 1391    0.00239    0.00502    0.01308
 1392   -0.00034    0.00770    0.00955
 1393    0.00018    0.00788    0.00870
 1394    0.00244    0.00801    0.01226
 1395    0.00143    0.00895    0.01144
 1396   -0.00118    0.01061    0.00827
 1397    0.00087    0.01007    0.00959
 1398    0.00251    0.01119    0.01241
 1399   -0.00010    0.01314    0.01068
 1400   -0.00181    0.01384    0.00904
 1401    0.00025    0.01354    0.01082
 1402    0.00084    0.01316    0.01187
 1403   -0.00172    0.01438    0.01026
 1404   -0.00221    0.01404    0.00908
 1405   -0.00011    0.01304    0.01186
 1406   -0.00110    0.01319    0.01129
 1407   -0.00322    0.01403    0.00869
 1408   -0.00263    0.01328    0.00939
 1409   -0.00133    0.01149    0.01077
 1410   -0.00206    0.01211    0.00948
 1411   -0.00350    0.01257    0.00735
 1412   -0.00297    0.01065    0.00783
 1413   -0.00168    0.00944    0.00814
 1414   -0.00243    0.01047    0.00603
 1415   -0.00295    0.00966    0.00433
 1416   -0.00164    0.00674    0.00514
 1417   -0.00106    0.00657    0.00510
 1418   -0.00163    0.00786    0.00289
 1419   -0.00157    0.00600    0.00143
 1420   -0.00083    0.00361    0.00214
 1421   -0.00076    0.00503    0.00110
 1422   -0.00059    0.00564   -0.00160
 1423   -0.00053    0.00236   -0.00235
 1424   -0.00047    0.00208   -0.00133
 1425   -0.00024    0.00437   -0.00317
 1426    0.00048    0.00278   -0.00619
 1427   -0.00082    0.00041   -0.00432
 1428   -0.00012    0.00259   -0.00343
 1429    0.00162    0.00335   -0.00631
 1430    0.00091    0.00018   -0.00753
 1431   -0.00143    0.00067   -0.00373
 1432    0.00057    0.00282   -0.00232
 1433    0.00300    0.00178   -0.00494
 1434   -0.00137   -0.00006   -0.00394
 1435    0.00003    0.00284    0.00058
 1436    0.00295    0.00473    0.00351
 1437    0.00321    0.00392    0.00171
 1438   -0.00169    0.00422    0.00472
 1439    0.00129    0.00915    0.01267
 1440    0.00629    0.01087    0.01748
 1441   -0.00019    0.00897    0.01637
 1442   -0.00578    0.01275    0.01994
 1443   -0.01414    0.01112    0.01928
 1444   -0.01447    0.00876    0.01942
 1445   -0.01978   -0.00077    0.00575
 1446   -0.03009   -0.00329    0.00569
 1447   -0.02002   -0.00297    0.00073
 1448   -0.02092   -0.00361   -0.00347
 1449   -0.01197   -0.00532   -0.00437
 1450   -0.00960   -0.00792   -0.01023
 1451   -0.00822   -0.00610   -0.00840
 1452   -0.01248   -0.00823   -0.01010
 1453   -0.01708   -0.00612   -0.00668
 1454   -0.02703   -0.00747   -0.00951
 1455   -0.01986   -0.00521   -0.00555
 1456   -0.03092   -0.00297    0.00640
 1457   -0.01369   -0.00009    0.00200
 1458   -0.00120   -0.00469   -0.01410
 1459    0.01115   -0.00226   -0.01614
 1460    0.02670   -0.00495   -0.03151
 1461    0.03662   -0.00411   -0.04323
 1462    0.05047    0.00721   -0.03054
 1463    0.03395    0.00642   -0.01407
 1464    0.02476    0.00119   -0.02336
 1465    0.03882    0.00704   -0.02715
 1466    0.03780    0.01116   -0.00980
 1467    0.01927    0.00647   -0.00692
 1468    0.02330    0.00571   -0.01622
 1469    0.02724    0.00588   -0.01018
 1470    0.02094    0.00549    0.00087
 1471    0.03306    0.00660    0.00886
 1472    0.02633    0.01023    0.01077
 1473    0.03178    0.01334    0.02877
 1474    0.01509    0.01518    0.03777
 1475    0.02111    0.02621    0.05705
 1476    0.03108    0.02609    0.03904
 1477    0.00893    0.01851    0.03004
 1478   -0.00159    0.02686    0.04886
 1479   -0.01037    0.03639    0.06361
 1480   -0.01354    0.01879    0.03593
 1481   -0.02499    0.01270    0.02993
 1482   -0.03063    0.02945    0.04699
 1483   -0.05057    0.02478    0.04996
 1484   -0.06223   -0.00482    0.02498
 1485   -0.06278   -0.00294    0.03329
 1486   -0.08773   -0.01265    0.04742
