    1    0.00037    0.00921   -0.00467
    2   -0.00268    0.00456   -0.00516
    3   -0.00581    0.00151   -0.00799
    4   -0.00737   -0.00290   -0.00708
    5   -0.00897   -0.00514   -0.00823
    6   -0.01104   -0.00878   -0.00798
    7   -0.01308   -0.01119   -0.00933
    8   -0.01515   -0.01332   -0.01079
    9   -0.01737   -0.01555   -0.00909
   10   -0.01982   -0.01919   -0.01011
   11   -0.02358   -0.02356   -0.00994
   12   -0.01984   -0.01889   -0.00969
   13   -0.02056   -0.01602   -0.00818
   14   -0.01603   -0.01127   -0.00910
   15   -0.01469   -0.00767   -0.00891
   16   -0.01176   -0.00486   -0.00902
   17   -0.01127   -0.00531   -0.00758
   18   -0.00981   -0.00783   -0.00533
   19   -0.00794   -0.00902   -0.00443
   20   -0.00819   -0.01168   -0.00397
   21   -0.01064   -0.00951   -0.00510
   22   -0.01296   -0.00625   -0.00651
   23   -0.01466   -0.00601   -0.00856
   24   -0.01409   -0.00849   -0.00682
   25   -0.01639   -0.01112   -0.00712
   26   -0.01572   -0.01221   -0.00794
   27   -0.01606   -0.01439   -0.00970
   28   -0.01437   -0.01280   -0.01047
   29   -0.01206   -0.00975   -0.01011
   30   -0.00982   -0.00770   -0.00999
   31   -0.00880   -0.00439   -0.00998
   32   -0.00489   -0.00127   -0.00927
   33   -0.00540    0.00339   -0.00947
   34   -0.00703    0.00412   -0.01077
   35   -0.01083    0.00499   -0.01017
   36   -0.01810    0.00254   -0.01624
   37   -0.02164    0.00127   -0.01866
   38   -0.02463   -0.00387   -0.02363
   39   -0.03209   -0.00397   -0.02284
   40   -0.02696   -0.00502   -0.02550
   41   -0.02070   -0.00131   -0.02437
   42   -0.01460   -0.00355   -0.02809
   43   -0.00773   -0.00327   -0.03160
   44   -0.00191    0.00166   -0.02903
   45    0.00416    0.00060   -0.03431
   46    0.00242   -0.00549   -0.03998
   47    0.00023   -0.00285   -0.03746
   48   -0.00602   -0.00278   -0.03295
   49   -0.00771    0.00249   -0.02806
   50   -0.00745    0.00419   -0.02816
   51   -0.01372    0.00397   -0.02708
   52   -0.01370    0.00859   -0.02624
   53   -0.01894    0.00764   -0.02689
   54   -0.01803    0.01340   -0.02688
   55   -0.01149    0.01557   -0.02579
   56   -0.00897    0.01686   -0.02324
   57   -0.00557    0.01644   -0.02191
   58   -0.00488    0.01832   -0.02096
   59   -0.00688    0.01785   -0.02452
   60   -0.00686    0.01483   -0.02765
   61   -0.00372    0.01624   -0.02689
   62   -0.00608    0.01813   -0.02604
   63   -0.00924    0.01816   -0.02978
   64   -0.00964    0.01925   -0.02868
   65   -0.01340    0.02057   -0.03135
   66   -0.01566    0.01700   -0.03127
   67   -0.01329    0.01302   -0.03164
   68   -0.01430    0.01234   -0.03375
   69   -0.01408    0.00630   -0.03427
   70   -0.01193    0.00479   -0.03196
   71   -0.00913    0.00905   -0.03453
   72   -0.00740    0.00325   -0.03631
   73   -0.00360    0.00303   -0.03542
   74    0.00073    0.00198   -0.03937
   75    0.00335    0.00282   -0.03664
   76    0.00029    0.00381   -0.03136
   77    0.00206    0.00651   -0.02923
   78   -0.00211    0.00926   -0.02349
   79   -0.00688    0.01004   -0.02291
   80   -0.01381    0.00921   -0.02243
   81   -0.01634    0.01333   -0.02027
   82   -0.02448    0.01262   -0.01872
   83   -0.03351    0.01649   -0.01589
   84   -0.02727    0.01414   -0.02134
   85   -0.01602    0.01622   -0.02311
   86   -0.00922    0.01879   -0.02488
   87   -0.00658    0.01935   -0.02828
   88   -0.00645    0.01951   -0.02269
   89   -0.00442    0.02021   -0.01956
   90   -0.00630    0.02078   -0.02397
   91   -0.00672    0.01799   -0.01981
   92   -0.00143    0.01403   -0.01424
   93    0.00061    0.01241   -0.01038
   94    0.00374    0.01412   -0.00874
   95    0.00290    0.01651   -0.01130
   96    0.00557    0.01559   -0.00876
   97    0.00637    0.01758   -0.00825
   98    0.00218    0.02027   -0.00961
   99    0.00191    0.02159   -0.00719
  100    0.00526    0.02088   -0.00790
  101    0.00396    0.01884   -0.01541
  102    0.00112    0.01868   -0.01567
  103    0.00431    0.02005   -0.01202
  104    0.00762    0.01840   -0.01647
  105    0.00408    0.01562   -0.02271
  106    0.00258    0.01469   -0.02032
  107    0.00521    0.01128   -0.02512
  108    0.00769    0.01027   -0.03174
  109    0.00997    0.00772   -0.03995
  110    0.00945    0.00663   -0.04450
  111    0.00472    0.00763   -0.03883
  112    0.00243    0.00837   -0.04159
  113   -0.00193    0.01186   -0.03888
  114   -0.00425    0.01494   -0.04293
  115   -0.00956    0.01642   -0.04158
  116   -0.00754    0.01813   -0.03692
  117   -0.01492    0.01922   -0.03287
  118   -0.02158    0.02097   -0.03760
  119   -0.02783    0.02260   -0.03455
  120   -0.03868    0.02635   -0.03830
  121   -0.03541    0.02422   -0.03737
  122   -0.02698    0.01993   -0.03114
  123   -0.03212    0.01994   -0.02533
  124   -0.04239    0.02166   -0.02374
  125   -0.04608    0.01946   -0.01621
  126   -0.04090    0.01905   -0.01715
  127   -0.04232    0.02044   -0.02003
  128   -0.03684    0.02197   -0.02531
  129   -0.04119    0.02428   -0.02733
  130   -0.03958    0.02301   -0.02364
  131   -0.03000    0.02117   -0.02228
  132   -0.02597    0.02268   -0.02341
  133   -0.02122    0.02180   -0.02233
  134   -0.01945    0.02356   -0.02535
  135   -0.01205    0.02094   -0.02411
  136   -0.01270    0.02266   -0.02666
  137   -0.01559    0.02636   -0.02909
  138   -0.01779    0.02852   -0.03102
  139   -0.02017    0.03503   -0.03577
  140   -0.02106    0.03940   -0.03875
  141   -0.02704    0.03423   -0.03372
  142   -0.02373    0.02749   -0.02839
  143   -0.02124    0.02532   -0.02787
  144   -0.01763    0.02207   -0.02673
  145   -0.01294    0.02047   -0.02790
  146   -0.01387    0.02053   -0.03214
  147   -0.01022    0.01955   -0.03119
  148   -0.01230    0.01956   -0.02702
  149   -0.01919    0.02011   -0.02553
  150   -0.02201    0.01901   -0.02082
  151   -0.02691    0.01811   -0.01817
  152   -0.03314    0.01714   -0.01420
  153   -0.04065    0.01627   -0.00903
  154   -0.05087    0.01945   -0.01180
  155   -0.06243    0.02083   -0.00627
  156   -0.05767    0.01646    0.00157
  157   -0.05106    0.01386    0.00078
  158   -0.03973    0.01299   -0.00244
  159   -0.03707    0.01216   -0.00405
  160   -0.02501    0.01112   -0.00426
  161   -0.02230    0.01372   -0.01064
  162   -0.01345    0.01387   -0.01290
  163   -0.01217    0.01562   -0.01942
  164   -0.00537    0.01605   -0.02136
  165   -0.00150    0.01651   -0.02837
  166    0.00397    0.01638   -0.03161
  167    0.01016    0.01628   -0.03769
  168    0.01110    0.01560   -0.04652
  169    0.01302    0.01304   -0.04969
  170    0.02334    0.01691   -0.05412
  171    0.01921    0.01509   -0.04435
  172    0.01518    0.01507   -0.03495
  173    0.00933    0.01502   -0.03296
  174    0.00616    0.01551   -0.02757
  175    0.00283    0.01659   -0.02601
  176   -0.00069    0.01701   -0.02262
  177   -0.00454    0.01671   -0.01943
  178   -0.00608    0.01533   -0.01560
  179   -0.00835    0.01234   -0.01026
  180   -0.01192    0.01103   -0.00930
  181   -0.00888    0.00623   -0.00517
  182   -0.01356    0.00522   -0.00427
  183   -0.00794   -0.00051   -0.00411
  184   -0.01048   -0.00571   -0.00192
  185   -0.01491   -0.00695   -0.00017
  186   -0.02599   -0.00037    0.00220
  187   -0.02824    0.00586   -0.00053
  188   -0.02685    0.00470    0.00164
  189   -0.03845    0.00657    0.00536
  190   -0.04158    0.01224   -0.00157
  191   -0.03370    0.01246   -0.00605
  192   -0.03320    0.01093   -0.00250
  193   -0.04084    0.00871    0.00457
  194   -0.03594    0.00408    0.00932
  195   -0.02899   -0.00063    0.00920
  196   -0.01980   -0.00003    0.00945
  197   -0.01795    0.00440    0.00428
  198   -0.01019    0.00620    0.00099
  199   -0.00815    0.01013   -0.00423
  200   -0.00097    0.01136   -0.00476
  201    0.00229    0.01364   -0.00967
  202    0.00736    0.01243   -0.00768
  203    0.01094    0.01257   -0.01109
  204    0.01608    0.00990   -0.00596
  205    0.01825    0.01373   -0.00422
  206    0.01339    0.01300   -0.00714
  207    0.01199    0.01145   -0.00359
  208    0.00853    0.01137   -0.00340
  209    0.00461    0.00958   -0.00152
  210   -0.00026    0.00825   -0.00248
  211   -0.00427    0.00364    0.00080
  212   -0.00810    0.00150    0.00061
  213   -0.00224   -0.00205   -0.00080
  214   -0.00452   -0.00557   -0.00146
  215    0.00180   -0.01021   -0.00186
  216    0.00456   -0.01291   -0.00073
  217    0.00773   -0.00897    0.00065
  218    0.01078   -0.00687    0.00284
  219    0.00363    0.00043   -0.00468
  220    0.00324    0.00730   -0.01236
  221   -0.00344    0.01409   -0.02105
  222   -0.00782    0.01038   -0.01572
  223   -0.00802    0.00991   -0.01345
  224   -0.00419    0.00272   -0.00625
  225   -0.00793    0.00718   -0.00849
  226   -0.00433    0.00938   -0.00965
  227   -0.00555    0.01317   -0.01234
  228   -0.00160    0.01293   -0.01076
  229   -0.00084    0.01552   -0.01475
  230    0.00237    0.01548   -0.01363
  231    0.00452    0.01608   -0.01776
  232    0.00907    0.01599   -0.01849
  233    0.01230    0.01602   -0.02303
  234    0.01350    0.01604   -0.02581
  235    0.02008    0.01625   -0.02999
  236    0.02234    0.01841   -0.03973
  237    0.01964    0.01852   -0.03778
  238    0.01455    0.01554   -0.02531
  239    0.00818    0.01534   -0.02168
  240    0.00501    0.01534   -0.01890
  241   -0.00021    0.01485   -0.01447
  242   -0.00564    0.01452   -0.01359
  243   -0.00885    0.01218   -0.00788
  244   -0.01550    0.01129   -0.00591
  245   -0.02322    0.00897   -0.00171
  246   -0.02396    0.01033   -0.00384
  247   -0.01822    0.01113   -0.00652
  248   -0.01548    0.01399   -0.01188
  249   -0.01404    0.01658   -0.01721
  250   -0.01326    0.01773   -0.02103
  251   -0.00910    0.01840   -0.02655
  252   -0.01305    0.01956   -0.03207
  253   -0.00736    0.01866   -0.03587
  254   -0.00137    0.01634   -0.03382
  255    0.00271    0.01417   -0.03540
  256    0.00674    0.01197   -0.03829
  257    0.01045    0.01267   -0.03737
  258    0.01543    0.01375   -0.03965
  259    0.01239    0.01460   -0.02973
  260    0.01223    0.01365   -0.02861
  261    0.01452    0.01416   -0.02403
  262    0.01110    0.01662   -0.01720
  263    0.00599    0.01435   -0.01609
  264    0.00103    0.01588   -0.01352
  265   -0.00563    0.01482   -0.01597
  266   -0.01179    0.01297   -0.01569
  267   -0.01762    0.01466   -0.01617
  268   -0.02809    0.01004   -0.01494
  269   -0.03721    0.00433   -0.01561
  270   -0.03393   -0.00041   -0.01986
  271   -0.03148   -0.00586   -0.02595
  272   -0.02275   -0.00569   -0.02922
  273   -0.02224   -0.01176   -0.03480
  274   -0.01632   -0.01539   -0.04107
  275   -0.01468   -0.01284   -0.03833
  276   -0.00795   -0.00794   -0.03448
  277   -0.00646   -0.00204   -0.02840
  278   -0.00165    0.00188   -0.02332
  279   -0.00415    0.00559   -0.01827
  280   -0.00879    0.00634   -0.01774
  281   -0.01319    0.00860   -0.01365
  282   -0.02043    0.01036   -0.01338
  283   -0.02827    0.00686   -0.01418
  284   -0.02349    0.00244   -0.01859
  285   -0.01587    0.00127   -0.02097
  286   -0.01151    0.00301   -0.01819
  287   -0.01011   -0.00044   -0.02259
  288   -0.00470    0.00213   -0.01667
  289   -0.00216    0.00081   -0.01576
  290   -0.00315    0.00119   -0.01100
  291   -0.00041    0.00441   -0.00820
  292   -0.00167    0.00607   -0.00754
  293   -0.00464    0.00746   -0.00800
  294   -0.00751    0.00857   -0.00622
  295   -0.01276    0.00848   -0.00828
  296   -0.01063    0.01167   -0.00621
  297   -0.00460    0.01329   -0.00188
  298   -0.00462    0.01491   -0.00419
  299   -0.00295    0.01316   -0.00830
  300   -0.00015    0.01176   -0.01267
  301    0.00222    0.00882   -0.01602
  302    0.00365    0.00748   -0.01446
  303    0.00069    0.00893   -0.01130
  304    0.00052    0.00753   -0.00875
  305    0.00122    0.00900   -0.00464
  306   -0.00203    0.01049   -0.00366
  307   -0.00312    0.00903   -0.00315
  308   -0.00518    0.00876   -0.00303
  309   -0.00648    0.00520   -0.00473
  310   -0.00938    0.00484   -0.00711
  311   -0.00942    0.00163   -0.00795
  312   -0.00727   -0.00006   -0.00826
  313   -0.00967   -0.00321   -0.00915
  314   -0.00870   -0.00522   -0.00931
  315   -0.01121   -0.00824   -0.00894
  316   -0.01182   -0.00989   -0.00998
  317   -0.01340   -0.01197   -0.00984
  318   -0.01399   -0.01179   -0.00827
  319   -0.01477   -0.01157   -0.00662
  320   -0.01691   -0.01412   -0.00699
  321   -0.01765   -0.01404   -0.00460
  322   -0.01993   -0.01593   -0.00556
  323   -0.01992   -0.01503   -0.00313
  324   -0.02406   -0.01883   -0.00352
  325   -0.00829   -0.01086   -0.00361
  326   -0.00745   -0.01115   -0.00350
  327   -0.00749   -0.00954   -0.00341
  328   -0.00623   -0.01017   -0.00143
  329   -0.00780   -0.00916   -0.00346
  330   -0.01037   -0.01024   -0.00460
  331   -0.01037   -0.01128   -0.00202
  332   -0.00634   -0.01138    0.00047
  333   -0.00442   -0.00945    0.00162
  334   -0.00766   -0.00936   -0.00151
  335   -0.00854   -0.01161    0.00053
  336   -0.01348   -0.01205   -0.00275
  337   -0.01478   -0.01279   -0.00615
  338   -0.01538   -0.01371   -0.00830
  339   -0.01805   -0.01741   -0.00989
  340   -0.01736   -0.01645   -0.01167
  341   -0.01579   -0.01311   -0.01352
  342   -0.01709   -0.01507   -0.01588
  343   -0.01589   -0.01312   -0.01930
  344   -0.01439   -0.01203   -0.01648
  345   -0.01357   -0.01180   -0.01272
  346   -0.01257   -0.00952   -0.01198
  347   -0.01197   -0.00721   -0.01310
  348   -0.01077   -0.00473   -0.01193
  349   -0.01042   -0.00493   -0.01018
  350   -0.00773   -0.00005   -0.00956
  351   -0.00575    0.00171   -0.00822
  352   -0.00395    0.00718   -0.01115
  353   -0.00155    0.01214   -0.01203
  354   -0.00653    0.01121   -0.01840
  355   -0.00833    0.00210   -0.01365
  356   -0.00960   -0.00295   -0.01102
  357   -0.01302   -0.00634   -0.01442
  358   -0.01391   -0.00796   -0.01486
  359   -0.01357   -0.00628   -0.01760
  360   -0.01345   -0.00830   -0.01735
  361   -0.01279   -0.00587   -0.01693
  362   -0.01330   -0.00655   -0.02031
  363   -0.01326   -0.00517   -0.01617
  364   -0.01257   -0.00727   -0.01316
  365   -0.01296   -0.00967   -0.01455
  366   -0.01164   -0.00961   -0.01520
  367   -0.01123   -0.00864   -0.01090
  368   -0.01195   -0.00992   -0.01061
  369   -0.01158   -0.01071   -0.01209
  370   -0.01030   -0.00973   -0.00971
  371   -0.01017   -0.00926   -0.00798
  372   -0.01114   -0.00948   -0.00912
  373   -0.00981   -0.00925   -0.00896
  374   -0.00871   -0.00828   -0.00676
  375   -0.00843   -0.00728   -0.00707
  376   -0.00773   -0.00700   -0.00785
  377   -0.00644   -0.00606   -0.00601
  378   -0.00559   -0.00505   -0.00561
  379   -0.00477   -0.00238   -0.00626
  380   -0.00360   -0.00099   -0.00714
  381   -0.00246   -0.00271   -0.00619
  382   -0.00164    0.00009   -0.00392
  383    0.00055    0.00377   -0.00464
  384    0.00279    0.00571   -0.00283
  385    0.00363    0.00645   -0.00716
  386    0.00679    0.01069   -0.00677
  387    0.00783    0.01019   -0.01124
  388    0.00712    0.01143   -0.01370
  389    0.00695    0.01632   -0.00836
  390    0.00273    0.01762   -0.00544
  391    0.00385    0.01990   -0.00057
  392    0.00408    0.02155   -0.00101
  393    0.00160    0.02256   -0.00362
  394    0.00646    0.02176    0.00098
  395    0.00802    0.01889    0.00231
  396    0.01753    0.01005    0.00660
  397    0.01678    0.00821    0.00477
  398    0.01524    0.01190    0.00498
  399    0.01747    0.00965    0.00821
  400    0.01619    0.01122    0.00742
  401    0.01374    0.01535    0.00518
  402    0.01163    0.01532    0.00571
  403    0.01307    0.01290    0.00774
  404    0.01346    0.01432    0.00732
  405    0.01002    0.01679    0.00472
  406    0.00798    0.01539    0.00739
  407    0.00921    0.01354    0.00856
  408    0.00853    0.01451    0.00586
  409    0.00543    0.01416    0.00367
  410    0.00422    0.01286    0.00542
  411    0.00563    0.01099    0.00604
  412    0.00478    0.01083    0.00234
  413    0.00203    0.01053    0.00180
  414    0.00207    0.00820    0.00312
  415    0.00295    0.00615    0.00238
  416    0.00130    0.00729   -0.00160
  417   -0.00117    0.00549   -0.00154
  418   -0.00063    0.00288   -0.00072
  419   -0.00083    0.00151   -0.00207
  420   -0.00218    0.00105   -0.00421
  421   -0.00442   -0.00017   -0.00473
  422   -0.00385   -0.00274   -0.00374
  423   -0.00511   -0.00331   -0.00529
  424   -0.00683   -0.00343   -0.00649
  425   -0.00802   -0.00526   -0.00618
  426   -0.00738   -0.00697   -0.00534
  427   -0.00764   -0.00666   -0.00642
  428   -0.00939   -0.00704   -0.00702
  429   -0.00870   -0.00900   -0.00550
  430   -0.00880   -0.00913   -0.00603
  431   -0.01007   -0.00905   -0.00701
  432   -0.01084   -0.00948   -0.00691
  433   -0.00976   -0.00983   -0.00595
  434   -0.01037   -0.00949   -0.00698
  435   -0.01153   -0.00994   -0.00775
  436   -0.01026   -0.00944   -0.00625
  437   -0.00948   -0.00856   -0.00611
  438   -0.01083   -0.00809   -0.00817
  439   -0.01029   -0.00776   -0.00780
  440   -0.00808   -0.00610   -0.00548
  441   -0.00884   -0.00508   -0.00678
  442   -0.00953   -0.00367   -0.00916
  443   -0.00718   -0.00261   -0.00642
  444   -0.00634   -0.00110   -0.00527
  445   -0.00825    0.00058   -0.00820
  446   -0.00650    0.00253   -0.00861
  447   -0.00383    0.00344   -0.00491
  448   -0.00484    0.00407   -0.00504
  449   -0.00515    0.00771   -0.00885
  450   -0.00154    0.01059   -0.00790
  451   -0.00018    0.01097   -0.00302
  452    0.00356    0.01564   -0.00166
  453    0.00374    0.01573   -0.00531
  454    0.00272    0.01080   -0.00316
  455    0.00408    0.00809    0.00096
  456    0.00135    0.00393    0.00089
  457    0.00130    0.00112    0.00355
  458   -0.00123   -0.00326    0.00270
  459   -0.00506   -0.00655    0.00047
  460   -0.00528   -0.00443   -0.00315
  461   -0.00369   -0.00115   -0.00267
  462   -0.00135    0.00348   -0.00321
  463    0.00130    0.00669   -0.00139
  464    0.00256    0.01156   -0.00454
  465    0.00661    0.01675   -0.00310
  466    0.00577    0.02039   -0.00782
  467    0.00313    0.01718   -0.00850
  468   -0.00107    0.01633   -0.01350
  469   -0.00419    0.01563   -0.01748
  470   -0.00788    0.01112   -0.02014
  471   -0.00828    0.01508   -0.02367
  472   -0.00589    0.01449   -0.01913
  473   -0.00719    0.00825   -0.01602
  474   -0.01009    0.00765   -0.01992
  475   -0.00869    0.01087   -0.02045
  476   -0.00790    0.00766   -0.01537
  477   -0.01029    0.00289   -0.01641
  478   -0.01150    0.00527   -0.01962
  479   -0.01083    0.00632   -0.01654
  480   -0.01035    0.01246   -0.02014
  481   -0.00660    0.01389   -0.01702
  482   -0.00495    0.01808   -0.01699
  483   -0.00197    0.02235   -0.01365
  484   -0.00287    0.01749   -0.00863
  485    0.01352    0.00670    0.03072
  486    0.00953    0.00213    0.02229
  487    0.00743   -0.00350    0.01788
  488    0.00456   -0.00619    0.01219
  489    0.00256   -0.00987    0.00819
  490    0.00120   -0.01276    0.00532
  491    0.00052   -0.01604    0.00271
  492    0.00135   -0.01891    0.00172
  493    0.00009   -0.01997   -0.00100
  494    0.00138   -0.02291   -0.00339
  495    0.00114   -0.02580   -0.00793
  496    0.00027   -0.02361   -0.00675
  497   -0.00232   -0.02469   -0.00798
  498   -0.00184   -0.02026   -0.00422
  499   -0.00289   -0.01899   -0.00215
  500   -0.00278   -0.01609   -0.00014
  501   -0.00339   -0.01538    0.00002
  502   -0.00508   -0.01465   -0.00176
  503   -0.00469   -0.01314   -0.00241
  504   -0.00688   -0.01395   -0.00311
  505   -0.00664   -0.01591   -0.00220
  506   -0.00608   -0.01693   -0.00120
  507   -0.00494   -0.01891   -0.00139
  508   -0.00521   -0.01846   -0.00256
  509   -0.00422   -0.02063   -0.00395
  510   -0.00299   -0.01972   -0.00342
  511   -0.00081   -0.02038   -0.00300
  512   -0.00060   -0.01902   -0.00291
  513   -0.00209   -0.01542   -0.00232
  514   -0.00201   -0.01084   -0.00144
  515   -0.00136   -0.00644    0.00091
  516    0.00065   -0.00327    0.00327
  517    0.00294   -0.00018    0.00833
  518    0.00113    0.00486    0.01275
  519    0.00246    0.00877    0.01699
  520    0.00062    0.01348    0.02280
  521    0.00023    0.01698    0.02445
  522   -0.00252    0.02070    0.02910
  523    0.00077    0.02571    0.02989
  524    0.00079    0.02174    0.02913
  525    0.00414    0.01693    0.02717
  526    0.00049    0.01448    0.02804
  527    0.00159    0.00987    0.02990
  528    0.00354    0.00656    0.02839
  529    0.00328    0.00122    0.03043
  530    0.00047    0.00277    0.03253
  531    0.00723    0.00433    0.03080
  532    0.00845    0.00823    0.02931
  533    0.01161    0.00965    0.02636
  534    0.01613    0.00862    0.02467
  535    0.01587    0.01205    0.02499
  536    0.01915    0.01124    0.02360
  537    0.01770    0.01555    0.02737
  538    0.02093    0.01556    0.02519
  539    0.02158    0.01049    0.02109
  540    0.02181    0.01062    0.01829
  541    0.02197    0.00622    0.01722
  542    0.02265    0.00386    0.01370
  543    0.02319    0.00243    0.01590
  544    0.02414    0.00092    0.01957
  545    0.02527   -0.00171    0.01792
  546    0.02536   -0.00475    0.01542
  547    0.02651   -0.00680    0.01897
  548    0.02494   -0.00323    0.01694
  549    0.02564   -0.00659    0.01977
  550    0.02472   -0.00045    0.02294
  551    0.02525   -0.00074    0.02345
  552    0.02707   -0.00586    0.02624
  553    0.02435   -0.00085    0.02830
  554    0.02211    0.00222    0.02578
  555    0.02481   -0.00353    0.02643
  556    0.02349   -0.00029    0.02700
  557    0.02283    0.00045    0.02614
  558    0.02471   -0.00222    0.02805
  559    0.02080    0.00077    0.02756
  560    0.01567    0.00396    0.02657
  561    0.01305    0.00534    0.02747
  562    0.01362    0.00817    0.02405
  563    0.01623    0.01022    0.02234
  564    0.01581    0.01437    0.02341
  565    0.01743    0.01718    0.02228
  566    0.01702    0.02339    0.02331
  567    0.02425    0.03268    0.02220
  568    0.02344    0.03069    0.02315
  569    0.02159    0.01902    0.02065
  570    0.02310    0.01654    0.01645
  571    0.02328    0.00961    0.01689
  572    0.02260    0.00613    0.01344
  573    0.02166    0.00342    0.00850
  574    0.02148    0.00173    0.00804
  575    0.02047   -0.00217    0.00380
  576    0.01819    0.00181   -0.00115
  577    0.01831    0.00166   -0.00140
  578    0.01905    0.00393   -0.00024
  579    0.01996    0.00380    0.00476
  580    0.01942    0.00417    0.00302
  581    0.01908    0.00633    0.00519
  582    0.01967    0.00649    0.00822
  583    0.01835    0.00892    0.00894
  584    0.01846    0.00665    0.00998
  585    0.02136    0.00371    0.01275
  586    0.02027    0.00648    0.01454
  587    0.01861    0.00666    0.01497
  588    0.02039    0.00433    0.01721
  589    0.02202    0.00310    0.02012
  590    0.01791    0.00678    0.02080
  591    0.01748    0.00417    0.02363
  592    0.02258    0.00069    0.02563
  593    0.02569   -0.00226    0.02968
  594    0.03212   -0.00446    0.02940
  595    0.03013   -0.00492    0.02530
  596    0.03451   -0.00891    0.02551
  597    0.03278   -0.01107    0.02452
  598    0.03761   -0.01764    0.02626
  599    0.03725   -0.02387    0.02437
  600    0.03474   -0.02373    0.02179
  601    0.03096   -0.02991    0.01915
  602    0.03308   -0.03614    0.02316
  603    0.02993   -0.03817    0.02067
  604    0.03165   -0.04929    0.02394
  605    0.03170   -0.05081    0.02333
  606    0.02809   -0.04257    0.01727
  607    0.02354   -0.04404    0.01297
  608    0.02156   -0.05426    0.01332
  609    0.01656   -0.05561    0.00712
  610    0.01741   -0.04711    0.00657
  611    0.01918   -0.04546    0.00782
  612    0.02287   -0.04100    0.01170
  613    0.02378   -0.04194    0.01256
  614    0.02144   -0.03618    0.00883
  615    0.02121   -0.02890    0.00866
  616    0.02164   -0.02238    0.00938
  617    0.02070   -0.01485    0.00701
  618    0.02098   -0.01029    0.00688
  619    0.02034   -0.00401    0.00591
  620    0.02216   -0.00566    0.01090
  621    0.02289   -0.00713    0.01482
  622    0.02391   -0.00895    0.02140
  623    0.02537   -0.00712    0.02970
  624    0.02567   -0.00752    0.02390
  625    0.02493   -0.01764    0.01901
  626    0.02289   -0.01649    0.01297
  627    0.02354   -0.01682    0.01514
  628    0.02397   -0.01526    0.01342
  629    0.02555   -0.01162    0.01514
  630    0.02810   -0.01515    0.02028
  631    0.02845   -0.01472    0.01933
  632    0.02590   -0.01745    0.01485
  633    0.02442   -0.02454    0.01313
  634    0.02109   -0.02419    0.00845
  635    0.01930   -0.03044    0.00655
  636    0.01644   -0.03374    0.00326
  637    0.01267   -0.04130    0.00118
  638    0.01353   -0.05202    0.00321
  639    0.01004   -0.05934   -0.00042
  640    0.00537   -0.05404   -0.00412
  641    0.00667   -0.05179   -0.00478
  642    0.00863   -0.04395   -0.00328
  643    0.00750   -0.04676   -0.00323
  644    0.00673   -0.03951   -0.00314
  645    0.01307   -0.03678    0.00286
  646    0.01480   -0.03267    0.00467
  647    0.02087   -0.03179    0.00962
  648    0.02370   -0.02649    0.01246
  649    0.03042   -0.02303    0.01692
  650    0.03481   -0.01953    0.02027
  651    0.03956   -0.01292    0.02419
  652    0.04770   -0.01497    0.02915
  653    0.04757   -0.01136    0.02940
  654    0.05133   -0.00433    0.03593
  655    0.04087   -0.00339    0.02944
  656    0.03450   -0.00354    0.02304
  657    0.03316   -0.00701    0.02057
  658    0.02912   -0.00523    0.01732
  659    0.02778   -0.00889    0.01487
  660    0.02500   -0.00848    0.01261
  661    0.02235   -0.01148    0.00920
  662    0.01981   -0.00999    0.00493
  663    0.01617   -0.01122    0.00034
  664    0.01606   -0.01143   -0.00215
  665    0.01538   -0.00706   -0.00664
  666    0.01521   -0.00907   -0.00870
  667    0.01643   -0.00375   -0.01241
  668    0.01818   -0.00488   -0.01649
  669    0.01954   -0.00932   -0.01756
  670    0.01735   -0.01518   -0.01754
  671    0.01281   -0.01926   -0.01175
  672    0.01067   -0.02204   -0.01118
  673    0.00543   -0.03393   -0.01265
  674    0.00956   -0.03482   -0.00693
  675    0.01211   -0.02961   -0.00473
  676    0.00928   -0.03291   -0.00556
  677    0.00506   -0.03938   -0.00988
  678    0.00065   -0.03706   -0.01376
  679    0.00626   -0.02812   -0.01552
  680    0.00052   -0.02020   -0.00957
  681    0.00362   -0.02223   -0.00716
  682    0.00540   -0.01957   -0.00468
  683    0.00944   -0.01858   -0.00145
  684    0.00916   -0.01551    0.00016
  685    0.01458   -0.01218    0.00321
  686    0.01421   -0.00890    0.00225
  687    0.01826   -0.00611    0.00437
  688    0.01569    0.00158    0.00055
  689    0.01560    0.00535    0.00145
  690    0.01633    0.00011    0.00128
  691    0.01101   -0.00138   -0.00134
  692    0.01006   -0.00312   -0.00118
  693    0.00729   -0.00772   -0.00163
  694    0.00913   -0.00779   -0.00238
  695    0.00799   -0.00816   -0.00643
  696    0.00981   -0.00724   -0.00956
  697    0.01248   -0.00106   -0.01156
  698    0.01599   -0.00206   -0.01424
  699    0.01724    0.00113   -0.01533
  700    0.01620    0.00267   -0.01624
  701    0.01478    0.00399   -0.01448
  702    0.01243    0.00590   -0.01535
  703    0.01326    0.00429   -0.01277
  704    0.01435    0.00512   -0.00831
  705    0.01582    0.00393   -0.00356
  706    0.01504    0.00143   -0.00870
  707    0.01700   -0.00198   -0.00634
  708    0.01587   -0.00052   -0.01122
  709    0.01668   -0.00423   -0.00662
  710    0.01701   -0.00279   -0.00405
  711    0.01809   -0.00486    0.00038
  712    0.01829   -0.00239    0.00064
  713    0.02059   -0.00331    0.00537
  714    0.02059   -0.00312    0.00596
  715    0.02288   -0.00295    0.00980
  716    0.02406   -0.00216    0.01068
  717    0.02767   -0.00147    0.01450
  718    0.03013   -0.00389    0.01528
  719    0.03367    0.00060    0.01913
  720    0.04129   -0.00145    0.02771
  721    0.04280   -0.00437    0.02742
  722    0.03229   -0.00545    0.01744
  723    0.02766   -0.01286    0.01421
  724    0.02374   -0.01347    0.01081
  725    0.01848   -0.01878    0.00783
  726    0.01690   -0.02144    0.00626
  727    0.01123   -0.02508    0.00195
  728    0.00941   -0.02719   -0.00030
  729    0.00618   -0.03180   -0.00475
  730    0.00944   -0.02799   -0.00407
  731    0.01210   -0.02046   -0.00233
  732    0.01552   -0.02105    0.00231
  733    0.01966   -0.01852    0.00648
  734    0.02221   -0.02163    0.00984
  735    0.02646   -0.01955    0.01432
  736    0.02968   -0.02363    0.01872
  737    0.03271   -0.01769    0.02190
  738    0.03194   -0.01301    0.02017
  739    0.03221   -0.00870    0.02193
  740    0.03516   -0.00765    0.02333
  741    0.03243   -0.00439    0.02500
  742    0.03204   -0.00309    0.02915
  743    0.02590   -0.00015    0.02516
  744    0.02132    0.00145    0.02566
  745    0.01845    0.00348    0.02382
  746    0.01592    0.00677    0.02095
  747    0.01303    0.00817    0.02051
  748    0.01398    0.01004    0.01838
  749    0.01575    0.01178    0.01896
  750    0.01430    0.01512    0.02033
  751    0.01652    0.01972    0.02139
  752    0.01391    0.02315    0.02417
  753    0.01233    0.02828    0.02688
  754    0.00777    0.02591    0.02860
  755    0.00488    0.02531    0.03131
  756    0.00469    0.01952    0.03138
  757   -0.00151    0.01953    0.03367
  758   -0.00410    0.01453    0.03691
  759   -0.00686    0.01494    0.03488
  760   -0.00548    0.00983    0.03136
  761   -0.00229    0.00834    0.02619
  762   -0.00063    0.00550    0.02294
  763    0.00234    0.00916    0.02111
  764    0.00448    0.01249    0.02292
  765    0.00671    0.01514    0.02114
  766    0.00974    0.01807    0.02248
  767    0.00805    0.02222    0.02452
  768    0.00366    0.01932    0.02600
  769    0.00106    0.01547    0.02580
  770    0.00050    0.01180    0.02177
  771   -0.00308    0.00920    0.02154
  772   -0.00136    0.00640    0.01511
  773   -0.00158    0.00350    0.00968
  774   -0.00018    0.00195    0.00625
  775    0.00204    0.00265    0.00612
  776    0.00415    0.00346    0.00841
  777    0.00418    0.00540    0.01261
  778    0.00579    0.00725    0.01442
  779    0.00593    0.01280    0.01889
  780    0.00846    0.01327    0.01766
  781    0.00953    0.01167    0.01284
  782    0.01080    0.01419    0.01568
  783    0.00814    0.01266    0.01765
  784    0.00755    0.01136    0.01952
  785    0.00528    0.00828    0.01998
  786    0.00309    0.00736    0.01681
  787    0.00407    0.00808    0.01482
  788    0.00375    0.00703    0.01057
  789    0.00506    0.00609    0.00889
  790    0.00718    0.00659    0.01009
  791    0.00660    0.00386    0.00918
  792    0.00583    0.00144    0.01075
  793    0.00279   -0.00185    0.00848
  794    0.00227   -0.00207    0.01073
  795    0.00041   -0.00740    0.00673
  796    0.00135   -0.00731    0.00391
  797   -0.00147   -0.01095    0.00163
  798   -0.00171   -0.01179   -0.00026
  799   -0.00315   -0.01551   -0.00169
  800   -0.00267   -0.01682   -0.00206
  801   -0.00172   -0.01844   -0.00208
  802   -0.00304   -0.01813   -0.00204
  803   -0.00408   -0.01788   -0.00239
  804   -0.00297   -0.01976   -0.00350
  805   -0.00404   -0.01847   -0.00274
  806   -0.00272   -0.01986   -0.00258
  807   -0.00490   -0.01874   -0.00246
  808   -0.00412   -0.02071   -0.00343
  809   -0.00590   -0.01291   -0.00254
  810   -0.00639   -0.01181   -0.00301
  811   -0.00581   -0.01064   -0.00200
  812   -0.00578   -0.01014   -0.00176
  813   -0.00434   -0.01053   -0.00002
  814   -0.00404   -0.01330   -0.00050
  815   -0.00544   -0.01346   -0.00135
  816   -0.00602   -0.01044   -0.00102
  817   -0.00538   -0.00717    0.00089
  818   -0.00332   -0.00894    0.00218
  819   -0.00521   -0.01057    0.00011
  820   -0.00365   -0.01316    0.00041
  821   -0.00136   -0.01609    0.00083
  822    0.00141   -0.01742    0.00314
  823    0.00279   -0.02066    0.00111
  824    0.00621   -0.02041    0.00698
  825    0.00649   -0.02077    0.00837
  826    0.00752   -0.02415    0.00778
  827    0.00994   -0.02352    0.00941
  828    0.00579   -0.02111    0.00591
  829    0.00219   -0.01885    0.00234
  830    0.00220   -0.01743    0.00458
  831    0.00478   -0.01662    0.00915
  832    0.00591   -0.01371    0.01277
  833    0.00701   -0.01196    0.01524
  834    0.00890   -0.00730    0.02077
  835    0.01061   -0.00216    0.02650
  836    0.01433   -0.00074    0.03562
  837    0.01863    0.00609    0.04978
  838    0.02050   -0.00302    0.05790
  839    0.01560   -0.00276    0.04414
  840    0.01211   -0.00722    0.02754
  841    0.01158   -0.01425    0.02326
  842    0.00943   -0.01815    0.01699
  843    0.00975   -0.01959    0.01761
  844    0.00786   -0.02004    0.01172
  845    0.00611   -0.01916    0.01146
  846    0.00785   -0.02100    0.01200
  847    0.00191   -0.01956    0.00974
  848    0.00005   -0.01791    0.00490
  849    0.00170   -0.01900    0.00420
  850    0.00044   -0.01756    0.00439
  851   -0.00325   -0.01611    0.00181
  852   -0.00258   -0.01689   -0.00022
  853   -0.00128   -0.01623    0.00031
  854   -0.00477   -0.01424    0.00050
  855   -0.00582   -0.01408   -0.00162
  856   -0.00367   -0.01520   -0.00210
  857   -0.00420   -0.01263   -0.00137
  858   -0.00654   -0.00992   -0.00261
  859   -0.00533   -0.01052   -0.00308
  860   -0.00420   -0.00902   -0.00215
  861   -0.00509   -0.00513   -0.00297
  862   -0.00537   -0.00527   -0.00278
  863   -0.00275   -0.00442   -0.00078
  864   -0.00198   -0.00155    0.00078
  865   -0.00321    0.00040   -0.00022
  866   -0.00233    0.00070   -0.00065
  867    0.00014    0.00339    0.00238
  868   -0.00039    0.00538    0.00241
  869    0.00123    0.00608    0.00812
  870    0.00367    0.00751    0.01101
  871    0.00503    0.00668    0.01487
  872    0.00716    0.00823    0.01836
  873    0.00989    0.00912    0.01617
  874    0.01043    0.01164    0.01572
  875    0.01196    0.01348    0.01308
  876    0.01467    0.01282    0.01041
  877    0.01713    0.01234    0.00763
  878    0.01668    0.01244    0.00295
  879    0.01841    0.01262   -0.00076
  880    0.01578    0.01166   -0.00445
  881    0.01673    0.01197   -0.00244
  882    0.01645    0.01390    0.00020
  883    0.01418    0.01262   -0.00063
  884    0.01521    0.01412    0.00303
  885    0.01558    0.01544    0.00288
  886    0.01494    0.01358    0.00101
  887    0.01236    0.01175    0.00135
  888    0.01432    0.01433    0.00347
  889    0.01374    0.01323    0.00370
  890    0.01186    0.01067    0.00299
  891    0.00995    0.00959    0.00311
  892    0.01094    0.01079    0.00430
  893    0.01080    0.00989    0.00484
  894    0.00801    0.00651    0.00347
  895    0.00736    0.00712    0.00346
  896    0.00738    0.00699    0.00505
  897    0.00728    0.00549    0.00557
  898    0.00523    0.00175    0.00306
  899    0.00467    0.00248    0.00273
  900    0.00579    0.00202    0.00502
  901    0.00442   -0.00055    0.00390
  902    0.00327   -0.00274    0.00238
  903    0.00230   -0.00272    0.00185
  904    0.00222   -0.00313    0.00254
  905    0.00165   -0.00662    0.00211
  906   -0.00056   -0.00755    0.00065
  907   -0.00062   -0.00799    0.00073
  908   -0.00146   -0.00989    0.00035
  909   -0.00226   -0.01227    0.00005
  910   -0.00376   -0.01150   -0.00138
  911   -0.00390   -0.01151   -0.00141
  912   -0.00400   -0.01376   -0.00129
  913   -0.00521   -0.01343   -0.00223
  914   -0.00514   -0.01302   -0.00290
  915   -0.00466   -0.01466   -0.00248
  916   -0.00446   -0.01533   -0.00215
  917   -0.00531   -0.01392   -0.00238
  918   -0.00509   -0.01455   -0.00250
  919   -0.00372   -0.01586   -0.00116
  920   -0.00426   -0.01388   -0.00100
  921   -0.00487   -0.01258   -0.00129
  922   -0.00321   -0.01451    0.00049
  923   -0.00177   -0.01336    0.00210
  924   -0.00310   -0.01035    0.00165
  925   -0.00268   -0.01097    0.00204
  926    0.00018   -0.01225    0.00558
  927    0.00034   -0.00832    0.00567
  928   -0.00055   -0.00642    0.00437
  929    0.00091   -0.00877    0.00736
  930    0.00360   -0.00662    0.01091
  931    0.00296   -0.00169    0.00862
  932    0.00223   -0.00171    0.00794
  933    0.00501   -0.00270    0.01400
  934    0.00740    0.00196    0.01688
  935    0.00608    0.00570    0.01269
  936    0.00859    0.01221    0.01518
  937    0.01107    0.01011    0.02078
  938    0.00962    0.00811    0.01751
  939    0.00767    0.00790    0.01315
  940    0.00319    0.00408    0.00886
  941    0.00097    0.00295    0.00931
  942   -0.00205   -0.00165    0.00589
  943   -0.00240   -0.00475    0.00486
  944   -0.00005   -0.00525    0.00629
  945    0.00276   -0.00158    0.01041
  946    0.00587    0.00175    0.01360
  947    0.00916    0.00620    0.01901
  948    0.01207    0.00836    0.02411
  949    0.01487    0.01356    0.02671
  950    0.01661    0.01327    0.03480
  951    0.01695    0.00968    0.03702
  952    0.01624    0.00153    0.03769
  953    0.01745   -0.00331    0.04377
  954    0.01603   -0.01018    0.04184
  955    0.01662   -0.01277    0.04400
  956    0.01396   -0.00803    0.03620
  957    0.01126   -0.00922    0.02968
  958    0.01083   -0.01530    0.03140
  959    0.01054   -0.01381    0.03007
  960    0.00818   -0.01066    0.02294
  961    0.00730   -0.01491    0.02017
  962    0.00802   -0.01729    0.02282
  963    0.00591   -0.01448    0.01948
  964    0.00947   -0.01338    0.02587
  965    0.00996   -0.00788    0.02659
  966    0.01090   -0.00369    0.02624
  967    0.01202    0.00294    0.02762
  968    0.00885    0.00543    0.01974
  969   -0.01742    0.01422    0.00275
  970   -0.01499    0.00924    0.00177
  971   -0.01453    0.00462   -0.00026
  972   -0.01410    0.00193   -0.00148
  973   -0.01275   -0.00190   -0.00287
  974   -0.01383   -0.00342   -0.00389
  975   -0.01394   -0.00548   -0.00448
  976   -0.01513   -0.00610   -0.00494
  977   -0.01510   -0.00544   -0.00413
  978   -0.01636   -0.00508   -0.00447
  979   -0.01660   -0.00509   -0.00355
  980   -0.01353   -0.00634   -0.00410
  981   -0.01036   -0.00708   -0.00396
  982   -0.00920   -0.00828   -0.00338
  983   -0.00765   -0.00880   -0.00352
  984   -0.00650   -0.00942   -0.00303
  985   -0.00675   -0.00834   -0.00323
  986   -0.00764   -0.00833   -0.00478
  987   -0.00727   -0.00729   -0.00531
  988   -0.00916   -0.00877   -0.00627
  989   -0.00811   -0.00905   -0.00512
  990   -0.00685   -0.00908   -0.00323
  991   -0.00681   -0.00969   -0.00320
  992   -0.00767   -0.00916   -0.00426
  993   -0.00886   -0.00815   -0.00410
  994   -0.01015   -0.00832   -0.00442
  995   -0.01254   -0.00799   -0.00434
  996   -0.01134   -0.00899   -0.00438
  997   -0.00951   -0.01060   -0.00254
  998   -0.00925   -0.01183    0.00106
  999   -0.00866   -0.01037    0.00394
 1000   -0.00721   -0.00806    0.00348
 1001   -0.00772   -0.00516    0.00699
 1002   -0.01294   -0.00744    0.01329
 1003   -0.01713   -0.00407    0.02089
 1004   -0.02771   -0.01003    0.03302
 1005   -0.03145   -0.01213    0.03954
 1006   -0.04282   -0.01888    0.04505
 1007   -0.04474   -0.01352    0.05734
 1008   -0.04343   -0.01686    0.04822
 1009   -0.03523   -0.01367    0.03750
 1010   -0.03781   -0.02190    0.02886
 1011   -0.03754   -0.02511    0.01748
 1012   -0.02912   -0.02201    0.00887
 1013   -0.03107   -0.02805   -0.00229
 1014   -0.04030   -0.03584    0.00052
 1015   -0.03531   -0.02542    0.00462
 1016   -0.03432   -0.01950    0.01445
 1017   -0.02580   -0.01157    0.01844
 1018   -0.02079   -0.00753    0.01714
 1019   -0.02261   -0.00571    0.02668
 1020   -0.01524   -0.00248    0.02630
 1021   -0.02141   -0.00295    0.03502
 1022   -0.01223   -0.00086    0.03394
 1023   -0.00443   -0.00015    0.02467
 1024   -0.00011    0.00185    0.02218
 1025    0.00102    0.00307    0.01546
 1026    0.00771    0.00386    0.01232
 1027    0.00512    0.00153    0.01318
 1028   -0.00132    0.00014    0.01129
 1029    0.00275    0.00117    0.00595
 1030    0.00729    0.00234    0.00589
 1031    0.00417    0.00087    0.00692
 1032    0.00658   -0.00013    0.01086
 1033    0.00540   -0.00101    0.01134
 1034   -0.00245   -0.00133    0.01835
 1035   -0.00680   -0.00120    0.01542
 1036   -0.00938   -0.00058    0.01104
 1037   -0.01841   -0.00349    0.01462
 1038   -0.01876   -0.00413    0.01548
 1039   -0.01369   -0.00397    0.00778
 1040   -0.02088   -0.00708    0.00835
 1041   -0.02009   -0.00784    0.00605
 1042   -0.02205   -0.00994   -0.00047
 1043   -0.02173   -0.01177   -0.00043
 1044   -0.02176   -0.01181    0.00517
 1045   -0.02066   -0.01289    0.00483
 1046   -0.01513   -0.00652    0.01191
 1047   -0.01289   -0.00282    0.01906
 1048   -0.01647   -0.00167    0.02985
 1049   -0.01133    0.00205    0.03550
 1050   -0.01511    0.00420    0.04911
 1051   -0.01154    0.01503    0.06801
 1052   -0.01313    0.00764    0.05952
 1053   -0.00549    0.00235    0.03723
 1054    0.00297   -0.00035    0.02889
 1055    0.00471   -0.00237    0.02041
 1056    0.00879    0.00193    0.01605
 1057    0.01468    0.00354    0.01203
 1058    0.01605   -0.00109    0.01288
 1059    0.01718    0.00194    0.00932
 1060    0.01761    0.00401    0.00784
 1061    0.01665    0.00727    0.00453
 1062    0.01727    0.00944    0.00383
 1063    0.01486    0.00853    0.00457
 1064    0.01554    0.00984    0.00226
 1065    0.01505    0.01047    0.00366
 1066    0.01447    0.01034    0.00787
 1067    0.01409    0.01169    0.01033
 1068    0.01317    0.01085    0.00474
 1069    0.00910    0.00683    0.00363
 1070    0.00620    0.00609    0.00884
 1071    0.00719    0.00742    0.00527
 1072    0.00442    0.00485   -0.00004
 1073   -0.00131    0.00127    0.00226
 1074   -0.00459   -0.00009    0.00653
 1075   -0.01034   -0.00541    0.00127
 1076   -0.01150   -0.00674   -0.00389
 1077   -0.01700   -0.01112   -0.00853
 1078   -0.01638   -0.00878   -0.00930
 1079   -0.01176   -0.00503   -0.00542
 1080   -0.00997   -0.00285   -0.00655
 1081   -0.00563   -0.00160   -0.00440
 1082   -0.00274   -0.00010   -0.00738
 1083    0.00087    0.00142   -0.00791
 1084    0.00492    0.00283   -0.00967
 1085    0.00803    0.00372   -0.00867
 1086    0.00732    0.00316   -0.00722
 1087    0.00987    0.00344   -0.00368
 1088    0.01074    0.00386   -0.00345
 1089    0.00990    0.00434   -0.00806
 1090    0.01054    0.00453   -0.00894
 1091    0.01342    0.00551   -0.00594
 1092    0.01477    0.00705   -0.00573
 1093    0.01733    0.00885   -0.00421
 1094    0.01698    0.00779   -0.00116
 1095    0.01704    0.00707    0.00198
 1096    0.01572    0.00531    0.00140
 1097    0.01705    0.00496    0.00496
 1098    0.01829    0.00525    0.00856
 1099    0.01662    0.00480    0.00618
 1100    0.01705    0.00355    0.00882
 1101    0.01776    0.00245    0.01144
 1102    0.01934   -0.00067    0.01496
 1103    0.01786   -0.00145    0.01393
 1104    0.01507   -0.00125    0.01245
 1105    0.01529   -0.00211    0.01425
 1106    0.01155   -0.00160    0.01414
 1107    0.01052   -0.00353    0.01836
 1108    0.01847   -0.00581    0.02069
 1109    0.01935   -0.00205    0.01632
 1110    0.01819   -0.00012    0.01336
 1111    0.01468    0.00102    0.00975
 1112    0.01318    0.00182    0.00765
 1113    0.01026    0.00178    0.00641
 1114    0.00625    0.00122    0.00385
 1115    0.00637    0.00186    0.00069
 1116    0.01042    0.00307    0.00012
 1117    0.01262    0.00380    0.00014
 1118    0.01502    0.00491    0.00263
 1119    0.01580    0.00633    0.00127
 1120    0.01709    0.00774    0.00359
 1121    0.01769    0.00984    0.00294
 1122    0.01936    0.00993    0.00301
 1123    0.02272    0.01315    0.00604
 1124    0.02110    0.01458    0.00585
 1125    0.02010    0.01413    0.00202
 1126    0.01841    0.01111   -0.00099
 1127    0.01809    0.00805   -0.00606
 1128    0.01724    0.00514   -0.01043
 1129    0.01535    0.00605   -0.00986
 1130    0.01472    0.00485   -0.01419
 1131    0.01265    0.00520   -0.01372
 1132    0.01081    0.00547   -0.01529
 1133    0.00790    0.00535   -0.01545
 1134    0.00515    0.00628   -0.01730
 1135    0.00162    0.00471   -0.01622
 1136   -0.00249    0.00478   -0.01877
 1137   -0.00573    0.00130   -0.01717
 1138   -0.00765    0.00029   -0.01916
 1139   -0.00533   -0.00144   -0.01597
 1140    0.00002    0.00060   -0.01326
 1141    0.00224    0.00175   -0.01092
 1142    0.00455    0.00298   -0.00656
 1143    0.00801    0.00368   -0.00640
 1144    0.00980    0.00431   -0.00278
 1145    0.01242    0.00488   -0.00217
 1146    0.01436    0.00564    0.00045
 1147    0.01507    0.00689    0.00080
 1148    0.01568    0.00788    0.00383
 1149    0.01485    0.00994    0.00447
 1150    0.01502    0.01071    0.00669
 1151    0.01331    0.01128    0.00616
 1152    0.01170    0.01419    0.00633
 1153    0.01163    0.01766    0.00655
 1154    0.01715    0.01931    0.01121
 1155    0.01801    0.01363    0.01003
 1156    0.01654    0.01375    0.00607
 1157    0.01908    0.01388    0.00573
 1158    0.01955    0.01269    0.00886
 1159    0.01857    0.01008    0.00710
 1160    0.01797    0.01055    0.00298
 1161    0.01909    0.01367    0.00321
 1162    0.01801    0.01279    0.00007
 1163    0.01564    0.01527    0.00135
 1164    0.00935    0.01104   -0.00012
 1165    0.01283    0.00887   -0.00300
 1166    0.01307    0.00653   -0.00703
 1167    0.01478    0.00598   -0.00714
 1168    0.01519    0.00440   -0.01096
 1169    0.01494    0.00496   -0.01015
 1170    0.01469    0.00503   -0.01191
 1171    0.01345    0.00634   -0.01245
 1172    0.01414    0.00705   -0.01070
 1173    0.01622    0.00794   -0.00876
 1174    0.01589    0.00683   -0.00898
 1175    0.01647    0.00524   -0.00959
 1176    0.01586    0.00496   -0.00826
 1177    0.01447    0.00435   -0.00931
 1178    0.01313    0.00590   -0.00471
 1179    0.01118    0.00760   -0.00255
 1180    0.01231    0.00959    0.00281
 1181    0.01068    0.00944    0.00311
 1182    0.01038    0.01229    0.00413
 1183    0.00752    0.01228    0.00059
 1184    0.00589    0.01185   -0.00174
 1185    0.00819    0.01183   -0.00324
 1186    0.01065    0.01142   -0.00526
 1187    0.01469    0.00669    0.00228
 1188    0.01728    0.00064    0.00477
 1189    0.01894   -0.00508    0.01245
 1190    0.01871    0.00031    0.01294
 1191    0.01766    0.00390    0.00964
 1192    0.01520    0.00854    0.00543
 1193    0.01553    0.00780    0.00615
 1194    0.01558    0.00708    0.00477
 1195    0.01571    0.00632    0.00444
 1196    0.01530    0.00752    0.00290
 1197    0.01429    0.00613    0.00165
 1198    0.01362    0.00680   -0.00138
 1199    0.01106    0.00576   -0.00289
 1200    0.01083    0.00597   -0.00614
 1201    0.00800    0.00470   -0.00857
 1202    0.00766    0.00479   -0.01162
 1203    0.00496    0.00357   -0.01350
 1204    0.00029    0.00316   -0.01621
 1205    0.00084    0.00675   -0.01713
 1206    0.00606    0.00722   -0.01454
 1207    0.00862    0.00703   -0.01545
 1208    0.01116    0.00581   -0.01331
 1209    0.01297    0.00528   -0.01381
 1210    0.01365    0.00499   -0.01119
 1211    0.01460    0.00476   -0.01197
 1212    0.01507    0.00576   -0.00793
 1213    0.01607    0.00721   -0.00536
 1214    0.01601    0.00786   -0.00124
 1215    0.01585    0.00772    0.00100
 1216    0.01526    0.00622   -0.00140
 1217    0.01438    0.00546    0.00007
 1218    0.01320    0.00474   -0.00325
 1219    0.01042    0.00360   -0.00485
 1220    0.00823    0.00273   -0.00436
 1221    0.00426    0.00150   -0.00434
 1222    0.00331    0.00162   -0.00602
 1223   -0.00080    0.00003   -0.00612
 1224   -0.00379   -0.00041   -0.00917
 1225   -0.00542   -0.00247   -0.00971
 1226   -0.00844   -0.00558   -0.01360
 1227   -0.00506   -0.00287   -0.00902
 1228   -0.00810   -0.00574   -0.00751
 1229   -0.00587   -0.00505   -0.00853
 1230   -0.00223   -0.00056   -0.00218
 1231   -0.00559   -0.00152    0.00431
 1232   -0.00258    0.00236    0.01099
 1233   -0.00479    0.00275    0.01977
 1234   -0.01000    0.00250    0.02874
 1235   -0.01015    0.00511    0.03951
 1236   -0.02037    0.00600    0.05229
 1237   -0.03122    0.00560    0.06519
 1238   -0.03813   -0.00335    0.05926
 1239   -0.04640   -0.01228    0.05548
 1240   -0.04417   -0.01692    0.04127
 1241   -0.05404   -0.02849    0.04040
 1242   -0.06004   -0.03773    0.02916
 1243   -0.05617   -0.03857    0.02834
 1244   -0.04569   -0.03503    0.01731
 1245   -0.03354   -0.02690    0.01498
 1246   -0.02449   -0.02092    0.00839
 1247   -0.01931   -0.01280    0.01404
 1248   -0.02097   -0.00940    0.02208
 1249   -0.01754   -0.00237    0.02916
 1250   -0.01756    0.00207    0.03972
 1251   -0.02554    0.00109    0.05127
 1252   -0.03133   -0.00827    0.04308
 1253   -0.03150   -0.01470    0.03161
 1254   -0.02478   -0.01386    0.02392
 1255   -0.02848   -0.02201    0.02002
 1256   -0.01719   -0.01652    0.01224
 1257   -0.01311   -0.01679    0.00708
 1258   -0.00858   -0.01090    0.00625
 1259   -0.00399   -0.00603    0.00430
 1260   -0.00452   -0.00249    0.00652
 1261   -0.00825   -0.00175    0.01179
 1262   -0.00911    0.00264    0.01613
 1263   -0.01540    0.00180    0.02670
 1264   -0.00948    0.00575    0.02436
 1265   -0.00157    0.00986    0.01709
 1266   -0.00313    0.00903    0.01996
 1267   -0.00679    0.00225    0.01682
 1268   -0.00978   -0.00309    0.01251
 1269   -0.01303   -0.00909    0.00734
 1270   -0.01133   -0.01041    0.00483
 1271   -0.00844   -0.00613    0.00851
 1272   -0.00559   -0.00435    0.00784
 1273   -0.00136    0.00118    0.00650
 1274   -0.00141    0.00511    0.00996
 1275   -0.00174    0.00544    0.00827
 1276   -0.00351    0.00568    0.00799
 1277   -0.00529    0.00093    0.00600
 1278   -0.00880   -0.00108    0.00882
 1279   -0.00763   -0.00454    0.00351
 1280   -0.00591   -0.00507    0.00131
 1281   -0.00716   -0.00880    0.00009
 1282   -0.00681   -0.00981   -0.00194
 1283   -0.00824   -0.01042   -0.00376
 1284   -0.00933   -0.01081   -0.00456
 1285   -0.01100   -0.00952   -0.00492
 1286   -0.01097   -0.00878   -0.00472
 1287   -0.01010   -0.00813   -0.00452
 1288   -0.01190   -0.00675   -0.00390
 1289   -0.01267   -0.00552   -0.00295
 1290   -0.01493   -0.00440   -0.00216
 1291   -0.01514   -0.00286   -0.00069
 1292   -0.01775   -0.00281    0.00191
 1293   -0.00933   -0.00789   -0.00568
 1294   -0.00884   -0.00855   -0.00555
 1295   -0.00835   -0.00784   -0.00433
 1296   -0.00893   -0.00595   -0.00552
 1297   -0.00959   -0.00596   -0.00429
 1298   -0.01058   -0.00643   -0.00431
 1299   -0.01061   -0.00521   -0.00507
 1300   -0.01068   -0.00399   -0.00639
 1301   -0.01050   -0.00220   -0.00558
 1302   -0.01194   -0.00243   -0.00393
 1303   -0.01252   -0.00239   -0.00494
 1304   -0.01363   -0.00323   -0.00261
 1305   -0.01454   -0.00416   -0.00335
 1306   -0.01727   -0.00315   -0.00408
 1307   -0.01906   -0.00323   -0.00449
 1308   -0.02309   -0.00076   -0.00540
 1309   -0.02062   -0.00263   -0.00656
 1310   -0.02171   -0.00427   -0.00818
 1311   -0.02074   -0.00553   -0.00782
 1312   -0.01711   -0.00708   -0.00739
 1313   -0.01406   -0.00776   -0.00576
 1314   -0.01366   -0.00673   -0.00546
 1315   -0.01518   -0.00463   -0.00532
 1316   -0.01596   -0.00154   -0.00435
 1317   -0.01845    0.00162   -0.00364
 1318   -0.01824    0.00471   -0.00194
 1319   -0.02184    0.00873   -0.00025
 1320   -0.02374    0.01064   -0.00036
 1321   -0.03138    0.01619    0.00210
 1322   -0.03900    0.01385   -0.00191
 1323   -0.03668    0.01158   -0.00024
 1324   -0.02721    0.00819   -0.00165
 1325   -0.02639    0.00395   -0.00435
 1326   -0.02284    0.00024   -0.00616
 1327   -0.02132   -0.00233   -0.00710
 1328   -0.01819   -0.00536   -0.00687
 1329   -0.01559   -0.00690   -0.00617
 1330   -0.01667   -0.00912   -0.00718
 1331   -0.01390   -0.01069   -0.00579
 1332   -0.01174   -0.01023   -0.00514
 1333   -0.01341   -0.01005   -0.00609
 1334   -0.01371   -0.01216   -0.00575
 1335   -0.01129   -0.01280   -0.00497
 1336   -0.01049   -0.01176   -0.00511
 1337   -0.01203   -0.01217   -0.00483
 1338   -0.01168   -0.01400   -0.00455
 1339   -0.00908   -0.01327   -0.00442
 1340   -0.00879   -0.01179   -0.00408
 1341   -0.00978   -0.01288   -0.00307
 1342   -0.00809   -0.01370   -0.00167
 1343   -0.00612   -0.01215   -0.00214
 1344   -0.00716   -0.01219   -0.00111
 1345   -0.00579   -0.01188    0.00120
 1346   -0.00444   -0.01157   -0.00000
 1347   -0.00361   -0.00902    0.00041
 1348   -0.00433   -0.00942    0.00254
 1349   -0.00494   -0.01094    0.00260
 1350   -0.00142   -0.00740    0.00241
 1351   -0.00022   -0.00496    0.00278
 1352    0.00154   -0.00425    0.00265
 1353   -0.00348   -0.00631    0.00267
 1354   -0.00185   -0.00418    0.00113
 1355   -0.00502   -0.00596   -0.00098
 1356   -0.00754   -0.00607    0.00200
 1357   -0.00015    0.00163    0.00373
 1358    0.00116    0.00641    0.01036
 1359    0.00634    0.01247    0.01135
 1360    0.01126    0.01445    0.01131
 1361    0.01471    0.01425    0.01412
 1362    0.01886    0.01751    0.00928
 1363    0.02070    0.01934    0.00666
 1364    0.01741    0.01919   -0.00473
 1365    0.01339    0.01857   -0.00343
 1366    0.01465    0.01986    0.00007
 1367    0.01315    0.02019   -0.00424
 1368    0.01057    0.02104   -0.00144
 1369    0.01414    0.01923    0.00285
 1370    0.01494    0.01983    0.00307
 1371    0.01307    0.01894   -0.00011
 1372    0.01269    0.02044    0.00168
 1373    0.01361    0.01792    0.00487
 1374    0.01322    0.01916    0.00358
 1375    0.01127    0.01813    0.00125
 1376    0.01119    0.01672    0.00294
 1377    0.00953    0.01455    0.00585
 1378    0.00920    0.01387    0.00370
 1379    0.00816    0.01390    0.00214
 1380    0.00588    0.00991    0.00292
 1381    0.00449    0.01001    0.00463
 1382    0.00535    0.00921    0.00061
 1383    0.00379    0.00766    0.00003
 1384    0.00202    0.00489    0.00166
 1385    0.00117    0.00434    0.00135
 1386    0.00061    0.00374   -0.00138
 1387   -0.00059    0.00108   -0.00150
 1388   -0.00223   -0.00125   -0.00028
 1389   -0.00302   -0.00168   -0.00134
 1390   -0.00372   -0.00315   -0.00339
 1391   -0.00448   -0.00491   -0.00276
 1392   -0.00489   -0.00659   -0.00251
 1393   -0.00605   -0.00661   -0.00391
 1394   -0.00630   -0.00764   -0.00421
 1395   -0.00630   -0.00919   -0.00376
 1396   -0.00698   -0.00926   -0.00431
 1397   -0.00768   -0.00900   -0.00513
 1398   -0.00716   -0.00986   -0.00457
 1399   -0.00777   -0.01024   -0.00477
 1400   -0.00840   -0.00943   -0.00490
 1401   -0.00843   -0.00961   -0.00481
 1402   -0.00806   -0.01061   -0.00462
 1403   -0.00964   -0.00959   -0.00488
 1404   -0.00917   -0.00854   -0.00444
 1405   -0.00811   -0.00932   -0.00383
 1406   -0.00908   -0.00934   -0.00416
 1407   -0.01013   -0.00719   -0.00386
 1408   -0.00823   -0.00656   -0.00316
 1409   -0.00741   -0.00739   -0.00254
 1410   -0.00894   -0.00631   -0.00295
 1411   -0.00810   -0.00366   -0.00190
 1412   -0.00556   -0.00366   -0.00044
 1413   -0.00661   -0.00436   -0.00033
 1414   -0.00749   -0.00165   -0.00010
 1415   -0.00489    0.00028    0.00176
 1416   -0.00393   -0.00034    0.00338
 1417   -0.00530   -0.00017    0.00319
 1418   -0.00473    0.00297    0.00395
 1419   -0.00116    0.00569    0.00629
 1420    0.00192    0.00945    0.00820
 1421   -0.00266    0.00886    0.00581
 1422   -0.00494    0.00927    0.00455
 1423   -0.00371    0.01038    0.00214
 1424   -0.00429    0.00581    0.00102
 1425   -0.00755    0.00631   -0.00128
 1426   -0.00895    0.00243   -0.00335
 1427   -0.01162    0.00035   -0.00263
 1428   -0.01051   -0.00067   -0.00205
 1429   -0.01078    0.00328   -0.00035
 1430   -0.00881    0.00558    0.00130
 1431   -0.01020    0.01114    0.00233
 1432   -0.00972    0.01153    0.00401
 1433   -0.00657    0.01542    0.00550
 1434   -0.01008    0.01418    0.00623
 1435   -0.01502    0.01468    0.00430
 1436   -0.01623    0.00990    0.00147
 1437   -0.02211    0.00880   -0.00057
 1438   -0.02473    0.00495   -0.00354
 1439   -0.02235    0.00246   -0.00407
 1440   -0.01652    0.00255   -0.00168
 1441   -0.01724    0.00208   -0.00246
 1442   -0.01915   -0.00161   -0.00485
 1443   -0.01478   -0.00287   -0.00367
 1444   -0.01210   -0.00145   -0.00181
 1445   -0.01431   -0.00375   -0.00422
 1446   -0.01432   -0.00564   -0.00451
 1447   -0.01073   -0.00532   -0.00176
 1448   -0.00992   -0.00448   -0.00080
 1449   -0.00915   -0.00102    0.00053
 1450   -0.00518   -0.00020    0.00352
 1451   -0.00228    0.00381    0.00716
 1452   -0.00128    0.00469    0.01007
