    1   -0.00876    0.01393   -0.00104
    2   -0.00967    0.01630   -0.00294
    3   -0.00659    0.01464   -0.00082
    4   -0.00622    0.01252   -0.00039
    5   -0.01608    0.01642   -0.00593
    6   -0.01664    0.02026   -0.00899
    7   -0.03322    0.02335   -0.01919
    8   -0.03332    0.02923   -0.02108
    9   -0.00546    0.01724   -0.00118
   10   -0.00390    0.01633    0.00065
   11   -0.00489    0.01499    0.00074
   12   -0.00641    0.01623   -0.00043
   13   -0.00260    0.01898    0.00123
   14   -0.00249    0.02307   -0.00088
   15    0.00152    0.02652   -0.00096
   16    0.00332    0.02790   -0.00014
   17    0.00187    0.02673   -0.00014
   18   -0.00382    0.01333    0.00192
   19   -0.00459    0.01258    0.00168
   20   -0.00425    0.01413    0.00199
   21   -0.00311    0.01551    0.00224
   22   -0.00401    0.01085    0.00246
   23   -0.00489    0.00985    0.00208
   24   -0.00348    0.00924    0.00330
   25   -0.00730    0.00947    0.00089
   26   -0.00473    0.01345    0.00196
   27   -0.00363    0.01312    0.00235
   28   -0.00208    0.01261    0.00311
   29   -0.00188    0.01221    0.00364
   30   -0.00475    0.01275    0.00258
   31   -0.00647    0.01419    0.00238
   32   -0.00695    0.01401    0.00307
   33   -0.00937    0.01519    0.00267
   34   -0.01027    0.01601    0.00249
   35   -0.00175    0.01266    0.00307
   36   -0.00109    0.01187    0.00404
   37   -0.00183    0.01208    0.00363
   38   -0.00319    0.01216    0.00329
   39   -0.00114    0.01038    0.00402
   40   -0.00116    0.01033    0.00378
   41   -0.00162    0.01209    0.00284
   42   -0.00111    0.01121    0.00420
   43   -0.00164    0.01150    0.00358
   44   -0.00208    0.01052    0.00339
   45   -0.00127    0.01000    0.00373
   46   -0.00094    0.01110    0.00408
   47   -0.00077    0.01131    0.00387
   48   -0.00232    0.01151    0.00375
   49   -0.00275    0.01122    0.00370
   50   -0.00310    0.01091    0.00269
   51   -0.00309    0.01072    0.00204
   52   -0.00250    0.01062    0.00224
   53   -0.00227    0.01091    0.00264
   54   -0.00344    0.01132    0.00157
   55   -0.00355    0.01115    0.00074
   56   -0.00352    0.01191    0.00032
   57   -0.00421    0.01197    0.00064
   58   -0.00326    0.01091   -0.00038
   59   -0.00236    0.00934    0.00213
   60   -0.00146    0.00927    0.00204
   61   -0.00186    0.00945    0.00154
   62   -0.00257    0.00888    0.00062
   63   -0.00121    0.00881    0.00174
   64    0.00002    0.00793    0.00189
   65   -0.00177    0.00844    0.00092
   66    0.00037    0.00690    0.00162
   67   -0.00112    0.01002    0.00224
   68   -0.00093    0.01101    0.00202
   69    0.00009    0.01098    0.00186
   70    0.00076    0.01133    0.00238
   71   -0.00130    0.01164    0.00158
   72   -0.00071    0.01254    0.00155
   73   -0.00058    0.01200    0.00042
   74   -0.00100    0.01400    0.00261
   75    0.00111    0.01047    0.00171
   76    0.00337    0.01043    0.00214
   77    0.00279    0.01178    0.00249
   78    0.00323    0.01148    0.00270
   79    0.00401    0.01102    0.00257
   80    0.00042    0.01074    0.00131
   81    0.00002    0.01025    0.00114
   82    0.00174    0.01283    0.00260
   83    0.00127    0.01454    0.00386
   84    0.00008    0.01439    0.00325
   85    0.00012    0.01389    0.00401
   86    0.00025    0.01564    0.00366
   87   -0.00058    0.01749    0.00519
   88   -0.00107    0.01803    0.00553
   89   -0.00163    0.01710    0.00471
   90   -0.00178    0.02100    0.00661
   91   -0.00086    0.01374    0.00340
   92   -0.00154    0.01345    0.00342
   93   -0.00102    0.01243    0.00299
   94   -0.00161    0.01223    0.00299
   95   -0.00206    0.01307    0.00355
   96   -0.00314    0.01377    0.00371
   97   -0.00372    0.01328    0.00334
   98   -0.00434    0.01305    0.00361
   99    0.00001    0.01165    0.00299
  100    0.00072    0.01058    0.00287
  101    0.00092    0.01000    0.00236
  102    0.00103    0.00936    0.00229
  103    0.00198    0.00936    0.00265
  104    0.00232    0.00897    0.00279
  105    0.00089    0.00988    0.00316
  106    0.00364    0.00829    0.00304
  107    0.00148    0.01042    0.00303
  108    0.00214    0.01034    0.00288
  109    0.00104    0.01025    0.00316
  110    0.00115    0.00914    0.00267
  111    0.00352    0.01084    0.00338
  112    0.00534    0.00965    0.00367
  113    0.00675    0.00807    0.00366
  114    0.00633    0.01045    0.00389
  115   -0.00077    0.01136    0.00323
  116   -0.00242    0.01187    0.00339
  117   -0.00306    0.01057    0.00276
  118   -0.00436    0.00993    0.00264
  119   -0.00352    0.01284    0.00380
  120   -0.00551    0.01299    0.00381
  121   -0.00574    0.01324    0.00403
  122   -0.00789    0.01318    0.00390
  123   -0.00887    0.01329    0.00418
  124   -0.00254    0.01030    0.00269
  125   -0.00313    0.00904    0.00244
  126   -0.00215    0.00781    0.00208
  127   -0.00334    0.00675    0.00136
  128   -0.00225    0.00949    0.00241
  129   -0.00243    0.00857    0.00230
  130   -0.00285    0.01066    0.00267
  131   -0.00020    0.00746    0.00193
  132    0.00153    0.00572    0.00097
  133    0.00025    0.00571    0.00036
  134    0.00011    0.00385   -0.00016
  135    0.00419    0.00546    0.00081
  136    0.00548    0.00564    0.00139
  137    0.00760    0.00518    0.00105
  138    0.00626    0.00427    0.00158
  139   -0.00063    0.00686    0.00072
  140   -0.00207    0.00650    0.00076
  141   -0.00506    0.00548    0.00020
  142   -0.00677    0.00392   -0.00067
  143   -0.00234    0.00833    0.00159
  144   -0.00382    0.00971    0.00214
  145   -0.00636    0.00646    0.00054
  146   -0.00890    0.00557   -0.00016
  147   -0.00892    0.00359   -0.00166
  148   -0.01134    0.00207   -0.00281
  149   -0.00901    0.00686    0.00084
  150   -0.00988    0.00847    0.00232
  151   -0.00940    0.00948    0.00236
  152   -0.01020    0.01115    0.00299
  153   -0.01205    0.01162    0.00327
  154   -0.01297    0.01046    0.00300
  155   -0.01271    0.01351    0.00413
  156   -0.00661    0.00349   -0.00136
  157   -0.00601    0.00154   -0.00195
  158   -0.00626   -0.00053   -0.00306
  159   -0.00697   -0.00343   -0.00347
  160   -0.00331    0.00202   -0.00059
  161   -0.00333    0.00328    0.00027
  162   -0.00077    0.00383    0.00134
  163   -0.00512    0.00297   -0.00036
  164   -0.00535   -0.00029   -0.00273
  165   -0.00531   -0.00322   -0.00272
  166   -0.00083   -0.00429   -0.00142
  167    0.00012   -0.00803   -0.00086
  168    0.00195   -0.00195   -0.00129
  169    0.00638   -0.00313   -0.00085
  170    0.00823   -0.00287   -0.00109
  171    0.00697   -0.00041   -0.00120
  172    0.00762   -0.00122   -0.00057
  173    0.01169   -0.00185   -0.00090
  174    0.00623   -0.00127    0.00011
  175    0.01076   -0.00500   -0.00179
  176    0.01304   -0.00503   -0.00174
  177    0.01700   -0.00462   -0.00222
  178    0.01833   -0.00458   -0.00295
  179    0.01218   -0.00854   -0.00170
  180    0.01914   -0.00395   -0.00217
  181    0.02313   -0.00324   -0.00310
  182    0.02358   -0.00319   -0.00329
  183    0.02166   -0.00215   -0.00183
  184    0.02786   -0.00349   -0.00493
  185    0.02995   -0.00379   -0.00454
  186    0.02689   -0.00157   -0.00321
  187    0.02846   -0.00206   -0.00288
  188    0.03614   -0.00412   -0.00278
  189    0.04613   -0.00531   -0.00276
  190    0.05007   -0.00373   -0.00103
  191    0.03984   -0.00352   -0.00040
  192    0.06746   -0.00225    0.00190
  193    0.02335   -0.00038   -0.00265
  194    0.02124    0.00074   -0.00200
  195    0.01871    0.00229   -0.00065
  196    0.01718    0.00274   -0.00090
  197    0.02043    0.00015   -0.00169
  198    0.02265   -0.00094   -0.00290
  199    0.02363   -0.00229   -0.00439
  200    0.02327   -0.00076   -0.00225
  201    0.02461   -0.00214   -0.00431
  202    0.02436   -0.00132   -0.00294
  203    0.02238   -0.00007   -0.00094
  204    0.02491   -0.00085   -0.00263
  205    0.02259    0.00010   -0.00033
  206    0.02402   -0.00034   -0.00097
  207    0.01845    0.00305    0.00095
  208    0.01576    0.00461    0.00186
  209    0.01434    0.00497    0.00237
  210    0.01561    0.00419    0.00253
  211    0.01623    0.00510    0.00271
  212    0.01711    0.00504    0.00241
  213    0.01347    0.00595    0.00211
  214    0.01450    0.00493    0.00151
  215    0.01539    0.00551    0.00245
  216    0.01694    0.00733    0.00408
  217    0.01518    0.00395    0.00140
  218    0.01072    0.00727    0.00359
  219    0.00929    0.00744    0.00374
  220    0.00976    0.00775    0.00353
  221    0.00891    0.00833    0.00325
  222    0.00678    0.00770    0.00317
  223    0.00721    0.00713    0.00260
  224    0.00759    0.00675    0.00237
  225    0.00790    0.00641    0.00258
  226    0.00826    0.00613    0.00263
  227    0.00871    0.00606    0.00284
  228    0.00888    0.00576    0.00274
  229    0.00985    0.00626    0.00290
  230    0.00976    0.00582    0.00223
  231    0.00751    0.00512    0.00247
  232    0.00747    0.00538    0.00303
  233    0.01219    0.00361    0.00252
  234    0.01088    0.00160    0.00289
  235    0.01515    0.00220    0.00396
  236    0.00585    0.00535    0.00304
  237    0.00287    0.00404    0.00141
  238    0.00261   -0.00005    0.00038
  239    0.00295   -0.00319    0.00122
  240   -0.00075    0.00388   -0.00089
  241   -0.00195    0.00501   -0.00134
  242   -0.00239    0.00472   -0.00315
  243   -0.00091    0.00603   -0.00034
  244    0.00076   -0.00134   -0.00120
  245   -0.00158   -0.00363   -0.00182
  246   -0.00380   -0.00395   -0.00290
  247   -0.00432   -0.00267   -0.00390
  248    0.00048   -0.00236   -0.00064
  249   -0.00108   -0.00293   -0.00167
  250    0.00309   -0.00045    0.00124
  251   -0.00565   -0.00651   -0.00459
  252   -0.00762   -0.00588   -0.00736
  253   -0.00827   -0.00466   -0.00734
  254   -0.00811   -0.00389   -0.00838
  255   -0.00788   -0.00656   -0.00806
  256   -0.00596   -0.00852   -0.00938
  257   -0.00557   -0.00921   -0.00973
  258   -0.00607   -0.00617   -0.01192
  259   -0.00782   -0.00548   -0.00503
  260   -0.00788   -0.00452   -0.00438
  261   -0.00735   -0.00452   -0.00199
  262   -0.00417   -0.00568    0.00006
  263   -0.00773   -0.00301   -0.00057
  264   -0.00585   -0.00340    0.00194
  265   -0.00595   -0.00445    0.00523
  266   -0.00558   -0.00522    0.00669
  267   -0.00569   -0.00135    0.00161
  268   -0.00581    0.00030   -0.00016
  269   -0.00477    0.00065   -0.00020
  270   -0.00373    0.00009    0.00092
  271   -0.00764   -0.00506    0.00659
  272   -0.01038   -0.00556    0.01273
  273   -0.00950   -0.00974    0.01252
  274   -0.00638   -0.01222    0.00985
  275   -0.01259   -0.00606    0.01693
  276   -0.01061   -0.00438    0.01312
  277   -0.00943   -0.00750    0.00730
  278   -0.00907   -0.01156    0.01064
  279   -0.00883   -0.00671    0.00133
  280   -0.01280   -0.01047    0.01541
  281   -0.01210   -0.01444    0.01501
  282   -0.00877   -0.02052    0.01362
  283   -0.00515   -0.02285    0.01089
  284   -0.01780   -0.01386    0.01846
  285   -0.01909   -0.01085    0.01765
  286   -0.01367   -0.01097    0.01591
  287   -0.01566   -0.01090    0.01803
  288   -0.01071   -0.00974    0.01310
  289   -0.01114   -0.02355    0.01660
  290   -0.00864   -0.03373    0.01587
  291   -0.00482   -0.03234    0.01158
  292   -0.00471   -0.04213    0.01170
  293   -0.01387   -0.04021    0.02236
  294   -0.01468   -0.04564    0.03565
  295   -0.01730   -0.05192    0.06722
  296   -0.01929   -0.04241    0.08738
  297   -0.08140   -0.24945    0.30880
  298   -0.00464   -0.02454    0.00774
  299   -0.00296   -0.02431    0.00464
  300   -0.00211   -0.01997    0.00449
  301   -0.00077   -0.01921    0.00314
  302   -0.00624   -0.01532    0.00332
  303   -0.00654   -0.01807    0.00098
  304   -0.00180   -0.01815    0.00535
  305   -0.00114   -0.01535    0.00437
  306   -0.00112   -0.01779    0.00449
  307    0.00262   -0.01514    0.00427
  308   -0.00281   -0.01257    0.00470
  309   -0.00318   -0.00947    0.00428
  310   -0.00421   -0.00785    0.00577
  311   -0.00161   -0.00593    0.00290
  312   -0.00230   -0.02228    0.00617
  313   -0.00285   -0.02123    0.00893
  314   -0.00114   -0.02300    0.00824
  315   -0.00091   -0.02247    0.00933
  316    0.00078   -0.02564    0.00655
  317    0.00405   -0.02796    0.00591
  318    0.00691   -0.02109    0.00491
  319    0.00940   -0.01849    0.00635
  320    0.00265   -0.03248    0.00417
  321   -0.00009   -0.02659    0.00366
  322    0.00905   -0.01524    0.00573
  323    0.01354   -0.00897    0.00654
  324    0.01695   -0.00569    0.00705
  325    0.01502   -0.00505    0.00670
  326    0.01036   -0.00759    0.00564
  327    0.01412   -0.00300    0.00594
  328    0.00678   -0.00831    0.00407
  329    0.01983   -0.00526    0.00920
  330    0.02143   -0.00442    0.00836
  331    0.02026   -0.00271    0.00737
  332    0.01996   -0.00155    0.00728
  333    0.02366   -0.00437    0.00966
  334    0.02341   -0.00546    0.01112
  335    0.02048   -0.00673    0.01024
  336    0.01998   -0.00326    0.00563
  337    0.01870   -0.00221    0.00421
  338    0.02288   -0.00272    0.00515
  339    0.02160   -0.00826    0.00962
  340    0.01618   -0.00225    0.00283
  341    0.02273   -0.00136    0.00325
  342    0.02115   -0.00059    0.00319
  343    0.02077    0.00003    0.00347
  344    0.02158    0.00011    0.00332
  345    0.02216   -0.00022    0.00151
  346    0.02421   -0.00085    0.00064
  347    0.02462   -0.00186    0.00280
  348    0.01853    0.00048    0.00397
  349    0.01770    0.00086    0.00369
  350    0.01709    0.00122    0.00282
  351    0.01569    0.00155    0.00260
  352    0.01547    0.00084    0.00492
  353    0.01747    0.00187    0.00181
  354    0.01795    0.00230    0.00147
  355    0.01550    0.00302    0.00126
  356    0.01531    0.00358    0.00120
  357    0.01947    0.00168    0.00091
  358    0.01905    0.00179    0.00073
  359    0.01490    0.00320    0.00211
  360    0.01344    0.00349    0.00237
  361    0.01162    0.00344    0.00302
  362    0.01147    0.00351    0.00311
  363    0.01346    0.00409    0.00231
  364    0.01045    0.00349    0.00342
  365    0.00875    0.00360    0.00372
  366    0.00781    0.00437    0.00390
  367    0.00806    0.00417    0.00393
  368    0.00798    0.00270    0.00409
  369    0.00533    0.00264    0.00426
  370    0.00527    0.00258    0.00401
  371    0.00362    0.00203    0.00428
  372    0.00729    0.00525    0.00404
  373    0.00607    0.00596    0.00396
  374    0.00483    0.00567    0.00368
  375    0.00462    0.00598    0.00350
  376    0.00601    0.00606    0.00378
  377    0.00571    0.00629    0.00433
  378    0.00707    0.00621    0.00457
  379    0.00542    0.00669    0.00418
  380    0.00457    0.00510    0.00417
  381    0.00371    0.00491    0.00420
  382    0.00300    0.00533    0.00425
  383    0.00369    0.00533    0.00464
  384    0.00321    0.00381    0.00400
  385    0.00211    0.00296    0.00324
  386    0.00102    0.00261    0.00220
  387    0.00216    0.00224    0.00334
  388    0.00191    0.00501    0.00354
  389    0.00187    0.00528    0.00364
  390    0.00163    0.00426    0.00319
  391    0.00072    0.00371    0.00213
  392    0.00100    0.00617    0.00347
  393    0.00094    0.00600    0.00350
  394    0.00051    0.00667    0.00347
  395   -0.00014    0.00536    0.00205
  396    0.00194    0.00350    0.00377
  397    0.00175    0.00213    0.00294
  398    0.00251    0.00149    0.00379
  399    0.00313    0.00159    0.00491
  400    0.00222    0.00093    0.00308
  401    0.00340    0.00081    0.00396
  402    0.00402   -0.00075    0.00409
  403    0.00349    0.00195    0.00457
  404    0.00455   -0.00147    0.00496
  405    0.00449    0.00126    0.00557
  406    0.00505   -0.00014    0.00554
  407    0.00219    0.00040    0.00263
  408    0.00309   -0.00055    0.00295
  409    0.00417   -0.00205    0.00437
  410    0.00434   -0.00338    0.00344
  411    0.00268   -0.00128    0.00119
  412    0.00170   -0.00191    0.00015
  413    0.00122   -0.00031    0.00082
  414    0.00520   -0.00218    0.00613
  415    0.00708   -0.00447    0.00728
  416    0.00707   -0.00730    0.00612
  417    0.00835   -0.00867    0.00646
  418    0.00733   -0.00483    0.00860
  419    0.00766   -0.00607    0.00974
  420    0.00704   -0.00546    0.00918
  421    0.00760   -0.00469    0.01093
  422    0.00637   -0.00828    0.00446
  423    0.00606   -0.01247    0.00384
  424    0.00646   -0.01690    0.00462
  425    0.00652   -0.01606    0.00488
  426    0.00539   -0.01327    0.00232
  427    0.00538   -0.01183    0.00141
  428    0.00529   -0.00963    0.00097
  429    0.00740   -0.02014    0.00503
  430    0.00784   -0.02253    0.00515
  431    0.00751   -0.02226    0.00241
  432    0.00770   -0.02388    0.00263
  433    0.00945   -0.02662    0.00593
  434    0.00682   -0.02019    0.00089
  435    0.00649   -0.02001   -0.00106
  436    0.00608   -0.01725   -0.00082
  437    0.00511   -0.01879   -0.00106
  438    0.00647   -0.01868   -0.00241
  439    0.00633   -0.01763   -0.00334
  440    0.00615   -0.02035   -0.00547
  441    0.00546   -0.02262   -0.00520
  442    0.00660   -0.02071   -0.00737
  443    0.00590   -0.01497    0.00043
  444    0.00553   -0.01279    0.00135
  445    0.00564   -0.01451    0.00279
  446    0.00527   -0.01410    0.00285
  447    0.00523   -0.01021    0.00259
  448    0.00500   -0.00813    0.00358
  449    0.00533   -0.00829    0.00552
  450    0.00453   -0.00625    0.00301
  451    0.00564   -0.00642    0.00586
  452    0.00481   -0.00512    0.00443
  453    0.00650   -0.01631    0.00426
  454    0.00700   -0.01749    0.00525
  455    0.00694   -0.02076    0.00464
  456    0.00706   -0.02144    0.00576
  457    0.00741   -0.01931    0.00690
  458    0.00777   -0.01842    0.00909
  459    0.00722   -0.01586    0.00990
  460    0.00731   -0.01590    0.01205
  461    0.00685   -0.01378    0.00897
  462    0.00663   -0.02258    0.00265
  463    0.00628   -0.02406    0.00075
  464    0.00463   -0.02273    0.00009
  465    0.00384   -0.02299   -0.00119
  466    0.00638   -0.02678   -0.00138
  467    0.00862   -0.02821   -0.00053
  468    0.00832   -0.03336   -0.00012
  469    0.00984   -0.02562    0.00087
  470    0.00395   -0.02083    0.00112
  471    0.00256   -0.01921    0.00116
  472    0.00307   -0.01826    0.00181
  473    0.00187   -0.01765    0.00087
  474    0.00297   -0.01531   -0.00159
  475    0.00244   -0.01273   -0.00164
  476    0.00125   -0.01206   -0.00278
  477    0.00270   -0.01004   -0.00022
  478   -0.00008   -0.01015   -0.00339
  479    0.00211   -0.00699   -0.00060
  480    0.00051   -0.00784   -0.00169
  481    0.00419   -0.01586    0.00199
  482    0.00431   -0.01358    0.00248
  483    0.00433   -0.01493    0.00153
  484    0.00404   -0.01326    0.00061
  485    0.00552   -0.01155    0.00442
  486    0.00545   -0.00878    0.00481
  487    0.00521   -0.00633    0.00404
  488    0.00567   -0.00412    0.00475
  489    0.00529   -0.00209    0.00419
  490    0.00441   -0.00200    0.00282
  491    0.00581   -0.00073    0.00480
  492    0.00468   -0.01771    0.00182
  493    0.00374   -0.01758    0.00062
  494    0.00178   -0.01794   -0.00175
  495    0.00095   -0.01616   -0.00290
  496    0.00363   -0.01782   -0.00038
  497    0.00751   -0.02375    0.00660
  498    0.00841   -0.02299    0.00900
  499    0.00986   -0.02106    0.01005
  500    0.01233   -0.02569    0.01459
  501    0.00083   -0.02004   -0.00250
  502   -0.00140   -0.02043   -0.00433
  503   -0.00192   -0.01783   -0.00388
  504   -0.00416   -0.01638   -0.00519
  505   -0.00338   -0.02146   -0.00359
  506   -0.00365   -0.02489   -0.00585
  507   -0.00489   -0.02578   -0.00895
  508   -0.02368   -0.00481    0.00489
  509   -0.06011    0.16867    0.19213
  510   -0.00006   -0.01700   -0.00188
  511   -0.00147   -0.01192   -0.00491
  512   -0.00071   -0.00966   -0.00497
  513   -0.00202   -0.00680   -0.00650
  514    0.00035   -0.01074   -0.00295
  515   -0.00039   -0.00726   -0.00330
  516    0.00090   -0.00474   -0.00142
  517    0.00249   -0.00568    0.00017
  518    0.00024   -0.00281   -0.00154
  519    0.00123   -0.01025   -0.00341
  520    0.00209   -0.00761   -0.00278
  521    0.00002   -0.00720   -0.00496
  522   -0.00088   -0.00367   -0.00579
  523    0.00462   -0.00817   -0.00063
  524    0.00625   -0.00762    0.00146
  525    0.00539   -0.00548   -0.00012
  526    0.00813   -0.00895    0.00350
  527   -0.00128   -0.01047   -0.00572
  528   -0.00375   -0.01044   -0.00776
  529   -0.00725   -0.00901   -0.01067
  530   -0.01026   -0.00887   -0.01300
  531   -0.00593   -0.01300   -0.00817
  532   -0.00729   -0.00996   -0.00847
  533   -0.00485   -0.00971   -0.00672
  534    0.00185   -0.01164   -0.00199
  535   -0.00676   -0.00960   -0.00802
  536   -0.00742   -0.00794   -0.01053
  537   -0.01128   -0.00613   -0.01303
  538   -0.01212   -0.00161   -0.01343
  539   -0.01561    0.00087   -0.01624
  540   -0.01090   -0.00782   -0.01310
  541   -0.01490   -0.00753   -0.01844
  542   -0.01736   -0.00422   -0.01891
  543   -0.01444   -0.00232   -0.01489
  544   -0.02392   -0.00316   -0.02637
  545   -0.00907   -0.00057   -0.01035
  546   -0.00930    0.00327   -0.00959
  547   -0.00934    0.00656   -0.01041
  548   -0.01217    0.01119   -0.01047
  549   -0.00559    0.00269   -0.00728
  550   -0.00544    0.00254   -0.00642
  551   -0.00605    0.00024   -0.00681
  552   -0.00130    0.00242   -0.00394
  553   -0.00714    0.00503   -0.01013
  554   -0.00767    0.00882   -0.00997
  555   -0.00685    0.01519   -0.00880
  556   -0.00344    0.01602   -0.00694
  557   -0.01219    0.00907   -0.01285
  558   -0.01220    0.00292   -0.01414
  559   -0.01783    0.00322   -0.01850
  560   -0.01854   -0.00348   -0.01974
  561   -0.02811   -0.01075   -0.03218
  562   -0.01088    0.02084   -0.00971
  563   -0.01230    0.03319   -0.00819
  564   -0.01565    0.03171   -0.00878
  565   -0.03169    0.05842   -0.00285
  566   -0.01082    0.02080   -0.00950
  567   -0.01203    0.01914   -0.00921
  568   -0.00940    0.02214   -0.00964
  569   -0.00674    0.02423   -0.01059
  570   -0.00980    0.01346   -0.00868
  571   -0.00476    0.01262   -0.00769
  572   -0.00308    0.00978   -0.00628
  573   -0.00459    0.00877   -0.00632
  574    0.00027    0.00898   -0.00477
  575   -0.00817    0.01908   -0.00966
  576   -0.00553    0.01931   -0.01066
  577   -0.00238    0.01685   -0.00982
  578   -0.00198    0.01459   -0.00864
  579   -0.00619    0.01936   -0.01047
  580   -0.00358    0.01897   -0.01227
  581   -0.00219    0.01962   -0.01442
  582   -0.00400    0.02259   -0.01533
  583    0.00027    0.01773   -0.01517
  584   -0.00040    0.01790   -0.00996
  585    0.00260    0.01661   -0.00859
  586    0.00336    0.01683   -0.01058
  587    0.00301    0.01884   -0.01235
  588    0.00326    0.01611   -0.00755
  589    0.00494    0.01263   -0.00531
  590    0.00186    0.01398   -0.00678
  591    0.00443    0.01518   -0.01074
  592    0.00534    0.01551   -0.01295
  593    0.00631    0.01505   -0.01276
  594    0.00715    0.01290   -0.01022
  595    0.00639    0.01479   -0.01259
  596    0.00783    0.01612   -0.01471
  597    0.00669    0.01592   -0.01535
  598    0.00650    0.01225   -0.01560
  599    0.00898    0.01259   -0.01459
  600    0.01252    0.00626   -0.00660
  601    0.00486    0.01328   -0.02071
  602    0.00683    0.01786   -0.02272
  603    0.00545    0.01612   -0.01956
  604    0.01084    0.01378   -0.01463
  605    0.01349    0.01262   -0.01224
  606    0.01401    0.01099   -0.00776
  607    0.01575    0.01067   -0.00579
  608    0.01378    0.01762   -0.01373
  609    0.01730    0.01758   -0.01383
  610    0.02507    0.02587   -0.02080
  611    0.01748    0.02182   -0.01484
  612    0.02824    0.03365   -0.02712
  613    0.01232    0.01066   -0.00700
  614    0.01278    0.00852   -0.00342
  615    0.01457    0.00728   -0.00082
  616    0.01376    0.00672   -0.00033
  617    0.01077    0.00913   -0.00316
  618    0.01132    0.00739   -0.00062
  619    0.00966    0.01039   -0.00474
  620    0.01522    0.00642    0.00163
  621    0.01563    0.00300    0.00518
  622    0.01402    0.00400    0.00448
  623    0.01319    0.00462    0.00402
  624    0.01556    0.00260    0.00474
  625    0.01308    0.00112    0.00614
  626    0.01221    0.00105    0.00619
  627    0.01151   -0.00169    0.00751
  628    0.01031    0.00079    0.00661
  629    0.00968   -0.00245    0.00841
  630    0.00907   -0.00170    0.00733
  631    0.00724   -0.00182    0.00740
  632    0.01369    0.00299    0.00539
  633    0.01273    0.00388    0.00530
  634    0.01241    0.00288    0.00716
  635    0.01259    0.00176    0.00830
  636    0.01255    0.00395    0.00465
  637    0.01291    0.00417    0.00585
  638    0.01257    0.00486    0.00585
  639    0.01303    0.00374    0.00631
  640    0.01213    0.00437    0.00621
  641    0.01284    0.00397    0.00650
  642    0.01275    0.00401    0.00646
  643    0.01197    0.00327    0.00739
  644    0.01129    0.00282    0.00801
  645    0.01151    0.00349    0.00810
  646    0.01171    0.00398    0.00788
  647    0.00993    0.00212    0.00812
  648    0.00944    0.00328    0.00755
  649    0.00758    0.00301    0.00659
  650    0.00608    0.00247    0.00682
  651    0.01132    0.00304    0.00849
  652    0.01153    0.00341    0.00869
  653    0.01016    0.00395    0.00895
  654    0.00903    0.00407    0.00828
  655    0.01195    0.00299    0.00894
  656    0.01309    0.00286    0.00914
  657    0.01391    0.00246    0.00970
  658    0.01455    0.00232    0.01014
  659    0.01593    0.00238    0.01120
  660    0.01011    0.00439    0.00911
  661    0.00872    0.00513    0.00906
  662    0.00858    0.00540    0.00887
  663    0.00969    0.00539    0.00884
  664    0.00918    0.00541    0.00947
  665    0.00809    0.00613    0.00906
  666    0.00788    0.00679    0.00935
  667    0.00804    0.00664    0.00936
  668    0.00759    0.00801    0.00946
  669    0.00664    0.00611    0.00759
  670    0.00580    0.00673    0.00685
  671    0.00377    0.00895    0.00567
  672    0.00325    0.01043    0.00548
  673    0.00555    0.00698    0.00606
  674    0.00461    0.00614    0.00593
  675    0.00756    0.00579    0.00719
  676    0.00296    0.00896    0.00536
  677    0.00146    0.01051    0.00424
  678    0.00251    0.01084    0.00537
  679    0.00346    0.00947    0.00658
  680   -0.00012    0.00919    0.00374
  681   -0.00089    0.00780    0.00290
  682   -0.00186    0.00988    0.00298
  683   -0.00199    0.00716    0.00228
  684    0.00229    0.01248    0.00518
  685    0.00236    0.01440    0.00567
  686    0.00187    0.01336    0.00559
  687    0.00002    0.01377    0.00412
  688    0.00267    0.01198    0.00638
  689    0.00187    0.01206    0.00553
  690    0.00171    0.01114    0.00568
  691    0.00089    0.01095    0.00548
  692    0.00084    0.01308    0.00470
  693    0.00117    0.01386    0.00435
  694    0.00142    0.01175    0.00511
  695    0.00026    0.01590    0.00333
  696    0.00210    0.01004    0.00621
  697    0.00139    0.00960    0.00553
  698    0.00321    0.00790    0.00693
  699    0.00330    0.00766    0.00650
  700    0.00125    0.00915    0.00524
  701    0.00318    0.00815    0.00626
  702    0.00432    0.00806    0.00779
  703    0.00534    0.00745    0.00766
  704    0.00463    0.00756    0.00771
  705    0.00591    0.00696    0.00732
  706    0.00548    0.00708    0.00845
  707    0.00392    0.00748    0.00800
  708    0.00340    0.00790    0.00741
  709    0.00326    0.00815    0.00713
  710    0.00391    0.00799    0.00620
  711    0.00511    0.00794    0.00551
  712    0.00309    0.00830    0.00600
  713    0.00306    0.00780    0.00521
  714    0.00440    0.00687    0.00576
  715    0.00514    0.00610    0.00489
  716    0.00094    0.00727    0.00497
  717   -0.00076    0.00829    0.00445
  718    0.00046    0.00618    0.00401
  719    0.00500    0.00660    0.00637
  720    0.00647    0.00561    0.00648
  721    0.00771    0.00594    0.00615
  722    0.00839    0.00570    0.00565
  723    0.00705    0.00582    0.00703
  724    0.00600    0.00577    0.00717
  725    0.00860    0.00535    0.00717
  726    0.00558    0.00532    0.00668
  727    0.00737    0.00643    0.00645
  728    0.00789    0.00654    0.00601
  729    0.00825    0.00649    0.00526
  730    0.00977    0.00593    0.00464
  731    0.00755    0.00667    0.00515
  732    0.00790    0.00644    0.00471
  733    0.00851    0.00541    0.00445
  734    0.00935    0.00473    0.00389
  735    0.00596    0.00694    0.00439
  736    0.00601    0.00767    0.00417
  737    0.00555    0.00835    0.00434
  738    0.00380    0.00774    0.00366
  739    0.00811    0.00519    0.00433
  740    0.00825    0.00384    0.00425
  741    0.01005    0.00365    0.00397
  742    0.01061    0.00253    0.00357
  743    0.00725    0.00360    0.00432
  744    0.00506    0.00331    0.00399
  745    0.00746    0.00216    0.00475
  746    0.00363    0.00309    0.00418
  747    0.01017    0.00436    0.00439
  748    0.01137    0.00441    0.00419
  749    0.01192    0.00437    0.00340
  750    0.01356    0.00454    0.00285
  751    0.01084    0.00497    0.00463
  752    0.01106    0.00507    0.00512
  753    0.01045    0.00508    0.00583
  754    0.01170    0.00491    0.00519
  755    0.01101    0.00499    0.00660
  756    0.01171    0.00467    0.00598
  757    0.01180    0.00476    0.00338
  758    0.01268    0.00464    0.00311
  759    0.01378    0.00323    0.00281
  760    0.01516    0.00274    0.00184
  761    0.01223    0.00516    0.00353
  762    0.01284    0.00281    0.00294
  763    0.01299    0.00098    0.00192
  764    0.01327   -0.00055    0.00139
  765    0.01424   -0.00164    0.00092
  766    0.01123    0.00016    0.00229
  767    0.01132   -0.00243    0.00134
  768    0.01066    0.00156    0.00234
  769    0.01266   -0.00028    0.00215
  770    0.01326   -0.00090    0.00160
  771    0.01518    0.00007    0.00005
  772    0.01549    0.00014   -0.00029
  773    0.01165   -0.00034    0.00321
  774    0.01547    0.00220    0.00033
  775    0.01665    0.00289   -0.00024
  776    0.01736    0.00264   -0.00063
  777    0.01828    0.00344   -0.00096
  778    0.01540    0.00456    0.00043
  779    0.01459    0.00571    0.00131
  780    0.01555    0.00676    0.00107
  781    0.01354    0.00541    0.00219
  782    0.01753    0.00115   -0.00044
  783    0.02009    0.00042   -0.00166
  784    0.01977   -0.00364   -0.00125
  785    0.02028   -0.00356   -0.00104
  786    0.01928    0.00163   -0.00049
  787    0.01930    0.00263   -0.00015
  788    0.01966    0.00217   -0.00070
  789    0.01798    0.00332    0.00054
  790    0.01891   -0.00481   -0.00175
  791    0.01782   -0.00750   -0.00134
  792    0.02009   -0.00876   -0.00225
  793    0.01954   -0.00951   -0.00301
  794    0.01504   -0.00963   -0.00029
  795    0.01226   -0.00910    0.00059
  796    0.01047   -0.01103    0.00199
  797    0.00955   -0.01423    0.00372
  798    0.00954   -0.00948    0.00299
  799    0.02147   -0.00716   -0.00282
  800    0.02361   -0.00735   -0.00443
  801    0.02414   -0.00699   -0.00427
  802    0.02675   -0.00787   -0.00542
  803    0.02391   -0.00511   -0.00641
  804    0.02320   -0.00317   -0.00540
  805    0.02378   -0.00283   -0.00513
  806    0.02190   -0.00156   -0.00441
  807    0.02345   -0.00490   -0.00251
  808    0.02475   -0.00564   -0.00259
  809    0.02420   -0.00581   -0.00236
  810    0.02529   -0.00616   -0.00349
  811    0.02371   -0.00268   -0.00226
  812    0.02356   -0.00180   -0.00300
  813    0.02280   -0.00056   -0.00170
  814    0.02236    0.00056   -0.00269
  815    0.02119    0.00114   -0.00266
  816    0.02238   -0.00580   -0.00099
  817    0.02178   -0.00578   -0.00117
  818    0.02043   -0.00788   -0.00161
  819    0.01961   -0.01003   -0.00227
  820    0.01966   -0.00470   -0.00041
  821    0.01888   -0.00227   -0.00089
  822    0.01983   -0.00129   -0.00105
  823    0.01646   -0.00120    0.00018
  824    0.02078   -0.00853   -0.00186
  825    0.01878   -0.01217   -0.00297
  826    0.01592   -0.01174   -0.00132
  827    0.01439   -0.00910   -0.00063
  828    0.01238   -0.01735   -0.00067
  829    0.00819   -0.01762    0.00142
  830    0.00331   -0.02117    0.00028
  831    0.00248   -0.02658   -0.00052
  832    0.00651   -0.01986    0.00197
  833    0.00810   -0.01504    0.00159
  834    0.00639   -0.01206    0.00164
  835    0.01077   -0.01419    0.00088
  836    0.00741   -0.00871    0.00123
  837    0.01166   -0.01195    0.00125
  838    0.01008   -0.00946    0.00148
  839   -0.00022   -0.01713   -0.00090
  840   -0.00587   -0.01908   -0.00344
  841   -0.01062   -0.02447   -0.00418
  842   -0.00916   -0.02525   -0.00206
  843   -0.00905   -0.01357   -0.00328
  844   -0.01261   -0.01203   -0.00458
  845   -0.01671   -0.00878   -0.00557
  846   -0.01842   -0.00827   -0.00495
  847   -0.01727   -0.00788   -0.00621
  848   -0.01774   -0.02954   -0.00649
  849   -0.02462   -0.03843   -0.00823
  850   -0.02882   -0.03306   -0.01009
  851   -0.03221   -0.03076   -0.01248
  852   -0.03717   -0.05201   -0.00959
  853   -0.03371   -0.06057   -0.00404
  854   -0.02351   -0.05047   -0.00418
  855   -0.04734   -0.09360    0.00328
  856   -0.02550   -0.03264   -0.01001
  857   -0.02701   -0.02864   -0.01256
  858   -0.02114   -0.02128   -0.01099
  859   -0.02291   -0.01748   -0.01254
  860   -0.01553   -0.01982   -0.00711
  861   -0.01142   -0.01412   -0.00539
  862   -0.01103   -0.01268   -0.00518
  863   -0.00995   -0.01476   -0.00406
  864   -0.00656   -0.01443   -0.00259
  865   -0.00408   -0.01095   -0.00171
  866   -0.01125   -0.00871   -0.00487
  867   -0.01092   -0.00715   -0.00461
  868   -0.00767   -0.00660   -0.00276
  869   -0.00725   -0.00736   -0.00235
  870   -0.01245   -0.00345   -0.00456
  871   -0.01122   -0.00278   -0.00361
  872   -0.01575   -0.00498   -0.00579
  873   -0.00554   -0.00537   -0.00169
  874   -0.00249   -0.00499   -0.00025
  875   -0.00138   -0.00805    0.00089
  876   -0.00029   -0.00828    0.00198
  877   -0.00033   -0.00290    0.00062
  878    0.00254   -0.00227    0.00190
  879    0.00265   -0.00122    0.00221
  880    0.00424   -0.00028    0.00192
  881   -0.00168   -0.01157    0.00054
  882   -0.00079   -0.01519    0.00183
  883   -0.00206   -0.01714    0.00196
  884   -0.00070   -0.01813    0.00367
  885   -0.00152   -0.01950    0.00138
  886   -0.00040   -0.02440    0.00352
  887   -0.00394   -0.03175    0.00307
  888   -0.00430   -0.03367    0.00342
  889   -0.00962   -0.04256    0.00303
  890   -0.00489   -0.01634    0.00004
  891   -0.00625   -0.01747   -0.00058
  892   -0.00405   -0.01471    0.00080
  893   -0.00368   -0.01543    0.00163
  894   -0.00931   -0.01591   -0.00298
  895   -0.01080   -0.01670   -0.00414
  896   -0.01402   -0.02227   -0.00625
  897   -0.01278   -0.02543   -0.00458
  898   -0.02042   -0.02495   -0.01155
  899   -0.00321   -0.01111    0.00118
  900   -0.00160   -0.00847    0.00251
  901    0.00075   -0.00940    0.00427
  902    0.00133   -0.00942    0.00521
  903   -0.00153   -0.00542    0.00241
  904   -0.00035   -0.00367    0.00360
  905   -0.00166   -0.00369    0.00320
  906    0.00201   -0.00274    0.00469
  907   -0.00041   -0.00252    0.00379
  908    0.00317   -0.00121    0.00513
  909    0.00206   -0.00152    0.00482
  910    0.00191   -0.00971    0.00414
  911    0.00411   -0.01046    0.00540
  912    0.00365   -0.01364    0.00675
  913    0.00467   -0.01388    0.00821
  914    0.00488   -0.01023    0.00554
  915    0.00499   -0.00697    0.00486
  916    0.00684   -0.00628    0.00340
  917    0.00645   -0.00350    0.00455
  918    0.00227   -0.01611    0.00546
  919    0.00173   -0.01973    0.00698
  920    0.00083   -0.01814    0.00709
  921    0.00092   -0.01917    0.00848
  922   -0.00010   -0.02260    0.00553
  923   -0.00171   -0.02513    0.00618
  924    0.00002   -0.01576    0.00570
  925   -0.00063   -0.01477    0.00546
  926    0.00156   -0.01266    0.00774
  927    0.00416   -0.01228    0.00803
  928   -0.00165   -0.01360    0.00405
  929   -0.00457   -0.01606    0.00196
  930   -0.00649   -0.01450    0.00008
  931   -0.00612   -0.01229   -0.00012
  932   -0.00860   -0.01561   -0.00141
  933    0.00289   -0.01101    0.00801
  934    0.00429   -0.00902    0.00918
  935    0.00575   -0.00956    0.01051
  936    0.00673   -0.00716    0.01134
  937    0.00437   -0.00625    0.00825
  938    0.00445   -0.00612    0.00744
  939    0.00276   -0.00601    0.00709
  940    0.00598   -0.01224    0.01066
  941    0.00661   -0.01103    0.01165
  942    0.00764   -0.01095    0.01359
  943    0.00771   -0.00523    0.01418
  944    0.00740   -0.01678    0.01288
  945    0.00663   -0.01029    0.01131
  946    0.00811   -0.01841    0.01384
  947    0.00825   -0.02438    0.01474
  948    0.00485   -0.00937    0.00935
  949    0.00798   -0.01368    0.01411
  950    0.00862   -0.01407    0.01570
  951    0.00882   -0.01143    0.01520
  952    0.00863   -0.00953    0.01620
  953    0.00786   -0.01841    0.01576
  954    0.00728   -0.01650    0.01382
  955    0.00781   -0.01828    0.01367
  956    0.00618   -0.02391    0.01979
  957    0.03513    0.10078   -0.06393
  958    0.00850   -0.01010    0.01358
  959    0.00857   -0.00895    0.01318
  960    0.01001   -0.00726    0.01324
  961    0.01062   -0.00626    0.01356
  962    0.00759   -0.00806    0.01183
  963    0.00679   -0.00915    0.01148
  964    0.00549   -0.00804    0.00967
  965    0.00443   -0.00881    0.00976
  966    0.01018   -0.00654    0.01320
  967    0.01259   -0.00603    0.01330
  968    0.01179   -0.00402    0.01184
  969    0.01044   -0.00388    0.01137
  970    0.01357   -0.00665    0.01436
  971    0.01230   -0.00667    0.01400
  972    0.01284   -0.00219    0.01107
  973    0.01243    0.00003    0.00995
  974    0.01160   -0.00029    0.01026
  975    0.01064    0.00022    0.00965
  976    0.01328    0.00113    0.00921
  977    0.01329    0.00022    0.00881
  978    0.01339   -0.00175    0.01054
  979    0.01207   -0.00104    0.01127
  980    0.01122   -0.00064    0.01093
  981    0.00945   -0.00143    0.01069
  982    0.00832   -0.00080    0.00988
  983    0.01269   -0.00108    0.01159
  984    0.01462    0.00056    0.01191
  985    0.01571    0.00115    0.01289
  986    0.01888    0.00460    0.01524
  987    0.01485    0.00057    0.01266
  988    0.00922   -0.00304    0.01137
  989    0.00732   -0.00402    0.01115
  990    0.00614   -0.00349    0.00988
  991    0.00421   -0.00377    0.00904
  992    0.00739   -0.00576    0.01183
  993    0.00779   -0.00704    0.01297
  994    0.00863   -0.00633    0.01328
  995    0.00698   -0.00897    0.01273
  996    0.00722   -0.00266    0.00986
  997    0.00644   -0.00215    0.00911
  998    0.00575   -0.00072    0.00826
  999    0.00450   -0.00099    0.00721
 1000    0.00774   -0.00150    0.00918
 1001    0.00794   -0.00278    0.00974
 1002    0.00966   -0.00230    0.01013
 1003    0.00984   -0.00376    0.01134
 1004    0.01172   -0.00268    0.01115
 1005    0.01288   -0.00131    0.01038
 1006    0.01180   -0.00295    0.01243
 1007    0.00665    0.00018    0.00844
 1008    0.00602    0.00149    0.00753
 1009    0.00418    0.00119    0.00707
 1010    0.00275    0.00203    0.00622
 1011    0.00743    0.00262    0.00794
 1012    0.00414    0.00002    0.00777
 1013    0.00222   -0.00040    0.00741
 1014    0.00024   -0.00126    0.00663
 1015   -0.00181   -0.00077    0.00580
 1016    0.00283   -0.00193    0.00873
 1017    0.00377   -0.00117    0.00878
 1018    0.00431   -0.00308    0.01017
 1019    0.00468   -0.00301    0.01069
 1020    0.00673   -0.00163    0.01048
 1021    0.00004   -0.00234    0.00643
 1022   -0.00192   -0.00317    0.00543
 1023   -0.00276   -0.00188    0.00439
 1024   -0.00504   -0.00234    0.00366
 1025   -0.00108   -0.00458    0.00560
 1026   -0.00019   -0.00652    0.00653
 1027   -0.00077   -0.00055    0.00510
 1028   -0.00117    0.00080    0.00467
 1029   -0.00267    0.00227    0.00378
 1030   -0.00441    0.00278    0.00280
 1031    0.00125    0.00208    0.00538
 1032    0.00099    0.00340    0.00518
 1033    0.00027    0.00288    0.00495
 1034    0.00086    0.00496    0.00501
 1035   -0.00017    0.00399    0.00446
 1036    0.00044    0.00588    0.00473
 1037    0.00007    0.00552    0.00475
 1038   -0.00192    0.00263    0.00382
 1039   -0.00344    0.00425    0.00272
 1040   -0.00616    0.00347    0.00158
 1041   -0.00798    0.00462    0.00004
 1042   -0.00216    0.00448    0.00301
 1043    0.00007    0.00503    0.00373
 1044    0.00107    0.00525    0.00438
 1045    0.00309    0.00477    0.00540
 1046   -0.00018    0.00612    0.00359
 1047   -0.00672    0.00108    0.00231
 1048   -0.00970   -0.00055    0.00119
 1049   -0.01101   -0.00193    0.00044
 1050   -0.01354   -0.00415   -0.00040
 1051   -0.01016   -0.00311    0.00192
 1052   -0.00878   -0.00219    0.00265
 1053   -0.00703   -0.00395    0.00602
 1054   -0.00537   -0.00326    0.00598
 1055   -0.00392   -0.00510    0.00894
 1056   -0.00981   -0.00038    0.00059
 1057   -0.01073   -0.00112   -0.00018
 1058   -0.01136    0.00072   -0.00104
 1059   -0.00987    0.00276   -0.00024
 1060   -0.00872   -0.00182    0.00023
 1061   -0.00930   -0.00302   -0.00018
 1062   -0.01026   -0.00213   -0.00090
 1063   -0.00889   -0.00474   -0.00028
 1064   -0.01441    0.00054   -0.00299
 1065   -0.01529    0.00256   -0.00349
 1066   -0.01444    0.00208   -0.00318
 1067   -0.01368    0.00378   -0.00249
 1068   -0.01992    0.00277   -0.00696
 1069   -0.02355    0.00112   -0.00970
 1070   -0.02197    0.00381   -0.00843
 1071   -0.01625    0.00417   -0.00450
 1072   -0.02974    0.00670   -0.01445
 1073   -0.01532   -0.00042   -0.00356
 1074   -0.01480   -0.00083   -0.00313
 1075   -0.01210    0.00089   -0.00171
 1076   -0.01196    0.00216   -0.00104
 1077   -0.01516   -0.00340   -0.00357
 1078   -0.01033    0.00116   -0.00109
 1079   -0.00821    0.00280   -0.00035
 1080   -0.00830    0.00479    0.00009
 1081   -0.00792    0.00577    0.00074
 1082   -0.00648    0.00190    0.00034
 1083   -0.00654    0.00049   -0.00023
 1084   -0.00435    0.00306    0.00138
 1085   -0.00447   -0.00083    0.00078
 1086   -0.00875    0.00532    0.00035
 1087   -0.00886    0.00698    0.00095
 1088   -0.00993    0.00813    0.00102
 1089   -0.00947    0.00931    0.00170
 1090   -0.00932    0.00782    0.00040
 1091   -0.00748    0.00706    0.00123
 1092   -0.00823    0.00715    0.00032
 1093   -0.00924    0.00815   -0.00086
 1094   -0.00763    0.00605    0.00057
 1095   -0.01181    0.00715    0.00044
 1096   -0.01283    0.00758    0.00064
 1097   -0.01156    0.00793    0.00096
 1098   -0.01128    0.00911    0.00181
 1099   -0.01476    0.00675   -0.00043
 1100   -0.01071    0.00674    0.00081
 1101   -0.00976    0.00714    0.00139
 1102   -0.00834    0.00865    0.00191
 1103   -0.00779    0.00952    0.00223
 1104   -0.00923    0.00554    0.00094
 1105   -0.00748    0.00860    0.00219
 1106   -0.00622    0.00964    0.00288
 1107   -0.00699    0.01084    0.00295
 1108   -0.00646    0.01156    0.00313
 1109   -0.00522    0.00947    0.00339
 1110   -0.00415    0.01038    0.00371
 1111   -0.00221    0.01019    0.00421
 1112   -0.00422    0.01105    0.00377
 1113   -0.00153    0.01083    0.00449
 1114   -0.00260    0.01135    0.00397
 1115   -0.00817    0.01087    0.00276
 1116   -0.00886    0.01170    0.00249
 1117   -0.00947    0.01239    0.00274
 1118   -0.00958    0.01332    0.00284
 1119   -0.01008    0.01165    0.00191
 1120   -0.00892    0.01090    0.00105
 1121   -0.00977    0.01131    0.00014
 1122   -0.00754    0.01128    0.00194
 1123   -0.00983    0.01207    0.00283
 1124   -0.01025    0.01256    0.00321
 1125   -0.00936    0.01330    0.00336
 1126   -0.00975    0.01411    0.00359
 1127   -0.01069    0.01172    0.00325
 1128   -0.00826    0.01294    0.00338
 1129   -0.00740    0.01336    0.00366
 1130   -0.00683    0.01351    0.00367
 1131   -0.00640    0.01390    0.00372
 1132   -0.00625    0.01243    0.00354
 1133   -0.00537    0.01288    0.00374
 1134   -0.00694    0.01210    0.00303
 1135   -0.00684    0.01306    0.00349
 1136   -0.00602    0.01293    0.00356
 1137   -0.00629    0.01347    0.00384
 1138   -0.00578    0.01359    0.00371
 1139   -0.00595    0.01260    0.00334
 1140   -0.00699    0.01374    0.00386
 1141   -0.00711    0.01417    0.00427
 1142   -0.00757    0.01475    0.00474
 1143   -0.00795    0.01469    0.00574
 1144   -0.00782    0.01446    0.00411
 1145   -0.00909    0.01486    0.00478
 1146   -0.01019    0.01487    0.00402
 1147   -0.01041    0.01535    0.00421
 1148   -0.01116    0.01470    0.00308
 1149   -0.00780    0.01497    0.00490
 1150   -0.00800    0.01595    0.00535
 1151   -0.00751    0.01595    0.00488
 1152   -0.00770    0.01729    0.00499
 1153   -0.00828    0.01607    0.00481
 1154   -0.00905    0.01772    0.00496
 1155   -0.00794    0.01795    0.00469
 1156   -0.00677    0.01670    0.00442
 1157   -0.00865    0.02028    0.00462
 1158   -0.00683    0.01523    0.00426
 1159   -0.00632    0.01465    0.00316
 1160   -0.00647    0.01377    0.00225
 1161   -0.00680    0.01394    0.00176
 1162   -0.00631    0.01356    0.00240
 1163   -0.00640    0.01267    0.00176
 1164   -0.00625    0.01187    0.00246
 1165   -0.00596    0.01219    0.00293
 1166   -0.00549    0.01000   -0.00111
 1167   -0.00467    0.01039   -0.00079
 1168   -0.00427    0.01039    0.00038
 1169   -0.00389    0.00948    0.00004
 1170   -0.00451    0.01100    0.00130
 1171   -0.00568    0.01096    0.00116
 1172   -0.00433    0.00931    0.00083
 1173   -0.00207    0.00691   -0.00269
 1174   -0.00236    0.00618   -0.00431
 1175   -0.00634    0.01045    0.00389
 1176   -0.00986    0.01196    0.00908
 1177   -0.00172    0.00661   -0.00257
 1178   -0.00193    0.00558   -0.00421
 1179   -0.00071    0.00460   -0.00500
 1180    0.00062    0.00467   -0.00395
 1181   -0.00247    0.00648   -0.00333
 1182   -0.00366    0.00689   -0.00330
 1183   -0.00466    0.00685   -0.00473
 1184   -0.00551    0.00746   -0.00460
 1185   -0.00511    0.00774   -0.00418
 1186   -0.00499    0.00723   -0.00328
 1187   -0.00511    0.00760   -0.00363
 1188   -0.00139    0.00405   -0.00647
 1189   -0.00050    0.00346   -0.00728
 1190   -0.00012    0.00368   -0.00640
 1191    0.00110    0.00346   -0.00670
 1192   -0.00126    0.00232   -0.00924
 1193   -0.00349    0.00177   -0.00835
 1194    0.00041    0.00225   -0.01058
 1195   -0.00118    0.00419   -0.00538
 1196   -0.00058    0.00474   -0.00438
 1197    0.00069    0.00469   -0.00372
 1198    0.00143    0.00440   -0.00403
 1199   -0.00172    0.00555   -0.00337
 1200   -0.00096    0.00551   -0.00204
 1201   -0.00032    0.00527   -0.00213
 1202   -0.00071    0.00588   -0.00082
 1203    0.00103    0.00494   -0.00277
 1204    0.00238    0.00470   -0.00217
 1205    0.00264    0.00500   -0.00140
 1206    0.00244    0.00511   -0.00013
 1207    0.00386    0.00419   -0.00350
 1208    0.00612    0.00397   -0.00272
 1209    0.00812    0.00382   -0.00219
 1210    0.00638    0.00388   -0.00250
 1211    0.00311    0.00479   -0.00202
 1212    0.00377    0.00500   -0.00139
 1213    0.00301    0.00526   -0.00067
 1214    0.00271    0.00588    0.00047
 1215    0.00508    0.00478   -0.00214
 1216    0.00660    0.00498   -0.00134
 1217    0.00593    0.00487   -0.00057
 1218    0.00618    0.00517   -0.00119
 1219    0.00533    0.00252   -0.00100
 1220    0.00287    0.00525   -0.00122
 1221    0.00217    0.00448   -0.00054
 1222    0.00159    0.00428    0.00085
 1223    0.00042    0.00488    0.00078
 1224    0.00161    0.00387   -0.00148
 1225    0.00184    0.00286   -0.00076
 1226    0.00200    0.00384   -0.00285
 1227    0.00239    0.00305    0.00220
 1228    0.00185    0.00357    0.00305
 1229    0.00282    0.00224    0.00437
 1230    0.00350    0.00086    0.00500
 1231    0.00198    0.00388    0.00350
 1232    0.00088    0.00525    0.00279
 1233    0.00022    0.00605    0.00338
 1234    0.00182    0.00566    0.00193
 1235    0.00203    0.00353    0.00470
 1236    0.00287    0.00326    0.00532
 1237    0.00304    0.00451    0.00615
 1238    0.00310    0.00498    0.00632
 1239    0.00180    0.00381    0.00371
 1240    0.00118    0.00326    0.00273
 1241    0.00086    0.00298    0.00188
 1242   -0.00014    0.00398    0.00147
 1243    0.00032    0.00260    0.00007
 1244   -0.00005    0.00369   -0.00017
 1245   -0.00050    0.00277   -0.00057
 1246    0.00373    0.00286    0.00649
 1247    0.00369    0.00383    0.00738
 1248    0.00394    0.00391    0.00644
 1249    0.00356    0.00402    0.00580
 1250    0.00535    0.00153    0.00774
 1251    0.00628    0.00227    0.00819
 1252    0.00668    0.00479    0.00876
 1253    0.00663    0.00200    0.00770
 1254    0.00739    0.00457    0.00889
 1255    0.00729    0.00309    0.00803
 1256    0.00470    0.00571    0.00673
 1257    0.00456    0.00577    0.00652
 1258    0.00562    0.00531    0.00652
 1259    0.00593    0.00498    0.00687
 1260    0.00424    0.00656    0.00663
 1261    0.00343    0.00686    0.00634
 1262    0.00248    0.00753    0.00649
 1263    0.00348    0.00645    0.00545
 1264    0.00159    0.00813    0.00553
 1265    0.00249    0.00716    0.00472
 1266    0.00131    0.00778    0.00454
 1267    0.00554    0.00488    0.00594
 1268    0.00633    0.00466    0.00567
 1269    0.00681    0.00496    0.00519
 1270    0.00619    0.00526    0.00497
 1271    0.00611    0.00400    0.00539
 1272    0.00541    0.00349    0.00488
 1273    0.00632    0.00337    0.00584
 1274    0.00499    0.00258    0.00429
 1275    0.00761    0.00496    0.00490
 1276    0.00801    0.00490    0.00451
 1277    0.00813    0.00453    0.00405
 1278    0.00806    0.00469    0.00370
 1279    0.00902    0.00540    0.00421
 1280    0.01028    0.00526    0.00376
 1281    0.01028    0.00538    0.00370
 1282    0.01121    0.00506    0.00352
 1283    0.00791    0.00441    0.00369
 1284    0.00777    0.00442    0.00314
 1285    0.00921    0.00456    0.00272
 1286    0.01020    0.00435    0.00283
 1287    0.00645    0.00430    0.00299
 1288    0.00548    0.00384    0.00318
 1289    0.00554    0.00339    0.00364
 1290    0.00422    0.00380    0.00300
 1291    0.00452    0.00301    0.00354
 1292    0.00353    0.00323    0.00310
 1293    0.00389    0.00290    0.00334
 1294    0.00989    0.00481    0.00206
 1295    0.01127    0.00502    0.00129
 1296    0.01101    0.00527    0.00017
 1297    0.00952    0.00607   -0.00024
 1298    0.01262    0.00501    0.00130
 1299    0.01442    0.00488    0.00066
 1300    0.01482    0.00461    0.00122
 1301    0.01479    0.00507   -0.00040
 1302    0.01173    0.00546   -0.00038
 1303    0.01113    0.00650   -0.00172
 1304    0.01272    0.00752   -0.00253
 1305    0.01520    0.00693   -0.00220
 1306    0.01169    0.00596   -0.00169
 1307    0.00998    0.00754   -0.00307
 1308    0.00970    0.00912   -0.00446
 1309    0.00829    0.00676   -0.00275
 1310    0.01167    0.00867   -0.00375
 1311    0.01213    0.01016   -0.00483
 1312    0.01045    0.01178   -0.00754
 1313    0.00829    0.01187   -0.00767
 1314    0.01214    0.00967   -0.00441
 1315    0.01302    0.01130   -0.00558
 1316    0.01315    0.00832   -0.00233
 1317    0.01167    0.01262   -0.00831
 1318    0.01116    0.01588   -0.01194
 1319    0.00886    0.01550   -0.01117
 1320    0.00671    0.01723   -0.01250
 1321    0.01016    0.01652   -0.01330
 1322    0.01129    0.02005   -0.01782
 1323    0.01289    0.02300   -0.02131
 1324    0.01117    0.02082   -0.01913
 1325    0.00920    0.01438   -0.00940
 1326    0.00693    0.01333   -0.00867
 1327    0.00470    0.01204   -0.00725
 1328    0.00263    0.01151   -0.00695
 1329    0.00513    0.01154   -0.00665
 1330    0.00343    0.01043   -0.00559
 1331    0.00472    0.00886   -0.00405
 1332    0.00682    0.00859   -0.00385
 1333    0.00239    0.01154   -0.00654
 1334    0.00021    0.01287   -0.00783
 1335   -0.00222    0.01261   -0.00768
 1336    0.00026    0.01487   -0.00963
 1337   -0.00374    0.01441   -0.00934
 1338   -0.00230    0.01596   -0.01052
 1339    0.00298    0.00773   -0.00270
 1340    0.00379    0.00666   -0.00133
 1341    0.00382    0.00674   -0.00136
 1342    0.00238    0.00681   -0.00177
 1343    0.00203    0.00539   -0.00019
 1344    0.00219    0.00474    0.00100
 1345    0.00400    0.00464    0.00126
 1346    0.00032    0.00387    0.00180
 1347    0.00558    0.00649   -0.00075
 1348    0.00595    0.00652   -0.00061
 1349    0.00642    0.00546    0.00083
 1350    0.00754    0.00531    0.00136
 1351    0.00769    0.00677   -0.00118
 1352    0.00666    0.00823   -0.00276
 1353    0.00546    0.00865   -0.00316
 1354    0.00683    0.00944   -0.00391
 1355    0.00431    0.01040   -0.00488
 1356    0.00575    0.01074   -0.00564
 1357    0.00453    0.01113   -0.00626
 1358    0.00346    0.01283   -0.00815
 1359    0.00547    0.00525    0.00101
 1360    0.00595    0.00433    0.00203
 1361    0.00735    0.00431    0.00263
 1362    0.00709    0.00439    0.00236
 1363    0.00429    0.00373    0.00204
 1364    0.00478    0.00299    0.00289
 1365    0.00373    0.00204    0.00258
 1366    0.00421    0.00142    0.00306
 1367    0.00235    0.00194    0.00198
 1368    0.00851    0.00446    0.00355
 1369    0.00939    0.00459    0.00434
 1370    0.00924    0.00410    0.00523
 1371    0.00858    0.00446    0.00551
 1372    0.01032    0.00512    0.00420
 1373    0.01063    0.00527    0.00311
 1374    0.01166    0.00534    0.00322
 1375    0.01060    0.00550    0.00276
 1376    0.00946    0.00385    0.00559
 1377    0.00919    0.00357    0.00633
 1378    0.01002    0.00368    0.00720
 1379    0.01069    0.00348    0.00697
 1380    0.00846    0.00237    0.00608
 1381    0.00848    0.00191    0.00706
 1382    0.00810    0.00036    0.00719
 1383    0.00905    0.00260    0.00781
 1384    0.00996    0.00411    0.00767
 1385    0.01052    0.00423    0.00857
 1386    0.01096    0.00397    0.00870
 1387    0.01128    0.00379    0.00895
 1388    0.01055    0.00326    0.00856
 1389    0.01098    0.00228    0.00893
 1390    0.01123    0.00050    0.00866
 1391    0.01174   -0.00094    0.00934
 1392    0.01027    0.00144    0.00945
 1393    0.00998    0.00336    0.00999
 1394    0.00964    0.00198    0.01013
 1395    0.00985   -0.00013    0.01017
 1396    0.00894   -0.00679    0.01194
 1397    0.00885   -0.00703    0.01074
 1398    0.00831   -0.01061    0.01295
 1399    0.01091    0.00087    0.00744
 1400    0.01071    0.00016    0.00679
 1401    0.01171    0.00078    0.00686
 1402    0.01213    0.00159    0.00732
 1403    0.00988    0.00064    0.00564
 1404    0.00861   -0.00079    0.00539
 1405    0.00761   -0.00298    0.00451
 1406    0.00649   -0.00185    0.00247
 1407    0.01196    0.00003    0.00678
 1408    0.01289    0.00068    0.00744
 1409    0.01238    0.00195    0.00691
 1410    0.01269    0.00262    0.00768
 1411    0.01340   -0.00005    0.00686
 1412    0.01144   -0.00088    0.00541
 1413    0.01116   -0.00182    0.00626
 1414    0.01130    0.00264    0.00546
 1415    0.01076    0.00398    0.00437
 1416    0.00910    0.00421    0.00316
 1417    0.00851    0.00352    0.00298
 1418    0.00920    0.00629    0.00209
 1419    0.00836    0.00631    0.00123
 1420    0.00631    0.00504   -0.00038
 1421    0.00875    0.00601    0.00233
 1422    0.00500    0.00349   -0.00136
 1423    0.00718    0.00511    0.00076
 1424    0.00541    0.00337   -0.00091
 1425    0.00847    0.00525    0.00236
 1426    0.00751    0.00553    0.00169
 1427    0.00519    0.00651   -0.00029
 1428    0.00378    0.00749   -0.00176
 1429    0.00744    0.00682    0.00078
 1430    0.00840    0.00672    0.00120
 1431    0.00857    0.00620    0.00195
 1432    0.00474    0.00544   -0.00017
 1433    0.00256    0.00484   -0.00126
 1434    0.00155    0.00589   -0.00183
 1435    0.00256    0.00575   -0.00129
 1436    0.00242    0.00353   -0.00065
 1437    0.00045    0.00291   -0.00167
 1438    0.00378    0.00194    0.00005
 1439   -0.00016    0.00707   -0.00339
 1440   -0.00092    0.00791   -0.00389
 1441   -0.00262    0.00733   -0.00368
 1442   -0.00493    0.00724   -0.00451
 1443   -0.00208    0.00977   -0.00526
 1444   -0.00190    0.01098   -0.00592
 1445   -0.00068    0.01012   -0.00525
 1446   -0.00362    0.01279   -0.00694
 1447   -0.00175    0.00664   -0.00264
 1448   -0.00274    0.00550   -0.00206
 1449   -0.00401    0.00632   -0.00217
 1450   -0.00393    0.00576   -0.00147
 1451   -0.00191    0.00464   -0.00039
 1452   -0.00139    0.00384   -0.00017
 1453   -0.00242    0.00295   -0.00028
 1454    0.00035    0.00353    0.00025
 1455   -0.00135    0.00231   -0.00003
 1456    0.00021    0.00253    0.00042
 1457   -0.00535    0.00764   -0.00360
 1458   -0.00615    0.00859   -0.00448
 1459   -0.00457    0.00892   -0.00457
 1460   -0.00236    0.00878   -0.00410
 1461   -0.00562    0.00967   -0.00516
 1462   -0.00380    0.00998   -0.00548
 1463   -0.00255    0.00821   -0.00387
 1464   -0.00373    0.00699   -0.00267
 1465   -0.00609    0.01147   -0.00676
 1466   -0.00011    0.00823   -0.00401
 1467    0.00138    0.00657   -0.00272
 1468    0.00363    0.00714   -0.00337
 1469    0.00493    0.00858   -0.00457
 1470    0.00176    0.00583   -0.00176
 1471    0.00244    0.00479   -0.00050
 1472    0.00356    0.00620   -0.00278
 1473    0.00637    0.00650   -0.00309
 1474    0.00812    0.00558   -0.00252
 1475    0.00697    0.00463   -0.00142
 1476    0.00617    0.00579   -0.00265
 1477    0.00903    0.00569   -0.00313
 1478    0.01109    0.00557   -0.00293
 1479    0.01325    0.00440   -0.00257
 1480    0.01305    0.00284   -0.00121
 1481    0.01358    0.00224   -0.00018
 1482    0.01576    0.00429   -0.00399
 1483    0.01580    0.00507   -0.00491
 1484    0.01730    0.00448   -0.00382
 1485    0.01702    0.00437   -0.00245
 1486    0.01886    0.00297   -0.00461
 1487    0.01265    0.00252   -0.00078
 1488    0.01321    0.00149    0.00115
 1489    0.01107    0.00070    0.00237
 1490    0.01079   -0.00062    0.00392
 1491    0.01476    0.00075    0.00152
 1492    0.01867    0.00101    0.00017
 1493    0.01908    0.00130   -0.00118
 1494    0.02360    0.00119   -0.00066
 1495    0.00823    0.00129    0.00168
 1496    0.00587    0.00054    0.00325
 1497    0.00501    0.00112    0.00277
 1498    0.00255    0.00094    0.00357
 1499    0.00269    0.00141    0.00292
 1500    0.00220    0.00292    0.00098
 1501    0.00255    0.00110    0.00285
 1502    0.00737    0.00191    0.00213
 1503    0.00720    0.00251    0.00189
 1504    0.00583    0.00188    0.00366
 1505    0.00461    0.00209    0.00346
 1506    0.00967    0.00272    0.00140
 1507    0.00992    0.00331    0.00122
 1508    0.00847    0.00418    0.00092
 1509    0.01220    0.00362    0.00058
 1510    0.00630    0.00085    0.00489
 1511    0.00477    0.00004    0.00596
 1512    0.00042   -0.00040    0.00618
 1513   -0.00057   -0.00023    0.00551
 1514    0.00386   -0.00151    0.00588
 1515    0.00763   -0.00026    0.00668
 1516    0.00806   -0.00138    0.00677
 1517    0.00690   -0.00109    0.00554
 1518   -0.00078   -0.00137    0.00746
 1519   -0.00377   -0.00275    0.00790
 1520   -0.00446   -0.00073    0.00779
 1521   -0.00598   -0.00168    0.00862
 1522   -0.00532   -0.00460    0.00961
 1523   -0.00834   -0.00540    0.01120
 1524   -0.01075   -0.00726    0.01407
 1525   -0.00993   -0.01017    0.01428
 1526   -0.01285   -0.01639    0.02873
 1527   -0.00185    0.00112    0.00620
 1528   -0.00179    0.00195    0.00467
 1529   -0.00122    0.00211    0.00411
 1530   -0.00219    0.00215    0.00415
 1531   -0.00048    0.00224    0.00303
 1532   -0.00172    0.00250    0.00287
 1533   -0.00205    0.00368    0.00129
 1534   -0.00289    0.00202    0.00436
 1535    0.00087    0.00186    0.00397
 1536    0.00128    0.00205    0.00339
 1537   -0.00008    0.00122    0.00414
 1538    0.00022    0.00132    0.00380
 1539    0.00408    0.00258    0.00350
 1540   -0.00144    0.00009    0.00529
 1541   -0.00250   -0.00049    0.00527
 1542   -0.00376   -0.00122    0.00544
 1543   -0.00387   -0.00157    0.00414
 1544   -0.00275   -0.00174    0.00594
 1545   -0.00451   -0.00125    0.00593
 1546   -0.00509   -0.00112    0.00614
 1547   -0.00404   -0.00051    0.00484
 1548   -0.00447   -0.00066    0.00442
 1549   -0.00654   -0.00063    0.00711
 1550   -0.00852   -0.00012    0.00796
 1551   -0.00891    0.00073    0.00765
 1552   -0.01326    0.00242    0.00977
 1553   -0.01682    0.00115    0.01373
 1554   -0.00303    0.00042    0.00454
 1555   -0.00211    0.00104    0.00400
 1556   -0.00141    0.00058    0.00323
 1557   -0.00090    0.00004    0.00249
 1558   -0.00086    0.00194    0.00340
 1559   -0.00024    0.00167    0.00262
 1560   -0.00179    0.00245    0.00361
 1561   -0.00111    0.00029    0.00319
 1562   -0.00108    0.00047    0.00235
 1563   -0.00157   -0.00066    0.00163
 1564   -0.00106   -0.00044    0.00076
 1565   -0.00116    0.00068    0.00238
 1566    0.00136    0.00155    0.00302
 1567   -0.00222   -0.00133    0.00169
 1568   -0.00231   -0.00191    0.00038
 1569   -0.00152   -0.00253    0.00025
 1570   -0.00095   -0.00324   -0.00143
 1571   -0.00406   -0.00324    0.00183
 1572   -0.00459   -0.00359    0.00280
 1573   -0.00579   -0.00472    0.00416
 1574   -0.00692   -0.00487    0.00589
 1575   -0.00800   -0.00524    0.00826
 1576   -0.00703   -0.00529    0.00903
 1577   -0.00965   -0.00474    0.01023
 1578   -0.00141   -0.00202    0.00129
 1579    0.00011   -0.00285    0.00060
 1580    0.00128   -0.00327   -0.00010
 1581    0.00230   -0.00484   -0.00123
 1582   -0.00023   -0.00238    0.00152
 1583   -0.00193   -0.00158    0.00253
 1584   -0.00227   -0.00085    0.00259
 1585   -0.00149   -0.00099    0.00172
 1586   -0.00364   -0.00061    0.00281
 1587    0.00121   -0.00215    0.00035
 1588    0.00215   -0.00235   -0.00003
 1589    0.00114   -0.00244   -0.00099
 1590    0.00197   -0.00327   -0.00164
 1591    0.00202   -0.00109    0.00089
 1592    0.00247   -0.00055    0.00163
 1593    0.00192    0.00010    0.00198
 1594    0.00320   -0.00090    0.00232
 1595    0.00247    0.00048    0.00216
 1596    0.00354   -0.00051    0.00275
 1597    0.00352    0.00013    0.00245
 1598   -0.00003   -0.00198   -0.00148
 1599   -0.00056   -0.00194   -0.00346
 1600    0.00057   -0.00374   -0.00490
 1601    0.00137   -0.00426   -0.00585
 1602   -0.00209   -0.00124   -0.00429
 1603   -0.00274   -0.00045   -0.00285
 1604   -0.00354   -0.00073   -0.00679
 1605    0.00109   -0.00446   -0.00463
 1606    0.00242   -0.00577   -0.00618
 1607    0.00539   -0.00814   -0.00644
 1608    0.00785   -0.00976   -0.00849
 1609    0.00147   -0.00584   -0.00541
 1610   -0.00080   -0.00586   -0.00658
 1611   -0.00346   -0.00602   -0.00308
 1612   -0.00317   -0.00626   -0.00359
 1613   -0.00424   -0.00540   -0.00172
 1614    0.00494   -0.00845   -0.00457
 1615    0.00625   -0.01036   -0.00402
 1616    0.00679   -0.01057   -0.00423
 1617    0.00772   -0.01329   -0.00469
 1618    0.00543   -0.00939   -0.00242
 1619    0.00438   -0.00933   -0.00234
 1620    0.00341   -0.00998   -0.00265
 1621    0.00337   -0.00774   -0.00166
 1622    0.00285   -0.00543   -0.00057
 1623    0.00236   -0.00557   -0.00015
 1624    0.00309   -0.00422    0.00080
 1625    0.00525   -0.00822   -0.00456
 1626    0.00484   -0.00839   -0.00480
 1627    0.00393   -0.00733   -0.00654
 1628    0.00191   -0.00462   -0.00631
 1629    0.00361   -0.00676   -0.00369
 1630    0.00391   -0.00696   -0.00225
 1631    0.00501   -0.00922   -0.00219
 1632    0.00546   -0.01010   -0.00231
 1633    0.00531   -0.01026   -0.00228
 1634    0.00533   -0.00916   -0.00886
 1635    0.00389   -0.00747   -0.01051
 1636    0.00255   -0.00470   -0.00943
 1637    0.00095   -0.00311   -0.01022
 1638    0.00713   -0.01023   -0.01593
 1639    0.00596   -0.00807   -0.02065
 1640    0.01735   -0.01551   -0.04375
 1641    0.02175   -0.02569   -0.04785
 1642    0.03106   -0.00821   -0.07307
 1643    0.00329   -0.00593   -0.00975
 1644    0.00231   -0.00384   -0.00995
 1645   -0.00019   -0.00308   -0.00929
 1646   -0.00337   -0.00470   -0.01070
 1647    0.00002   -0.00322   -0.00752
 1648   -0.00150   -0.00323   -0.00688
 1649   -0.00355   -0.00235   -0.00764
 1650   -0.00345   -0.00151   -0.00797
 1651    0.00006   -0.00373   -0.00550
 1652   -0.00030   -0.00306   -0.00419
 1653   -0.00137   -0.00265   -0.00433
 1654   -0.00413   -0.00216   -0.00482
 1655    0.00069   -0.00376   -0.00435
 1656   -0.00445   -0.00198   -0.00819
 1657   -0.00631   -0.00149   -0.00879
 1658   -0.00550   -0.00096   -0.00742
 1659   -0.00556   -0.00027   -0.00761
 1660   -0.00808   -0.00264   -0.01082
 1661   -0.00895   -0.00198   -0.01127
 1662   -0.00868   -0.00356   -0.01178
 1663   -0.00495   -0.00089   -0.00619
 1664   -0.00408    0.00052   -0.00505
 1665   -0.00276    0.00100   -0.00337
 1666   -0.00145    0.00184   -0.00170
 1667   -0.00402    0.00074   -0.00397
 1668   -0.00587    0.00086   -0.00497
 1669   -0.00533    0.00058   -0.00450
 1670   -0.00625    0.00115   -0.00563
 1671   -0.00868    0.00041   -0.00618
 1672   -0.00926   -0.00044   -0.00597
 1673   -0.00930    0.00074   -0.00649
 1674   -0.00306    0.00114   -0.00366
 1675   -0.00232    0.00200   -0.00224
 1676   -0.00197    0.00296   -0.00235
 1677   -0.00342    0.00273   -0.00374
 1678   -0.00276    0.00138   -0.00223
 1679   -0.00195    0.00031   -0.00171
 1680   -0.00204   -0.00037   -0.00315
 1681   -0.00113    0.00026   -0.00040
 1682   -0.00095   -0.00142   -0.00268
 1683    0.00003   -0.00074   -0.00026
 1684   -0.00011   -0.00177   -0.00129
 1685   -0.00190    0.00382   -0.00089
 1686   -0.00109    0.00375   -0.00097
 1687   -0.00014    0.00399    0.00022
 1688    0.00069    0.00467    0.00145
 1689   -0.00119    0.00554   -0.00034
 1690   -0.00271    0.00492   -0.00159
 1691    0.00037    0.00364    0.00017
 1692    0.00218    0.00399    0.00157
 1693    0.00334    0.00485    0.00155
 1694    0.00185    0.00420    0.00073
 1695    0.00217    0.00339    0.00172
 1696    0.00449    0.00581    0.00233
 1697    0.00540    0.00601    0.00275
 1698    0.00692    0.00568    0.00326
 1699    0.00686    0.00573    0.00334
 1700    0.00529    0.00646    0.00293
 1701    0.00370    0.00712    0.00235
 1702    0.00488    0.00703    0.00304
 1703    0.00823    0.00511    0.00350
 1704    0.00967    0.00403    0.00370
 1705    0.01130    0.00455    0.00310
 1706    0.01177    0.00430    0.00330
 1707    0.01056    0.00143    0.00376
 1708    0.01184    0.00436    0.00274
 1709    0.01411    0.00378    0.00229
 1710    0.01623    0.00227    0.00207
 1711    0.01654    0.00193    0.00210
 1712    0.01313    0.00432    0.00180
 1713    0.01475    0.00360    0.00118
 1714    0.01388    0.00373    0.00089
 1715    0.01494    0.00356    0.00126
 1716    0.01792    0.00166    0.00216
 1717    0.01981    0.00078    0.00294
 1718    0.02162   -0.00004    0.00255
 1719    0.02163    0.00065    0.00208
 1720    0.01921    0.00032    0.00454
 1721    0.01779    0.00098    0.00448
 1722    0.02386   -0.00038    0.00275
 1723    0.02653   -0.00099    0.00284
 1724    0.02810   -0.00203    0.00521
 1725    0.02689   -0.00294    0.00752
 1726    0.02634   -0.00160    0.00287
 1727    0.02735   -0.00197    0.00120
 1728    0.02606   -0.00208    0.00111
 1729    0.02814   -0.00205   -0.00071
 1730    0.03200   -0.00109   -0.00450
 1731    0.03156   -0.00177    0.00502
 1732    0.03267   -0.00368    0.00670
 1733    0.03555   -0.00684    0.00781
 1734    0.03291   -0.01514    0.00963
 1735    0.02956   -0.00373    0.00236
 1736    0.03823   -0.00852    0.00481
 1737    0.03253   -0.02207    0.00338
 1738   -0.00579   -0.09197   -0.02193
 1739   -0.05231   -0.15407   -0.01872
 1740    0.01318   -0.02686    0.00733
 1741    0.00303   -0.11606   -0.04108
 1742   -0.01270    0.00221    0.01981
 1743   -0.01042    0.00205    0.01514
 1744   -0.01340   -0.00023    0.01016
 1745   -0.01574   -0.00136    0.00956
 1746   -0.00566    0.00473    0.01634
 1747   -0.00605    0.00403    0.01510
 1748   -0.00108    0.00535    0.01462
 1749    0.00416    0.00748    0.02025
 1750   -0.01309   -0.00092    0.00640
 1751   -0.01529   -0.00316    0.00227
 1752   -0.01308   -0.00290   -0.00130
 1753   -0.01056   -0.00194   -0.00278
 1754   -0.01739   -0.00426    0.00084
 1755   -0.01940   -0.00611   -0.00398
 1756   -0.02261   -0.00782   -0.00535
 1757   -0.02496   -0.00874   -0.00275
 1758   -0.02286   -0.00834   -0.00942
 1759   -0.01411   -0.00355   -0.00283
 1760   -0.01235   -0.00368   -0.00635
 1761   -0.01480   -0.00516   -0.00956
 1762   -0.01738   -0.00605   -0.00880
 1763   -0.01075   -0.00273   -0.00505
 1764   -0.01327   -0.00322   -0.00401
 1765   -0.00776   -0.00096   -0.00176
 1766   -0.01232   -0.00248   -0.00413
 1767   -0.01380   -0.00540   -0.01242
 1768   -0.01528   -0.00611   -0.01490
 1769   -0.01433   -0.00587   -0.01512
 1770   -0.01264   -0.00519   -0.01464
 1771   -0.01457   -0.00594   -0.01715
 1772   -0.01552   -0.00611   -0.01741
 1773   -0.01799   -0.00740   -0.01701
 1774   -0.01307   -0.00483   -0.01764
 1775   -0.01954   -0.00785   -0.01727
 1776   -0.01374   -0.00495   -0.01746
 1777   -0.01716   -0.00660   -0.01727
 1778   -0.01529   -0.00576   -0.01553
 1779   -0.01461   -0.00522   -0.01570
 1780   -0.01495   -0.00532   -0.01631
 1781   -0.01574   -0.00563   -0.01610
 1782   -0.01527   -0.00509   -0.01425
 1783   -0.01480   -0.00441   -0.01445
 1784   -0.01522   -0.00476   -0.01253
 1785   -0.01412   -0.00492   -0.01677
 1786   -0.01268   -0.00412   -0.01596
 1787   -0.01117   -0.00334   -0.01433
 1788   -0.01099   -0.00300   -0.01440
 1789   -0.01228   -0.00351   -0.01573
 1790   -0.01215   -0.00359   -0.01459
 1791   -0.01120   -0.00443   -0.01353
 1792   -0.00903   -0.00446   -0.01074
 1793   -0.00812   -0.00572   -0.00928
 1794   -0.01081   -0.00214   -0.01323
 1795   -0.00946   -0.00104   -0.01154
 1796   -0.00872   -0.00009   -0.00970
 1797   -0.00930   -0.00037   -0.00943
 1798   -0.00974   -0.00144   -0.01217
 1799   -0.00937   -0.00119   -0.01149
 1800   -0.01112   -0.00269   -0.01344
 1801   -0.00740   -0.00025   -0.00852
 1802   -0.00703   -0.00023   -0.00702
 1803   -0.00748    0.00045   -0.00579
 1804   -0.00748    0.00039   -0.00402
 1805   -0.00648   -0.00000   -0.00576
 1806   -0.00527    0.00036   -0.00359
 1807   -0.00504   -0.00095   -0.00332
 1808   -0.00382    0.00135   -0.00224
 1809   -0.00700    0.00066   -0.00624
 1810   -0.00633    0.00088   -0.00599
 1811   -0.00684    0.00041   -0.00545
 1812   -0.00621   -0.00086   -0.00402
 1813   -0.00587    0.00052   -0.00732
 1814   -0.00747   -0.00049   -0.00875
 1815   -0.00427    0.00038   -0.00587
 1816   -0.00845   -0.00001   -0.00646
 1817   -0.00925   -0.00208   -0.00577
 1818   -0.01047   -0.00409   -0.00775
 1819   -0.01288   -0.00480   -0.00914
 1820   -0.01116   -0.00362   -0.01082
 1821   -0.01345   -0.00567   -0.01331
 1822   -0.01424   -0.00582   -0.01496
 1823   -0.01355   -0.00447   -0.01488
 1824   -0.01204   -0.00536   -0.01290
 1825   -0.01172   -0.00697   -0.01383
 1826   -0.01017   -0.00720   -0.01419
 1827   -0.01348   -0.01008   -0.01428
 1828   -0.01115   -0.01030   -0.01468
 1829   -0.01583   -0.00739   -0.01613
 1830   -0.01722   -0.00767   -0.01793
 1831   -0.01808   -0.00903   -0.01675
 1832   -0.01879   -0.01007   -0.01655
 1833   -0.01825   -0.00757   -0.01974
 1834   -0.01705   -0.00634   -0.01849
 1835   -0.01729   -0.00730   -0.01941
 1836   -0.01786   -0.00760   -0.01607
 1837   -0.01914   -0.00705   -0.01398
 1838   -0.02067   -0.00761   -0.01370
 1839   -0.01920   -0.00661   -0.01364
 1840   -0.01858   -0.00619   -0.01362
 1841   -0.01770   -0.00606   -0.01369
 1842   -0.01921   -0.00679   -0.01196
 1843   -0.01664   -0.00512   -0.01310
 1844   -0.02249   -0.00958   -0.01287
 1845   -0.02331   -0.01005   -0.01042
 1846   -0.02456   -0.00843   -0.00728
 1847   -0.02647   -0.00908   -0.00653
 1848   -0.02640   -0.01145   -0.00968
 1849   -0.02634   -0.01114   -0.01326
 1850   -0.02595   -0.01117   -0.00729
 1851   -0.02277   -0.00725   -0.00655
 1852   -0.02322   -0.00661   -0.00357
 1853   -0.02265   -0.00655   -0.00035
 1854   -0.02017   -0.00566   -0.00026
 1855   -0.02155   -0.00560   -0.00474
 1856   -0.02233   -0.00538   -0.00667
 1857   -0.02004   -0.00473   -0.00708
 1858   -0.02426   -0.00561   -0.00618
 1859   -0.02422   -0.00682    0.00319
 1860   -0.02410   -0.00615    0.00787
 1861   -0.02440   -0.00409    0.01114
 1862   -0.02592   -0.00439    0.01236
 1863   -0.02871   -0.00653    0.01175
 1864   -0.02859   -0.00872    0.00786
 1865   -0.02790   -0.00783    0.00743
 1866   -0.02708   -0.00899    0.00311
 1867   -0.02693   -0.00707    0.01107
 1868   -0.02095   -0.00241    0.01111
 1869   -0.01906   -0.00094    0.01227
 1870   -0.01576    0.00119    0.01625
 1871   -0.01560    0.00193    0.01858
 1872   -0.01681   -0.00080    0.00837
 1873   -0.01888   -0.00208    0.00431
 1874   -0.01315   -0.00049    0.00672
 1875   -0.01404    0.00267    0.01800
 1876   -0.01066    0.00508    0.02230
 1877   -0.00755    0.00520    0.02074
 1878   -0.00873    0.00418    0.01784
 1879   -0.01281    0.00643    0.02804
 1880   -0.00961    0.00912    0.03520
 1881   -0.01418    0.01111    0.04136
 1882   -0.02011    0.00997    0.04028
 1883   -0.01421    0.01839    0.05837
 1884   -0.00302    0.00641    0.02276
 1885    0.00001    0.00610    0.02088
 1886   -0.00103    0.00611    0.02131
 1887   -0.00052    0.00521    0.01828
 1888    0.00482    0.00784    0.02441
 1889    0.00509    0.00871    0.02567
 1890   -0.00062    0.00759    0.02611
 1891   -0.00300    0.00704    0.02533
 1892   -0.00452    0.00722    0.02650
 1893   -0.00798    0.00624    0.02169
 1894   -0.00890    0.00668    0.02147
 1895   -0.00540    0.00833    0.03326
 1896   -0.00954    0.00860    0.03495
 1897   -0.00963    0.00529    0.01867
 1898   -0.01268    0.00427    0.01510
 1899   -0.01127    0.00380    0.01113
 1900   -0.00886    0.00300    0.00950
 1901   -0.01512    0.00312    0.01355
 1902   -0.01755    0.00356    0.01741
 1903   -0.01950    0.00504    0.02099
 1904   -0.01852    0.00295    0.01727
 1905   -0.01311    0.00389    0.00977
 1906   -0.01245    0.00324    0.00597
 1907   -0.01416    0.00151    0.00195
 1908   -0.01568    0.00137    0.00213
 1909   -0.01460    0.00342    0.00576
 1910   -0.01742    0.00397    0.00504
 1911   -0.01324    0.00456    0.00905
 1912   -0.01372    0.00059   -0.00067
 1913   -0.01462   -0.00048   -0.00356
 1914   -0.01709   -0.00064   -0.00427
 1915   -0.01713   -0.00144   -0.00532
 1916   -0.01287   -0.00131   -0.00617
 1917   -0.00961   -0.00150   -0.00562
 1918   -0.01331   -0.00223   -0.00877
 1919   -0.00851   -0.00121   -0.00514
 1920   -0.01874    0.00017   -0.00336
 1921   -0.01963   -0.00031   -0.00380
 1922   -0.02070    0.00024   -0.00253
 1923   -0.02049   -0.00069   -0.00350
 1924   -0.02119    0.00053   -0.00335
 1925   -0.02094    0.00007   -0.00466
 1926   -0.02219    0.00152   -0.00471
 1927   -0.02105    0.00172   -0.00604
 1928   -0.02572    0.00273   -0.00225
 1929   -0.02099    0.00152    0.00088
 1930   -0.02158    0.00175    0.00228
 1931   -0.02099   -0.00044   -0.00060
 1932   -0.02128   -0.00165   -0.00130
 1933   -0.02055    0.00362    0.00706
 1934   -0.02159    0.00513    0.00941
 1935   -0.02379    0.00559    0.00998
 1936   -0.01988    0.00590    0.01080
 1937   -0.01986   -0.00078   -0.00132
 1938   -0.01976   -0.00226   -0.00352
 1939   -0.02090   -0.00310   -0.00534
 1940   -0.02143   -0.00381   -0.00589
 1941   -0.01753   -0.00232   -0.00419
 1942   -0.01719   -0.00309   -0.00635
 1943   -0.01654   -0.00178   -0.00128
 1944   -0.01932   -0.00291   -0.00597
 1945   -0.01877   -0.00362   -0.00698
 1946   -0.01942   -0.00434   -0.00640
 1947   -0.01912   -0.00430   -0.00674
 1948   -0.01808   -0.00339   -0.00772
 1949   -0.01675   -0.00285   -0.00912
 1950   -0.01627   -0.00276   -0.00968
 1951   -0.01531   -0.00198   -0.01144
 1952   -0.01521   -0.00252   -0.01193
 1953   -0.01989   -0.00400   -0.00509
 1954   -0.01969   -0.00415   -0.00398
 1955   -0.02013   -0.00550   -0.00444
 1956   -0.01969   -0.00563   -0.00432
 1957   -0.02012   -0.00333   -0.00247
 1958   -0.02237   -0.00482   -0.00409
 1959   -0.02350   -0.00509   -0.00435
 1960   -0.02211   -0.00557   -0.00642
 1961   -0.02257   -0.00632   -0.00649
 1962   -0.02416   -0.00495   -0.00335
 1963   -0.02324   -0.00395   -0.00007
 1964   -0.02337   -0.00375    0.00209
 1965   -0.02402   -0.00281    0.00834
 1966   -0.02685   -0.00425    0.01203
 1967   -0.02074   -0.00520   -0.00730
 1968   -0.02083   -0.00523   -0.00831
 1969   -0.02023   -0.00514   -0.00813
 1970   -0.01947   -0.00481   -0.00864
 1971   -0.01968   -0.00445   -0.00881
 1972   -0.01949   -0.00471   -0.00903
 1973   -0.01857   -0.00383   -0.00946
 1974   -0.01775   -0.00402   -0.00966
 1975   -0.01945   -0.00496   -0.00709
 1976   -0.01851   -0.00473   -0.00698
 1977   -0.01840   -0.00583   -0.00682
 1978   -0.01854   -0.00594   -0.00659
 1979   -0.01747   -0.00441   -0.00625
 1980   -0.01629   -0.00427   -0.00642
 1981   -0.01563   -0.00466   -0.00616
 1982   -0.01610   -0.00517   -0.00513
 1983   -0.01360   -0.00355   -0.00689
 1984   -0.01928   -0.00649   -0.00628
 1985   -0.02019   -0.00812   -0.00615
 1986   -0.02056   -0.00804   -0.00696
 1987   -0.02088   -0.00933   -0.00778
 1988   -0.02124   -0.00811   -0.00452
 1989   -0.02138   -0.00747   -0.00337
 1990   -0.02256   -0.00785   -0.00146
 1991   -0.01978   -0.00757   -0.00404
 1992   -0.02096   -0.00716   -0.00759
 1993   -0.02099   -0.00732   -0.00875
 1994   -0.01985   -0.00625   -0.00833
 1995   -0.02033   -0.00620   -0.00842
 1996   -0.02171   -0.00692   -0.00919
 1997   -0.02335   -0.00761   -0.00837
 1998   -0.02311   -0.00808   -0.00878
 1999   -0.02646   -0.00959   -0.00547
 2000   -0.02788   -0.01027   -0.00557
 2001   -0.01941   -0.00534   -0.00844
 2002   -0.01608   -0.00446   -0.00895
 2003   -0.01503   -0.00393   -0.00806
 2004   -0.01257   -0.00160   -0.00671
 2005   -0.01458   -0.00409   -0.01124
 2006   -0.01531   -0.00508   -0.01281
 2007   -0.01395   -0.00627   -0.01344
 2008   -0.01224   -0.00629   -0.01279
 2009   -0.01461   -0.00708   -0.01368
 2010   -0.01775   -0.00432   -0.00745
 2011   -0.01626   -0.00382   -0.00730
 2012   -0.01523   -0.00253   -0.00721
 2013   -0.01303   -0.00195   -0.00740
 2014   -0.01503   -0.00192   -0.00771
 2015   -0.01417   -0.00068   -0.00790
 2016   -0.01516   -0.00143   -0.00795
 2017   -0.01556   -0.00215   -0.00804
 2018   -0.01426   -0.00053   -0.00839
 2019   -0.01301   -0.00088   -0.00962
 2020   -0.01244   -0.00014   -0.00881
 2021   -0.01305   -0.00105   -0.01069
 2022   -0.01272   -0.00065   -0.00777
 2023   -0.01236   -0.00137   -0.00810
 2024   -0.01328   -0.00118   -0.00841
 2025   -0.01219   -0.00000   -0.00821
 2026   -0.00954   -0.00045   -0.00845
 2027   -0.00938    0.00095   -0.00782
 2028   -0.01034    0.00051   -0.00783
 2029   -0.01455   -0.00197   -0.00781
 2030   -0.01582   -0.00195   -0.00782
 2031   -0.01368   -0.00104   -0.00840
 2032   -0.01336   -0.00110   -0.00893
 2033   -0.01574   -0.00215   -0.00715
 2034   -0.01515   -0.00245   -0.00586
 2035   -0.01384   -0.00243   -0.00711
 2036   -0.01193   -0.00008   -0.00837
 2037   -0.00982    0.00126   -0.00851
 2038   -0.00888    0.00264   -0.00839
 2039   -0.00917    0.00404   -0.00802
 2040   -0.00778    0.00204   -0.00856
 2041   -0.00949    0.00041   -0.00965
 2042   -0.00953   -0.00082   -0.00950
 2043   -0.00859    0.00113   -0.01067
 2044   -0.00979    0.00210   -0.00866
 2045   -0.00943    0.00249   -0.00830
 2046   -0.01022    0.00135   -0.00921
 2047   -0.00996    0.00153   -0.00876
 2048   -0.00921    0.00292   -0.00767
 2049   -0.00790    0.00402   -0.00614
 2050   -0.00698    0.00434   -0.00564
 2051   -0.00740    0.00364   -0.00595
 2052   -0.00555    0.00515   -0.00423
 2053   -0.01096    0.00082   -0.00949
 2054   -0.01179    0.00022   -0.01030
 2055   -0.01180   -0.00003   -0.01125
 2056   -0.01173   -0.00032   -0.01133
 2057   -0.01387   -0.00053   -0.01030
 2058   -0.01423   -0.00080   -0.00964
 2059   -0.01628   -0.00174   -0.00870
 2060   -0.01686   -0.00225   -0.00879
 2061   -0.01696   -0.00237   -0.00820
 2062   -0.01156   -0.00055   -0.01260
 2063   -0.01077   -0.00142   -0.01343
 2064   -0.01170   -0.00190   -0.01417
 2065   -0.01095   -0.00178   -0.01414
 2066   -0.00950   -0.00066   -0.01300
 2067   -0.00842    0.00095   -0.01135
 2068   -0.00839   -0.00071   -0.01272
 2069   -0.00709    0.00109   -0.01112
 2070   -0.00660    0.00324   -0.00906
 2071   -0.00833    0.00323   -0.00952
 2072   -0.00427    0.00623   -0.00571
 2073   -0.01247   -0.00275   -0.01443
 2074   -0.01220   -0.00304   -0.01442
 2075   -0.01029   -0.00370   -0.01510
 2076   -0.00955   -0.00413   -0.01534
 2077   -0.01217   -0.00325   -0.01324
 2078   -0.01354   -0.00307   -0.01248
 2079   -0.01432   -0.00290   -0.01063
 2080   -0.01355   -0.00323   -0.01321
 2081   -0.01003   -0.00379   -0.01527
 2082   -0.00817   -0.00482   -0.01572
 2083   -0.00644   -0.00451   -0.01552
 2084   -0.00732   -0.00436   -0.01532
 2085   -0.00867   -0.00479   -0.01625
 2086   -0.00845   -0.00393   -0.01633
 2087   -0.00702   -0.00615   -0.01634
 2088   -0.00811   -0.00467   -0.01644
 2089   -0.00367   -0.00481   -0.01530
 2090   -0.00068   -0.00440   -0.01491
 2091    0.00180   -0.00539   -0.01541
 2092    0.00313   -0.00545   -0.01561
 2093    0.00055   -0.00348   -0.01391
 2094    0.00325   -0.00193   -0.01295
 2095    0.00257   -0.00156   -0.01374
 2096    0.00740   -0.00098   -0.01332
 2097    0.00497   -0.00046   -0.01360
 2098    0.01087    0.00021   -0.01316
 2099    0.00985    0.00067   -0.01323
 2100    0.00180   -0.00625   -0.01565
 2101    0.00453   -0.00905   -0.01478
 2102    0.00307   -0.01137   -0.01520
 2103    0.00529   -0.01155   -0.01639
 2104    0.01119   -0.00474   -0.01812
 2105    0.00041   -0.01276   -0.01571
 2106    0.00102   -0.01565   -0.01685
 2107    0.00032   -0.01325   -0.01850
 2108   -0.00143   -0.01433   -0.01769
 2109    0.00021   -0.01051   -0.01814
 2110   -0.00006   -0.00991   -0.01951
 2111   -0.00213   -0.00807   -0.01832
 2112   -0.00316   -0.00692   -0.01705
 2113    0.00184   -0.00943   -0.01861
 2114    0.00363   -0.01154   -0.01935
 2115    0.00154   -0.01508   -0.02153
 2116    0.00531   -0.02045   -0.02460
 2117   -0.03770   -0.04952   -0.00468
 2118   -0.00453   -0.00832   -0.01822
 2119   -0.00694   -0.00723   -0.01711
 2120   -0.00567   -0.00671   -0.01660
 2121   -0.00364   -0.00762   -0.01766
 2122   -0.00893   -0.00789   -0.01726
 2123   -0.01000   -0.00766   -0.01683
 2124   -0.01020   -0.00716   -0.01622
 2125   -0.01061   -0.00687   -0.01704
 2126   -0.00873   -0.00377   -0.01438
 2127   -0.00713   -0.00542   -0.01516
 2128   -0.00611   -0.00483   -0.01363
 2129   -0.00804   -0.00477   -0.01361
 2130   -0.01030   -0.00430   -0.01341
 2131   -0.00616   -0.00407   -0.01234
 2132   -0.00466   -0.00399   -0.01286
 2133   -0.00555   -0.00319   -0.01148
 2134   -0.00114   -0.00402   -0.01319
 2135   -0.00671   -0.00557   -0.01345
 2136   -0.00873   -0.00534   -0.01346
 2137   -0.01056   -0.00370   -0.01061
 2138   -0.00909   -0.00295   -0.00819
 2139   -0.00711   -0.00637   -0.01493
 2140   -0.00959   -0.00657   -0.01585
 2141   -0.01178   -0.00700   -0.01969
 2142   -0.01137   -0.00789   -0.02013
 2143   -0.01383   -0.00624   -0.02224
 2144   -0.01333   -0.00310   -0.01085
 2145   -0.01586   -0.00214   -0.00838
 2146   -0.01508   -0.00136   -0.00608
 2147   -0.01435   -0.00184   -0.00710
 2148   -0.01917   -0.00241   -0.00958
 2149   -0.01650   -0.00179   -0.01089
 2150   -0.01583   -0.00192   -0.00979
 2151   -0.01608   -0.00161   -0.01216
 2152   -0.01513    0.00018   -0.00308
 2153   -0.01406    0.00128   -0.00029
 2154   -0.01034    0.00188    0.00234
 2155   -0.00947    0.00328    0.00574
 2156   -0.00791    0.00075    0.00036
 2157   -0.00424    0.00118    0.00247
 2158   -0.00474    0.00162    0.00390
 2159   -0.00697    0.00097    0.00197
 2160   -0.00184   -0.00054   -0.00033
 2161    0.00135   -0.00047   -0.00001
 2162    0.00486   -0.00175   -0.00187
 2163    0.00978   -0.00101   -0.00045
 2164    0.01207   -0.00228   -0.00267
 2165    0.02139   -0.00071   -0.00074
 2166    0.00927   -0.00397   -0.00641
 2167   -0.00215    0.00283    0.00751
 2168   -0.00221    0.00348    0.00914
 2169   -0.00067    0.00263    0.00711
 2170    0.00148    0.00205    0.00490
 2171    0.00000    0.00484    0.01418
 2172    0.00411    0.00516    0.01480
 2173   -0.00222    0.00598    0.01726
 2174   -0.00147    0.00280    0.00778
 2175   -0.00012    0.00229    0.00606
 2176    0.00435    0.00306    0.00758
 2177    0.00644    0.00261    0.00503
 2178   -0.00228    0.00232    0.00687
 2179   -0.00624    0.00102    0.00396
 2180   -0.00871    0.00099    0.00586
 2181   -0.00581    0.00002    0.00004
 2182    0.00628    0.00421    0.01140
 2183    0.01080    0.00557    0.01358
 2184    0.01423    0.00492    0.01143
 2185    0.01880    0.00549    0.01070
 2186    0.01138    0.00663    0.01871
 2187    0.01652    0.00870    0.02102
 2188    0.01232    0.00408    0.00987
 2189    0.01517    0.00343    0.00772
 2190    0.01630    0.00203    0.00357
 2191    0.02127    0.00133    0.00167
 2192    0.01162    0.00286    0.00651
 2193    0.01169    0.00419    0.01019
 2194    0.00781    0.00415    0.01058
 2195    0.01585    0.00569    0.01391
 2196    0.01304    0.00134    0.00184
 2197    0.01351    0.00010   -0.00170
 2198    0.01539    0.00128   -0.00156
 2199    0.01565    0.00095   -0.00435
 2200    0.00859   -0.00083   -0.00486
 2201    0.00669   -0.00189   -0.00637
 2202    0.00370   -0.00164   -0.00489
 2203    0.00753   -0.00370   -0.00829
 2204    0.00204   -0.00265   -0.00628
 2205    0.00627   -0.00500   -0.00941
 2206    0.00349   -0.00437   -0.00887
 2207    0.00173   -0.00576   -0.01038
 2208    0.01696    0.00297    0.00238
 2209    0.01894    0.00407    0.00360
 2210    0.01653    0.00325    0.00101
 2211    0.01938    0.00287   -0.00138
 2212    0.02626    0.00418    0.00318
 2213    0.03305    0.00524    0.00695
 2214    0.03469    0.00707    0.01199
 2215    0.03552    0.00360    0.00398
 2216    0.01149    0.00310    0.00123
 2217    0.00836    0.00254   -0.00070
 2218    0.00915    0.00353    0.00207
 2219    0.00822    0.00477    0.00609
 2220    0.00342    0.00148   -0.00204
 2221    0.00249   -0.00017   -0.00657
 2222    0.00072    0.00095   -0.00213
 2223    0.00321   -0.00017   -0.00643
 2224    0.01078    0.00336   -0.00039
 2225    0.01238    0.00437    0.00142
 2226    0.00768    0.00356    0.00085
 2227    0.00315    0.00222   -0.00089
 2228    0.01995    0.00551   -0.00024
 2229    0.03173    0.00917    0.00495
 2230    0.03983    0.01478    0.01282
 2231    0.04633    0.01774    0.01452
 2232    0.03802    0.01417    0.01668
 2233    0.00832    0.00459    0.00259
 2234    0.00397    0.00310    0.00165
 2235    0.00288    0.00141   -0.00456
 2236    0.00721    0.00212   -0.00725
 2237    0.00507    0.00455    0.00578
 2238    0.01202    0.00602    0.00616
 2239    0.01664    0.00966    0.01420
 2240    0.01922    0.01039    0.01655
 2241    0.05020    0.02137    0.02893
 2242   -0.00224    0.00007   -0.00629
 2243   -0.00331   -0.00106   -0.01158
 2244   -0.00082   -0.00115   -0.01496
 2245    0.00075   -0.00131   -0.01890
 2246   -0.00227   -0.00081   -0.01396
 2247   -0.00494   -0.00138   -0.01020
 2248   -0.00002    0.00055   -0.00644
 2249    0.00695    0.00223   -0.00928
 2250   -0.00138    0.00101   -0.00023
 2251   -0.00067   -0.00120   -0.01290
 2252    0.00049   -0.00091   -0.01534
 2253   -0.00408   -0.00246   -0.01557
 2254   -0.00641   -0.00304   -0.01349
 2255    0.00451   -0.00002   -0.01336
 2256    0.00244   -0.00034   -0.00992
 2257   -0.00499   -0.00283   -0.01711
 2258   -0.00782   -0.00396   -0.01780
 2259   -0.00785   -0.00398   -0.01663
 2260   -0.00552   -0.00349   -0.01627
 2261   -0.00855   -0.00359   -0.01931
 2262   -0.00819   -0.00281   -0.02135
 2263   -0.01079   -0.00392   -0.01923
 2264   -0.00964   -0.00448   -0.01620
 2265   -0.00965   -0.00426   -0.01577
 2266   -0.01029   -0.00431   -0.01663
 2267   -0.01106   -0.00435   -0.01661
 2268   -0.01058   -0.00419   -0.01460
 2269   -0.00950   -0.00353   -0.01258
 2270   -0.01098   -0.00317   -0.01069
 2271   -0.00679   -0.00314   -0.01240
 2272   -0.01014   -0.00361   -0.01596
 2273   -0.01022   -0.00326   -0.01605
 2274   -0.01054   -0.00272   -0.01558
 2275   -0.01060   -0.00282   -0.01545
 2276   -0.00990   -0.00344   -0.01571
 2277   -0.00976   -0.00446   -0.01550
 2278   -0.00989   -0.00462   -0.01335
 2279   -0.00922   -0.00483   -0.01605
 2280   -0.01020   -0.00580   -0.01227
 2281   -0.00934   -0.00553   -0.01449
 2282   -0.01058   -0.00228   -0.01491
 2283   -0.01096   -0.00170   -0.01441
 2284   -0.00940   -0.00123   -0.01280
 2285   -0.00880   -0.00115   -0.01171
 2286   -0.01195   -0.00235   -0.01409
 2287   -0.01281   -0.00208   -0.01379
 2288   -0.01352   -0.00203   -0.01336
 2289   -0.01342   -0.00265   -0.01263
 2290   -0.00853   -0.00064   -0.01203
 2291   -0.00732    0.00048   -0.00977
 2292   -0.00800    0.00101   -0.00923
 2293   -0.01018    0.00074   -0.01055
 2294   -0.00671    0.00074   -0.00910
 2295   -0.00536    0.00237   -0.00658
 2296   -0.00653   -0.00039   -0.00972
 2297   -0.00670    0.00183   -0.00753
 2298   -0.00699    0.00290   -0.00706
 2299   -0.00614    0.00481   -0.00497
 2300   -0.00482    0.00550   -0.00286
 2301   -0.00693    0.00220   -0.00701
 2302   -0.00854    0.00095   -0.00922
 2303   -0.00810    0.00078   -0.00857
 2304   -0.01056    0.00046   -0.01012
 2305   -0.00660    0.00443   -0.00505
 2306   -0.00527    0.00598   -0.00320
 2307   -0.00498    0.00580   -0.00288
 2308   -0.00574    0.00604   -0.00400
 2309   -0.00562    0.00715   -0.00384
 2310   -0.00467    0.00730   -0.00398
 2311   -0.00358    0.00893   -0.00221
 2312   -0.00365    0.00822   -0.00323
 2313   -0.00371    0.00825   -0.00331
 2314   -0.00394    0.00732   -0.00222
 2315   -0.00327    0.00832   -0.00347
 2316   -0.00392    0.00647   -0.00163
 2317   -0.00331    0.00642   -0.00071
 2318   -0.00268    0.00702    0.00090
 2319   -0.00288    0.00763    0.00123
 2320   -0.00299    0.00585   -0.00089
 2321   -0.00493    0.00487   -0.00264
 2322   -0.00430    0.00414   -0.00240
 2323   -0.00581    0.00429   -0.00355
 2324   -0.00238    0.00740    0.00111
 2325   -0.00223    0.00806    0.00203
 2326   -0.00106    0.00746    0.00295
 2327   -0.00097    0.00683    0.00284
 2328   -0.00246    0.00813    0.00189
 2329   -0.00314    0.00832    0.00105
 2330   -0.00261    0.00755    0.00033
 2331   -0.00244    0.00803    0.00122
 2332   -0.00159    0.00772    0.00102
 2333   -0.00093    0.00646   -0.00016
 2334   -0.00135    0.00872    0.00167
 2335   -0.00024    0.00814    0.00407
 2336    0.00091    0.00753    0.00543
 2337    0.00137    0.00869    0.00610
 2338    0.00105    0.00967    0.00559
