    1    0.01392    0.09772   -0.12739
    2    0.04213    0.04204   -0.05717
    3    0.02632    0.02911   -0.03403
    4    0.00894    0.03729   -0.03833
    5    0.09114    0.04168   -0.06562
    6    0.11199   -0.00329   -0.00738
    7    0.33192   -0.01967    0.10066
    8    0.18044   -0.03988    0.03437
    9    0.02173    0.01094   -0.02155
   10    0.01205    0.00769   -0.01704
   11    0.01399    0.00161   -0.01605
   12    0.02233   -0.00381   -0.01765
   13    0.00593    0.00197   -0.01224
   14    0.00960   -0.01756   -0.00454
   15   -0.00390   -0.02462   -0.00194
   16   -0.01420   -0.02037   -0.00124
   17   -0.00674   -0.02734   -0.00171
   18    0.00886    0.00294   -0.01487
   19    0.00929   -0.00075   -0.01437
   20    0.00814   -0.00768   -0.01363
   21    0.01050   -0.01194   -0.01243
   22    0.00586    0.00225   -0.01142
   23    0.00502    0.00658   -0.01091
   24    0.00192    0.00279   -0.01045
   25    0.00670    0.00976   -0.01043
   26    0.00858   -0.00900   -0.01371
   27    0.00643   -0.00926   -0.01020
   28    0.00305   -0.00778   -0.00912
   29    0.00227   -0.00632   -0.00937
   30    0.00810   -0.01123   -0.01048
   31    0.01552   -0.01533   -0.01258
   32    0.01290   -0.01334   -0.01105
   33    0.02442   -0.01617   -0.01546
   34    0.03885   -0.02152   -0.01800
   35    0.00049   -0.00974   -0.00717
   36   -0.00071   -0.01004   -0.00603
   37   -0.00061   -0.01032   -0.00560
   38   -0.00057   -0.01235   -0.00518
   39   -0.00250   -0.01255   -0.00265
   40   -0.00225   -0.01338   -0.00192
   41    0.00015   -0.01175   -0.00495
   42   -0.00074   -0.00893   -0.00634
   43   -0.00023   -0.00902   -0.00628
   44   -0.00101   -0.00977   -0.00489
   45   -0.00161   -0.00951   -0.00475
   46   -0.00005   -0.00707   -0.00713
   47    0.00029   -0.00644   -0.00670
   48    0.00128   -0.00719   -0.00657
   49    0.00180   -0.00496   -0.00762
   50   -0.00127   -0.01093   -0.00379
   51   -0.00137   -0.01138   -0.00298
   52   -0.00126   -0.01013   -0.00441
   53   -0.00094   -0.00944   -0.00488
   54   -0.00068   -0.01228   -0.00158
   55   -0.00163   -0.01112   -0.00104
   56   -0.00110   -0.01199    0.00153
   57   -0.00012   -0.01213    0.00504
   58   -0.00224   -0.01028    0.00097
   59   -0.00182   -0.00977   -0.00420
   60   -0.00138   -0.00876   -0.00467
   61   -0.00184   -0.00885   -0.00464
   62   -0.00195   -0.00924   -0.00431
   63   -0.00145   -0.00886   -0.00403
   64   -0.00139   -0.00845   -0.00467
   65   -0.00161   -0.00948   -0.00334
   66   -0.00095   -0.00826   -0.00401
   67   -0.00157   -0.00862   -0.00500
   68   -0.00216   -0.00896   -0.00498
   69   -0.00208   -0.00797   -0.00578
   70   -0.00188   -0.00737   -0.00586
   71   -0.00157   -0.00969   -0.00374
   72   -0.00190   -0.01007   -0.00333
   73   -0.00258   -0.01013   -0.00443
   74   -0.00107   -0.01119   -0.00137
   75   -0.00243   -0.00801   -0.00597
   76   -0.00302   -0.00693   -0.00606
   77   -0.00373   -0.00623   -0.00580
   78   -0.00371   -0.00446   -0.00612
   79   -0.00363   -0.00773   -0.00609
   80   -0.00334   -0.00854   -0.00595
   81   -0.00264   -0.00857   -0.00573
   82   -0.00291   -0.00759   -0.00510
   83   -0.00303   -0.00766   -0.00589
   84   -0.00240   -0.00685   -0.00612
   85   -0.00268   -0.00444   -0.00651
   86   -0.00281   -0.01039   -0.00639
   87   -0.00246   -0.01131   -0.00772
   88   -0.00158   -0.01361   -0.00789
   89   -0.00451   -0.01726   -0.01155
   90    0.00422   -0.01563   -0.00360
   91   -0.00096   -0.00797   -0.00560
   92    0.00037   -0.00764   -0.00603
   93   -0.00033   -0.00509   -0.00672
   94   -0.00012   -0.00382   -0.00678
   95    0.00133   -0.00904   -0.00570
   96    0.00306   -0.01097   -0.00475
   97    0.00349   -0.01241   -0.00273
   98    0.00429   -0.01239   -0.00367
   99   -0.00155   -0.00491   -0.00649
  100   -0.00196   -0.00291   -0.00652
  101   -0.00263   -0.00041   -0.00620
  102   -0.00286    0.00184   -0.00617
  103   -0.00206   -0.00307   -0.00644
  104   -0.00195   -0.00407   -0.00691
  105   -0.00144   -0.00510   -0.00680
  106   -0.00208   -0.00525   -0.00629
  107   -0.00318   -0.00046   -0.00594
  108   -0.00469    0.00195   -0.00526
  109   -0.00479    0.00223   -0.00431
  110   -0.00624    0.00431   -0.00292
  111   -0.00572    0.00151   -0.00572
  112   -0.00525    0.00092   -0.00567
  113   -0.00514    0.00160   -0.00580
  114   -0.00613   -0.00024   -0.00634
  115   -0.00230    0.00008   -0.00467
  116   -0.00129   -0.00001   -0.00451
  117   -0.00199    0.00066   -0.00470
  118   -0.00183    0.00196   -0.00356
  119    0.00109   -0.00304   -0.00612
  120    0.00252   -0.00452   -0.00549
  121    0.00169   -0.00635   -0.00530
  122    0.00469   -0.00826   -0.00450
  123    0.00392   -0.01047   -0.00480
  124   -0.00142    0.00015   -0.00563
  125   -0.00100    0.00163   -0.00527
  126   -0.00254    0.00415   -0.00432
  127   -0.00293    0.00538   -0.00274
  128   -0.00067    0.00103   -0.00602
  129   -0.00062    0.00200   -0.00518
  130    0.00043   -0.00105   -0.00634
  131   -0.00388    0.00485   -0.00431
  132   -0.00551    0.00786   -0.00280
  133   -0.00678    0.01097   -0.00089
  134   -0.00829    0.01378    0.00057
  135   -0.00622    0.00866   -0.00377
  136   -0.00591    0.00779   -0.00579
  137   -0.00582    0.00766   -0.00543
  138   -0.00515    0.00846   -0.00599
  139   -0.00609    0.00948   -0.00084
  140   -0.00686    0.01191    0.00067
  141   -0.00709    0.01152    0.00310
  142   -0.00858    0.01559    0.00661
  143   -0.00664    0.00963   -0.00001
  144   -0.00787    0.01119   -0.00056
  145   -0.00623    0.00691   -0.00155
  146   -0.01072    0.01510   -0.00109
  147   -0.00581    0.00795   -0.00202
  148   -0.01184    0.01620   -0.00224
  149   -0.00864    0.01155   -0.00255
  150   -0.00940    0.01159   -0.00314
  151   -0.00485    0.00824    0.00206
  152   -0.00430    0.00833    0.00292
  153   -0.00508    0.00911    0.00431
  154   -0.00474    0.00975    0.00656
  155   -0.00046    0.00612   -0.00087
  156    0.00240    0.00434   -0.00270
  157    0.00589    0.00205   -0.00414
  158    0.00844   -0.00113   -0.00505
  159    0.01228   -0.00212   -0.00559
  160    0.01486   -0.00055   -0.00571
  161    0.01620   -0.00761   -0.00752
  162   -0.00568    0.00880    0.00283
  163   -0.00639    0.00877    0.00426
  164   -0.00880    0.01279    0.00740
  165   -0.01025    0.01244    0.00915
  166   -0.00634    0.00782    0.00082
  167   -0.00439    0.00571   -0.00075
  168   -0.00406    0.00539   -0.00242
  169   -0.00434    0.00408   -0.00018
  170   -0.00975    0.01741    0.00935
  171   -0.01167    0.02255    0.01048
  172   -0.01291    0.02457    0.00522
  173   -0.01420    0.02798    0.00523
  174   -0.01169    0.02278    0.00101
  175   -0.01255    0.02337   -0.00258
  176   -0.01325    0.02599   -0.00345
  177   -0.01244    0.02514   -0.00288
  178   -0.01016    0.01837   -0.00327
  179   -0.01028    0.01902   -0.00453
  180   -0.00917    0.01540   -0.00212
  181   -0.01385    0.02805   -0.00346
  182   -0.01422    0.02933   -0.00168
  183   -0.01327    0.02901   -0.00263
  184   -0.01182    0.02700   -0.00326
  185   -0.01538    0.03542    0.00124
  186   -0.01288    0.02758    0.00001
  187   -0.01188    0.02498    0.00103
  188   -0.00998    0.02119    0.00103
  189   -0.01068    0.01996    0.00082
  190   -0.00953    0.02142    0.00041
  191   -0.01064    0.02051   -0.00041
  192   -0.01075    0.01788   -0.00148
  193   -0.01023    0.01520   -0.00259
  194   -0.01116    0.02194   -0.00128
  195   -0.01387    0.02452    0.00051
  196   -0.01277    0.02656   -0.00133
  197   -0.01139    0.02773   -0.00287
  198   -0.00635    0.03639   -0.00046
  199   -0.01039    0.01718   -0.00114
  200   -0.00882    0.01385   -0.00267
  201   -0.00836    0.01153   -0.00324
  202   -0.00875    0.01166   -0.00238
  203   -0.00744    0.01389   -0.00383
  204   -0.00692    0.01427   -0.00330
  205   -0.00636    0.01785   -0.00286
  206   -0.00629    0.01303   -0.00449
  207   -0.00548    0.01777   -0.00397
  208   -0.00567    0.01490   -0.00482
  209   -0.00638    0.01043   -0.00560
  210   -0.00610    0.01444   -0.00602
  211   -0.00626    0.01027   -0.00621
  212   -0.00670    0.01177   -0.00621
  213   -0.00636    0.00755   -0.00452
  214   -0.00521    0.00537   -0.00545
  215   -0.00385    0.00170   -0.00654
  216   -0.00410    0.00175   -0.00666
  217   -0.00519    0.00489   -0.00586
  218   -0.00864    0.00995   -0.00396
  219   -0.00960    0.00876   -0.00313
  220   -0.01093    0.01253   -0.00239
  221   -0.01163    0.01439   -0.00181
  222   -0.01257    0.01479   -0.00275
  223   -0.01121    0.01716   -0.00067
  224   -0.00374    0.00059   -0.00646
  225   -0.00318   -0.00223   -0.00677
  226   -0.00384   -0.00428   -0.00661
  227   -0.00452   -0.00394   -0.00697
  228   -0.00287   -0.00271   -0.00637
  229   -0.00234   -0.00143   -0.00600
  230   -0.00312    0.00051   -0.00652
  231   -0.00162   -0.00167   -0.00585
  232   -0.00241    0.00115   -0.00623
  233   -0.00098   -0.00053   -0.00530
  234   -0.00102    0.00057   -0.00572
  235   -0.00415   -0.00526   -0.00666
  236   -0.00480   -0.00769   -0.00646
  237   -0.00461   -0.00855   -0.00639
  238   -0.00402   -0.00714   -0.00646
  239   -0.00601   -0.00827   -0.00565
  240   -0.00779   -0.01322   -0.00436
  241   -0.00697   -0.00791   -0.00545
  242   -0.00473   -0.00996   -0.00660
  243   -0.00421   -0.01064   -0.00543
  244   -0.00523   -0.01219   -0.00471
  245   -0.00605   -0.01372   -0.00384
  246   -0.00349   -0.01025   -0.00496
  247   -0.00241   -0.00908   -0.00484
  248   -0.00232   -0.00849   -0.00474
  249   -0.00236   -0.00912   -0.00519
  250   -0.00397   -0.01079   -0.00418
  251   -0.00461   -0.01147   -0.00212
  252   -0.00433   -0.01103   -0.00178
  253   -0.00363   -0.00966   -0.00214
  254   -0.00362   -0.00968   -0.00076
  255   -0.00404   -0.00949    0.00221
  256   -0.00420   -0.00863   -0.00151
  257   -0.00513   -0.01183   -0.00097
  258   -0.00445   -0.01037   -0.00158
  259   -0.00361   -0.00962    0.00090
  260   -0.00310   -0.00808    0.00024
  261   -0.00536   -0.01103   -0.00235
  262   -0.00531   -0.01312   -0.00428
  263   -0.00508   -0.00986   -0.00581
  264   -0.00327   -0.00782   -0.00563
  265   -0.00401   -0.01066    0.00311
  266   -0.00319   -0.00942    0.00550
  267   -0.00383   -0.00943    0.00862
  268   -0.00460   -0.01013    0.00841
  269   -0.00304   -0.00852    0.01128
  270   -0.00357   -0.00762    0.01378
  271   -0.00384   -0.00868    0.01756
  272   -0.00351   -0.00904    0.01973
  273   -0.00205   -0.00650    0.01327
  274   -0.00124   -0.00722    0.01009
  275   -0.00028   -0.00668    0.00964
  276   -0.00162   -0.00707    0.00932
  277   -0.00438   -0.01034    0.01814
  278   -0.00506   -0.01186    0.02213
  279   -0.00685   -0.01527    0.02304
  280   -0.00854   -0.01467    0.01964
  281   -0.00385   -0.01113    0.02240
  282   -0.00339   -0.00970    0.01722
  283   -0.00460   -0.01103    0.01374
  284   -0.00680   -0.01214    0.01528
  285   -0.00439   -0.01040    0.01068
  286   -0.00841   -0.01695    0.02695
  287   -0.01100   -0.01982    0.02926
  288   -0.01508   -0.02135    0.02653
  289   -0.01628   -0.02216    0.02476
  290   -0.01027   -0.02171    0.03735
  291   -0.00956   -0.01909    0.03975
  292   -0.00849   -0.01530    0.04061
  293   -0.00799   -0.01749    0.05171
  294   -0.00689   -0.01287    0.03569
  295   -0.01797   -0.02207    0.02641
  296   -0.02071   -0.02581    0.02355
  297   -0.01823   -0.02232    0.01875
  298   -0.02022   -0.02475    0.01699
  299   -0.01947   -0.02607    0.02520
  300   -0.01348   -0.01874    0.01669
  301   -0.01342   -0.01868    0.01201
  302   -0.01328   -0.01936    0.01236
  303   -0.01467   -0.02061    0.01003
  304   -0.00915   -0.01589    0.00926
  305   -0.00861   -0.01453    0.00721
  306   -0.01157   -0.01830    0.01492
  307   -0.01158   -0.01651    0.01420
  308   -0.01587   -0.01787    0.01533
  309   -0.01754   -0.01614    0.01339
  310   -0.00870   -0.01541    0.01740
  311   -0.00642   -0.01345    0.01733
  312   -0.00545   -0.01253    0.01990
  313   -0.00567   -0.01044    0.01409
  314   -0.02180   -0.02259    0.01753
  315   -0.03504   -0.02723    0.02330
  316   -0.03690   -0.03232    0.01711
  317   -0.04737   -0.03828    0.02194
  318   -0.02840   -0.02949    0.01308
  319   -0.02519   -0.03223    0.01055
  320   -0.02183   -0.02877    0.00888
  321   -0.01846   -0.03045    0.00717
  322   -0.02075   -0.03157    0.00691
  323   -0.01637   -0.02521    0.00581
  324   -0.01918   -0.02330    0.00880
  325   -0.01678   -0.01882    0.00577
  326   -0.01709   -0.01528    0.00396
  327   -0.01906   -0.01410    0.00638
  328   -0.01271   -0.01391    0.00337
  329   -0.01049   -0.00913   -0.00104
  330   -0.01050   -0.01416    0.00233
  331   -0.01345   -0.01386    0.00042
  332   -0.01176   -0.00756   -0.00198
  333   -0.01197   -0.00247   -0.00351
  334   -0.01126   -0.00236   -0.00384
  335   -0.01001   -0.00582   -0.00392
  336   -0.01084   -0.01187   -0.00239
  337   -0.01139   -0.01497   -0.00110
  338   -0.01343    0.00186   -0.00447
  339   -0.01318    0.00576   -0.00618
  340   -0.01399    0.00903   -0.00770
  341   -0.01287    0.01457   -0.01091
  342   -0.01475    0.00619   -0.00811
  343   -0.01411    0.00917   -0.00762
  344   -0.01119    0.00644   -0.00448
  345   -0.00985    0.00523   -0.00426
  346   -0.01002    0.00687   -0.00629
  347   -0.01111    0.00698   -0.00447
  348   -0.01153    0.00849   -0.00577
  349   -0.01415    0.01115   -0.00752
  350   -0.00830    0.00348   -0.00381
  351   -0.00716    0.00324   -0.00420
  352   -0.00432    0.00232   -0.00395
  353   -0.00173    0.00125   -0.00293
  354   -0.00735   -0.00042   -0.00272
  355   -0.00308    0.00333   -0.00530
  356   -0.00217    0.00351   -0.00532
  357   -0.00022    0.00268   -0.00503
  358    0.00089    0.00313   -0.00515
  359   -0.00341    0.00637   -0.00639
  360   -0.00313    0.00618   -0.00632
  361   -0.00054    0.00202   -0.00485
  362    0.00054    0.00078   -0.00388
  363   -0.00027   -0.00073   -0.00359
  364   -0.00146   -0.00108   -0.00434
  365    0.00076    0.00204   -0.00472
  366    0.00031   -0.00091   -0.00264
  367    0.00020   -0.00215   -0.00230
  368    0.00075   -0.00187   -0.00242
  369    0.00136   -0.00122   -0.00238
  370    0.00001   -0.00328   -0.00004
  371   -0.00106   -0.00428    0.00103
  372   -0.00154   -0.00511    0.00019
  373   -0.00065   -0.00446    0.00503
  374    0.00020   -0.00270   -0.00316
  375    0.00032   -0.00260   -0.00344
  376    0.00021   -0.00416   -0.00281
  377    0.00021   -0.00534   -0.00294
  378    0.00026   -0.00275   -0.00410
  379    0.00027   -0.00263   -0.00410
  380    0.00144   -0.00087   -0.00449
  381   -0.00023   -0.00347   -0.00457
  382    0.00062   -0.00450   -0.00178
  383    0.00077   -0.00542   -0.00092
  384    0.00077   -0.00515   -0.00133
  385    0.00098   -0.00397   -0.00180
  386    0.00092   -0.00464    0.00050
  387    0.00090   -0.00471    0.00126
  388    0.00033   -0.00554    0.00227
  389    0.00110   -0.00383    0.00307
  390    0.00000   -0.00707   -0.00162
  391   -0.00035   -0.00776   -0.00192
  392   -0.00056   -0.00764   -0.00154
  393   -0.00020   -0.00766   -0.00105
  394   -0.00069   -0.00834   -0.00256
  395   -0.00103   -0.00844   -0.00221
  396   -0.00147   -0.00894   -0.00273
  397   -0.00101   -0.00867   -0.00162
  398   -0.00063   -0.00746   -0.00132
  399    0.00009   -0.00687   -0.00059
  400   -0.00035   -0.00747   -0.00081
  401   -0.00113   -0.00762   -0.00119
  402    0.00073   -0.00558    0.00064
  403    0.00074   -0.00452    0.00110
  404    0.00114   -0.00374    0.00163
  405    0.00075   -0.00380    0.00021
  406    0.00110   -0.00253    0.00247
  407    0.00044   -0.00304    0.00084
  408    0.00109   -0.00238    0.00197
  409   -0.00022   -0.00738   -0.00042
  410   -0.00106   -0.00809   -0.00108
  411   -0.00083   -0.00756   -0.00046
  412    0.00042   -0.00594    0.00103
  413   -0.00071   -0.00812   -0.00107
  414    0.00069   -0.00658   -0.00011
  415    0.00087   -0.00663    0.00023
  416   -0.00252   -0.00885   -0.00169
  417   -0.00184   -0.00720   -0.00040
  418   -0.00109   -0.00645   -0.00017
  419   -0.00626   -0.00625    0.00010
  420   -0.00284   -0.00785   -0.00099
  421   -0.00141   -0.00562    0.00016
  422   -0.00001   -0.00433    0.00124
  423   -0.00214   -0.00458   -0.00109
  424    0.00257   -0.00498    0.00127
  425    0.00387   -0.00325    0.00120
  426    0.00759    0.00160    0.00375
  427    0.00732    0.00178    0.00508
  428    0.00606    0.00035    0.00206
  429    0.00794    0.00109    0.00408
  430    0.00260   -0.00557    0.00057
  431    0.00898    0.00339    0.00332
  432    0.01039    0.00318    0.00462
  433    0.01109    0.00281    0.00620
  434    0.01246    0.00083    0.00678
  435    0.01211    0.00469    0.00328
  436    0.01150    0.00336    0.00620
  437    0.01200    0.00281    0.00712
  438    0.01074    0.00122    0.00771
  439    0.01119    0.00058    0.00819
  440    0.01327    0.00345    0.00710
  441    0.01376    0.00279    0.00819
  442    0.01589    0.00320    0.00865
  443    0.01744    0.00329    0.00804
  444    0.02154    0.00601    0.01117
  445    0.00902    0.00101    0.00732
  446    0.00797    0.00044    0.00748
  447    0.00831    0.00078    0.00833
  448    0.00836    0.00086    0.00874
  449    0.00639    0.00012    0.00649
  450    0.00499    0.00071    0.00629
  451    0.00408    0.00120    0.00585
  452    0.00481    0.00072    0.00624
  453    0.00369    0.00157    0.00561
  454    0.00409    0.00143    0.00578
  455    0.00820    0.00123    0.00896
  456    0.00828    0.00086    0.00993
  457    0.01038   -0.00111    0.01053
  458    0.01084   -0.00154    0.01103
  459    0.00801    0.00054    0.00962
  460    0.00595   -0.00008    0.00939
  461    0.00435    0.00071    0.00782
  462    0.00441    0.00021    0.00872
  463    0.00381    0.00039    0.00589
  464    0.01173   -0.00141    0.00919
  465    0.01376   -0.00424    0.00802
  466    0.01299   -0.00341    0.00701
  467    0.01316   -0.00565    0.00633
  468    0.01557   -0.00525    0.00594
  469    0.01798   -0.00863    0.00642
  470    0.02131   -0.01875    0.00538
  471    0.01764   -0.00556    0.00766
  472    0.01189   -0.00098    0.00732
  473    0.01110    0.00050    0.00665
  474    0.01092    0.00090    0.00714
  475    0.01087    0.00104    0.00554
  476    0.01050    0.00158    0.00733
  477    0.00985    0.00249    0.00773
  478    0.01055    0.00245    0.00941
  479    0.00868    0.00376    0.00729
  480    0.00830    0.00344    0.00745
  481    0.00719    0.00503    0.00647
  482    0.00707    0.00530    0.00643
  483    0.01022    0.00215    0.00815
  484    0.00939    0.00416    0.00844
  485    0.00990    0.00247    0.00805
  486    0.00992    0.00283    0.00739
  487    0.00885    0.00483    0.01002
  488    0.00745    0.00455    0.00810
  489    0.00784    0.00514    0.00710
  490    0.00676    0.00419    0.00575
  491    0.00614    0.00428    0.00491
  492    0.00568    0.00463    0.00501
  493    0.00470    0.00283    0.00421
  494    0.01069   -0.00088    0.00862
  495    0.01202   -0.00601    0.00990
  496    0.01191   -0.00623    0.00610
  497    0.01190   -0.00670    0.00485
  498    0.01405   -0.01329    0.01142
  499    0.01456   -0.01399    0.01636
  500    0.01539   -0.01613    0.02048
  501    0.02202   -0.02409    0.03712
  502    0.03133   -0.06036    0.06062
  503    0.01241   -0.00692    0.00380
  504    0.01221   -0.00757   -0.00003
  505    0.01140   -0.00292   -0.00093
  506    0.01144   -0.00355   -0.00345
  507    0.01229   -0.00722   -0.00171
  508    0.01131    0.00021    0.00056
  509    0.01102    0.00326   -0.00009
  510    0.01056    0.00380   -0.00007
  511    0.01018    0.00467   -0.00182
  512    0.01024    0.00535    0.00208
  513    0.00890    0.00784    0.00080
  514    0.00785    0.00849    0.00217
  515    0.00790    0.00739    0.00366
  516    0.00600    0.00951    0.00219
  517    0.01053    0.00307    0.00241
  518    0.01053    0.00282    0.00304
  519    0.01158    0.00050    0.00092
  520    0.01159    0.00136    0.00009
  521    0.01180    0.00217    0.00530
  522    0.01148    0.00411    0.00689
  523    0.01290    0.00128    0.00550
  524    0.01196    0.00348    0.00928
  525    0.01189   -0.00303    0.00015
  526    0.01307   -0.00673   -0.00222
  527    0.01383   -0.00662   -0.00596
  528    0.01546   -0.01085   -0.00894
  529    0.01383   -0.01274   -0.00089
  530    0.01463   -0.01524    0.00274
  531    0.01296   -0.01023    0.00470
  532    0.01382   -0.00775    0.00561
  533    0.01248   -0.01030    0.00618
  534    0.01248   -0.00229   -0.00694
  535    0.01287   -0.00109   -0.01134
  536    0.01272    0.00229   -0.01030
  537    0.01495    0.00255   -0.01539
  538    0.01271   -0.00024   -0.01108
  539    0.01320    0.00035   -0.01698
  540    0.01200    0.00504   -0.01704
  541    0.01117    0.00583   -0.01058
  542    0.01419    0.00743   -0.02307
  543    0.01095    0.00464   -0.00613
  544    0.00909    0.00744   -0.00406
  545    0.00972    0.00650   -0.00399
  546    0.00852    0.00747   -0.00198
  547    0.00805    0.00874   -0.00251
  548    0.00613    0.01048   -0.00232
  549    0.00653    0.01027   -0.00328
  550    0.00520    0.01006   -0.00055
  551    0.01206    0.00299   -0.00740
  552    0.01232   -0.00002   -0.00623
  553    0.01153    0.00174   -0.00491
  554    0.01110    0.00113   -0.00172
  555    0.01449   -0.00557   -0.01078
  556    0.01141    0.00332   -0.00819
  557    0.01106    0.00036   -0.00919
  558    0.00017    0.02281   -0.00619
  559    0.06676   -0.07740   -0.03890
  560    0.00162    0.02102   -0.00429
  561   -0.00110    0.02250   -0.00526
  562   -0.00375    0.02889   -0.00255
  563   -0.00025    0.02582   -0.00217
  564   -0.00023    0.01695   -0.00416
  565    0.00146    0.01574   -0.00249
  566    0.00179    0.01459   -0.00184
  567    0.00084    0.01431   -0.00218
  568    0.00418    0.01231   -0.00088
  569   -0.00457    0.02876   -0.00405
  570   -0.00305    0.02811   -0.00433
  571   -0.00140    0.02132   -0.00578
  572   -0.00102    0.01787   -0.00527
  573   -0.00442    0.02445   -0.00551
  574   -0.00078    0.01942   -0.00796
  575    0.00052    0.01999   -0.00962
  576   -0.00059    0.02804   -0.00628
  577    0.00275    0.01347   -0.01447
  578   -0.00071    0.02203   -0.00681
  579    0.00080    0.01834   -0.00949
  580    0.00245    0.01528   -0.01313
  581    0.00267    0.01603   -0.01670
  582    0.00102    0.01751   -0.00801
  583    0.00189    0.01237   -0.00933
  584    0.00085    0.01531   -0.00503
  585    0.00352    0.01188   -0.01515
  586    0.00297    0.00782   -0.02178
  587    0.00295    0.00572   -0.02654
  588    0.00414    0.00478   -0.02185
  589    0.00555    0.00579   -0.02000
  590    0.00784    0.00438   -0.02445
  591    0.00359    0.00432   -0.03341
  592    0.00161   -0.00150   -0.03949
  593    0.00634   -0.00190   -0.03625
  594    0.01034   -0.00919   -0.03249
  595   -0.00399   -0.00660   -0.05904
  596    0.00437   -0.00718   -0.05659
  597    0.00330   -0.00100   -0.04268
  598    0.01049    0.00066   -0.03278
  599    0.01345    0.00056   -0.02902
  600    0.01272    0.00050   -0.01973
  601    0.01494   -0.00108   -0.01603
  602    0.01518    0.00344   -0.02875
  603    0.02152    0.00793   -0.03219
  604    0.04593    0.02351   -0.05098
  605    0.02832    0.00903   -0.03458
  606    0.06824    0.04615   -0.07644
  607    0.01028    0.00074   -0.01718
  608    0.00949    0.00068   -0.01139
  609    0.01045   -0.00140   -0.00915
  610    0.01048   -0.00384   -0.01067
  611    0.00694    0.00279   -0.01013
  612    0.00717    0.00218   -0.00668
  613    0.00701    0.00451   -0.01015
  614    0.01077   -0.00108   -0.00705
  615    0.01155   -0.00518   -0.00487
  616    0.00903   -0.00281   -0.00457
  617    0.00829   -0.00070   -0.00490
  618    0.00952   -0.00384   -0.00429
  619    0.00700   -0.00521   -0.00359
  620    0.00536   -0.00414   -0.00356
  621    0.00540   -0.00887   -0.00319
  622    0.00273   -0.00435   -0.00325
  623    0.00184   -0.00952   -0.00243
  624    0.00049   -0.00773   -0.00281
  625   -0.00287   -0.00864   -0.00326
  626    0.00940   -0.00492   -0.00405
  627    0.00893   -0.00214   -0.00353
  628    0.00841   -0.00237   -0.00276
  629    0.00817   -0.00467   -0.00205
  630    0.00896   -0.00114   -0.00328
  631    0.00996    0.00124   -0.00146
  632    0.00916    0.00286   -0.00133
  633    0.01054    0.00104   -0.00094
  634    0.00860    0.00391   -0.00081
  635    0.01055    0.00305   -0.00029
  636    0.01018    0.00415   -0.00024
  637    0.00700   -0.00061   -0.00297
  638    0.00552   -0.00057   -0.00305
  639    0.00599    0.00203   -0.00313
  640    0.00627    0.00290   -0.00283
  641    0.00324   -0.00174   -0.00381
  642    0.00283    0.00040   -0.00430
  643    0.00040   -0.00021   -0.00516
  644   -0.00114    0.00001   -0.00582
  645    0.00578    0.00263   -0.00341
  646    0.00602    0.00493   -0.00346
  647    0.00397    0.00621   -0.00428
  648    0.00210    0.00538   -0.00502
  649    0.00674    0.00559   -0.00342
  650    0.00898    0.00479   -0.00170
  651    0.00998    0.00585   -0.00106
  652    0.01193    0.00546    0.00130
  653    0.01429    0.00742    0.00287
  654    0.00396    0.00791   -0.00397
  655    0.00216    0.00876   -0.00472
  656    0.00157    0.01101   -0.00625
  657    0.00336    0.01190   -0.00610
  658    0.00277    0.00878   -0.00353
  659    0.00148    0.00834   -0.00516
  660    0.00135    0.00761   -0.00479
  661    0.00187    0.00665   -0.00350
  662   -0.00036    0.00652   -0.00624
  663    0.00002    0.01191   -0.00810
  664   -0.00074    0.01415   -0.01099
  665   -0.00067    0.02161   -0.01210
  666   -0.00350    0.02871   -0.01656
  667   -0.00342    0.01355   -0.01158
  668   -0.00449    0.00990   -0.01142
  669   -0.00196    0.01261   -0.01068
  670   -0.00144    0.01730   -0.01153
  671   -0.00182    0.01946   -0.01351
  672   -0.00328    0.01731   -0.01310
  673   -0.00368    0.01263   -0.01103
  674   -0.00038    0.01594   -0.01270
  675   -0.00059    0.01552   -0.01258
  676    0.00278    0.01961   -0.01239
  677   -0.00395    0.01003   -0.01107
  678   -0.00448    0.02108   -0.01488
  679   -0.00603    0.01569   -0.01330
  680   -0.00349    0.00926   -0.01233
  681   -0.00043    0.00811   -0.01330
  682   -0.00368    0.00433   -0.01020
  683   -0.00227    0.00045   -0.00905
  684   -0.00146    0.00087   -0.00931
  685   -0.00077   -0.00062   -0.00946
  686   -0.00130   -0.00226   -0.00939
  687   -0.00257   -0.00484   -0.00760
  688   -0.00514   -0.00629   -0.00637
  689   -0.00123   -0.01172   -0.00765
  690   -0.00209    0.00332   -0.00948
  691   -0.00138    0.00363   -0.00897
  692   -0.00093    0.00240   -0.00725
  693   -0.00033    0.00258   -0.00704
  694   -0.00139    0.00640   -0.00941
  695   -0.00148    0.00839   -0.00871
  696   -0.00122    0.00188   -0.00653
  697   -0.00012    0.00210   -0.00515
  698   -0.00003    0.00036   -0.00548
  699    0.00079    0.00055   -0.00506
  700    0.00025    0.00115   -0.00445
  701   -0.00188   -0.00166   -0.00471
  702   -0.00096   -0.00163   -0.00570
  703   -0.00058   -0.00247   -0.00590
  704    0.00018   -0.00015   -0.00594
  705    0.00060   -0.00011   -0.00592
  706    0.00008    0.00060   -0.00672
  707    0.00050    0.00177   -0.00640
  708    0.00074    0.00221   -0.00622
  709    0.00024    0.00253   -0.00590
  710    0.00011    0.00238   -0.00648
  711    0.00038    0.00166   -0.00721
  712   -0.00099    0.00313   -0.00584
  713    0.00094    0.00232   -0.00621
  714    0.00142    0.00242   -0.00587
  715    0.00235    0.00230   -0.00546
  716    0.00253    0.00256   -0.00547
  717    0.00182    0.00342   -0.00534
  718    0.00054    0.00483   -0.00600
  719    0.00309    0.00345   -0.00447
  720   -0.00004    0.00457   -0.00650
  721    0.00202    0.00172   -0.00521
  722    0.00218    0.00125   -0.00513
  723    0.00186    0.00146   -0.00570
  724    0.00249    0.00192   -0.00553
  725    0.00118    0.00156   -0.00575
  726    0.00069    0.00262   -0.00583
  727    0.00064    0.00375   -0.00586
  728    0.00059    0.00457   -0.00607
  729   -0.00052    0.00281   -0.00613
  730   -0.00079    0.00206   -0.00631
  731   -0.00012   -0.00005   -0.00607
  732   -0.00160    0.00217   -0.00636
  733    0.00048    0.00331   -0.00550
  734    0.00048    0.00352   -0.00561
  735    0.00212    0.00325   -0.00586
  736    0.00216    0.00335   -0.00585
  737   -0.00020    0.00264   -0.00513
  738   -0.00193    0.00246   -0.00453
  739   -0.00010    0.00131   -0.00462
  740   -0.00247    0.00144   -0.00468
  741    0.00317    0.00244   -0.00563
  742    0.00457    0.00215   -0.00563
  743    0.00437    0.00278   -0.00603
  744    0.00546    0.00311   -0.00667
  745    0.00499    0.00205   -0.00527
  746    0.00557    0.00210   -0.00447
  747    0.00510    0.00240   -0.00392
  748    0.00632    0.00148   -0.00424
  749    0.00598    0.00252   -0.00320
  750    0.00647    0.00169   -0.00362
  751    0.00340    0.00290   -0.00612
  752    0.00261    0.00335   -0.00597
  753    0.00194    0.00494   -0.00667
  754    0.00182    0.00543   -0.00680
  755    0.00210    0.00329   -0.00601
  756    0.00129    0.00594   -0.00712
  757    0.00049    0.00767   -0.00674
  758    0.00194    0.00674   -0.00654
  759    0.00203    0.00783   -0.00677
  760   -0.00121    0.00855   -0.00587
  761   -0.00281    0.01010   -0.00502
  762   -0.00279    0.00975   -0.00608
  763    0.00254    0.00466   -0.00623
  764    0.00331    0.00284   -0.00586
  765    0.00504    0.00279   -0.00673
  766    0.00641    0.00286   -0.00694
  767    0.00408    0.00084   -0.00539
  768    0.00524    0.00350   -0.00770
  769    0.00647    0.00386   -0.00808
  770    0.00605    0.00515   -0.00897
  771    0.00731    0.00478   -0.00985
  772    0.00748    0.00310   -0.00788
  773    0.00867    0.00229   -0.00761
  774    0.01041    0.00203   -0.00758
  775    0.00764    0.00203   -0.00640
  776    0.00359    0.00586   -0.00843
  777    0.00056    0.00719   -0.00749
  778   -0.00037    0.01053   -0.00696
  779   -0.00030    0.01352   -0.00755
  780    0.00027    0.00730   -0.00754
  781    0.00026    0.00603   -0.00797
  782    0.00025    0.00599   -0.00850
  783    0.00098    0.00507   -0.00713
  784    0.00113    0.01035   -0.00707
  785    0.00044    0.01215   -0.00693
  786   -0.00097    0.01430   -0.00699
  787   -0.00181    0.01614   -0.00603
  788    0.00105    0.00956   -0.00639
  789    0.00192    0.00698   -0.00536
  790    0.00054    0.00259   -0.00530
  791   -0.00099    0.00285   -0.00597
  792    0.00233   -0.00110   -0.00547
  793   -0.00140    0.01416   -0.00820
  794   -0.00146    0.01452   -0.00880
  795   -0.00251    0.01733   -0.00868
  796   -0.00396    0.02084   -0.00825
  797    0.00172    0.01162   -0.01043
  798    0.00226    0.01094   -0.01067
  799    0.00113    0.01106   -0.00858
  800    0.00205    0.00881   -0.00863
  801   -0.00240    0.01570   -0.00771
  802   -0.00421    0.01878   -0.00735
  803   -0.00606    0.02048   -0.00645
  804   -0.00613    0.02273   -0.00435
  805   -0.00389    0.01461   -0.00683
  806   -0.00368    0.01291   -0.00696
  807   -0.00439    0.00983   -0.00633
  808   -0.00282    0.00725   -0.00542
  809   -0.00025    0.00689   -0.00750
  810   -0.00539    0.01994   -0.00700
  811   -0.00658    0.02115   -0.00532
  812   -0.00688    0.02230   -0.00422
  813   -0.00621    0.02126   -0.00445
  814   -0.00614    0.01918   -0.00665
  815   -0.00473    0.01644   -0.00560
  816   -0.00353    0.01502   -0.00619
  817   -0.00464    0.01503   -0.00633
  818   -0.00944    0.02574   -0.00368
  819   -0.01109    0.02888   -0.00171
  820   -0.01296    0.02873   -0.00234
  821   -0.01256    0.02715   -0.00417
  822   -0.01388    0.03459   -0.00145
  823   -0.01452    0.03541   -0.00011
  824   -0.01531    0.04221    0.00585
  825   -0.01424    0.04821    0.00797
  826   -0.01334    0.02879    0.00209
  827   -0.01248    0.02276   -0.00053
  828   -0.01195    0.01936    0.00008
  829   -0.01031    0.02016   -0.00285
  830   -0.00967    0.01511   -0.00138
  831   -0.00802    0.01529   -0.00377
  832   -0.00768    0.01344   -0.00321
  833   -0.01717    0.04098    0.00934
  834   -0.01929    0.04725    0.01904
  835   -0.01706    0.04686    0.02295
  836   -0.01614    0.03917    0.01809
  837   -0.02124    0.04606    0.02015
  838   -0.01726    0.03747    0.01957
  839   -0.01712    0.03820    0.02218
  840   -0.01993    0.04556    0.02556
  841   -0.01463    0.03304    0.02303
  842   -0.01845    0.05886    0.03434
  843   -0.02061    0.06215    0.04555
  844   -0.01869    0.05218    0.04335
  845   -0.01970    0.05529    0.05230
  846   -0.02811    0.10021    0.07374
  847   -0.01862    0.04290    0.04070
  848   -0.01874    0.03684    0.04562
  849   -0.01671    0.02915    0.03929
  850   -0.01700    0.02450    0.04239
  851   -0.01609    0.02616    0.02903
  852   -0.01420    0.02099    0.02270
  853   -0.01516    0.01392    0.02204
  854   -0.01821    0.01143    0.02063
  855   -0.01344    0.02220    0.01515
  856   -0.01214    0.01783    0.01097
  857   -0.01493    0.01024    0.01997
  858   -0.01652    0.00558    0.01844
  859   -0.01666    0.00378    0.01276
  860   -0.01805    0.00097    0.01254
  861   -0.01387    0.00283    0.01338
  862   -0.01379    0.00099    0.00986
  863   -0.01339    0.00729    0.01466
  864   -0.01280    0.00560    0.00928
  865   -0.01259    0.00447    0.00512
  866   -0.01316    0.00435    0.00500
  867   -0.01291    0.00088    0.00317
  868   -0.00915    0.00657    0.00241
  869   -0.00767    0.00520   -0.00092
  870   -0.00680    0.00267   -0.00074
  871   -0.00655    0.00733   -0.00182
  872   -0.01351    0.00751    0.00635
  873   -0.01352    0.00763    0.00567
  874   -0.01607    0.00218    0.00626
  875   -0.01574   -0.00276    0.00350
  876   -0.01440    0.01349    0.00725
  877   -0.01396    0.01431    0.00491
  878   -0.01552    0.02047    0.00888
  879   -0.01443    0.03056    0.00718
  880   -0.01478    0.04165    0.01335
  881   -0.01839    0.00153    0.01065
  882   -0.02188   -0.00333    0.01218
  883   -0.02105   -0.00856    0.00950
  884   -0.02089   -0.01404    0.00727
  885   -0.02544   -0.00256    0.01949
  886   -0.02919   -0.00872    0.02111
  887   -0.03013   -0.01033    0.02345
  888   -0.02840   -0.01292    0.01817
  889   -0.03372   -0.01072    0.03118
  890   -0.01930   -0.00656    0.00701
  891   -0.01707   -0.00879    0.00378
  892   -0.01511   -0.01064    0.00128
  893   -0.01448   -0.01466    0.00029
  894   -0.01478   -0.00472    0.00165
  895   -0.01222   -0.00669   -0.00097
  896   -0.01267   -0.00758   -0.00264
  897   -0.00948   -0.00532   -0.00198
  898   -0.01036   -0.00797   -0.00405
  899   -0.00700   -0.00537   -0.00385
  900   -0.00818   -0.00606   -0.00466
  901   -0.01293   -0.00769    0.00111
  902   -0.00955   -0.00939   -0.00090
  903   -0.01032   -0.01419   -0.00129
  904   -0.00795   -0.01784   -0.00186
  905   -0.00682   -0.00512   -0.00222
  906   -0.00548   -0.00135   -0.00232
  907   -0.00333    0.00238   -0.00327
  908   -0.00351   -0.00207   -0.00288
  909   -0.01316   -0.01493    0.00004
  910   -0.01366   -0.02047    0.00046
  911   -0.01599   -0.02724    0.00011
  912   -0.01459   -0.03339   -0.00093
  913   -0.01596   -0.01842    0.00220
  914   -0.01654   -0.02502    0.00145
  915   -0.01926   -0.02605    0.00127
  916   -0.02243   -0.03114    0.00133
  917   -0.01993   -0.03204   -0.00022
  918   -0.02057   -0.03610    0.00001
  919   -0.02631   -0.02756    0.00378
  920   -0.03115   -0.02919    0.00703
  921   -0.03230   -0.02505    0.01163
  922   -0.02987   -0.02196    0.00805
  923   -0.04047   -0.02715    0.01774
  924   -0.01559   -0.02715   -0.00081
  925   -0.01124   -0.02579   -0.00149
  926   -0.00719   -0.02647   -0.00187
  927   -0.00411   -0.02337   -0.00145
  928   -0.01063   -0.01912   -0.00196
  929   -0.00905   -0.01562   -0.00197
  930   -0.01302   -0.01809   -0.00211
  931   -0.00583   -0.02911   -0.00163
  932   -0.00334   -0.02669   -0.00253
  933   -0.00046   -0.02974   -0.00194
  934    0.00291   -0.02407   -0.00198
  935   -0.00207   -0.03143   -0.00277
  936   -0.00024   -0.02460   -0.00502
  937    0.00206   -0.03260   -0.00275
  938    0.00707   -0.04943   -0.00056
  939    0.00139   -0.02438   -0.00454
  940   -0.00054   -0.04103   -0.00127
  941    0.00555   -0.05399   -0.00087
  942    0.00251   -0.04534    0.00094
  943    0.00948   -0.05738    0.00152
  944    0.00535   -0.08606   -0.00600
  945   -0.00212   -0.03656    0.00034
  946   -0.00171   -0.03553   -0.00002
  947    0.00255   -0.02971    0.00151
  948    0.00531   -0.02654    0.00235
  949   -0.00542   -0.02968   -0.00114
  950   -0.01121   -0.03447   -0.00127
  951   -0.01355   -0.02799   -0.00256
  952   -0.02156   -0.03698   -0.00287
  953    0.00395   -0.02923    0.00127
  954    0.00688   -0.02335    0.00202
  955    0.00555   -0.01627    0.00047
  956    0.00221   -0.01564   -0.00118
  957    0.00868   -0.02536    0.00210
  958    0.00491   -0.02193    0.00035
  959    0.00815   -0.01194    0.00090
  960    0.00746   -0.00672   -0.00084
  961    0.00504   -0.00544   -0.00162
  962    0.00336   -0.00386   -0.00289
  963    0.00959   -0.00409   -0.00048
  964    0.01174   -0.00691    0.00064
  965    0.01054   -0.01198    0.00141
  966    0.00537   -0.00555   -0.00145
  967    0.00317   -0.00337   -0.00327
  968   -0.00057   -0.00594   -0.00520
  969   -0.00277   -0.00364   -0.00719
  970    0.00439   -0.00273   -0.00264
  971    0.00844    0.00174   -0.00033
  972    0.01161    0.00064    0.00308
  973    0.01678    0.00607    0.00684
  974    0.01074   -0.00426    0.00294
  975   -0.00144   -0.01098   -0.00481
  976   -0.00491   -0.01411   -0.00670
  977   -0.00585   -0.01291   -0.00701
  978   -0.00805   -0.01300   -0.00849
  979   -0.00566   -0.02006   -0.00527
  980   -0.00544   -0.02230   -0.00557
  981   -0.00821   -0.01956   -0.00929
  982   -0.00329   -0.02780   -0.00347
  983   -0.00389   -0.01132   -0.00515
  984   -0.00447   -0.00976   -0.00529
  985   -0.00471   -0.00589   -0.00652
  986   -0.00607   -0.00525   -0.00711
  987   -0.00195   -0.00907   -0.00380
  988   -0.00197   -0.01307   -0.00244
  989    0.00216   -0.01242   -0.00202
  990    0.00274   -0.01567   -0.00124
  991    0.00687   -0.01508   -0.00067
  992    0.00871   -0.01355   -0.00059
  993    0.00715   -0.01744   -0.00024
  994   -0.00307   -0.00314   -0.00652
  995   -0.00323    0.00020   -0.00729
  996   -0.00635    0.00017   -0.00966
  997   -0.00725    0.00179   -0.01091
  998   -0.00142    0.00301   -0.00688
  999   -0.00775   -0.00211   -0.01091
 1000   -0.01121   -0.00282   -0.01454
 1001   -0.01264   -0.00492   -0.01522
 1002   -0.01501   -0.00344   -0.01770
 1003   -0.01392   -0.00430   -0.01720
 1004   -0.01361   -0.00106   -0.01685
 1005   -0.01607   -0.00320   -0.02013
 1006   -0.02336    0.00481   -0.02699
 1007   -0.01914    0.00714   -0.02179
 1008   -0.01026   -0.00793   -0.01257
 1009   -0.01072   -0.01009   -0.01271
 1010   -0.00943   -0.00634   -0.01210
 1011   -0.00860   -0.00594   -0.01370
 1012   -0.01052   -0.01335   -0.00870
 1013   -0.01253   -0.01874   -0.00770
 1014   -0.00777   -0.00348   -0.01085
 1015   -0.00652   -0.00059   -0.01041
 1016   -0.00794    0.00141   -0.01175
 1017   -0.00765    0.00245   -0.01128
 1018   -0.00496    0.00064   -0.00910
 1019   -0.00403    0.00254   -0.00869
 1020   -0.00315    0.00226   -0.00807
 1021   -0.00328    0.00465   -0.00915
 1022   -0.00187    0.00310   -0.00719
 1023   -0.00253    0.00517   -0.00894
 1024   -0.00175    0.00410   -0.00812
 1025   -0.00997    0.00228   -0.01249
 1026   -0.01227    0.00412   -0.01479
 1027   -0.01554    0.00281   -0.01629
 1028   -0.01690    0.00396   -0.01686
 1029   -0.01574    0.00556   -0.01626
 1030   -0.01288    0.00744   -0.01489
 1031   -0.01383    0.00918   -0.01711
 1032   -0.01167    0.00888   -0.01555
 1033   -0.01626    0.01240   -0.02031
 1034   -0.01409   -0.00019   -0.01688
 1035   -0.01622   -0.00241   -0.02057
 1036   -0.01313   -0.00278   -0.01876
 1037   -0.01401   -0.00418   -0.02033
 1038   -0.01686   -0.00518   -0.02469
 1039   -0.02360   -0.00525   -0.03073
 1040   -0.02586   -0.01009   -0.03520
 1041   -0.04253   -0.01205   -0.05513
 1042   -0.05350   -0.02421   -0.08653
 1043   -0.00909   -0.00141   -0.01455
 1044   -0.00578   -0.00148   -0.01118
 1045   -0.00456   -0.00017   -0.00892
 1046   -0.00369    0.00053   -0.00842
 1047   -0.00641   -0.00194   -0.00777
 1048   -0.00777   -0.00120   -0.00604
 1049   -0.00640   -0.00007   -0.00460
 1050   -0.01201   -0.00317   -0.00349
 1051   -0.00516    0.00006   -0.01009
 1052   -0.00439    0.00129   -0.01004
 1053   -0.00010    0.00166   -0.00745
 1054    0.00182    0.00166   -0.00593
 1055   -0.00812    0.00124   -0.01491
 1056   -0.01833    0.00152   -0.02230
 1057   -0.01878    0.00487   -0.01843
 1058   -0.01657    0.00663   -0.01509
 1059   -0.04731    0.01718   -0.04155
 1060    0.00100    0.00164   -0.00774
 1061    0.00227    0.00383   -0.00514
 1062    0.00215    0.00353   -0.00352
 1063    0.00296    0.00427   -0.00353
 1064    0.00132    0.00594   -0.00396
 1065   -0.00069    0.00171   -0.00296
 1066   -0.00052    0.00167   -0.00247
 1067    0.00067    0.00313   -0.00389
 1068    0.00209    0.00422   -0.00443
 1069   -0.00126    0.00137   -0.00326
 1070   -0.00442    0.00088   -0.00124
 1071   -0.00121    0.00252   -0.00364
 1072   -0.00595   -0.00045   -0.00150
 1073    0.00116    0.00424   -0.00569
 1074    0.00101    0.00538   -0.00665
 1075    0.00261    0.00337   -0.00703
 1076    0.00391    0.00237   -0.00843
 1077   -0.00051    0.00496   -0.00789
 1078   -0.00147    0.00634   -0.00904
 1079   -0.00352    0.00740   -0.01012
 1080    0.00457    0.01407   -0.00697
 1081   -0.00737    0.00647   -0.01065
 1082    0.00273    0.00237   -0.00645
 1083    0.00402    0.00072   -0.00721
 1084    0.00624    0.00131   -0.00577
 1085    0.00851   -0.00013   -0.00591
 1086    0.00484    0.00055   -0.00557
 1087    0.00498    0.00290   -0.00504
 1088    0.00469    0.00329   -0.00469
 1089    0.00505    0.00206   -0.00577
 1090    0.00554    0.00032   -0.00614
 1091    0.00252    0.00491   -0.00340
 1092    0.00397    0.00210   -0.00616
 1093    0.00356    0.00051   -0.00741
 1094    0.00520   -0.00159   -0.00843
 1095    0.00512   -0.00362   -0.00865
 1096    0.00237    0.00120   -0.00820
 1097    0.00242   -0.00041   -0.00914
 1098    0.00138   -0.00075   -0.00872
 1099    0.00312   -0.00182   -0.00986
 1100    0.00123   -0.00206   -0.00908
 1101    0.00206   -0.00291   -0.00979
 1102    0.00648   -0.00157   -0.00920
 1103    0.00872   -0.00401   -0.01014
 1104    0.01025   -0.00610   -0.00964
 1105    0.01091   -0.00854   -0.01007
 1106    0.01008   -0.00300   -0.00992
 1107    0.01086   -0.00129   -0.01012
 1108    0.01393   -0.00080   -0.01247
 1109    0.00841   -0.00136   -0.01005
 1110    0.01022   -0.00467   -0.00894
 1111    0.01260   -0.00651   -0.00766
 1112    0.01199   -0.00766   -0.00790
 1113    0.01314   -0.01031   -0.00810
 1114    0.01229   -0.00424   -0.00605
 1115    0.00976   -0.00613   -0.00768
 1116    0.00854   -0.00714   -0.00757
 1117    0.00766   -0.00929   -0.00764
 1118    0.00807   -0.01113   -0.00676
 1119    0.00619   -0.00489   -0.00701
 1120    0.00451   -0.00617   -0.00675
 1121    0.00566   -0.00293   -0.00671
 1122    0.00661   -0.00897   -0.00803
 1123    0.00550   -0.01101   -0.00758
 1124    0.00617   -0.01354   -0.00623
 1125    0.00485   -0.01495   -0.00463
 1126    0.00487   -0.00959   -0.00827
 1127    0.00876   -0.01380   -0.00695
 1128    0.00989   -0.01571   -0.00597
 1129    0.01218   -0.01869   -0.00266
 1130    0.01298   -0.02059    0.00070
 1131    0.01134   -0.01422   -0.00841
 1132    0.01561   -0.01553   -0.01084
 1133    0.01676   -0.01624   -0.01103
 1134    0.01737   -0.01888   -0.01049
 1135    0.01620   -0.01423   -0.01157
 1136    0.01273   -0.01773   -0.00529
 1137    0.01466   -0.01961   -0.00100
 1138    0.01387   -0.02002    0.00249
 1139    0.01609   -0.02388    0.00603
 1140    0.01395   -0.01818   -0.00268
 1141    0.01782   -0.02120   -0.00157
 1142    0.01680   -0.02232   -0.00049
 1143    0.01433   -0.02015   -0.00067
 1144    0.02353   -0.03187    0.00398
 1145    0.01074   -0.01739    0.00379
 1146    0.00879   -0.01519    0.00772
 1147    0.00828   -0.01401    0.01493
 1148    0.01058   -0.01186    0.01848
 1149    0.00578   -0.01452    0.01539
 1150    0.00073   -0.01224    0.02265
 1151   -0.00249   -0.01611    0.02413
 1152    0.00390   -0.01963    0.01195
 1153   -0.00122   -0.01062    0.02451
 1154   -0.00194   -0.01223    0.01726
 1155   -0.00129   -0.01387    0.01355
 1156   -0.00313   -0.01542    0.01709
 1157    0.00059   -0.01462    0.00803
 1158   -0.00869   -0.01496    0.03598
 1159   -0.01747   -0.01905    0.03862
 1160   -0.01329   -0.01954    0.03923
 1161   -0.01450   -0.01813    0.04819
 1162   -0.03529   -0.01658    0.06077
 1163    0.00299   -0.02236    0.02081
 1164   -0.01138   -0.02152    0.03252
 1165   -0.01055   -0.02195    0.03233
 1166   -0.01223   -0.02696    0.03334
 1167   -0.01281   -0.03108    0.03479
 1168   -0.00987   -0.02070    0.02559
 1169   -0.00822   -0.01555    0.02298
 1170   -0.00681   -0.01518    0.01715
 1171   -0.00587   -0.01174    0.01376
 1172   -0.00484   -0.01087    0.00978
 1173   -0.00413   -0.01292    0.00832
 1174   -0.00456   -0.00874    0.00716
 1175   -0.01351   -0.02869    0.03145
 1176   -0.01623   -0.03333    0.03355
 1177   -0.01475   -0.03510    0.02846
 1178   -0.01582   -0.03891    0.03032
 1179   -0.01592   -0.03420    0.03689
 1180   -0.01670   -0.03252    0.02763
 1181   -0.01503   -0.05676    0.04967
 1182   -0.01362   -0.02976    0.02471
 1183   -0.01338   -0.02722    0.02205
 1184   -0.01612   -0.02887    0.02409
 1185   -0.01561   -0.02778    0.02502
 1186   -0.01141   -0.02298    0.01928
 1187   -0.01102   -0.02010    0.01482
 1188   -0.01164   -0.02091    0.01455
 1189   -0.01095   -0.01844    0.01223
 1190   -0.01684   -0.02716    0.02689
 1191   -0.01912   -0.02871    0.02785
 1192   -0.02208   -0.02490    0.02444
 1193   -0.02135   -0.02230    0.02096
 1194   -0.01936   -0.03446    0.03298
 1195   -0.02159   -0.02828    0.02907
 1196   -0.02757   -0.02749    0.02567
 1197   -0.02278   -0.02469    0.01992
 1198   -0.02261   -0.01969    0.01499
 1199   -0.03800   -0.02844    0.02824
 1200   -0.04346   -0.02885    0.02179
 1201   -0.02742   -0.02418    0.01929
 1202   -0.07938   -0.02041    0.05170
 1203   -0.02313   -0.02348    0.01671
 1204   -0.01890   -0.02387    0.01993
 1205   -0.01252   -0.01897    0.01063
 1206   -0.01258   -0.01501    0.00589
 1207   -0.01074   -0.01529    0.00634
 1208   -0.01032   -0.01738    0.01113
 1209   -0.00715   -0.01568    0.00586
 1210   -0.01365   -0.02164    0.01823
 1211   -0.01579   -0.01213    0.00329
 1212   -0.01461   -0.01029    0.00081
 1213   -0.00928   -0.00926   -0.00198
 1214   -0.00756   -0.00926   -0.00303
 1215   -0.01403   -0.00862   -0.00219
 1216   -0.02204   -0.01155    0.00075
 1217   -0.01936   -0.01283    0.00024
 1218   -0.02824   -0.01084    0.00123
 1219   -0.00600   -0.00927   -0.00224
 1220   -0.00321   -0.00945   -0.00208
 1221   -0.00325   -0.00728   -0.00347
 1222   -0.00409   -0.00662   -0.00393
 1223   -0.00232   -0.00915   -0.00177
 1224   -0.00294   -0.00944   -0.00064
 1225   -0.00235   -0.00912   -0.00051
 1226   -0.00422   -0.01069    0.00085
 1227   -0.00229   -0.00909    0.00032
 1228   -0.00441   -0.01123    0.00357
 1229   -0.00285   -0.00929    0.00214
 1230   -0.00179   -0.00619   -0.00299
 1231   -0.00151   -0.00435   -0.00318
 1232   -0.00064   -0.00418   -0.00290
 1233   -0.00061   -0.00561   -0.00235
 1234   -0.00053   -0.00349   -0.00177
 1235    0.00129   -0.00052   -0.00162
 1236    0.00117    0.00067   -0.00256
 1237    0.00205    0.00077   -0.00001
 1238    0.00264    0.00301   -0.00143
 1239    0.00315    0.00300   -0.00066
 1240   -0.00029   -0.00254   -0.00306
 1241    0.00021   -0.00226   -0.00301
 1242    0.00140   -0.00065   -0.00244
 1243    0.00182    0.00058   -0.00254
 1244   -0.00021   -0.00240   -0.00369
 1245   -0.00137   -0.00427   -0.00404
 1246   -0.00164   -0.00500   -0.00458
 1247   -0.00096   -0.00517   -0.00404
 1248   -0.00150   -0.00614   -0.00497
 1249   -0.00110   -0.00614   -0.00449
 1250   -0.00121   -0.00693   -0.00471
 1251    0.00169   -0.00108   -0.00192
 1252    0.00231   -0.00032   -0.00101
 1253    0.00222   -0.00049   -0.00179
 1254    0.00205   -0.00133   -0.00177
 1255    0.00244    0.00018   -0.00005
 1256    0.00208   -0.00121    0.00064
 1257    0.00256    0.00022    0.00018
 1258    0.00212   -0.00043    0.00214
 1259    0.00277    0.00080   -0.00232
 1260    0.00256    0.00125   -0.00267
 1261    0.00297    0.00144   -0.00177
 1262    0.00362    0.00212   -0.00142
 1263    0.00316    0.00159   -0.00370
 1264    0.00280    0.00152   -0.00396
 1265    0.00210    0.00117   -0.00424
 1266    0.00350    0.00237   -0.00447
 1267    0.00267    0.00081   -0.00156
 1268    0.00302    0.00114   -0.00029
 1269    0.00351    0.00147   -0.00148
 1270    0.00262    0.00129   -0.00199
 1271    0.00242    0.00006    0.00206
 1272    0.00228    0.00049    0.00273
 1273    0.00216   -0.00072    0.00268
 1274    0.00196    0.00156    0.00384
 1275    0.00165   -0.00102    0.00342
 1276    0.00194    0.00145    0.00487
 1277    0.00223    0.00039    0.00488
 1278    0.00447    0.00229   -0.00200
 1279    0.00497    0.00282   -0.00325
 1280    0.00550    0.00265   -0.00306
 1281    0.00534    0.00255   -0.00196
 1282    0.00584    0.00318   -0.00468
 1283    0.00521    0.00331   -0.00558
 1284    0.00382    0.00338   -0.00573
 1285    0.00555    0.00306   -0.00659
 1286    0.00566    0.00227   -0.00377
 1287    0.00652    0.00211   -0.00365
 1288    0.00980    0.00187   -0.00553
 1289    0.00946    0.00214   -0.00690
 1290    0.00675    0.00147   -0.00330
 1291    0.00750    0.00061   -0.00130
 1292    0.00839    0.00052   -0.00213
 1293    0.00630    0.00028    0.00065
 1294    0.01145    0.00188   -0.00531
 1295    0.01223    0.00193   -0.00796
 1296    0.01139    0.00126   -0.00928
 1297    0.00899    0.00247   -0.00840
 1298    0.01184    0.00217   -0.00887
 1299    0.01286    0.00220   -0.01220
 1300    0.01190    0.00229   -0.00756
 1301    0.01369    0.00035   -0.01150
 1302    0.01365    0.00058   -0.01477
 1303    0.00993    0.00074   -0.00917
 1304    0.00813    0.00394   -0.00956
 1305    0.01254    0.00183   -0.01822
 1306    0.01529    0.00521   -0.02753
 1307    0.02275    0.00996   -0.03454
 1308    0.01421    0.00690   -0.03055
 1309    0.01010    0.00004   -0.00580
 1310    0.00884   -0.00035   -0.00301
 1311    0.00636    0.00197   -0.00124
 1312    0.00475    0.00238    0.00063
 1313    0.00633    0.00298   -0.00220
 1314    0.00424    0.00436   -0.00088
 1315    0.00485    0.00381   -0.00056
 1316    0.00625    0.00308   -0.00194
 1317    0.00300    0.00625   -0.00235
 1318    0.00115    0.00800   -0.00204
 1319   -0.00122    0.00951   -0.00047
 1320    0.00151    0.00807   -0.00331
 1321   -0.00242    0.01080   -0.00059
 1322   -0.00077    0.01040   -0.00215
 1323    0.00251    0.00417    0.00155
 1324    0.00273    0.00372    0.00170
 1325    0.00265    0.00466    0.00084
 1326    0.00138    0.00569    0.00119
 1327    0.00167    0.00313    0.00389
 1328    0.00122    0.00294    0.00456
 1329    0.00254    0.00220    0.00355
 1330   -0.00012    0.00233    0.00703
 1331    0.00378    0.00428   -0.00023
 1332    0.00387    0.00508   -0.00108
 1333    0.00359    0.00442   -0.00070
 1334    0.00406    0.00345   -0.00056
 1335    0.00533    0.00430   -0.00267
 1336    0.00475    0.00534   -0.00350
 1337    0.00394    0.00755   -0.00390
 1338    0.00570    0.00536   -0.00459
 1339    0.00305    0.00929   -0.00540
 1340    0.00540    0.00625   -0.00603
 1341    0.00385    0.00805   -0.00644
 1342    0.00333    0.00897   -0.00819
 1343    0.00364    0.00467   -0.00034
 1344    0.00418    0.00411    0.00029
 1345    0.00510    0.00428   -0.00034
 1346    0.00511    0.00518    0.00002
 1347    0.00317    0.00462    0.00174
 1348    0.00340    0.00369    0.00184
 1349    0.00304    0.00360    0.00350
 1350    0.00366    0.00365    0.00396
 1351    0.00240    0.00396    0.00461
 1352    0.00562    0.00365   -0.00086
 1353    0.00606    0.00370   -0.00124
 1354    0.00568    0.00359   -0.00107
 1355    0.00456    0.00279   -0.00161
 1356    0.00653    0.00315   -0.00251
 1357    0.00662    0.00307   -0.00326
 1358    0.00709    0.00261   -0.00439
 1359    0.00654    0.00366   -0.00286
 1360    0.00606    0.00415   -0.00063
 1361    0.00554    0.00405   -0.00051
 1362    0.00646    0.00498   -0.00057
 1363    0.00744    0.00554   -0.00019
 1364    0.00535    0.00423    0.00050
 1365    0.00514    0.00393    0.00084
 1366    0.00483    0.00287    0.00201
 1367    0.00556    0.00481    0.00019
 1368    0.00578    0.00491   -0.00161
 1369    0.00626    0.00566   -0.00183
 1370    0.00664    0.00762   -0.00166
 1371    0.00722    0.00843   -0.00222
 1372    0.00651    0.00733   -0.00120
 1373    0.00739    0.00828   -0.00094
 1374    0.00864    0.00761    0.00022
 1375    0.00893    0.00768    0.00098
 1376    0.00697    0.00774   -0.00017
 1377    0.00574    0.00828   -0.00099
 1378    0.00466    0.00627   -0.00098
 1379    0.00519    0.00596   -0.00061
 1380    0.00496    0.00325    0.00124
 1381    0.00463    0.00288    0.00274
 1382    0.00344    0.00125    0.00276
 1383    0.00868    0.00668    0.00049
 1384    0.00915    0.00637    0.00155
 1385    0.01041    0.00612    0.00144
 1386    0.01002    0.00593    0.00061
 1387    0.00878    0.00582    0.00206
 1388    0.00813    0.00509    0.00273
 1389    0.00889    0.00566    0.00532
 1390    0.00931    0.00661    0.00411
 1391    0.01165    0.00629    0.00260
 1392    0.01306    0.00581    0.00338
 1393    0.01228    0.00536    0.00383
 1394    0.01269    0.00470    0.00429
 1395    0.01544    0.00572    0.00486
 1396    0.01398    0.00558    0.00556
 1397    0.01248    0.00590    0.00515
 1398    0.01130    0.00583    0.00354
 1399    0.01069    0.00545    0.00319
 1400    0.00848    0.00593    0.00171
 1401    0.00829    0.00615    0.00155
 1402    0.01063    0.00750    0.00322
 1403    0.01047    0.00838    0.00408
 1404    0.00896    0.00819    0.00246
 1405    0.01184    0.00824    0.00494
 1406    0.00973    0.00793    0.00318
 1407    0.01251    0.00717    0.00496
 1408    0.01132    0.00700    0.00415
 1409    0.00674    0.00600    0.00013
 1410    0.00582    0.00647   -0.00002
 1411    0.00452    0.00873   -0.00072
 1412    0.00394    0.00994   -0.00080
 1413    0.00451    0.00648   -0.00191
 1414    0.00465    0.00518   -0.00288
 1415    0.00600    0.00553   -0.00105
 1416    0.00410    0.00766   -0.00044
 1417    0.00338    0.00785   -0.00018
 1418    0.00186    0.00884   -0.00025
 1419    0.00191    0.00746    0.00013
 1420    0.00334    0.00745    0.00081
 1421    0.00342    0.00886    0.00053
 1422    0.00582    0.00676    0.00164
 1423    0.00083    0.01007   -0.00075
 1424   -0.00055    0.00997   -0.00078
 1425   -0.00176    0.00940    0.00090
 1426   -0.00340    0.01053    0.00027
 1427   -0.00068    0.01222   -0.00251
 1428   -0.00137    0.01165   -0.00139
 1429   -0.00156    0.01032   -0.00006
 1430   -0.00058    0.01299   -0.00421
 1431   -0.00134    0.00791    0.00208
 1432   -0.00231    0.00648    0.00472
 1433   -0.00411    0.00682    0.00617
 1434   -0.00467    0.00557    0.00830
 1435   -0.00232    0.00551    0.00618
 1436   -0.00135    0.00566    0.00555
 1437   -0.00220    0.00619    0.00673
 1438    0.00039    0.00523    0.00382
 1439   -0.00062    0.00611    0.00605
 1440    0.00066    0.00514    0.00484
 1441   -0.00386    0.00804    0.00447
 1442   -0.00468    0.00830    0.00538
 1443   -0.00283    0.00647    0.00523
 1444   -0.00107    0.00574    0.00409
 1445   -0.00349    0.00638    0.00634
 1446   -0.00171    0.00477    0.00618
 1447   -0.00093    0.00293    0.00689
 1448   -0.00247    0.00280    0.00838
 1449   -0.00282    0.00509    0.00802
 1450    0.00147    0.00151    0.00556
 1451    0.00170    0.00069    0.00560
 1452    0.00431   -0.00090    0.00462
 1453    0.00539   -0.00093    0.00299
 1454    0.00128    0.00088    0.00514
 1455    0.00140   -0.00013    0.00570
 1456    0.00352   -0.00138    0.00497
 1457    0.00603   -0.00259    0.00439
 1458    0.00636   -0.00332    0.00365
 1459    0.00487   -0.00263    0.00422
 1460    0.00622   -0.00318    0.00584
 1461    0.01000   -0.00474    0.00548
 1462    0.00893   -0.00331    0.00182
 1463    0.00732   -0.00330    0.00116
 1464    0.00634   -0.00351    0.00311
 1465    0.00535   -0.00204    0.00272
 1466    0.00841   -0.00362   -0.00089
 1467    0.00873   -0.00203   -0.00320
 1468    0.00609   -0.00058   -0.00473
 1469    0.00654    0.00063   -0.00570
 1470    0.00147    0.00124   -0.00452
 1471    0.00789   -0.00511    0.00490
 1472    0.01036   -0.00431    0.00704
 1473    0.00923   -0.00340    0.00883
 1474    0.00653   -0.00283    0.01013
 1475    0.01511   -0.00429    0.00860
 1476    0.01870   -0.00861    0.00833
 1477    0.01303   -0.00910    0.00602
 1478    0.03566   -0.01399    0.01073
 1479    0.00663   -0.00461    0.00898
 1480    0.00434   -0.00551    0.01145
 1481    0.00277   -0.00352    0.01003
 1482    0.00072   -0.00382    0.01185
 1483    0.00277   -0.00508    0.01268
 1484    0.00218   -0.00312    0.00970
 1485    0.00415   -0.00647    0.01432
 1486    0.00429   -0.00258    0.00688
 1487    0.00367   -0.00178    0.00492
 1488    0.00214   -0.00248    0.00753
 1489    0.00151   -0.00161    0.00803
 1490    0.00398   -0.00157    0.00250
 1491    0.00335   -0.00078    0.00093
 1492    0.00404    0.00039    0.00012
 1493    0.00238   -0.00076   -0.00089
 1494    0.00080   -0.00375    0.00881
 1495   -0.00204   -0.00395    0.01081
 1496   -0.00277   -0.00527    0.01394
 1497   -0.00262   -0.00559    0.01458
 1498   -0.00449   -0.00419    0.01014
 1499   -0.00772   -0.00265    0.00563
 1500   -0.00948   -0.00465    0.00540
 1501   -0.00599   -0.00453    0.00313
 1502   -0.00329   -0.00710    0.01720
 1503   -0.00502   -0.00817    0.02001
 1504   -0.00459   -0.00511    0.01846
 1505   -0.00563   -0.00455    0.01928
 1506   -0.00600   -0.01028    0.02271
 1507   -0.00842   -0.00922    0.02620
 1508   -0.00828   -0.00898    0.02797
 1509   -0.00970   -0.01423    0.03221
 1510   -0.01269   -0.02020    0.04893
 1511   -0.00267   -0.00328    0.01568
 1512   -0.00253   -0.00183    0.01441
 1513   -0.00171   -0.00101    0.01334
 1514   -0.00214    0.00001    0.01368
 1515   -0.00150   -0.00029    0.01183
 1516   -0.00184   -0.00057    0.01275
 1517   -0.00114   -0.00060    0.01081
 1518   -0.00390   -0.00126    0.01648
 1519   -0.00034   -0.00144    0.01149
 1520    0.00046   -0.00120    0.00996
 1521   -0.00090   -0.00261    0.01192
 1522   -0.00063   -0.00192    0.01114
 1523    0.00092   -0.00160    0.00679
 1524   -0.00242   -0.00412    0.01381
 1525   -0.00260   -0.00498    0.01453
 1526   -0.00358   -0.00502    0.01616
 1527   -0.00311   -0.00512    0.01592
 1528   -0.00311   -0.00639    0.01605
 1529   -0.00488   -0.00374    0.01801
 1530   -0.00510   -0.00319    0.01892
 1531   -0.00370   -0.00191    0.01772
 1532   -0.00384   -0.00162    0.01809
 1533   -0.00646   -0.00165    0.02069
 1534   -0.00874   -0.00059    0.02282
 1535   -0.01063    0.00125    0.02571
 1536   -0.01507    0.00367    0.02869
 1537   -0.02239    0.00287    0.03653
 1538   -0.00282   -0.00076    0.01557
 1539   -0.00201    0.00043    0.01481
 1540   -0.00048   -0.00053    0.01362
 1541    0.00061    0.00029    0.01309
 1542   -0.00101    0.00195    0.01219
 1543   -0.00013    0.00277    0.01039
 1544   -0.00186    0.00255    0.01262
 1545   -0.00026   -0.00181    0.01266
 1546    0.00037   -0.00313    0.01117
 1547    0.00045   -0.00401    0.01219
 1548    0.00135   -0.00411    0.01127
 1549   -0.00041   -0.00413    0.01022
 1550    0.00011   -0.00379    0.00766
 1551   -0.00071   -0.00434    0.01402
 1552   -0.00042   -0.00483    0.01457
 1553   -0.00011   -0.00350    0.01504
 1554    0.00061   -0.00375    0.01472
 1555   -0.00204   -0.00517    0.01679
 1556   -0.00227   -0.00625    0.01686
 1557   -0.00282   -0.00639    0.01984
 1558   -0.00493   -0.00627    0.02242
 1559   -0.00676   -0.00703    0.02427
 1560   -0.00521   -0.00762    0.02391
 1561   -0.00891   -0.00694    0.02748
 1562   -0.00043   -0.00157    0.01546
 1563    0.00091   -0.00033    0.01539
 1564    0.00325   -0.00084    0.01324
 1565    0.00463   -0.00063    0.01321
 1566    0.00046    0.00192    0.01565
 1567   -0.00190    0.00184    0.01802
 1568   -0.00277    0.00356    0.01806
 1569   -0.00173    0.00412    0.01499
 1570   -0.00558    0.00512    0.02038
 1571    0.00309   -0.00143    0.01172
 1572    0.00393   -0.00202    0.00982
 1573    0.00421   -0.00335    0.00963
 1574    0.00534   -0.00303    0.00871
 1575    0.00322   -0.00280    0.00838
 1576    0.00322   -0.00161    0.00737
 1577    0.00311   -0.00030    0.00867
 1578    0.00307   -0.00157    0.00567
 1579    0.00300    0.00130    0.00702
 1580    0.00275   -0.00037    0.00531
 1581    0.00271    0.00103    0.00564
 1582    0.00365   -0.00411    0.01012
 1583    0.00397   -0.00469    0.00905
 1584    0.00453   -0.00384    0.00983
 1585    0.00553   -0.00378    0.00866
 1586    0.00321   -0.00582    0.00904
 1587    0.00271   -0.00649    0.00827
 1588    0.00358   -0.00583    0.00798
 1589    0.00389   -0.00295    0.01191
 1590    0.00439   -0.00190    0.01288
 1591    0.00592   -0.00049    0.01268
 1592    0.00746    0.00004    0.01284
 1593    0.00145   -0.00202    0.01647
 1594    0.00051   -0.00356    0.01633
 1595   -0.00474   -0.00396    0.02171
 1596   -0.00786   -0.00336    0.02661
 1597   -0.00595   -0.00373    0.02173
 1598    0.00677   -0.00028    0.01155
 1599    0.00816    0.00057    0.01108
 1600    0.00918    0.00006    0.00954
 1601    0.01060    0.00074    0.00928
 1602    0.00806    0.00090    0.01089
 1603    0.00806    0.00156    0.01273
 1604    0.00805    0.00181    0.01133
 1605    0.00735    0.00174    0.01014
 1606    0.00625    0.00207    0.01043
 1607    0.00528    0.00217    0.01147
 1608    0.00584    0.00225    0.00919
 1609    0.00801   -0.00129    0.00839
 1610    0.00857   -0.00167    0.00664
 1611    0.00854   -0.00233    0.00629
 1612    0.00757   -0.00311    0.00537
 1613    0.00742   -0.00204    0.00549
 1614    0.00685   -0.00152    0.00534
 1615    0.00809   -0.00006    0.00502
 1616    0.00832    0.00030    0.00576
 1617    0.00904    0.00115    0.00413
 1618    0.00913   -0.00159    0.00686
 1619    0.00836   -0.00177    0.00709
 1620    0.00835   -0.00222    0.00494
 1621    0.00709   -0.00300    0.00447
 1622    0.00964    0.00083    0.00919
 1623    0.00907   -0.00188    0.00344
 1624    0.00873   -0.00170    0.00216
 1625    0.00760   -0.00204    0.00216
 1626    0.00764   -0.00121    0.00170
 1627    0.00693   -0.00276    0.00262
 1628    0.00606   -0.00294    0.00208
 1629    0.00506   -0.00353    0.00211
 1630    0.00440   -0.00398    0.00278
 1631    0.00580   -0.00308    0.00220
 1632    0.00418   -0.00373    0.00101
 1633    0.00419   -0.00445    0.00018
 1634    0.00394   -0.00386    0.00001
 1635    0.00446   -0.00416    0.00043
 1636    0.00426   -0.00282    0.00120
 1637    0.00326   -0.00305    0.00121
 1638    0.00234   -0.00390    0.00088
 1639    0.00155   -0.00414    0.00063
 1640    0.00371   -0.00092    0.00085
 1641    0.00211   -0.00029    0.00044
 1642    0.00436    0.00075    0.00092
 1643    0.00223   -0.00460    0.00032
 1644    0.00088   -0.00631    0.00004
 1645    0.00065   -0.00676    0.00019
 1646    0.00042   -0.00752   -0.00031
 1647    0.00055   -0.00629   -0.00001
 1648    0.00079   -0.00551    0.00011
 1649    0.00043   -0.00484    0.00200
 1650    0.00043   -0.00380    0.00244
 1651    0.00176   -0.00227    0.00138
 1652    0.00293   -0.00198    0.00069
 1653    0.00169   -0.00068    0.00090
 1654    0.00053   -0.00687    0.00045
 1655    0.00018   -0.00729    0.00040
 1656   -0.00038   -0.00783   -0.00033
 1657   -0.00028   -0.00738   -0.00044
 1658    0.00085   -0.00689    0.00153
 1659    0.00190   -0.00650    0.00244
 1660    0.00277   -0.00587    0.00254
 1661    0.00230   -0.00609    0.00277
 1662    0.00371   -0.00514    0.00314
 1663    0.00318   -0.00528    0.00377
 1664    0.00403   -0.00486    0.00384
 1665   -0.00058   -0.00819   -0.00126
 1666   -0.00103   -0.00868   -0.00172
 1667   -0.00102   -0.00833   -0.00176
 1668   -0.00049   -0.00778   -0.00160
 1669   -0.00129   -0.00899   -0.00243
 1670   -0.00143   -0.00862   -0.00251
 1671   -0.00108   -0.00809   -0.00235
 1672   -0.00141   -0.00750   -0.00295
 1673   -0.00179   -0.00756   -0.00383
 1674   -0.00221   -0.00828   -0.00400
 1675   -0.00155   -0.00753   -0.00132
 1676   -0.00180   -0.00673   -0.00427
 1677   -0.00227   -0.00653   -0.00492
 1678   -0.00241   -0.00518   -0.00471
 1679   -0.00151   -0.00390   -0.00419
 1680   -0.00211   -0.00645   -0.00561
 1681   -0.00245   -0.00748   -0.00600
 1682   -0.00140   -0.00564   -0.00526
 1683   -0.00310   -0.00432   -0.00528
 1684   -0.00360   -0.00261   -0.00498
 1685   -0.00375   -0.00167   -0.00561
 1686   -0.00357   -0.00221   -0.00617
 1687   -0.00481   -0.00374   -0.00412
 1688   -0.00293   -0.00041   -0.00562
 1689   -0.00305    0.00147   -0.00571
 1690   -0.00436    0.00262   -0.00576
 1691   -0.00493    0.00269   -0.00559
 1692   -0.00229    0.00219   -0.00538
 1693   -0.00247    0.00411   -0.00518
 1694   -0.00305    0.00432   -0.00512
 1695   -0.00109    0.00509   -0.00560
 1696   -0.00509    0.00314   -0.00639
 1697   -0.00700    0.00438   -0.00672
 1698   -0.00718    0.00632   -0.00648
 1699   -0.00641    0.00566   -0.00548
 1700   -0.00739    0.00216   -0.00697
 1701   -0.00639   -0.00055   -0.00690
 1702   -0.00781    0.00833   -0.00663
 1703   -0.00860    0.01063   -0.00564
 1704   -0.00988    0.00988   -0.00546
 1705   -0.01051    0.01084   -0.00608
 1706   -0.00830    0.01324   -0.00575
 1707   -0.00804    0.01598   -0.00449
 1708   -0.00755    0.01798   -0.00511
 1709   -0.00824    0.02171   -0.00500
 1710   -0.00852    0.02489   -0.00641
 1711   -0.00960    0.00911   -0.00382
 1712   -0.01038    0.00866   -0.00350
 1713   -0.01168    0.01278   -0.00462
 1714   -0.01406    0.01586   -0.00425
 1715   -0.01052    0.00826   -0.00266
 1716   -0.01036    0.01650   -0.00349
 1717   -0.00515    0.02886   -0.00320
 1718    0.02991    0.10304    0.01419
 1719   -0.05721   -0.01780   -0.01745
 1720   -0.00595    0.02990   -0.00463
 1721   -0.00426   -0.00324    0.00046
 1722   -0.00534   -0.00248    0.00109
 1723   -0.00421    0.00026    0.00134
 1724   -0.00309    0.00132    0.00095
 1725   -0.00554   -0.00314    0.00123
 1726   -0.00347   -0.00250    0.00062
 1727   -0.00361   -0.00324    0.00047
 1728   -0.00538   -0.00609    0.00028
 1729   -0.00505    0.00132    0.00206
 1730   -0.00450    0.00369    0.00226
 1731   -0.00458    0.00441    0.00249
 1732   -0.00563    0.00400    0.00312
 1733   -0.00566    0.00432    0.00352
 1734   -0.00513    0.00628    0.00417
 1735   -0.00639    0.00705    0.00549
 1736   -0.00625    0.00633    0.00556
 1737   -0.00606    0.00824    0.00657
 1738   -0.00338    0.00548    0.00181
 1739   -0.00314    0.00630    0.00178
 1740   -0.00270    0.00811    0.00163
 1741   -0.00221    0.00858    0.00144
 1742   -0.00247    0.00586    0.00100
 1743   -0.00130    0.00623    0.00019
 1744   -0.00284    0.00396    0.00118
 1745   -0.00064    0.00607   -0.00030
 1746   -0.00274    0.00869    0.00161
 1747   -0.00213    0.00931    0.00173
 1748   -0.00203    0.00873    0.00067
 1749   -0.00230    0.00790    0.00033
 1750   -0.00262    0.00894    0.00266
 1751   -0.00320    0.00857    0.00369
 1752   -0.00257    0.00907    0.00462
 1753   -0.00503    0.00737    0.00458
 1754   -0.00407    0.00871    0.00579
 1755   -0.00702    0.00724    0.00565
 1756   -0.00590    0.00794    0.00606
 1757   -0.00148    0.00862    0.00024
 1758   -0.00151    0.00742   -0.00063
 1759   -0.00126    0.00675   -0.00027
 1760   -0.00064    0.00712   -0.00020
 1761   -0.00092    0.00799   -0.00058
 1762   -0.00089    0.00606   -0.00147
 1763   -0.00068    0.00795   -0.00099
 1764   -0.00150    0.00523   -0.00042
 1765   -0.00135    0.00357    0.00003
 1766   -0.00190    0.00132   -0.00082
 1767   -0.00245    0.00107   -0.00178
 1768   -0.00133    0.00219    0.00032
 1769    0.00034    0.00136    0.00116
 1770    0.00036    0.00123    0.00165
 1771   -0.00173   -0.00141    0.00189
 1772   -0.00239   -0.00064    0.00288
 1773   -0.00094    0.00033   -0.00048
 1774   -0.00154   -0.00121   -0.00082
 1775   -0.00112   -0.00314   -0.00006
 1776   -0.00012   -0.00268    0.00087
 1777   -0.00001   -0.00043   -0.00036
 1778    0.00103   -0.00067    0.00073
 1779    0.00023    0.00168   -0.00059
 1780   -0.00116   -0.00437    0.00002
 1781   -0.00067   -0.00545    0.00106
 1782   -0.00011   -0.00584    0.00333
 1783   -0.00052   -0.00690    0.00570
 1784   -0.00094   -0.00636    0.00071
 1785   -0.00091   -0.00747    0.00182
 1786   -0.00193   -0.00762    0.00148
 1787   -0.00081   -0.00755    0.00097
 1788    0.00074   -0.00526    0.00313
 1789    0.00154   -0.00626    0.00522
 1790    0.00234   -0.00543    0.00630
 1791    0.00254   -0.00573    0.00798
 1792    0.00230   -0.00597    0.00431
 1793    0.00271   -0.00393    0.00307
 1794    0.00190   -0.00613    0.00404
 1795    0.00207   -0.00424    0.00500
 1796    0.00313   -0.00285    0.00542
 1797    0.00480   -0.00070    0.00432
 1798    0.00721    0.00022    0.00502
 1799    0.00440    0.00022    0.00299
 1800    0.00520    0.00200    0.00217
 1801    0.00330    0.00367    0.00199
 1802    0.00190    0.00373    0.00095
 1803    0.00486    0.00267    0.00184
 1804    0.00584    0.00475    0.00148
 1805    0.00681    0.00519    0.00121
 1806    0.00724    0.00718    0.00150
 1807    0.00842    0.00676    0.00156
 1808    0.00361    0.00550    0.00244
 1809    0.00204    0.00688    0.00218
 1810    0.00248    0.00922    0.00225
 1811    0.00308    0.01019    0.00340
 1812    0.00232    0.00691    0.00277
 1813    0.00271    0.00513    0.00285
 1814    0.00075    0.00754    0.00234
 1815    0.00143    0.00941    0.00119
 1816    0.00128    0.01058    0.00094
 1817    0.00057    0.01117    0.00091
 1818   -0.00006    0.01050    0.00063
 1819    0.00142    0.01018   -0.00020
 1820    0.00140    0.00921   -0.00005
 1821    0.00248    0.01066   -0.00037
 1822    0.00159    0.00735   -0.00076
 1823    0.00106    0.01138    0.00156
 1824   -0.00015    0.01118    0.00229
 1825   -0.00010    0.01042    0.00124
 1826    0.00078    0.01037    0.00078
 1827   -0.00077    0.01129    0.00385
 1828   -0.00061    0.01141    0.00529
 1829   -0.00148    0.01017    0.00378
 1830   -0.00047    0.00948    0.00069
 1831    0.00013    0.00872   -0.00021
 1832   -0.00036    0.00730    0.00010
 1833   -0.00130    0.00655    0.00053
 1834    0.00054    0.00834   -0.00085
 1835    0.00103    0.00918   -0.00140
 1836    0.00121    0.00834   -0.00184
 1837    0.00246    0.00987   -0.00138
 1838    0.00036    0.00706   -0.00010
 1839   -0.00026    0.00502    0.00061
 1840    0.00011    0.00435    0.00012
 1841    0.00119    0.00470   -0.00052
 1842   -0.00017    0.00516    0.00043
 1843   -0.00001    0.00668    0.00062
 1844   -0.00191    0.00581    0.00194
 1845   -0.00253    0.00629    0.00253
 1846   -0.00279    0.00452    0.00246
 1847   -0.00026    0.00274    0.00035
 1848    0.00073    0.00182    0.00031
 1849    0.00030   -0.00070    0.00012
 1850   -0.00083   -0.00191    0.00028
 1851    0.00088    0.00273    0.00003
 1852    0.00168    0.00451   -0.00022
 1853   -0.00038    0.00270    0.00026
 1854    0.00143   -0.00097    0.00011
 1855    0.00156   -0.00350    0.00023
 1856    0.00193   -0.00340    0.00044
 1857    0.00299   -0.00156    0.00047
 1858    0.00212   -0.00569   -0.00007
 1859    0.00061   -0.00786   -0.00061
 1860    0.00228   -0.01129   -0.00190
 1861    0.00405   -0.01076   -0.00201
 1862    0.00163   -0.01697   -0.00476
 1863    0.00150   -0.00485    0.00039
 1864    0.00240   -0.00459    0.00057
 1865    0.00446   -0.00451    0.00064
 1866    0.00535   -0.00387    0.00047
 1867    0.00147   -0.00665    0.00101
 1868   -0.00142   -0.00821    0.00029
 1869   -0.00008   -0.00671    0.00063
 1870    0.00482   -0.00517    0.00056
 1871    0.00665   -0.00586    0.00044
 1872    0.00733   -0.00391    0.00021
 1873    0.00844   -0.00422    0.00003
 1874    0.00664   -0.00774    0.00028
 1875    0.00604   -0.01116   -0.00040
 1876    0.00616   -0.00227   -0.00007
 1877    0.00664   -0.00024   -0.00051
 1878    0.00734    0.00062   -0.00069
 1879    0.00672    0.00050   -0.00050
 1880    0.00572    0.00112   -0.00050
 1881    0.00489    0.00020   -0.00058
 1882    0.00535   -0.00183   -0.00052
 1883    0.00409    0.00097   -0.00057
 1884    0.00816    0.00110   -0.00133
 1885    0.00837    0.00177   -0.00148
 1886    0.00701    0.00318   -0.00196
 1887    0.00639    0.00375   -0.00204
 1888    0.00920    0.00167   -0.00180
 1889    0.00844    0.00220   -0.00234
 1890    0.01029    0.00007   -0.00156
 1891    0.00742    0.00356   -0.00209
 1892    0.00654    0.00455   -0.00265
 1893    0.00565    0.00549   -0.00292
 1894    0.00429    0.00628   -0.00301
 1895    0.00662    0.00471   -0.00257
 1896    0.00683    0.00423   -0.00227
 1897    0.00506    0.00556   -0.00245
 1898    0.00548    0.00434   -0.00186
 1899    0.00657    0.00502   -0.00296
 1900    0.00503    0.00610   -0.00311
 1901    0.00486    0.00613   -0.00314
 1902    0.00344    0.00713   -0.00372
 1903    0.00671    0.00542   -0.00347
 1904    0.00421    0.00624   -0.00350
 1905    0.00519    0.00565   -0.00324
 1906    0.00405    0.00564   -0.00371
 1907    0.00800    0.00474   -0.00372
 1908    0.00597    0.00549   -0.00294
 1909    0.00529    0.00584   -0.00297
 1910    0.00414    0.00662   -0.00319
 1911    0.00368    0.00738   -0.00301
 1912    0.00607    0.00399   -0.00240
 1913    0.00693    0.00343   -0.00264
 1914    0.00675    0.00454   -0.00364
 1915    0.00787    0.00144   -0.00222
 1916    0.00430    0.00617   -0.00258
 1917    0.00348    0.00677   -0.00253
 1918    0.00303    0.00769   -0.00313
 1919    0.00292    0.00824   -0.00280
 1920    0.00363    0.00638   -0.00223
 1921    0.00236    0.00686   -0.00236
 1922    0.00370    0.00547   -0.00164
 1923    0.00294    0.00745   -0.00345
 1924    0.00210    0.00752   -0.00382
 1925    0.00180    0.00848   -0.00402
 1926    0.00184    0.00804   -0.00386
 1927    0.00185    0.00725   -0.00395
 1928    0.00206    0.00660   -0.00354
 1929    0.00184    0.00680   -0.00331
 1930    0.00215    0.00559   -0.00270
 1931    0.00236    0.00598   -0.00225
 1932    0.00166    0.00933   -0.00420
 1933    0.00125    0.01060   -0.00458
 1934    0.00228    0.01136   -0.00395
 1935    0.00216    0.01258   -0.00416
 1936    0.00070    0.01125   -0.00479
 1937    0.00342    0.01055   -0.00324
 1938    0.00400    0.01097   -0.00279
 1939    0.00395    0.01072   -0.00263
 1940    0.00483    0.01165   -0.00222
 1941    0.00379    0.00970   -0.00235
 1942    0.00390    0.00874   -0.00231
 1943    0.00365    0.00713   -0.00127
 1944    0.00347    0.00554   -0.00121
 1945    0.00271    0.00556   -0.00122
 1946    0.00370    0.00963   -0.00272
 1947    0.00410    0.00897   -0.00243
 1948    0.00441    0.00872   -0.00246
 1949    0.00464    0.00841   -0.00200
 1950    0.00353    0.00763   -0.00248
 1951    0.00261    0.00785   -0.00252
 1952    0.00328    0.00606   -0.00227
 1953    0.00170    0.00666   -0.00293
 1954    0.00340    0.00883   -0.00309
 1955    0.00282    0.00906   -0.00312
 1956    0.00398    0.01068   -0.00297
 1957    0.00427    0.01053   -0.00252
 1958    0.00107    0.00981   -0.00397
 1959   -0.00019    0.00995   -0.00405
 1960   -0.00207    0.01153   -0.00499
 1961   -0.00175    0.00991   -0.00432
 1962   -0.00229    0.01410   -0.00604
 1963    0.00432    0.01251   -0.00328
 1964    0.00527    0.01501   -0.00336
 1965    0.00718    0.01434   -0.00274
 1966    0.00849    0.01613   -0.00269
 1967    0.00525    0.01763   -0.00354
 1968    0.00351    0.01880   -0.00483
 1969    0.00344    0.02298   -0.00579
 1970    0.00263    0.01737   -0.00550
 1971    0.00703    0.01264   -0.00197
 1972    0.00843    0.01212   -0.00082
 1973    0.00811    0.01066   -0.00074
 1974    0.00888    0.01040   -0.00059
 1975    0.00704    0.01143   -0.00076
 1976    0.00646    0.01274   -0.00087
 1977    0.00738    0.01293    0.00003
 1978    0.00700    0.01372    0.00051
 1979    0.00459    0.01245    0.00074
 1980    0.00714    0.00887   -0.00105
 1981    0.00608    0.00683   -0.00081
 1982    0.00506    0.00560   -0.00083
 1983    0.00460    0.00414   -0.00053
 1984    0.00484    0.00529   -0.00077
 1985    0.00510    0.00639   -0.00015
 1986    0.00621    0.00634    0.00062
 1987    0.00674    0.00530    0.00121
 1988    0.00648    0.00822    0.00055
 1989    0.00481    0.00649   -0.00110
 1990    0.00352    0.00608   -0.00107
 1991    0.00177    0.00385   -0.00116
 1992    0.00011    0.00229   -0.00086
 1993    0.00175    0.00258   -0.00160
 1994    0.00034    0.00024   -0.00205
 1995   -0.00062    0.00066   -0.00225
 1996   -0.00007    0.00320   -0.00252
 1997    0.00101   -0.00030   -0.00211
 1998    0.00176   -0.00092   -0.00129
 1999    0.00033   -0.00291   -0.00210
 2000    0.00213   -0.00070   -0.00129
 2001   -0.00151   -0.00122   -0.00160
 2002   -0.00207   -0.00016   -0.00195
 2003   -0.00237    0.00131   -0.00181
 2004   -0.00245   -0.00054   -0.00153
 2005   -0.00344   -0.00300    0.00056
 2006   -0.00519   -0.00649    0.00144
 2007   -0.00317   -0.00643   -0.00036
 2008   -0.00241    0.00362   -0.00269
 2009   -0.00161    0.00430   -0.00335
 2010   -0.00252    0.00307   -0.00258
 2011   -0.00226    0.00324   -0.00218
 2012   -0.00259    0.00589   -0.00433
 2013   -0.00235    0.00700   -0.00482
 2014   -0.00302    0.00573   -0.00365
 2015   -0.00471    0.00144   -0.00014
 2016   -0.00573    0.00022    0.00309
 2017   -0.00402   -0.00272    0.00223
 2018   -0.00379   -0.00370    0.00263
 2019   -0.00642   -0.00277    0.01042
 2020   -0.00831   -0.00013    0.01484
 2021   -0.00938    0.00323    0.00690
 2022   -0.00938   -0.00216    0.02473
 2023   -0.00354   -0.00379    0.00084
 2024   -0.00269   -0.00606    0.00015
 2025   -0.00190   -0.00403   -0.00088
 2026   -0.00148   -0.00472   -0.00121
 2027   -0.00268   -0.00752    0.00049
 2028   -0.00429   -0.00995    0.00345
 2029   -0.00469   -0.01240    0.00311
 2030   -0.00389   -0.01118    0.00060
 2031   -0.00671   -0.01471    0.00723
 2032   -0.00188   -0.00142   -0.00140
 2033   -0.00068   -0.00019   -0.00244
 2034   -0.00069    0.00037   -0.00181
 2035   -0.00038    0.00163   -0.00178
 2036    0.00023    0.00110   -0.00320
 2037    0.00045    0.00071   -0.00301
 2038    0.00112    0.00314   -0.00362
 2039    0.00166    0.00428   -0.00378
 2040    0.00102    0.00385   -0.00354
 2041   -0.00001    0.00029   -0.00229
 2042    0.00024    0.00142   -0.00229
 2043    0.00103    0.00244   -0.00282
 2044   -0.00071    0.00069   -0.00335
 2045   -0.00000    0.00031   -0.00213
 2046   -0.00125   -0.00122   -0.00140
 2047   -0.00019    0.00087   -0.00122
 2048   -0.00181   -0.00083    0.00026
 2049   -0.00253   -0.00202    0.00214
 2050   -0.00302   -0.00097    0.00151
 2051   -0.00273   -0.00326    0.00388
 2052    0.00167    0.00391   -0.00267
 2053    0.00136    0.00457   -0.00264
 2054    0.00118    0.00497   -0.00247
 2055    0.00263    0.00587   -0.00200
 2056    0.00174    0.00517   -0.00241
 2057    0.00150    0.00533   -0.00295
 2058    0.00181    0.00581   -0.00284
 2059    0.00060    0.00508   -0.00283
 2060   -0.00057    0.00460   -0.00271
 2061   -0.00067    0.00539   -0.00274
 2062   -0.00044    0.00625   -0.00296
 2063   -0.00202    0.00555   -0.00298
 2064   -0.00106    0.00423   -0.00311
 2065   -0.00155    0.00219   -0.00332
 2066   -0.00107    0.00539   -0.00277
 2067   -0.00070    0.00285   -0.00240
 2068    0.00019    0.00735   -0.00250
 2069   -0.00022    0.00761   -0.00258
 2070    0.00048    0.00903   -0.00246
 2071    0.00165    0.00959   -0.00229
 2072    0.00008    0.00708   -0.00179
 2073   -0.00043    0.00706   -0.00162
 2074   -0.00203    0.00676   -0.00160
 2075    0.00007    0.00723   -0.00126
 2076   -0.00276    0.00691   -0.00093
 2077   -0.00116    0.00715   -0.00091
 2078   -0.00273    0.00674   -0.00048
 2079   -0.00026    0.00960   -0.00311
 2080   -0.00018    0.01172   -0.00404
 2081    0.00059    0.01369   -0.00461
 2082    0.00218    0.01560   -0.00512
 2083    0.00034    0.01284   -0.00423
 2084   -0.00330    0.01129   -0.00198
 2085   -0.00574    0.01037    0.00144
 2086    0.00282    0.01327   -0.00298
 2087    0.00435    0.01545   -0.00362
 2088    0.00309    0.01171   -0.00249
 2089    0.00518    0.01175   -0.00248
 2090    0.00504    0.00986   -0.00165
 2091    0.00358    0.00881   -0.00167
 2092    0.00601    0.01174   -0.00234
 2093    0.00740    0.01071   -0.00131
 2094    0.00773    0.01010   -0.00091
 2095    0.00990    0.00875   -0.00154
 2096    0.01050    0.00845   -0.00123
 2097    0.00611    0.00986   -0.00126
 2098    0.00620    0.00898   -0.00140
 2099    0.00681    0.00839   -0.00157
 2100    0.00802    0.00832   -0.00132
 2101    0.00698    0.00926   -0.00102
 2102    0.00505    0.00812   -0.00104
 2103    0.00447    0.00583    0.00016
 2104    0.00614    0.00695    0.00137
 2105    0.00189    0.00203   -0.00119
 2106    0.00591    0.00744   -0.00173
 2107    0.00630    0.00665   -0.00158
 2108    0.00688    0.00626   -0.00155
 2109    0.00635    0.00634   -0.00162
 2110    0.00517    0.00606   -0.00167
 2111    0.00394    0.00634   -0.00159
 2112    0.00274    0.00602   -0.00143
 2113    0.00446    0.00639   -0.00142
 2114    0.00861    0.00561   -0.00185
 2115    0.00977    0.00555   -0.00223
 2116    0.01021    0.00460   -0.00322
 2117    0.01020    0.00397   -0.00263
 2118    0.01240    0.00580   -0.00339
 2119    0.01391    0.00602   -0.00394
 2120    0.01272    0.00621   -0.00299
 2121    0.01231    0.00743   -0.00277
 2122    0.01322    0.00591   -0.00384
 2123    0.01013    0.00491   -0.00343
 2124    0.01062    0.00512   -0.00364
 2125    0.01210    0.00385   -0.00333
 2126    0.01338    0.00374   -0.00361
 2127    0.00955    0.00543   -0.00312
 2128    0.00483    0.00458   -0.00148
 2129    0.00420    0.00558   -0.00225
 2130    0.00309    0.00356   -0.00048
 2131    0.01135    0.00314   -0.00322
 2132    0.01282    0.00212   -0.00293
 2133    0.01237    0.00116   -0.00196
 2134    0.01310   -0.00009   -0.00153
 2135    0.01204    0.00170   -0.00204
 2136    0.01149    0.00096   -0.00158
 2137    0.01025    0.00097   -0.00165
 2138    0.00946    0.00206   -0.00190
 2139    0.01152    0.00202   -0.00181
 2140    0.01315    0.00222   -0.00179
 2141    0.01382    0.00144   -0.00150
 2142    0.01686    0.00214   -0.00170
 2143    0.01697    0.00322   -0.00211
 2144    0.02249    0.00464   -0.00246
 2145    0.01521    0.00432   -0.00241
 2146    0.00977   -0.00038   -0.00099
 2147    0.00858   -0.00056   -0.00070
 2148    0.00739    0.00014   -0.00060
 2149    0.00756    0.00067   -0.00067
 2150    0.00899   -0.00229   -0.00047
 2151    0.00925   -0.00331   -0.00025
 2152    0.01024   -0.00306   -0.00067
 2153    0.00603    0.00023   -0.00035
 2154    0.00447    0.00065   -0.00008
 2155    0.00409   -0.00069    0.00041
 2156    0.00328   -0.00014    0.00063
 2157    0.00317    0.00076    0.00030
 2158    0.00329    0.00230   -0.00015
 2159    0.00249    0.00220   -0.00016
 2160    0.00262    0.00351   -0.00040
 2161    0.00469   -0.00214    0.00058
 2162    0.00462   -0.00398    0.00103
 2163    0.00601   -0.00323    0.00056
 2164    0.00564   -0.00379    0.00091
 2165    0.00532   -0.00577    0.00108
 2166    0.00535   -0.00821    0.00167
 2167    0.00757   -0.00227   -0.00001
 2168    0.00923   -0.00182   -0.00024
 2169    0.00819   -0.00030   -0.00030
 2170    0.00943    0.00018   -0.00058
 2171    0.01056   -0.00122   -0.00062
 2172    0.01258   -0.00299   -0.00057
 2173    0.01299   -0.00257   -0.00070
 2174    0.01279   -0.00486   -0.00000
 2175    0.00641    0.00048   -0.00018
 2176    0.00538    0.00189   -0.00016
 2177    0.00364    0.00150    0.00033
 2178    0.00238    0.00302    0.00010
 2179    0.00490    0.00345   -0.00052
 2180    0.00634    0.00388   -0.00096
 2181    0.00678    0.00341   -0.00103
 2182    0.00726    0.00474   -0.00110
 2183    0.00806    0.00385   -0.00149
 2184    0.00862    0.00516   -0.00130
 2185    0.00895    0.00458   -0.00161
 2186    0.01023    0.00491   -0.00190
 2187    0.00334   -0.00058    0.00081
 2188    0.00136   -0.00139    0.00150
 2189   -0.00060   -0.00006    0.00149
 2190   -0.00280    0.00043    0.00166
 2191    0.00129   -0.00125    0.00166
 2192    0.00444   -0.00350    0.00250
 2193    0.00590   -0.00502    0.00282
 2194    0.00625   -0.00340    0.00232
 2195    0.00004    0.00058    0.00112
 2196   -0.00116    0.00170    0.00119
 2197   -0.00267    0.00033    0.00163
 2198   -0.00201   -0.00136    0.00118
 2199   -0.00022    0.00273    0.00071
 2200    0.00044    0.00421    0.00023
 2201   -0.00123    0.00335    0.00081
 2202    0.00176    0.00438   -0.00039
 2203   -0.00450    0.00090    0.00204
 2204   -0.00645   -0.00068    0.00254
 2205   -0.00650    0.00020    0.00251
 2206   -0.00510    0.00188    0.00227
 2207   -0.01028   -0.00129    0.00322
 2208   -0.01175   -0.00206    0.00256
 2209   -0.01167   -0.00542    0.00215
 2210   -0.04814   -0.02544   -0.00778
 2211   -0.00767   -0.00609    0.00278
 2212   -0.00801   -0.00085    0.00282
 2213   -0.00806   -0.00006    0.00304
 2214   -0.00903    0.00125    0.00393
 2215   -0.01091    0.00097    0.00437
 2216   -0.00972   -0.00193    0.00314
 2217   -0.01306   -0.00428    0.00356
 2218   -0.01607   -0.00771    0.00321
 2219   -0.01711   -0.00656    0.00406
 2220   -0.02189   -0.00665    0.00585
 2221   -0.00854    0.00281    0.00457
 2222   -0.00930    0.00422    0.00523
 2223   -0.00885    0.00511    0.00448
 2224   -0.00991    0.00601    0.00528
 2225   -0.01239    0.00348    0.00646
 2226   -0.01349    0.00373    0.00775
 2227   -0.01355    0.00212    0.00729
 2228   -0.01618   -0.00011    0.00727
 2229   -0.01139    0.00282    0.00654
 2230   -0.00774    0.00473    0.00389
 2231   -0.00691    0.00530    0.00303
 2232   -0.00488    0.00659    0.00166
 2233   -0.00419    0.00703    0.00192
 2234   -0.00632    0.00503    0.00240
 2235   -0.00484    0.00484    0.00211
 2236   -0.00433    0.00682    0.00078
 2237   -0.00369    0.00690    0.00030
 2238   -0.00332    0.00637   -0.00095
 2239   -0.00302    0.00623   -0.00146
 2240   -0.00372    0.00696    0.00034
 2241   -0.00412    0.00660    0.00175
 2242   -0.00282    0.00636    0.00033
 2243   -0.00291    0.00638   -0.00085
 2244   -0.00280    0.00542   -0.00207
 2245   -0.00282    0.00486   -0.00193
 2246   -0.00248    0.00489   -0.00126
 2247   -0.00165    0.00622   -0.00158
 2248   -0.00125    0.00641   -0.00110
 2249   -0.00033    0.00633   -0.00152
 2250   -0.00099    0.00611   -0.00114
 2251   -0.00324    0.00355   -0.00321
 2252   -0.00371    0.00219   -0.00338
 2253   -0.00341    0.00192   -0.00379
 2254   -0.00274    0.00291   -0.00360
 2255   -0.00351    0.00118   -0.00353
 2256   -0.00442    0.00072   -0.00328
 2257   -0.00437   -0.00199   -0.00245
 2258   -0.00497    0.00184   -0.00364
 2259   -0.00496   -0.00223   -0.00236
 2260   -0.00534    0.00074   -0.00342
 2261   -0.00342    0.00120   -0.00322
 2262   -0.00287    0.00076   -0.00339
 2263   -0.00241   -0.00160   -0.00334
 2264   -0.00224   -0.00240   -0.00268
 2265   -0.00131    0.00169   -0.00283
 2266    0.00054    0.00140   -0.00231
 2267    0.00089    0.00124   -0.00260
 2268    0.00100    0.00256   -0.00187
 2269   -0.00263   -0.00209   -0.00359
 2270   -0.00269   -0.00412   -0.00363
 2271   -0.00168   -0.00429   -0.00319
 2272   -0.00085   -0.00298   -0.00254
 2273   -0.00256   -0.00455   -0.00418
 2274   -0.00243   -0.00676   -0.00399
 2275   -0.00264   -0.00425   -0.00404
 2276   -0.00156   -0.00587   -0.00274
 2277   -0.00108   -0.00640   -0.00207
 2278   -0.00169   -0.00808   -0.00216
 2279   -0.00187   -0.00868   -0.00254
 2280   -0.00072   -0.00657   -0.00172
 2281   -0.00011   -0.00487   -0.00119
 2282    0.00063   -0.00543   -0.00087
 2283    0.00032   -0.00363   -0.00155
 2284   -0.00200   -0.00769   -0.00148
 2285   -0.00247   -0.00870   -0.00110
 2286   -0.00297   -0.00993   -0.00038
 2287   -0.00335   -0.01128    0.00194
 2288   -0.00257   -0.00862    0.00000
 2289   -0.00241   -0.00741   -0.00058
 2290   -0.00244   -0.00827   -0.00176
 2291   -0.00236   -0.00768   -0.00214
 2292   -0.00231   -0.00831   -0.00320
 2293   -0.00224   -0.00878   -0.00394
 2294   -0.00259   -0.00834   -0.00329
 2295   -0.00278   -0.01042   -0.00104
 2296   -0.00323   -0.01151   -0.00009
 2297   -0.00340   -0.01137   -0.00065
 2298   -0.00278   -0.01089   -0.00211
 2299   -0.00275   -0.01012    0.00016
 2300   -0.00222   -0.00950   -0.00013
 2301   -0.00136   -0.00871   -0.00053
 2302   -0.00264   -0.00963    0.00103
 2303   -0.00325   -0.01267    0.00108
 2304   -0.00355   -0.01225   -0.00049
 2305   -0.00359   -0.01125   -0.00061
 2306   -0.00469   -0.01137    0.00016
 2307   -0.00451   -0.01435    0.00262
 2308   -0.00386   -0.01465    0.00351
 2309   -0.00487   -0.01691    0.00895
 2310   -0.00478   -0.01925    0.00782
 2311   -0.00493   -0.02209    0.01199
 2312   -0.00733   -0.02326    0.01762
 2313   -0.00540   -0.02084    0.01136
 2314   -0.00308   -0.00973   -0.00319
 2315   -0.00291   -0.00811   -0.00374
 2316   -0.00299   -0.00676   -0.00481
 2317   -0.00231   -0.00698   -0.00563
