    1   -0.00384   -0.01546    0.03369
    2   -0.00562   -0.01547    0.03182
    3   -0.00540   -0.00806    0.02126
    4   -0.00375   -0.00195    0.01800
    5   -0.00402   -0.01642    0.04566
    6   -0.00221   -0.01687    0.04581
    7    0.02171   -0.02136    0.07379
    8    0.01920   -0.02414    0.06089
    9   -0.00705   -0.01119    0.02027
   10   -0.00732   -0.00688    0.01500
   11   -0.00905   -0.00264    0.01399
   12   -0.00904   -0.00343    0.01686
   13   -0.00555   -0.01053    0.01348
   14   -0.00613   -0.01532    0.01579
   15   -0.00999   -0.01895    0.01502
   16   -0.01290   -0.02379    0.01568
   17   -0.01096   -0.01846    0.01236
   18   -0.00941    0.00031    0.01174
   19   -0.01063    0.00289    0.01120
   20   -0.01079    0.00206    0.01003
   21   -0.01088    0.00039    0.00890
   22   -0.01080    0.00404    0.00950
   23   -0.00923    0.00532    0.01020
   24   -0.00884    0.00374    0.00739
   25   -0.01003    0.00668    0.01194
   26   -0.01281    0.00383    0.00944
   27   -0.01327    0.00305    0.00822
   28   -0.01208    0.00331    0.00555
   29   -0.01186    0.00383    0.00482
   30   -0.01438    0.00441    0.00878
   31   -0.01635    0.00600    0.01101
   32   -0.01691    0.00735    0.01138
   33   -0.02041    0.00923    0.01250
   34   -0.02300    0.00912    0.01356
   35   -0.01325    0.00261    0.00337
   36   -0.01233    0.00238    0.00135
   37   -0.01144    0.00332    0.00240
   38   -0.01265    0.00351    0.00396
   39   -0.01504    0.00132   -0.00079
   40   -0.01797    0.00105   -0.00188
   41   -0.01461    0.00309    0.00300
   42   -0.01000    0.00313    0.00111
   43   -0.00888    0.00385    0.00153
   44   -0.00808    0.00321    0.00076
   45   -0.00700    0.00286   -0.00022
   46   -0.00759    0.00400    0.00117
   47   -0.00602    0.00445    0.00084
   48   -0.00693    0.00510    0.00259
   49   -0.00790    0.00511    0.00320
   50   -0.00796    0.00396    0.00170
   51   -0.00609    0.00443    0.00166
   52   -0.00403    0.00453    0.00101
   53   -0.00366    0.00479    0.00101
   54   -0.00543    0.00569    0.00275
   55   -0.00378    0.00648    0.00365
   56   -0.00373    0.00803    0.00553
   57   -0.00570    0.00834    0.00648
   58   -0.00229    0.00772    0.00596
   59   -0.00292    0.00355    0.00042
   60   -0.00119    0.00351   -0.00031
   61   -0.00030    0.00425    0.00017
   62    0.00020    0.00456    0.00031
   63   -0.00063    0.00287   -0.00115
   64    0.00065    0.00254   -0.00187
   65   -0.00052    0.00338   -0.00058
   66    0.00123    0.00170   -0.00257
   67   -0.00044    0.00444    0.00040
   68    0.00019    0.00559    0.00114
   69    0.00073    0.00499    0.00060
   70    0.00027    0.00481    0.00060
   71   -0.00035    0.00719    0.00278
   72    0.00040    0.00829    0.00362
   73    0.00110    0.00802    0.00325
   74   -0.00049    0.00976    0.00539
   75    0.00201    0.00502    0.00009
   76    0.00291    0.00459   -0.00048
   77    0.00186    0.00504    0.00033
   78    0.00178    0.00385   -0.00056
   79    0.00366    0.00563    0.00015
   80    0.00285    0.00648    0.00091
   81    0.00236    0.00574    0.00043
   82    0.00103    0.00614    0.00154
   83    0.00015    0.00757    0.00323
   84   -0.00060    0.00722    0.00354
   85   -0.00108    0.00581    0.00291
   86    0.00108    0.01067    0.00580
   87    0.00076    0.01345    0.00887
   88    0.00040    0.01552    0.01187
   89   -0.00091    0.01454    0.01185
   90    0.00095    0.01999    0.01432
   91   -0.00142    0.00749    0.00416
   92   -0.00267    0.00734    0.00414
   93   -0.00234    0.00511    0.00261
   94   -0.00311    0.00484    0.00326
   95   -0.00332    0.00723    0.00426
   96   -0.00483    0.00845    0.00649
   97   -0.00555    0.00816    0.00644
   98   -0.00778    0.00739    0.00565
   99   -0.00125    0.00430    0.00085
  100   -0.00091    0.00273   -0.00046
  101   -0.00021    0.00137   -0.00184
  102   -0.00041    0.00092   -0.00121
  103    0.00027    0.00172   -0.00187
  104   -0.00035    0.00205   -0.00131
  105   -0.00103    0.00293   -0.00061
  106    0.00107    0.00155   -0.00219
  107    0.00056    0.00178   -0.00184
  108    0.00150    0.00149   -0.00217
  109    0.00025    0.00104   -0.00165
  110    0.00078    0.00004   -0.00178
  111    0.00217    0.00202   -0.00111
  112    0.00265    0.00120   -0.00167
  113    0.00348   -0.00038   -0.00286
  114    0.00342    0.00250   -0.00061
  115   -0.00132    0.00259    0.00047
  116   -0.00233    0.00365    0.00221
  117   -0.00281    0.00315    0.00322
  118   -0.00351    0.00265    0.00346
  119   -0.00345    0.00610    0.00599
  120   -0.00512    0.00635    0.00713
  121   -0.00423    0.00721    0.00719
  122   -0.00636    0.00690    0.00750
  123   -0.00567    0.00663    0.00694
  124   -0.00289    0.00300    0.00315
  125   -0.00355    0.00224    0.00228
  126   -0.00251    0.00116    0.00140
  127   -0.00298    0.00060    0.00134
  128   -0.00367    0.00285    0.00166
  129   -0.00465    0.00329    0.00146
  130   -0.00496    0.00366    0.00222
  131   -0.00057    0.00001   -0.00063
  132    0.00077   -0.00185   -0.00258
  133    0.00076   -0.00247   -0.00250
  134    0.00066   -0.00377   -0.00255
  135    0.00241   -0.00271   -0.00434
  136    0.00287   -0.00234   -0.00336
  137    0.00413   -0.00305   -0.00425
  138    0.00292   -0.00253   -0.00226
  139    0.00052   -0.00212   -0.00208
  140    0.00010   -0.00361   -0.00200
  141   -0.00113   -0.00324   -0.00175
  142   -0.00126   -0.00526   -0.00302
  143    0.00029   -0.00236   -0.00088
  144   -0.00134   -0.00014    0.00021
  145   -0.00282   -0.00119   -0.00031
  146   -0.00430   -0.00151    0.00033
  147   -0.00418   -0.00234   -0.00023
  148   -0.00496   -0.00267   -0.00168
  149   -0.00626   -0.00039    0.00273
  150   -0.00685    0.00114    0.00379
  151   -0.00918    0.00229    0.00533
  152   -0.01004    0.00396    0.00655
  153   -0.01260    0.00473    0.00730
  154   -0.01389    0.00371    0.00669
  155   -0.01308    0.00708    0.00910
  156   -0.00313   -0.00224   -0.00040
  157   -0.00221   -0.00180   -0.00147
  158   -0.00144   -0.00390   -0.00297
  159   -0.00108   -0.00431   -0.00400
  160   -0.00151    0.00002   -0.00079
  161   -0.00250    0.00154   -0.00017
  162   -0.00179    0.00209    0.00015
  163   -0.00367    0.00313    0.00039
  164   -0.00096   -0.00614   -0.00355
  165   -0.00008   -0.00862   -0.00409
  166    0.00139   -0.00926   -0.00220
  167    0.00183   -0.01092   -0.00167
  168    0.00252   -0.00872   -0.00225
  169    0.00441   -0.00952   -0.00178
  170    0.00573   -0.01159   -0.00204
  171    0.00507   -0.01121   -0.00243
  172    0.00456   -0.00734   -0.00273
  173    0.00626   -0.00828   -0.00315
  174    0.00323   -0.00532   -0.00218
  175    0.00677   -0.01286   -0.00246
  176    0.00720   -0.01512   -0.00277
  177    0.00782   -0.01512   -0.00281
  178    0.00822   -0.01391   -0.00341
  179    0.00747   -0.01706   -0.00225
  180    0.00637   -0.01861   -0.00454
  181    0.00648   -0.01957   -0.00510
  182    0.00507   -0.02406   -0.01008
  183    0.00462   -0.02451   -0.01089
  184    0.00754   -0.02394   -0.00925
  185    0.00716   -0.02608   -0.01030
  186    0.00911   -0.02193   -0.01038
  187    0.00903   -0.02082   -0.00767
  188    0.00833   -0.02953   -0.00680
  189    0.01110   -0.03605   -0.00731
  190    0.00406   -0.04132   -0.00345
  191   -0.00454   -0.04109   -0.00067
  192   -0.00532   -0.05989   -0.00798
  193    0.00830   -0.01706   -0.00770
  194    0.00862   -0.01308   -0.00580
  195    0.00816   -0.01091   -0.00631
  196    0.00765   -0.00973   -0.00665
  197    0.00784   -0.01127   -0.00334
  198    0.00793   -0.01277   -0.00209
  199    0.00740   -0.01429   -0.00195
  200    0.00786   -0.01273   -0.00025
  201    0.00704   -0.01502    0.00061
  202    0.00699   -0.01406    0.00187
  203    0.00814   -0.01156    0.00092
  204    0.00699   -0.01392    0.00420
  205    0.00842   -0.01110    0.00303
  206    0.00781   -0.01254    0.00415
  207    0.00825   -0.00947   -0.00577
  208    0.00731   -0.00661   -0.00475
  209    0.00738   -0.00430   -0.00411
  210    0.00791   -0.00534   -0.00315
  211    0.00637   -0.00775   -0.00497
  212    0.00581   -0.01086   -0.00579
  213    0.00441   -0.00808   -0.00398
  214    0.00406   -0.01074   -0.00448
  215    0.00202   -0.01439   -0.00510
  216    0.00246   -0.01494   -0.00573
  217    0.00272   -0.01637   -0.00621
  218    0.00578   -0.00135   -0.00341
  219    0.00604    0.00005   -0.00274
  220    0.00663    0.00100   -0.00198
  221    0.00602    0.00186   -0.00095
  222    0.00497    0.00080   -0.00290
  223    0.00411    0.00021   -0.00321
  224    0.00382   -0.00039   -0.00373
  225    0.00437    0.00011   -0.00301
  226    0.00352   -0.00056   -0.00333
  227    0.00412    0.00025   -0.00316
  228    0.00353   -0.00008   -0.00318
  229    0.00710    0.00031   -0.00209
  230    0.00733    0.00076   -0.00166
  231    0.00722    0.00154   -0.00168
  232    0.00716    0.00115   -0.00164
  233    0.00791   -0.00125   -0.00184
  234    0.00752   -0.00123   -0.00112
  235    0.00771   -0.00375   -0.00180
  236    0.00681    0.00260   -0.00080
  237    0.00627    0.00244   -0.00108
  238    0.00681    0.00022   -0.00178
  239    0.00711   -0.00137   -0.00123
  240    0.00482    0.00304   -0.00013
  241    0.00384    0.00371    0.00009
  242    0.00347    0.00406    0.00078
  243    0.00346    0.00388   -0.00010
  244    0.00619   -0.00041   -0.00219
  245    0.00607   -0.00165   -0.00218
  246    0.00505   -0.00159   -0.00185
  247    0.00479   -0.00087   -0.00232
  248    0.00589   -0.00191   -0.00219
  249    0.00574   -0.00244   -0.00219
  250    0.00655   -0.00160   -0.00179
  251    0.00488   -0.00241   -0.00161
  252    0.00436   -0.00229   -0.00189
  253    0.00434   -0.00212   -0.00241
  254    0.00430   -0.00188   -0.00252
  255    0.00463   -0.00231   -0.00132
  256    0.00459   -0.00269   -0.00098
  257    0.00482   -0.00360   -0.00007
  258    0.00387   -0.00174   -0.00096
  259    0.00478   -0.00270   -0.00217
  260    0.00463   -0.00275   -0.00211
  261    0.00461   -0.00311   -0.00184
  262    0.00558   -0.00370   -0.00112
  263    0.00428   -0.00284   -0.00182
  264    0.00405   -0.00316   -0.00183
  265    0.00452   -0.00359   -0.00041
  266    0.00378   -0.00371   -0.00066
  267    0.00306   -0.00240   -0.00255
  268    0.00303   -0.00174   -0.00349
  269    0.00267   -0.00163   -0.00426
  270    0.00327   -0.00182   -0.00371
  271    0.00510   -0.00425    0.00045
  272    0.00535   -0.00536    0.00183
  273    0.00636   -0.00659    0.00222
  274    0.00716   -0.00672    0.00212
  275    0.00582   -0.00558    0.00277
  276    0.00565   -0.00441    0.00225
  277    0.00610   -0.00487    0.00138
  278    0.00695   -0.00614    0.00261
  279    0.00554   -0.00397    0.00018
  280    0.00643   -0.00716    0.00272
  281    0.00742   -0.00830    0.00312
  282    0.00851   -0.00935    0.00330
  283    0.00896   -0.00970    0.00262
  284    0.00769   -0.00851    0.00439
  285    0.00695   -0.00770    0.00345
  286    0.00547   -0.00638    0.00191
  287    0.00474   -0.00613    0.00215
  288    0.00456   -0.00579    0.00084
  289    0.00870   -0.00976    0.00435
  290    0.00931   -0.01062    0.00445
  291    0.00932   -0.00963    0.00345
  292    0.00976   -0.01075    0.00318
  293    0.00911   -0.01132    0.00692
  294    0.00851   -0.00808    0.00277
  295    0.00838   -0.00757    0.00191
  296    0.00859   -0.00779    0.00121
  297    0.00873   -0.00766    0.00078
  298    0.00700   -0.00594    0.00129
  299    0.00668   -0.00574    0.00089
  300    0.00856   -0.00802    0.00130
  301    0.00883   -0.00820    0.00079
  302    0.00999   -0.00964    0.00085
  303    0.01057   -0.00953    0.00112
  304    0.00742   -0.00762    0.00015
  305    0.00645   -0.00618   -0.00028
  306    0.00537   -0.00583   -0.00067
  307    0.00647   -0.00510   -0.00079
  308    0.01051   -0.01069    0.00100
  309    0.01317   -0.01055    0.00125
  310    0.01340   -0.01034    0.00189
  311    0.01536   -0.00991    0.00140
  312    0.01255   -0.01044    0.00163
  313    0.01279   -0.01019    0.00161
  314    0.01159   -0.00917    0.00138
  315    0.01110   -0.00797    0.00177
  316    0.01144   -0.01135    0.00131
  317    0.01004   -0.00947    0.00123
  318    0.01234   -0.00811    0.00175
  319    0.01244   -0.00670    0.00232
  320    0.01260   -0.00815    0.00360
  321    0.01258   -0.00912    0.00448
  322    0.01116   -0.00629    0.00263
  323    0.01173   -0.00549    0.00269
  324    0.01001   -0.00540    0.00089
  325    0.01169   -0.00924    0.00437
  326    0.01059   -0.01256    0.00518
  327    0.01058   -0.01371    0.00686
  328    0.01105   -0.01127    0.00702
  329    0.00920   -0.01225    0.00238
  330    0.00936   -0.01063    0.00281
  331    0.01069   -0.00844    0.00307
  332    0.00970   -0.01729    0.00881
  333    0.01058   -0.01686    0.00947
  334    0.00966   -0.02178    0.01299
  335    0.00322   -0.03313    0.01778
  336    0.01192   -0.01782    0.01000
  337    0.01010   -0.01772    0.00991
  338    0.01129   -0.01395    0.00767
  339    0.01070   -0.01103    0.00623
  340    0.01004   -0.01223    0.00622
  341    0.01084   -0.01311    0.00620
  342    0.00993   -0.01657    0.00722
  343    0.00630   -0.02343    0.01598
  344    0.01039   -0.00870    0.00623
  345    0.00972   -0.00725    0.00456
  346    0.00857   -0.00598    0.00375
  347    0.00746   -0.00516    0.00326
  348    0.01022   -0.00625    0.00428
  349    0.00792   -0.00506    0.00273
  350    0.00749   -0.00344    0.00158
  351    0.00660   -0.00149    0.00036
  352    0.00615   -0.00016   -0.00029
  353    0.00740   -0.00286    0.00206
  354    0.00746   -0.00329    0.00085
  355    0.00677   -0.00155   -0.00002
  356    0.00580   -0.00040   -0.00124
  357    0.00593   -0.00064   -0.00137
  358    0.00657   -0.00135   -0.00107
  359    0.00526    0.00145   -0.00137
  360    0.00529   -0.00032   -0.00170
  361    0.00523   -0.00082   -0.00232
  362    0.00447    0.00004   -0.00277
  363    0.00370    0.00054   -0.00297
  364    0.00506   -0.00128   -0.00216
  365    0.00480   -0.00114   -0.00222
  366    0.00545   -0.00127   -0.00205
  367    0.00408   -0.00128   -0.00303
  368    0.00420    0.00060   -0.00305
  369    0.00322    0.00103   -0.00353
  370    0.00298    0.00047   -0.00393
  371    0.00364    0.00026   -0.00351
  372    0.00267    0.00137   -0.00357
  373    0.00145    0.00183   -0.00351
  374    0.00152    0.00193   -0.00371
  375    0.00108    0.00167   -0.00306
  376    0.00242    0.00046   -0.00402
  377    0.00253   -0.00025   -0.00437
  378    0.00159   -0.00016   -0.00461
  379    0.00097    0.00006   -0.00464
  380    0.00230   -0.00066   -0.00489
  381    0.00212   -0.00093   -0.00506
  382    0.00239   -0.00092   -0.00491
  383    0.00207   -0.00126   -0.00522
  384    0.00123   -0.00039   -0.00443
  385    0.00046   -0.00054   -0.00432
  386    0.00055   -0.00081   -0.00464
  387    0.00089   -0.00040   -0.00449
  388   -0.00014    0.00029   -0.00359
  389   -0.00117    0.00043   -0.00321
  390   -0.00211    0.00085   -0.00243
  391   -0.00094    0.00080   -0.00235
  392    0.00015   -0.00152   -0.00515
  393    0.00045   -0.00176   -0.00556
  394   -0.00011   -0.00211   -0.00532
  395   -0.00089   -0.00292   -0.00519
  396    0.00102   -0.00233   -0.00592
  397    0.00103   -0.00275   -0.00607
  398    0.00131   -0.00338   -0.00626
  399    0.00083   -0.00228   -0.00598
  400    0.00149   -0.00339   -0.00592
  401    0.00070   -0.00236   -0.00575
  402    0.00118   -0.00279   -0.00553
  403    0.00030   -0.00199   -0.00514
  404    0.00027   -0.00151   -0.00464
  405    0.00076   -0.00315   -0.00589
  406    0.00168   -0.00412   -0.00684
  407    0.00090   -0.00043   -0.00429
  408    0.00110   -0.00215   -0.00602
  409    0.00080   -0.00200   -0.00539
  410    0.00048   -0.00427   -0.00634
  411    0.00017   -0.00668   -0.00638
  412    0.00294   -0.00600   -0.00633
  413    0.00237   -0.00581   -0.00481
  414   -0.00228   -0.00728   -0.00608
  415   -0.00058   -0.00645   -0.00487
  416    0.00104   -0.00513   -0.00517
  417   -0.00274   -0.00643   -0.00417
  418    0.00509   -0.00519   -0.00664
  419    0.00818   -0.00539   -0.00734
  420    0.00974   -0.00462   -0.00695
  421    0.00915   -0.00377   -0.00589
  422    0.00726   -0.00515   -0.00802
  423    0.00627   -0.00516   -0.00773
  424    0.00599   -0.00374   -0.00733
  425    0.01240   -0.00588   -0.00790
  426    0.01407   -0.00541   -0.00734
  427    0.01191   -0.00515   -0.00703
  428    0.01208   -0.00378   -0.00634
  429    0.01764   -0.00712   -0.00857
  430    0.01013   -0.00569   -0.00772
  431    0.00816   -0.00536   -0.00754
  432    0.00702   -0.00413   -0.00645
  433    0.00607   -0.00276   -0.00595
  434    0.00706   -0.00645   -0.00834
  435    0.00517   -0.00599   -0.00791
  436    0.00438   -0.00590   -0.00816
  437    0.00492   -0.00490   -0.00755
  438    0.00312   -0.00691   -0.00912
  439    0.00690   -0.00428   -0.00641
  440    0.00607   -0.00353   -0.00573
  441    0.00744   -0.00186   -0.00533
  442    0.00672   -0.00043   -0.00476
  443    0.00547   -0.00351   -0.00608
  444    0.00475   -0.00271   -0.00559
  445    0.00510   -0.00194   -0.00522
  446    0.00381   -0.00252   -0.00541
  447    0.00420   -0.00138   -0.00493
  448    0.00352   -0.00169   -0.00511
  449    0.00923   -0.00175   -0.00531
  450    0.01063    0.00029   -0.00466
  451    0.01099    0.00253   -0.00448
  452    0.01148    0.00551   -0.00454
  453    0.01338    0.00056   -0.00417
  454    0.01444    0.00228   -0.00425
  455    0.01164    0.00147   -0.00574
  456    0.01241    0.00166   -0.00576
  457    0.00963    0.00028   -0.00589
  458    0.01031    0.00140   -0.00454
  459    0.00925    0.00379   -0.00420
  460    0.00638    0.00499   -0.00345
  461    0.00496    0.00847   -0.00236
  462    0.00835    0.00178   -0.00490
  463    0.01090    0.00094   -0.00570
  464    0.01220   -0.00338   -0.00690
  465    0.01269    0.00427   -0.00550
  466    0.00578    0.00266   -0.00390
  467    0.00357    0.00334   -0.00299
  468    0.00431    0.00563   -0.00256
  469    0.00309    0.00794   -0.00074
  470    0.00322    0.00079   -0.00370
  471    0.00219    0.00114   -0.00313
  472    0.00100    0.00219   -0.00243
  473    0.00293    0.00065   -0.00330
  474    0.00092    0.00268   -0.00179
  475    0.00233    0.00051   -0.00277
  476    0.00167    0.00168   -0.00215
  477    0.00602    0.00515   -0.00374
  478    0.00667    0.00666   -0.00392
  479    0.00649    0.01030   -0.00336
  480    0.00572    0.01184   -0.00318
  481    0.00802    0.00509   -0.00483
  482    0.00669    0.00235   -0.00502
  483    0.00531    0.00227   -0.00471
  484    0.00443    0.00103   -0.00483
  485    0.00326    0.00046   -0.00462
  486    0.00293    0.00085   -0.00444
  487    0.00224   -0.00027   -0.00460
  488    0.00692    0.01272   -0.00382
  489    0.00682    0.01848   -0.00509
  490    0.00384    0.02102   -0.00249
  491    0.00314    0.02397   -0.00309
  492    0.00736    0.01983   -0.00627
  493    0.01111    0.01743   -0.00712
  494    0.01214    0.02162   -0.01008
  495    0.01502    0.01722   -0.00719
  496    0.02127    0.01543   -0.00317
  497    0.00205    0.01986    0.00018
  498   -0.00006    0.02235    0.00451
  499    0.00057    0.01983    0.00554
  500   -0.00004    0.02189    0.00858
  501   -0.00173    0.02106    0.00785
  502    0.00191    0.01601    0.00301
  503    0.00309    0.01328    0.00267
  504    0.00308    0.01358    0.00092
  505    0.00339    0.01206    0.00177
  506    0.00333    0.00970    0.00012
  507    0.00314    0.00754   -0.00042
  508    0.00287    0.00411   -0.00206
  509    0.00350    0.00406   -0.00316
  510    0.00194    0.00279   -0.00216
  511    0.00362    0.01411   -0.00132
  512    0.00358    0.01288   -0.00315
  513    0.00170    0.01585   -0.00340
  514    0.00159    0.01282   -0.00393
  515    0.00422    0.01406   -0.00444
  516    0.00569    0.01233   -0.00623
  517    0.00207    0.01370   -0.00675
  518    0.00733    0.01402   -0.00689
  519    0.00072    0.02140   -0.00116
  520   -0.00158    0.02587    0.00021
  521   -0.00149    0.02580    0.00507
  522   -0.00319    0.03056    0.00781
  523   -0.00591    0.03610   -0.00093
  524   -0.00838    0.04358   -0.00903
  525   -0.00159    0.03682   -0.00905
  526    0.00010    0.03129   -0.01106
  527   -0.00336    0.04191   -0.00890
  528    0.00067    0.02075    0.00659
  529    0.00407    0.01827    0.01140
  530    0.01034    0.01307    0.00841
  531    0.01524    0.01090    0.01062
  532    0.00403    0.01612    0.01499
  533    0.00592    0.01501    0.02454
  534    0.01162    0.01207    0.01948
  535    0.01214    0.00944    0.01198
  536    0.01752    0.01067    0.03335
  537    0.00971    0.01045    0.00292
  538    0.01238    0.00588   -0.00085
  539    0.01136    0.00385   -0.00305
  540    0.01698   -0.00173   -0.00680
  541    0.00906    0.00466   -0.00292
  542    0.00896    0.00399   -0.00238
  543    0.00808    0.00543    0.00017
  544    0.00528    0.00330   -0.00358
  545    0.00669    0.00699   -0.00391
  546    0.00483    0.00485   -0.00892
  547    0.00542   -0.00794   -0.01352
  548    0.00252   -0.01223   -0.01449
  549    0.00644    0.01032   -0.00336
  550    0.01092   -0.01593   -0.01578
  551    0.01931   -0.05806   -0.02334
  552    0.02631   -0.04649   -0.02056
  553    0.11410   -0.20194   -0.06192
  554    0.01453   -0.01407   -0.01194
  555    0.01725   -0.00892   -0.01302
  556    0.01113   -0.00625   -0.01042
  557    0.00809   -0.01063   -0.00672
  558    0.01332   -0.00300   -0.00875
  559    0.00723   -0.00172   -0.00674
  560    0.00543    0.00132   -0.00537
  561    0.00714    0.00201   -0.00513
  562    0.00333    0.00136   -0.00484
  563    0.00643    0.00222   -0.01215
  564    0.00275    0.00652   -0.01000
  565    0.00165    0.00746   -0.00805
  566    0.00116    0.00885   -0.00911
  567   -0.00053    0.00815   -0.01637
  568   -0.00192    0.01217   -0.01321
  569   -0.00001    0.01320   -0.00761
  570    0.00067    0.01376   -0.00555
  571    0.00092    0.01345   -0.00634
  572    0.00173    0.00602   -0.00485
  573    0.00098    0.00649   -0.00414
  574    0.00141    0.00866   -0.00296
  575    0.00253    0.00750   -0.00148
  576    0.00113    0.00304   -0.00262
  577    0.00199    0.00625   -0.00388
  578    0.00169    0.00198   -0.00362
  579    0.00154    0.01124   -0.00545
  580    0.00139    0.01287   -0.00609
  581    0.00179    0.01211   -0.00440
  582    0.00176    0.01109   -0.00339
  583    0.00113    0.01417   -0.00701
  584    0.00158    0.01619   -0.00715
  585    0.00232    0.01341   -0.00466
  586    0.00242    0.01354   -0.00226
  587    0.00257    0.01409   -0.00137
  588    0.00100    0.01565    0.00114
  589    0.00342    0.01552   -0.00128
  590    0.00257    0.01695   -0.00539
  591    0.00210    0.01469   -0.00634
  592    0.00226    0.01515   -0.00251
  593    0.00243    0.01635   -0.00125
  594    0.00271    0.01462   -0.00080
  595    0.00279    0.01519   -0.00002
  596    0.00267    0.01819   -0.00313
  597    0.00350    0.02217   -0.00295
  598    0.00993    0.03059   -0.00883
  599    0.00344    0.02435   -0.00470
  600    0.01692    0.04126   -0.01914
  601    0.00277    0.01280   -0.00110
  602    0.00311    0.01114   -0.00086
  603    0.00192    0.01179   -0.00026
  604    0.00147    0.01198    0.00106
  605    0.00283    0.00970   -0.00233
  606    0.00264    0.00849   -0.00235
  607    0.00259    0.01020   -0.00357
  608    0.00170    0.01164    0.00022
  609    0.00058    0.01142    0.00173
  610    0.00085    0.01030    0.00099
  611    0.00131    0.00896    0.00063
  612    0.00102    0.01128    0.00175
  613   -0.00013    0.01079    0.00306
  614    0.00046    0.00952    0.00260
  615   -0.00059    0.01115    0.00466
  616    0.00040    0.00888    0.00331
  617    0.00018    0.01069    0.00574
  618    0.00049    0.00969    0.00495
  619    0.00122    0.01004    0.00621
  620    0.00033    0.01027    0.00163
  621    0.00052    0.00838    0.00102
  622    0.00042    0.00802    0.00227
  623    0.00058    0.00845    0.00323
  624    0.00058    0.00760    0.00020
  625    0.00068    0.00596   -0.00054
  626    0.00107    0.00503   -0.00143
  627    0.00087    0.00534   -0.00051
  628    0.00129    0.00401   -0.00190
  629    0.00120    0.00398   -0.00110
  630    0.00119    0.00357   -0.00186
  631    0.00051    0.00694    0.00211
  632    0.00088    0.00620    0.00297
  633    0.00102    0.00477    0.00209
  634    0.00079    0.00440    0.00109
  635    0.00072    0.00695    0.00393
  636    0.00036    0.00610    0.00279
  637   -0.00003    0.00690    0.00339
  638    0.00005    0.00713    0.00567
  639    0.00123    0.00376    0.00285
  640    0.00168    0.00235    0.00205
  641    0.00115    0.00181    0.00295
  642    0.00074    0.00281    0.00368
  643    0.00235    0.00152    0.00292
  644    0.00257    0.00168    0.00236
  645    0.00323    0.00067    0.00349
  646    0.00283    0.00060    0.00243
  647    0.00402   -0.00034    0.00330
  648    0.00098    0.00049    0.00275
  649   -0.00030   -0.00009    0.00321
  650    0.00019   -0.00129    0.00524
  651    0.00085   -0.00256    0.00518
  652   -0.00036   -0.00018    0.00174
  653   -0.00104   -0.00089    0.00178
  654   -0.00151   -0.00105    0.00013
  655   -0.00116   -0.00048   -0.00080
  656   -0.00245   -0.00252   -0.00036
  657   -0.00002   -0.00115    0.00663
  658   -0.00004   -0.00345    0.00888
  659   -0.00249   -0.00479    0.00899
  660   -0.00188   -0.00891    0.01235
  661    0.00257   -0.00206    0.00983
  662    0.00226    0.00065    0.00982
  663    0.00413   -0.00249    0.00984
  664   -0.00292   -0.00316    0.00793
  665   -0.00427   -0.00392    0.00829
  666   -0.00437   -0.00453    0.00641
  667   -0.00461   -0.00278    0.00398
  668   -0.00434   -0.00082    0.00867
  669   -0.00294    0.00036    0.01045
  670   -0.00500   -0.00018    0.01038
  671   -0.00188    0.00320    0.00973
  672   -0.00412   -0.00661    0.00770
  673   -0.00587   -0.00662    0.00595
  674   -0.00761   -0.00268    0.00426
  675   -0.00787   -0.00114    0.00608
  676   -0.00916   -0.00152    0.00116
  677   -0.00945   -0.00020    0.00113
  678   -0.00785    0.00069    0.00249
  679   -0.00837    0.00192    0.00264
  680   -0.01054    0.00112    0.00216
  681   -0.01067    0.00055    0.00239
  682   -0.01318   -0.00079    0.00012
  683   -0.01228   -0.00150    0.00452
  684   -0.00721    0.00015    0.00274
  685   -0.00759    0.00142    0.00291
  686   -0.00564    0.00127    0.00155
  687   -0.00511    0.00219    0.00149
  688   -0.00643    0.00142    0.00396
  689   -0.00476    0.00078    0.00293
  690   -0.00497    0.00058    0.00029
  691   -0.00355    0.00080   -0.00091
  692   -0.00353    0.00169   -0.00081
  693   -0.00206    0.00180   -0.00147
  694   -0.00313    0.00001   -0.00193
  695   -0.00524   -0.00067   -0.00297
  696   -0.00474    0.00162   -0.00047
  697   -0.00394    0.00238   -0.00080
  698   -0.00346    0.00324   -0.00071
  699   -0.00198    0.00346   -0.00112
  700   -0.00438    0.00363    0.00037
  701   -0.00374    0.00422    0.00054
  702   -0.00287    0.00408    0.00046
  703   -0.00227    0.00399    0.00001
  704   -0.00575    0.00438    0.00224
  705   -0.00701    0.00460    0.00255
  706   -0.00515    0.00486    0.00229
  707   -0.00276    0.00333    0.00022
  708   -0.00179    0.00310   -0.00010
  709   -0.00082    0.00362   -0.00071
  710   -0.00041    0.00426   -0.00055
  711   -0.00168    0.00291    0.00010
  712   -0.00285    0.00294    0.00131
  713   -0.00062    0.00319   -0.00003
  714   -0.00201    0.00416    0.00243
  715   -0.00078    0.00331   -0.00147
  716    0.00049    0.00301   -0.00217
  717    0.00085    0.00327   -0.00203
  718    0.00179    0.00313   -0.00210
  719    0.00016    0.00328   -0.00151
  720    0.00083    0.00250   -0.00120
  721    0.00105    0.00317   -0.00093
  722    0.00190    0.00258   -0.00092
  723    0.00008    0.00274   -0.00099
  724    0.00060    0.00201   -0.00126
  725    0.00018    0.00243   -0.00128
  726   -0.00021    0.00183   -0.00067
  727   -0.00000    0.00430   -0.00057
  728   -0.00002    0.00493    0.00035
  729    0.00067    0.00484    0.00015
  730    0.00068    0.00479    0.00034
  731   -0.00036    0.00539    0.00095
  732   -0.00095    0.00501    0.00136
  733   -0.00020    0.00590    0.00180
  734   -0.00168    0.00557    0.00257
  735    0.00059    0.00463   -0.00032
  736    0.00112    0.00468   -0.00019
  737    0.00209    0.00398   -0.00055
  738    0.00267    0.00462   -0.00048
  739    0.00097    0.00444   -0.00054
  740    0.00106    0.00471   -0.00050
  741    0.00037    0.00378   -0.00088
  742    0.00097    0.00589   -0.00006
  743    0.00060    0.00438   -0.00065
  744    0.00085    0.00577    0.00004
  745    0.00283    0.00331   -0.00114
  746    0.00378    0.00272   -0.00147
  747    0.00386    0.00202   -0.00070
  748    0.00480    0.00171   -0.00051
  749    0.00410    0.00210   -0.00152
  750    0.00328    0.00205   -0.00055
  751    0.00314    0.00122   -0.00026
  752    0.00225    0.00196    0.00025
  753    0.00244    0.00084    0.00069
  754    0.00243    0.00039    0.00015
  755    0.00253   -0.00121   -0.00001
  756    0.00320   -0.00064   -0.00060
  757    0.00142    0.00340    0.00077
  758    0.00154    0.00470    0.00076
  759    0.00232    0.00526    0.00021
  760    0.00183    0.00678    0.00065
  761    0.00026    0.00660    0.00142
  762    0.00317    0.00505    0.00007
  763    0.00433    0.00544    0.00049
  764    0.00520    0.00357    0.00059
  765    0.00594    0.00418    0.00063
  766    0.00389    0.00610   -0.00002
  767    0.00300    0.00750    0.00029
  768    0.00367    0.00909    0.00076
  769    0.00235    0.00717   -0.00002
  770    0.00498    0.00253    0.00081
  771    0.00627    0.00073    0.00029
  772    0.00571   -0.00258    0.00085
  773    0.00597   -0.00375    0.00094
  774    0.00637    0.00034    0.00065
  775    0.00700    0.00099    0.00069
  776    0.00723    0.00008    0.00077
  777    0.00672    0.00129    0.00034
  778    0.00463   -0.00147    0.00076
  779    0.00431   -0.00361    0.00104
  780    0.00540   -0.00529    0.00118
  781    0.00548   -0.00637    0.00051
  782    0.00288   -0.00231    0.00208
  783    0.00091   -0.00095    0.00170
  784   -0.00004    0.00086    0.00310
  785    0.00035   -0.00000    0.00540
  786   -0.00125    0.00384    0.00349
  787    0.00567   -0.00455    0.00234
  788    0.00558   -0.00512    0.00283
  789    0.00589   -0.00675    0.00282
  790    0.00534   -0.00832    0.00290
  791    0.00533   -0.00344    0.00292
  792    0.00550   -0.00224    0.00165
  793    0.00558   -0.00332    0.00178
  794    0.00579   -0.00063    0.00068
  795    0.00563   -0.00595    0.00311
  796    0.00606   -0.00863    0.00257
  797    0.00691   -0.00958    0.00142
  798    0.00706   -0.01164    0.00064
  799    0.00681   -0.00794    0.00310
  800    0.00632   -0.00672    0.00367
  801    0.00666   -0.00540    0.00314
  802    0.00622   -0.00395    0.00169
  803    0.00653   -0.00193    0.00031
  804    0.00712   -0.00854    0.00121
  805    0.00814   -0.00948   -0.00034
  806    0.00800   -0.01036   -0.00048
  807    0.00698   -0.00961   -0.00053
  808    0.00773   -0.00816   -0.00058
  809    0.00778   -0.00790   -0.00167
  810    0.00758   -0.00708   -0.00087
  811    0.00682   -0.00628   -0.00164
  812    0.00896   -0.01237   -0.00100
  813    0.00829   -0.01332   -0.00079
  814    0.00771   -0.01241   -0.00096
  815    0.00718   -0.01131   -0.00044
  816    0.00665   -0.01532   -0.00036
  817    0.00499   -0.01493    0.00055
  818    0.00315   -0.01857   -0.00092
  819    0.00253   -0.02148   -0.00188
  820    0.00415   -0.01347    0.00049
  821    0.00407   -0.00964    0.00120
  822    0.00284   -0.00751    0.00124
  823    0.00438   -0.00866    0.00138
  824    0.00174   -0.00416    0.00086
  825    0.00329   -0.00630    0.00167
  826    0.00175   -0.00412    0.00142
  827    0.00257   -0.01731   -0.00208
  828    0.00153   -0.01966   -0.00571
  829   -0.00034   -0.02087   -0.00681
  830   -0.00004   -0.01877   -0.00447
  831    0.00102   -0.01791   -0.00590
  832   -0.00056   -0.01528   -0.00669
  833   -0.00156   -0.01471   -0.00814
  834   -0.00110   -0.01723   -0.00872
  835   -0.00255   -0.01299   -0.00894
  836   -0.00181   -0.02510   -0.01020
  837   -0.00396   -0.02925   -0.01377
  838   -0.00463   -0.02437   -0.01467
  839   -0.00527   -0.02521   -0.01718
  840   -0.00623   -0.04312   -0.02010
  841   -0.00426   -0.02171   -0.01383
  842   -0.00404   -0.01848   -0.01664
  843   -0.00288   -0.01421   -0.01428
  844   -0.00287   -0.01199   -0.01564
  845   -0.00162   -0.01302   -0.01009
  846   -0.00110   -0.00983   -0.00781
  847   -0.00066   -0.00631   -0.00789
  848    0.00026   -0.00514   -0.00686
  849   -0.00014   -0.01039   -0.00465
  850    0.00018   -0.00768   -0.00317
  851   -0.00069   -0.00365   -0.00649
  852   -0.00043   -0.00067   -0.00597
  853    0.00027    0.00079   -0.00368
  854    0.00141    0.00256   -0.00294
  855   -0.00167    0.00147   -0.00368
  856   -0.00220    0.00379   -0.00235
  857   -0.00208   -0.00127   -0.00617
  858   -0.00024    0.00014   -0.00210
  859    0.00043    0.00124   -0.00073
  860    0.00059    0.00080    0.00031
  861    0.00046    0.00248    0.00153
  862    0.00005    0.00098    0.00021
  863    0.00022    0.00206    0.00113
  864   -0.00007    0.00384    0.00146
  865    0.00010    0.00148    0.00039
  866    0.00071   -0.00228   -0.00049
  867    0.00064   -0.00276    0.00092
  868    0.00102   -0.00077    0.00153
  869    0.00125    0.00116    0.00381
  870    0.00130   -0.00708   -0.00001
  871    0.00098   -0.00836    0.00225
  872    0.00061   -0.01238    0.00075
  873    0.00051   -0.01690    0.00075
  874   -0.00118   -0.02252   -0.00104
  875    0.00146   -0.00017   -0.00092
  876    0.00266    0.00215   -0.00093
  877    0.00318    0.00561    0.00102
  878    0.00348    0.00876    0.00330
  879    0.00326    0.00243   -0.00412
  880    0.00402    0.00496   -0.00571
  881    0.00452    0.00410   -0.00645
  882    0.00422    0.00469   -0.00343
  883    0.00353    0.00242   -0.01172
  884    0.00256    0.00598    0.00178
  885    0.00274    0.00850    0.00379
  886    0.00256    0.00900    0.00539
  887    0.00294    0.01132    0.00681
  888    0.00187    0.00749    0.00413
  889    0.00101    0.00899    0.00589
  890    0.00040    0.00906    0.00702
  891    0.00085    0.00842    0.00612
  892    0.00032    0.00951    0.00756
  893    0.00086    0.00890    0.00629
  894    0.00111    0.00911    0.00736
  895    0.00180    0.00693    0.00436
  896    0.00112    0.00757    0.00521
  897    0.00104    0.00918    0.00728
  898    0.00064    0.01107    0.00856
  899   -0.00035    0.00543    0.00501
  900   -0.00035    0.00420    0.00410
  901   -0.00055    0.00258    0.00292
  902    0.00025    0.00565    0.00322
  903    0.00166    0.00817    0.00634
  904    0.00122    0.01051    0.00870
  905    0.00228    0.01443    0.00984
  906    0.00169    0.01762    0.01205
  907    0.00164    0.00836    0.00739
  908    0.00074    0.01167    0.00926
  909    0.00426    0.01449    0.00881
  910    0.00592    0.01720    0.00985
  911    0.00521    0.01812    0.01087
  912    0.00571    0.02015    0.01211
  913    0.00729    0.01557    0.00735
  914    0.00807    0.01513    0.00540
  915    0.00817    0.01408    0.00282
  916    0.00696    0.01220    0.00247
  917    0.01096    0.01593    0.00090
  918    0.00415    0.01620    0.01009
  919    0.00309    0.01634    0.01070
  920    0.00195    0.01637    0.01090
  921    0.00140    0.01554    0.01044
  922    0.00293    0.01359    0.00925
  923    0.00196    0.01225    0.00795
  924    0.00312    0.01316    0.00934
  925    0.00091    0.01662    0.01096
  926   -0.00041    0.01697    0.01158
  927   -0.00104    0.01937    0.01309
  928   -0.00138    0.01757    0.01195
  929   -0.00160    0.01774    0.01259
  930   -0.00273    0.01773    0.01240
  931   -0.00558    0.02070    0.01380
  932   -0.00887    0.02345    0.01624
  933   -0.00629    0.02151    0.01439
  934   -0.00036    0.02254    0.01428
  935   -0.00182    0.02716    0.01521
  936   -0.00033    0.02394    0.01358
  937   -0.00198    0.02601    0.01388
  938   -0.00077    0.03559    0.01862
  939    0.00175    0.02086    0.01266
  940    0.00278    0.01856    0.01224
  941    0.00255    0.01522    0.01005
  942    0.00143    0.01461    0.00872
  943    0.00355    0.01650    0.01227
  944    0.00492    0.01818    0.01342
  945    0.00536    0.01641    0.01292
  946    0.00726    0.01887    0.01543
  947    0.00257    0.01430    0.01061
  948    0.00227    0.01162    0.00882
  949    0.00233    0.00951    0.00801
  950    0.00293    0.00956    0.00913
  951    0.00282    0.01156    0.01009
  952    0.00367    0.01005    0.01156
  953    0.00200    0.00809    0.00603
  954    0.00202    0.00697    0.00538
  955    0.00274    0.00589    0.00654
  956    0.00248    0.00547    0.00654
  957    0.00151    0.00586    0.00353
  958    0.00103    0.00685    0.00269
  959    0.00143    0.00797    0.00453
  960    0.00367    0.00482    0.00786
  961    0.00426    0.00334    0.00931
  962    0.00479    0.00468    0.01127
  963    0.00485    0.00412    0.01194
  964    0.00578    0.00174    0.01003
  965    0.00546    0.00057    0.00821
  966    0.00459    0.00261    0.00684
  967    0.00544    0.00259    0.00682
  968    0.00383    0.00370    0.00610
  969    0.00476    0.00671    0.01231
  970    0.00498    0.00820    0.01431
  971    0.00393    0.00886    0.01298
  972    0.00365    0.00916    0.01420
  973    0.00487    0.01025    0.01486
  974    0.00659    0.01012    0.01745
  975    0.00772    0.00740    0.01838
  976    0.00721    0.01269    0.01864
  977    0.00348    0.00891    0.01114
  978    0.00264    0.00923    0.01012
  979    0.00220    0.00818    0.00987
  980    0.00196    0.00853    0.00977
  981    0.00214    0.00933    0.00836
  982    0.00198    0.01088    0.00835
  983    0.00085    0.01116    0.00726
  984    0.00031    0.01269    0.00809
  985   -0.00005    0.01257    0.00661
  986   -0.00019    0.01191    0.00513
  987   -0.00027    0.01397    0.00765
  988    0.00242    0.00659    0.00944
  989    0.00206    0.00542    0.00887
  990    0.00247    0.00520    0.01094
  991    0.00163    0.00502    0.01099
  992    0.00261    0.00350    0.00809
  993    0.00353    0.00555    0.01315
  994    0.00419    0.00550    0.01610
  995    0.00336    0.00692    0.01656
  996    0.00346    0.00661    0.01839
  997    0.00664    0.00479    0.01953
  998    0.00905    0.00182    0.02053
  999    0.01143    0.00077    0.02459
 1000    0.01825   -0.00497    0.03214
 1001    0.02069   -0.01080    0.03048
 1002    0.00192    0.00855    0.01528
 1003    0.00051    0.01003    0.01521
 1004   -0.00056    0.00887    0.01368
 1005   -0.00191    0.00856    0.01470
 1006    0.00073    0.01093    0.01317
 1007    0.00220    0.01243    0.01406
 1008   -0.00025    0.00798    0.01224
 1009   -0.00159    0.00746    0.01100
 1010   -0.00113    0.00690    0.01165
 1011   -0.00235    0.00702    0.01126
 1012   -0.00097    0.00678    0.00890
 1013   -0.00171    0.00606    0.00777
 1014   -0.00305    0.00613    0.00733
 1015   -0.00263    0.00468    0.00711
 1016   -0.00445    0.00496    0.00561
 1017   -0.00356    0.00398    0.00611
 1018   -0.00437    0.00445    0.00546
 1019    0.00073    0.00585    0.01200
 1020    0.00138    0.00553    0.01313
 1021    0.00211    0.00602    0.01419
 1022    0.00135    0.00621    0.01381
 1023    0.00375    0.00400    0.01391
 1024    0.00367    0.00246    0.01253
 1025    0.00521    0.00058    0.01440
 1026    0.00549    0.00080    0.01402
 1027    0.00540   -0.00128    0.01635
 1028    0.00085    0.00668    0.01629
 1029    0.00066    0.00715    0.01861
 1030   -0.00200    0.00692    0.01662
 1031   -0.00321    0.00735    0.01897
 1032    0.00099    0.00671    0.02222
 1033    0.00635    0.00595    0.02604
 1034    0.01093    0.00779    0.03743
 1035    0.01807    0.00499    0.03955
 1036    0.01986    0.00595    0.04818
 1037   -0.00331    0.00702    0.01368
 1038   -0.00596    0.00742    0.01181
 1039   -0.00680    0.00712    0.00980
 1040   -0.00622    0.00733    0.00906
 1041   -0.00510    0.00727    0.00927
 1042   -0.00499    0.00660    0.00845
 1043   -0.00688    0.00567    0.00691
 1044   -0.00332    0.00628    0.00675
 1045   -0.00764    0.00653    0.00966
 1046   -0.00808    0.00635    0.00830
 1047   -0.01042    0.00569    0.00638
 1048   -0.01077    0.00587    0.00598
 1049   -0.00946    0.00632    0.00759
 1050   -0.00750    0.00636    0.01079
 1051   -0.00509    0.00675    0.01055
 1052   -0.00311    0.00671    0.01117
 1053   -0.00325    0.00697    0.01125
 1054   -0.01154    0.00454    0.00711
 1055   -0.01209    0.00304    0.00594
 1056   -0.01089    0.00373    0.00450
 1057   -0.01098    0.00343    0.00460
 1058   -0.01049    0.00115    0.00435
 1059   -0.00936    0.00528    0.00464
 1060   -0.00851    0.00612    0.00378
 1061   -0.00912    0.00536    0.00453
 1062   -0.00971    0.00479    0.00463
 1063   -0.00782    0.00645    0.00474
 1064   -0.00543    0.00639    0.00359
 1065   -0.00660    0.00561    0.00416
 1066   -0.00415    0.00671    0.00382
 1067   -0.00914    0.00567    0.00628
 1068   -0.00888    0.00525    0.00739
 1069   -0.00997    0.00561    0.00718
 1070   -0.01047    0.00529    0.00821
 1071   -0.00725    0.00617    0.00864
 1072   -0.00610    0.00588    0.00916
 1073   -0.00414    0.00647    0.01111
 1074   -0.00284    0.00724    0.01248
 1075   -0.00264    0.00692    0.01095
 1076   -0.01014    0.00607    0.00715
 1077   -0.01118    0.00566    0.00709
 1078   -0.01204    0.00428    0.00556
 1079   -0.01274    0.00436    0.00607
 1080   -0.01140    0.00585    0.00659
 1081   -0.01130    0.00353    0.00494
 1082   -0.01084    0.00327    0.00488
 1083   -0.01069    0.00364    0.00494
 1084   -0.01050    0.00342    0.00493
 1085   -0.00940    0.00205    0.00348
 1086   -0.01072    0.00455    0.00514
 1087   -0.01054    0.00504    0.00511
 1088   -0.01178    0.00536    0.00671
 1089   -0.01166    0.00511    0.00637
 1090   -0.01033    0.00502    0.00547
 1091   -0.01037    0.00517    0.00529
 1092   -0.00876    0.00471    0.00355
 1093   -0.01113    0.00507    0.00603
 1094   -0.00882    0.00430    0.00337
 1095   -0.01001    0.00447    0.00491
 1096   -0.01258    0.00508    0.00760
 1097   -0.01394    0.00534    0.00901
 1098   -0.01398    0.00637    0.00917
 1099   -0.01481    0.00746    0.00990
 1100   -0.01420    0.00512    0.00972
 1101   -0.01466    0.00589    0.01202
 1102   -0.01507    0.00510    0.01465
 1103   -0.01397    0.00532    0.00983
 1104   -0.01351    0.00618    0.00824
 1105   -0.01386    0.00654    0.00856
 1106   -0.01303    0.00686    0.00905
 1107   -0.01344    0.00815    0.01062
 1108   -0.01341    0.00571    0.00758
 1109   -0.01206    0.00656    0.00807
 1110   -0.01106    0.00686    0.00816
 1111   -0.01123    0.00736    0.00836
 1112   -0.01053    0.00788    0.00899
 1113   -0.00951    0.00564    0.00658
 1114   -0.00782    0.00621    0.00688
 1115   -0.00898    0.00479    0.00639
 1116   -0.01205    0.00662    0.00812
 1117   -0.01224    0.00651    0.00797
 1118   -0.01332    0.00747    0.00896
 1119   -0.01275    0.00744    0.00862
 1120   -0.01321    0.00556    0.00726
 1121   -0.01406    0.00820    0.01074
 1122   -0.01514    0.00928    0.01240
 1123   -0.01424    0.00950    0.01555
 1124   -0.01539    0.00972    0.01905
 1125   -0.01707    0.00914    0.01410
 1126   -0.01781    0.00948    0.01665
 1127   -0.01741    0.00939    0.01478
 1128   -0.01682    0.01049    0.01505
 1129   -0.01743    0.00881    0.01317
 1130   -0.01328    0.01021    0.01487
 1131   -0.01234    0.01217    0.01597
 1132   -0.01167    0.01199    0.01547
 1133   -0.01100    0.01464    0.01672
 1134   -0.01191    0.01131    0.01396
 1135   -0.01209    0.01272    0.01453
 1136   -0.01039    0.01324    0.01431
 1137   -0.00889    0.01205    0.01257
 1138   -0.01082    0.01675    0.01512
 1139   -0.01099    0.01101    0.01318
 1140   -0.00987    0.01065    0.01171
 1141   -0.01040    0.01081    0.01319
 1142   -0.01021    0.01221    0.01494
 1143   -0.01125    0.01027    0.01278
 1144   -0.01192    0.01026    0.01513
 1145   -0.01437    0.00833    0.01679
 1146   -0.01489    0.00766    0.01480
 1147   -0.00923    0.00789    0.01212
 1148   -0.00784    0.00659    0.00870
 1149   -0.00984    0.00508    0.00781
 1150   -0.01137    0.00388    0.00742
 1151   -0.01015    0.00519    0.00635
 1152   -0.01539    0.00846    0.01973
 1153   -0.01717    0.00618    0.01979
 1154   -0.01247    0.00274    0.01375
 1155   -0.01486    0.00454    0.02168
 1156   -0.03212    0.01205    0.03939
 1157   -0.02926    0.01044    0.03916
 1158   -0.01291    0.00115    0.01060
 1159   -0.01440    0.00073    0.01343
 1160   -0.01857   -0.00018    0.01676
 1161   -0.01979    0.00148    0.01517
 1162   -0.01391    0.00116    0.01162
 1163   -0.01109    0.00262    0.01125
 1164   -0.00926    0.00327    0.01329
 1165   -0.00696    0.00477    0.01124
 1166   -0.00597    0.00474    0.00811
 1167   -0.00679    0.00354    0.00704
 1168   -0.00433    0.00525    0.00654
 1169   -0.02102   -0.00274    0.02170
 1170   -0.02664   -0.00362    0.02542
 1171   -0.03004    0.00231    0.02377
 1172   -0.03890    0.01014    0.02800
 1173   -0.02890   -0.00696    0.03132
 1174   -0.02483   -0.00497    0.02413
 1175   -0.03646   -0.01328    0.04258
 1176   -0.02472    0.00213    0.01866
 1177   -0.02654    0.00593    0.02065
 1178   -0.03417    0.01272    0.01833
 1179   -0.04058    0.02000    0.02057
 1180   -0.02005    0.00395    0.01488
 1181   -0.02139    0.00421    0.01139
 1182   -0.02294    0.00642    0.01496
 1183   -0.02033    0.00187    0.00557
 1184   -0.03210    0.00984    0.01187
 1185   -0.04255    0.01875    0.00267
 1186   -0.04771    0.02238   -0.00187
 1187   -0.04545    0.01914   -0.00889
 1188   -0.05915    0.03465    0.00390
 1189   -0.09029    0.05723   -0.02394
 1190   -0.10488    0.06234   -0.04061
 1191   -0.12992    0.08904   -0.03929
 1192   -0.05487    0.03268    0.00475
 1193   -0.06710    0.04086   -0.00205
 1194   -0.04599    0.02130    0.00413
 1195   -0.04221    0.01199   -0.00101
 1196   -0.09961    0.07762    0.00813
 1197   -0.15730    0.12429   -0.01369
 1198   -0.11144    0.08752    0.00042
 1199   -0.11843    0.10768    0.03766
 1200   -0.08165    0.06198    0.02109
 1201   -0.03813    0.02023    0.01262
 1202   -0.02715    0.01539    0.01240
 1203   -0.02168    0.00574    0.00515
 1204   -0.01967    0.00327    0.00495
 1205   -0.02268    0.01560    0.01825
 1206   -0.01632    0.01408    0.01359
 1207   -0.03360    0.02243    0.02765
 1208   -0.02342    0.00454    0.00104
 1209   -0.02246    0.00006   -0.00280
 1210   -0.01339   -0.00168   -0.00278
 1211   -0.00883   -0.00086   -0.00173
 1212   -0.02944   -0.00343   -0.00627
 1213   -0.03822   -0.00425   -0.00794
 1214   -0.03536   -0.00685   -0.00730
 1215   -0.04659   -0.00208   -0.00488
 1216   -0.01047   -0.00228   -0.00385
 1217   -0.00593   -0.00301   -0.00404
 1218   -0.00539   -0.00341   -0.00522
 1219   -0.00715   -0.00344   -0.00495
 1220   -0.00422   -0.00140   -0.00309
 1221   -0.00397   -0.00012   -0.00101
 1222   -0.00241    0.00043   -0.00164
 1223   -0.00601    0.00106    0.00121
 1224   -0.00208    0.00207    0.00087
 1225   -0.00588    0.00344    0.00616
 1226   -0.00430    0.00321    0.00328
 1227   -0.00322   -0.00367   -0.00555
 1228   -0.00318   -0.00307   -0.00573
 1229   -0.00186   -0.00214   -0.00495
 1230   -0.00101   -0.00194   -0.00507
 1231   -0.00226   -0.00455   -0.00556
 1232   -0.00116   -0.00259   -0.00505
 1233   -0.00131   -0.00182   -0.00438
 1234    0.00003   -0.00192   -0.00478
 1235   -0.00024   -0.00089   -0.00379
 1236    0.00035   -0.00092   -0.00404
 1237   -0.00178   -0.00060   -0.00435
 1238   -0.00108    0.00018   -0.00433
 1239   -0.00022    0.00022   -0.00436
 1240   -0.00020    0.00020   -0.00408
 1241   -0.00177    0.00070   -0.00361
 1242   -0.00238    0.00094   -0.00340
 1243   -0.00343    0.00109   -0.00273
 1244   -0.00113    0.00092   -0.00369
 1245   -0.00376    0.00180   -0.00237
 1246   -0.00117    0.00136   -0.00322
 1247   -0.00245    0.00168   -0.00268
 1248    0.00036    0.00034   -0.00470
 1249    0.00099    0.00076   -0.00428
 1250    0.00148    0.00117   -0.00423
 1251    0.00188    0.00091   -0.00442
 1252    0.00120    0.00019   -0.00433
 1253    0.00156   -0.00064   -0.00468
 1254    0.00082   -0.00032   -0.00447
 1255    0.00159   -0.00079   -0.00487
 1256    0.00167    0.00166   -0.00391
 1257    0.00222    0.00218   -0.00368
 1258    0.00273    0.00226   -0.00344
 1259    0.00262    0.00271   -0.00358
 1260    0.00242    0.00271   -0.00312
 1261    0.00338    0.00282   -0.00285
 1262    0.00349    0.00256   -0.00294
 1263    0.00352    0.00346   -0.00211
 1264    0.00298    0.00175   -0.00341
 1265    0.00328    0.00163   -0.00348
 1266    0.00383    0.00180   -0.00278
 1267    0.00431    0.00113   -0.00234
 1268    0.00302    0.00063   -0.00374
 1269    0.00262    0.00047   -0.00387
 1270    0.00257    0.00006   -0.00421
 1271    0.00220    0.00071   -0.00441
 1272    0.00210   -0.00031   -0.00467
 1273    0.00189    0.00041   -0.00460
 1274    0.00187   -0.00014   -0.00467
 1275    0.00373    0.00267   -0.00301
 1276    0.00419    0.00302   -0.00291
 1277    0.00386    0.00352   -0.00324
 1278    0.00326    0.00458   -0.00427
 1279    0.00403    0.00418   -0.00237
 1280    0.00439    0.00462   -0.00165
 1281    0.00511    0.00376   -0.00139
 1282    0.00453    0.00493   -0.00163
 1283    0.00435    0.00317   -0.00317
 1284    0.00392    0.00414   -0.00379
 1285    0.00431    0.00593   -0.00355
 1286    0.00550    0.00574   -0.00239
 1287    0.00449    0.00282   -0.00365
 1288    0.00316    0.00438   -0.00499
 1289    0.00256    0.00654   -0.00592
 1290    0.00236    0.00360   -0.00411
 1291    0.00303    0.00812   -0.00466
 1292    0.00309    0.01012   -0.00347
 1293    0.00182    0.01229   -0.00611
 1294    0.00088    0.01229   -0.00717
 1295    0.00316    0.01043   -0.00326
 1296    0.00335    0.01195   -0.00229
 1297    0.00364    0.00890   -0.00241
 1298    0.00188    0.01328   -0.00551
 1299    0.00189    0.01789   -0.00899
 1300    0.00059    0.01736   -0.01019
 1301   -0.00090    0.01895   -0.01217
 1302    0.00147    0.01925   -0.00946
 1303    0.00197    0.02365   -0.01195
 1304    0.00279    0.02769   -0.01627
 1305    0.00238    0.02339   -0.01121
 1306    0.00078    0.01483   -0.00931
 1307   -0.00117    0.01326   -0.00905
 1308   -0.00226    0.01139   -0.00852
 1309   -0.00394    0.01075   -0.00848
 1310   -0.00143    0.01059   -0.00814
 1311   -0.00168    0.00935   -0.00802
 1312   -0.00059    0.00763   -0.00667
 1313    0.00080    0.00758   -0.00628
 1314   -0.00164    0.01037   -0.00862
 1315   -0.00332    0.01133   -0.01001
 1316   -0.00457    0.01071   -0.01054
 1317   -0.00395    0.01366   -0.01127
 1318   -0.00613    0.01224   -0.01256
 1319   -0.00577    0.01433   -0.01294
 1320   -0.00051    0.00612   -0.00636
 1321    0.00042    0.00470   -0.00560
 1322    0.00081    0.00501   -0.00560
 1323    0.00022    0.00509   -0.00599
 1324    0.00014    0.00345   -0.00514
 1325    0.00103    0.00216   -0.00463
 1326    0.00190    0.00143   -0.00402
 1327    0.00027    0.00134   -0.00416
 1328    0.00185    0.00489   -0.00512
 1329    0.00195    0.00497   -0.00485
 1330    0.00240    0.00405   -0.00440
 1331    0.00270    0.00391   -0.00412
 1332    0.00187    0.00647   -0.00445
 1333    0.00166    0.00756   -0.00517
 1334    0.00171    0.00742   -0.00536
 1335    0.00134    0.00854   -0.00561
 1336    0.00126    0.00805   -0.00592
 1337    0.00083    0.00982   -0.00642
 1338    0.00082    0.00971   -0.00646
 1339    0.00043    0.01094   -0.00732
 1340    0.00213    0.00347   -0.00447
 1341    0.00224    0.00300   -0.00431
 1342    0.00209    0.00336   -0.00413
 1343    0.00209    0.00349   -0.00422
 1344    0.00211    0.00214   -0.00455
 1345    0.00199    0.00133   -0.00445
 1346    0.00200    0.00091   -0.00463
 1347    0.00215    0.00064   -0.00459
 1348    0.00176    0.00086   -0.00459
 1349    0.00199    0.00328   -0.00372
 1350    0.00180    0.00360   -0.00341
 1351    0.00124    0.00281   -0.00365
 1352    0.00111    0.00222   -0.00373
 1353    0.00191    0.00425   -0.00266
 1354    0.00214    0.00520   -0.00235
 1355    0.00235    0.00552   -0.00166
 1356    0.00208    0.00575   -0.00254
 1357    0.00125    0.00243   -0.00361
 1358    0.00115    0.00167   -0.00331
 1359    0.00129    0.00181   -0.00287
 1360    0.00162    0.00179   -0.00273
 1361    0.00153    0.00102   -0.00364
 1362    0.00153    0.00019   -0.00351
 1363    0.00184   -0.00017   -0.00404
 1364    0.00147    0.00016   -0.00299
 1365    0.00101    0.00147   -0.00206
 1366    0.00105    0.00151   -0.00102
 1367    0.00188    0.00059   -0.00085
 1368    0.00216    0.00040   -0.00000
 1369    0.00198    0.00025   -0.00157
 1370    0.00310   -0.00023   -0.00165
 1371    0.00329    0.00070   -0.00258
 1372    0.00376    0.00096   -0.00245
 1373    0.00300   -0.00049   -0.00187
 1374    0.00205   -0.00151   -0.00148
 1375    0.00221   -0.00181   -0.00238
 1376    0.00319   -0.00198   -0.00205
 1377    0.00503   -0.00066   -0.00373
 1378    0.00529    0.00017   -0.00441
 1379    0.00869    0.00094   -0.00516
 1380    0.00283    0.00098   -0.00302
 1381    0.00256    0.00170   -0.00416
 1382    0.00247    0.00155   -0.00341
 1383    0.00242    0.00152   -0.00233
 1384    0.00222    0.00214   -0.00462
 1385    0.00252    0.00217   -0.00491
 1386    0.00378    0.00338   -0.00531
 1387    0.00352    0.00390   -0.00563
 1388    0.00245    0.00208   -0.00379
 1389    0.00194    0.00154   -0.00294
 1390    0.00150    0.00166   -0.00315
 1391    0.00124    0.00188   -0.00252
 1392    0.00089    0.00318   -0.00432
 1393    0.00118    0.00486   -0.00615
 1394    0.00192    0.00488   -0.00512
 1395    0.00120    0.00238   -0.00416
 1396    0.00108    0.00279   -0.00395
 1397    0.00160    0.00314   -0.00417
 1398    0.00185    0.00298   -0.00457
 1399    0.00120    0.00231   -0.00462
 1400   -0.00063    0.00100   -0.00550
 1401    0.00071    0.00204   -0.00543
 1402   -0.00202   -0.00010   -0.00715
 1403    0.00125    0.00284   -0.00634
 1404   -0.00378    0.00164   -0.00916
 1405   -0.00100    0.00327   -0.00793
 1406    0.00188    0.00385   -0.00376
 1407    0.00210    0.00422   -0.00419
 1408    0.00244    0.00384   -0.00466
 1409    0.00246    0.00348   -0.00476
 1410    0.00219    0.00522   -0.00384
 1411    0.00202    0.00566   -0.00301
 1412    0.00175    0.00452   -0.00326
 1413    0.00222    0.00375   -0.00490
 1414    0.00270    0.00374   -0.00524
 1415    0.00229    0.00438   -0.00582
 1416    0.00173    0.00417   -0.00545
 1417    0.00223    0.00275   -0.00463
 1418    0.00267    0.00282   -0.00479
 1419    0.00270    0.00284   -0.00441
 1420    0.00217    0.00481   -0.00648
 1421    0.00140    0.00579   -0.00767
 1422    0.00069    0.00499   -0.00801
 1423    0.00140    0.00403   -0.00791
 1424    0.00227    0.00726   -0.00940
 1425   -0.00019    0.00810   -0.00911
 1426   -0.00051    0.00801   -0.00871
 1427    0.00000    0.00927   -0.01309
 1428   -0.00022    0.00473   -0.00741
 1429   -0.00173    0.00409   -0.00731
 1430   -0.00363    0.00486   -0.00746
 1431   -0.00363    0.00409   -0.00655
 1432   -0.00108    0.00292   -0.00597
 1433   -0.00030    0.00240   -0.00557
 1434   -0.00050    0.00200   -0.00526
 1435    0.00069    0.00227   -0.00526
 1436    0.00029    0.00151   -0.00507
 1437    0.00095    0.00176   -0.00490
 1438   -0.00346    0.00550   -0.00891
 1439   -0.00615    0.00670   -0.00844
 1440   -0.00632    0.00747   -0.00818
 1441   -0.00445    0.00718   -0.00743
 1442   -0.00910    0.00815   -0.00845
 1443   -0.00828    0.00850   -0.00844
 1444   -0.00641    0.00651   -0.00656
 1445   -0.00618    0.00467   -0.00505
 1446   -0.01153    0.01016   -0.00967
 1447   -0.00456    0.00656   -0.00591
 1448   -0.00307    0.00456   -0.00398
 1449   -0.00193    0.00469   -0.00404
 1450   -0.00138    0.00637   -0.00547
 1451   -0.00116    0.00400   -0.00398
 1452    0.00009    0.00222   -0.00286
 1453   -0.00094    0.00248   -0.00239
 1454   -0.00001    0.00191   -0.00271
 1455    0.00240    0.00080   -0.00255
 1456    0.00275   -0.00002   -0.00212
 1457   -0.00047   -0.00034   -0.00077
 1458    0.00074   -0.00148   -0.00084
 1459    0.00333   -0.00025   -0.00298
 1460    0.00480   -0.00226   -0.00265
 1461    0.00455   -0.00483   -0.00051
 1462    0.00466   -0.00542    0.00049
 1463    0.00662   -0.00241   -0.00391
 1464    0.00670   -0.00049   -0.00471
 1465    0.00707   -0.00094   -0.00353
 1466    0.00702   -0.00091   -0.00250
 1467    0.00788   -0.00141   -0.00375
 1468    0.00453   -0.00590   -0.00050
 1469    0.00399   -0.00935    0.00139
 1470    0.00317   -0.00770    0.00158
 1471    0.00395   -0.00935    0.00189
 1472    0.00458   -0.01037    0.00274
 1473    0.00534   -0.01296    0.00212
 1474    0.00581   -0.01125    0.00034
 1475    0.00721   -0.01456    0.00342
 1476    0.00242   -0.00554    0.00102
 1477    0.00160   -0.00470    0.00109
 1478    0.00190   -0.00419    0.00019
 1479    0.00125   -0.00338   -0.00002
 1480    0.00016   -0.00412    0.00235
 1481   -0.00017   -0.00217    0.00124
 1482   -0.00081   -0.00579    0.00437
 1483    0.00266   -0.00385    0.00001
 1484    0.00292   -0.00235   -0.00086
 1485    0.00329   -0.00288   -0.00121
 1486    0.00260   -0.00235   -0.00152
 1487    0.00399   -0.00244   -0.00088
 1488    0.00450   -0.00177   -0.00147
 1489    0.00383   -0.00020   -0.00224
 1490    0.00533   -0.00143   -0.00135
 1491    0.00411   -0.00404   -0.00058
 1492    0.00481   -0.00437   -0.00123
 1493    0.00423   -0.00463   -0.00210
 1494    0.00348   -0.00346   -0.00261
 1495    0.00631   -0.00623    0.00015
 1496    0.00831   -0.00578    0.00238
 1497    0.00916   -0.00699    0.00327
 1498    0.00798   -0.00468    0.00154
 1499    0.00400   -0.00503   -0.00185
 1500    0.00308   -0.00419   -0.00194
 1501    0.00191   -0.00361   -0.00198
 1502    0.00168   -0.00347   -0.00194
 1503    0.00322   -0.00433   -0.00124
 1504    0.00278   -0.00414   -0.00100
 1505    0.00283   -0.00398   -0.00057
 1506    0.00336   -0.00472    0.00060
 1507    0.00353   -0.00581    0.00356
 1508    0.00111   -0.00319   -0.00142
 1509   -0.00004   -0.00194   -0.00166
 1510    0.00043   -0.00142   -0.00254
 1511   -0.00009   -0.00100   -0.00273
 1512   -0.00056   -0.00091   -0.00152
 1513   -0.00162   -0.00060   -0.00070
 1514   -0.00223    0.00082   -0.00115
 1515   -0.00145   -0.00176    0.00053
 1516    0.00136   -0.00118   -0.00287
 1517    0.00163   -0.00082   -0.00332
 1518    0.00196   -0.00131   -0.00361
 1519    0.00169   -0.00111   -0.00394
 1520    0.00261   -0.00088   -0.00321
 1521    0.00233   -0.00211   -0.00332
 1522    0.00246   -0.00257   -0.00339
 1523    0.00153   -0.00246   -0.00353
 1524    0.00127   -0.00220   -0.00418
 1525    0.00294   -0.00315   -0.00272
 1526    0.00121   -0.00213   -0.00333
 1527    0.00046   -0.00185   -0.00315
 1528    0.00031   -0.00136   -0.00374
 1529   -0.00021   -0.00140   -0.00398
 1530   -0.00028   -0.00179   -0.00264
 1531   -0.00106   -0.00156   -0.00237
 1532   -0.00205   -0.00093   -0.00196
 1533   -0.00182   -0.00088   -0.00191
 1534   -0.00176   -0.00168   -0.00114
 1535    0.00041   -0.00107   -0.00401
 1536    0.00041   -0.00075   -0.00431
 1537    0.00089   -0.00106   -0.00463
 1538    0.00077   -0.00111   -0.00476
 1539    0.00051   -0.00020   -0.00447
 1540    0.00060    0.00012   -0.00462
 1541    0.00003    0.00028   -0.00432
 1542    0.00119   -0.00141   -0.00460
 1543    0.00167   -0.00150   -0.00514
 1544    0.00165   -0.00172   -0.00533
 1545    0.00159   -0.00178   -0.00567
 1546    0.00215   -0.00149   -0.00511
 1547    0.00236   -0.00114   -0.00481
 1548    0.00140   -0.00169   -0.00524
 1549    0.00116   -0.00194   -0.00549
 1550    0.00085   -0.00231   -0.00550
 1551    0.00094   -0.00273   -0.00615
 1552    0.00085   -0.00234   -0.00501
 1553    0.00114   -0.00268   -0.00413
 1554    0.00116   -0.00318   -0.00310
 1555    0.00027   -0.00323   -0.00276
 1556    0.00037   -0.00338   -0.00180
 1557    0.00154   -0.00336   -0.00142
 1558   -0.00008   -0.00319   -0.00145
 1559    0.00054   -0.00210   -0.00516
 1560    0.00035   -0.00202   -0.00517
 1561    0.00088   -0.00238   -0.00557
 1562    0.00104   -0.00290   -0.00603
 1563    0.00025   -0.00125   -0.00477
 1564   -0.00042   -0.00096   -0.00446
 1565   -0.00053   -0.00015   -0.00438
 1566   -0.00016    0.00013   -0.00434
 1567   -0.00125    0.00043   -0.00432
 1568    0.00118   -0.00228   -0.00555
 1569    0.00159   -0.00257   -0.00592
 1570    0.00179   -0.00279   -0.00660
 1571    0.00206   -0.00314   -0.00685
 1572    0.00170   -0.00223   -0.00579
 1573    0.00169   -0.00197   -0.00551
 1574    0.00155   -0.00152   -0.00511
 1575    0.00186   -0.00222   -0.00567
 1576    0.00154   -0.00111   -0.00501
 1577    0.00177   -0.00185   -0.00539
 1578    0.00167   -0.00104   -0.00508
 1579    0.00161   -0.00266   -0.00650
 1580    0.00155   -0.00270   -0.00681
 1581    0.00165   -0.00360   -0.00755
 1582    0.00185   -0.00390   -0.00773
 1583    0.00157   -0.00261   -0.00659
 1584    0.00169   -0.00180   -0.00620
 1585    0.00178   -0.00281   -0.00686
 1586    0.00160   -0.00369   -0.00755
 1587    0.00155   -0.00421   -0.00817
 1588    0.00227   -0.00481   -0.00847
 1589    0.00258   -0.00543   -0.00915
 1590    0.00092   -0.00408   -0.00778
 1591    0.00042   -0.00423   -0.00768
 1592   -0.00041   -0.00401   -0.00645
 1593   -0.00098   -0.00406   -0.00705
 1594   -0.00030   -0.00373   -0.00611
 1595    0.00183   -0.00451   -0.00764
 1596    0.00219   -0.00479   -0.00764
 1597    0.00290   -0.00537   -0.00783
 1598    0.00323   -0.00631   -0.00806
 1599    0.00218   -0.00410   -0.00686
 1600    0.00142   -0.00323   -0.00652
 1601    0.00145   -0.00222   -0.00588
 1602    0.00175   -0.00231   -0.00538
 1603    0.00142   -0.00189   -0.00504
 1604    0.00094   -0.00133   -0.00477
 1605    0.00180   -0.00194   -0.00485
 1606    0.00290   -0.00491   -0.00819
 1607    0.00300   -0.00544   -0.00816
 1608    0.00272   -0.00539   -0.00839
 1609    0.00227   -0.00426   -0.00780
 1610    0.00272   -0.00505   -0.00776
 1611    0.00295   -0.00495   -0.00768
 1612    0.00381   -0.00553   -0.00789
 1613    0.00412   -0.00548   -0.00774
 1614    0.00428   -0.00611   -0.00784
 1615    0.00309   -0.00618   -0.00946
 1616    0.00265   -0.00601   -0.01028
 1617    0.00235   -0.00509   -0.00874
 1618    0.00217   -0.00413   -0.00761
 1619    0.00359   -0.00734   -0.01321
 1620    0.00249   -0.00603   -0.00898
 1621    0.00216   -0.00555   -0.00830
 1622    0.00146   -0.00407   -0.00702
 1623    0.00063   -0.00396   -0.00668
 1624    0.00167   -0.00397   -0.00671
 1625    0.00121   -0.00328   -0.00584
 1626    0.00105   -0.00188   -0.00559
 1627    0.00167   -0.00163   -0.00571
 1628    0.00146   -0.00366   -0.00628
 1629    0.00088   -0.00262   -0.00516
 1630   -0.00003   -0.00070   -0.00349
 1631   -0.00152    0.00003   -0.00155
 1632    0.00024   -0.00167   -0.00386
 1633    0.00079   -0.00133   -0.00456
 1634    0.00080   -0.00066   -0.00427
 1635    0.00080   -0.00024   -0.00364
 1636    0.00132   -0.00001   -0.00346
 1637    0.00024   -0.00117   -0.00401
 1638    0.00105   -0.00128   -0.00376
 1639    0.00060   -0.00203   -0.00506
 1640    0.00005    0.00014   -0.00272
 1641   -0.00021    0.00050   -0.00177
 1642    0.00051    0.00034   -0.00265
 1643    0.00026    0.00060   -0.00246
 1644   -0.00212    0.00264    0.00181
 1645   -0.00350    0.00346    0.00404
 1646   -0.00482    0.00348    0.00550
 1647   -0.00663    0.00470    0.00788
 1648   -0.00657    0.00400    0.00741
 1649   -0.00425    0.00075    0.00382
 1650   -0.00709    0.00280    0.00743
 1651    0.00129    0.00015   -0.00347
 1652    0.00183   -0.00004   -0.00388
 1653    0.00211    0.00044   -0.00327
 1654    0.00202    0.00093   -0.00287
 1655    0.00196   -0.00051   -0.00469
 1656    0.00169   -0.00119   -0.00520
 1657    0.00154   -0.00132   -0.00539
 1658    0.00158   -0.00161   -0.00547
 1659    0.00157   -0.00217   -0.00598
 1660    0.00175   -0.00237   -0.00616
 1661    0.00174   -0.00275   -0.00633
 1662    0.00191    0.00061   -0.00333
 1663    0.00237    0.00096   -0.00288
 1664    0.00254    0.00070   -0.00349
 1665    0.00227    0.00049   -0.00379
 1666    0.00147    0.00218   -0.00190
 1667    0.00123    0.00223   -0.00118
 1668    0.00337    0.00058   -0.00304
 1669    0.00394    0.00015   -0.00301
 1670    0.00464    0.00078   -0.00281
 1671    0.00477    0.00112   -0.00254
 1672    0.00433   -0.00027   -0.00315
 1673    0.00480    0.00102   -0.00283
 1674    0.00550    0.00117   -0.00254
 1675    0.00615    0.00045   -0.00244
 1676    0.00554    0.00023   -0.00251
 1677    0.00497    0.00151   -0.00240
 1678    0.00445    0.00247   -0.00201
 1679    0.00397    0.00130   -0.00274
 1680    0.00697   -0.00014   -0.00185
 1681    0.00745   -0.00139   -0.00117
 1682    0.00788   -0.00193   -0.00176
 1683    0.00805   -0.00223   -0.00190
 1684    0.00842   -0.00278   -0.00023
 1685    0.00747   -0.00221   -0.00167
 1686    0.00762   -0.00322   -0.00194
 1687    0.00873   -0.00525   -0.00089
 1688    0.00882   -0.00536    0.00051
 1689    0.00653   -0.00189   -0.00198
 1690    0.00658   -0.00308   -0.00210
 1691    0.00646   -0.00394   -0.00321
 1692    0.00637   -0.00223   -0.00199
 1693    0.00937   -0.00718   -0.00087
 1694    0.00984   -0.00922    0.00088
 1695    0.00959   -0.01216    0.00008
 1696    0.00947   -0.01220   -0.00272
 1697    0.01020   -0.00894    0.00225
 1698    0.00938   -0.00676    0.00018
 1699    0.00876   -0.01482    0.00313
 1700    0.00730   -0.01822    0.00338
 1701    0.00686   -0.02081    0.00407
 1702    0.00673   -0.02156    0.00714
 1703    0.00508   -0.02129    0.00700
 1704    0.00219   -0.02459    0.00591
 1705   -0.00112   -0.02820    0.00931
 1706   -0.00260   -0.02983    0.00879
 1707   -0.00412   -0.03206    0.01272
 1708    0.00595   -0.02244    0.00066
 1709    0.00259   -0.02663   -0.00156
 1710   -0.00259   -0.03811   -0.00162
 1711   -0.01219   -0.05519    0.00009
 1712   -0.00165   -0.02625   -0.00929
 1713   -0.01250   -0.04865   -0.00860
 1714   -0.08433   -0.12112   -0.02480
 1715   -0.25945   -0.33421   -0.12813
 1716    0.30566    0.12375    0.11572
 1717   -0.06526   -0.11105    0.00124
 1718    0.00506   -0.00300   -0.00429
 1719    0.00577   -0.00367   -0.00495
 1720    0.00521   -0.00453   -0.00544
 1721    0.00432   -0.00467   -0.00521
 1722    0.00657   -0.00331   -0.00405
 1723    0.00566   -0.00381   -0.00442
 1724    0.00623   -0.00366   -0.00391
 1725    0.00764   -0.00239   -0.00306
 1726    0.00560   -0.00490   -0.00605
 1727    0.00515   -0.00539   -0.00651
 1728    0.00538   -0.00581   -0.00669
 1729    0.00597   -0.00576   -0.00694
 1730    0.00547   -0.00574   -0.00705
 1731    0.00505   -0.00619   -0.00748
 1732    0.00529   -0.00660   -0.00810
 1733    0.00540   -0.00670   -0.00832
 1734    0.00558   -0.00701   -0.00891
 1735    0.00482   -0.00613   -0.00665
 1736    0.00477   -0.00643   -0.00678
 1737    0.00457   -0.00697   -0.00703
 1738    0.00419   -0.00667   -0.00683
 1739    0.00468   -0.00647   -0.00649
 1740    0.00373   -0.00582   -0.00590
 1741    0.00500   -0.00596   -0.00611
 1742    0.00324   -0.00585   -0.00530
 1743    0.00474   -0.00705   -0.00714
 1744    0.00448   -0.00660   -0.00714
 1745    0.00442   -0.00606   -0.00657
 1746    0.00445   -0.00601   -0.00614
 1747    0.00473   -0.00643   -0.00740
 1748    0.00494   -0.00649   -0.00807
 1749    0.00462   -0.00660   -0.00815
 1750    0.00546   -0.00614   -0.00846
 1751    0.00500   -0.00675   -0.00887
 1752    0.00596   -0.00644   -0.00875
 1753    0.00556   -0.00668   -0.00900
 1754    0.00437   -0.00538   -0.00632
 1755    0.00426   -0.00491   -0.00559
 1756    0.00425   -0.00478   -0.00539
 1757    0.00436   -0.00502   -0.00548
 1758    0.00366   -0.00500   -0.00530
 1759    0.00294   -0.00377   -0.00421
 1760    0.00315   -0.00465   -0.00481
 1761    0.00418   -0.00411   -0.00501
 1762    0.00451   -0.00342   -0.00467
 1763    0.00441   -0.00261   -0.00389
 1764    0.00421   -0.00232   -0.00321
 1765    0.00451   -0.00301   -0.00457
 1766    0.00441   -0.00320   -0.00439
 1767    0.00478   -0.00368   -0.00396
 1768    0.00541   -0.00340   -0.00294
 1769    0.00592   -0.00426   -0.00255
 1770    0.00444   -0.00177   -0.00371
 1771    0.00436   -0.00139   -0.00323
 1772    0.00423   -0.00109   -0.00316
 1773    0.00421   -0.00175   -0.00310
 1774    0.00349   -0.00172   -0.00381
 1775    0.00358   -0.00190   -0.00441
 1776    0.00301   -0.00245   -0.00396
 1777    0.00394   -0.00094   -0.00300
 1778    0.00392   -0.00109   -0.00308
 1779    0.00373   -0.00120   -0.00340
 1780    0.00371   -0.00161   -0.00301
 1781    0.00375   -0.00099   -0.00325
 1782    0.00353   -0.00095   -0.00342
 1783    0.00378   -0.00140   -0.00320
 1784    0.00330   -0.00049   -0.00373
 1785    0.00353   -0.00119   -0.00370
 1786    0.00339   -0.00125   -0.00446
 1787    0.00392   -0.00176   -0.00385
 1788    0.00354   -0.00232   -0.00395
 1789    0.00283   -0.00110   -0.00545
 1790    0.00303   -0.00117   -0.00519
 1791    0.00245   -0.00082   -0.00561
 1792    0.00415   -0.00164   -0.00347
 1793    0.00414   -0.00218   -0.00308
 1794    0.00409   -0.00251   -0.00381
 1795    0.00395   -0.00309   -0.00402
 1796    0.00372   -0.00261   -0.00482
 1797    0.00328   -0.00331   -0.00577
 1798    0.00364   -0.00370   -0.00584
 1799    0.00397   -0.00350   -0.00499
 1800    0.00345   -0.00334   -0.00575
 1801    0.00334   -0.00395   -0.00590
 1802    0.00251   -0.00430   -0.00604
 1803    0.00191   -0.00553   -0.00627
 1804    0.00125   -0.00604   -0.00647
 1805    0.00361   -0.00433   -0.00623
 1806    0.00384   -0.00500   -0.00652
 1807    0.00362   -0.00608   -0.00669
 1808    0.00371   -0.00645   -0.00722
 1809    0.00372   -0.00527   -0.00686
 1810    0.00386   -0.00468   -0.00600
 1811    0.00404   -0.00564   -0.00667
 1812    0.00377   -0.00573   -0.00639
 1813    0.00374   -0.00582   -0.00636
 1814    0.00397   -0.00661   -0.00652
 1815    0.00396   -0.00608   -0.00645
 1816    0.00322   -0.00549   -0.00582
 1817    0.00302   -0.00552   -0.00570
 1818    0.00249   -0.00567   -0.00576
 1819    0.00208   -0.00465   -0.00515
 1820    0.00361   -0.00714   -0.00708
 1821    0.00369   -0.00730   -0.00734
 1822    0.00323   -0.00650   -0.00665
 1823    0.00236   -0.00597   -0.00626
 1824    0.00378   -0.00748   -0.00788
 1825    0.00397   -0.00747   -0.00870
 1826    0.00384   -0.00739   -0.00770
 1827    0.00315   -0.00612   -0.00640
 1828    0.00264   -0.00577   -0.00582
 1829    0.00278   -0.00564   -0.00564
 1830    0.00363   -0.00626   -0.00610
 1831    0.00240   -0.00558   -0.00517
 1832    0.00210   -0.00520   -0.00471
 1833    0.00129   -0.00474   -0.00398
 1834    0.00060   -0.00500   -0.00439
 1835    0.00216   -0.00531   -0.00520
 1836    0.00248   -0.00532   -0.00485
 1837    0.00153   -0.00449   -0.00431
 1838    0.00045   -0.00434   -0.00393
 1839    0.00266   -0.00590   -0.00528
 1840    0.00278   -0.00623   -0.00581
 1841    0.00376   -0.00626   -0.00652
 1842    0.00400   -0.00665   -0.00703
 1843    0.00414   -0.00614   -0.00676
 1844    0.00234   -0.00448   -0.00426
 1845    0.00170   -0.00399   -0.00358
 1846    0.00244   -0.00353   -0.00332
 1847    0.00343   -0.00347   -0.00354
 1848    0.00179   -0.00456   -0.00372
 1849    0.00119   -0.00478   -0.00359
 1850    0.00293   -0.00491   -0.00445
 1851    0.00213   -0.00324   -0.00301
 1852    0.00302   -0.00272   -0.00273
 1853    0.00279   -0.00301   -0.00280
 1854    0.00151   -0.00341   -0.00252
 1855    0.00221   -0.00183   -0.00212
 1856    0.00303   -0.00074   -0.00174
 1857    0.00268    0.00002   -0.00133
 1858    0.00221   -0.00079   -0.00163
 1859    0.00299    0.00139   -0.00069
 1860    0.00355   -0.00271   -0.00284
 1861    0.00333   -0.00300   -0.00285
 1862    0.00205   -0.00299   -0.00237
 1863    0.00157   -0.00369   -0.00247
 1864    0.00445   -0.00207   -0.00262
 1865    0.00558   -0.00151   -0.00260
 1866    0.00458   -0.00197   -0.00272
 1867    0.00156   -0.00210   -0.00193
 1868    0.00044   -0.00195   -0.00167
 1869   -0.00060   -0.00286   -0.00165
 1870   -0.00147   -0.00299   -0.00148
 1871    0.00005   -0.00083   -0.00119
 1872    0.00014   -0.00065   -0.00116
 1873   -0.00061   -0.00344   -0.00187
 1874   -0.00153   -0.00409   -0.00192
 1875   -0.00178   -0.00502   -0.00210
 1876   -0.00111   -0.00525   -0.00221
 1877   -0.00132   -0.00426   -0.00217
 1878   -0.00145   -0.00371   -0.00198
 1879   -0.00192   -0.00342   -0.00169
 1880   -0.00044   -0.00354   -0.00226
 1881   -0.00251   -0.00518   -0.00208
 1882   -0.00265   -0.00585   -0.00208
 1883   -0.00221   -0.00563   -0.00181
 1884   -0.00227   -0.00552   -0.00191
 1885   -0.00311   -0.00561   -0.00214
 1886   -0.00345   -0.00544   -0.00204
 1887   -0.00311   -0.00504   -0.00195
 1888   -0.00209   -0.00604   -0.00196
 1889   -0.00173   -0.00563   -0.00187
 1890   -0.00269   -0.00490   -0.00152
 1891   -0.00276   -0.00422   -0.00103
 1892   -0.00136   -0.00611   -0.00224
 1893   -0.00072   -0.00656   -0.00245
 1894   -0.00178   -0.00482   -0.00113
 1895    0.00004   -0.00641   -0.00245
 1896   -0.00298   -0.00530   -0.00180
 1897   -0.00370   -0.00453   -0.00143
 1898   -0.00371   -0.00432   -0.00135
 1899   -0.00436   -0.00363   -0.00072
 1900   -0.00427   -0.00507   -0.00171
 1901   -0.00579   -0.00426   -0.00138
 1902   -0.00590   -0.00439   -0.00169
 1903   -0.00709   -0.00388   -0.00136
 1904   -0.00317   -0.00515   -0.00276
 1905   -0.00335   -0.00496   -0.00196
 1906   -0.00336   -0.00472   -0.00186
 1907   -0.00345   -0.00473   -0.00169
 1908   -0.00369   -0.00433   -0.00143
 1909   -0.00345   -0.00520   -0.00203
 1910   -0.00372   -0.00463   -0.00173
 1911   -0.00399   -0.00445   -0.00169
 1912   -0.00355   -0.00445   -0.00161
 1913   -0.00294   -0.00476   -0.00179
 1914   -0.00268   -0.00443   -0.00161
 1915   -0.00314   -0.00367   -0.00134
 1916   -0.00310   -0.00362   -0.00166
 1917   -0.00162   -0.00463   -0.00162
 1918   -0.00084   -0.00469   -0.00177
 1919   -0.00088   -0.00489   -0.00232
 1920   -0.00335   -0.00299   -0.00046
 1921   -0.00375   -0.00172    0.00047
 1922   -0.00430   -0.00189    0.00022
 1923   -0.00408   -0.00165    0.00042
 1924   -0.00389   -0.00027    0.00152
 1925   -0.00351    0.00012    0.00116
 1926   -0.00337    0.00025    0.00164
 1927   -0.00275    0.00006    0.00143
 1928   -0.00260   -0.00059    0.00190
 1929   -0.00442   -0.00301   -0.00028
 1930   -0.00444   -0.00355   -0.00059
 1931   -0.00464   -0.00363   -0.00105
 1932   -0.00435   -0.00410   -0.00116
 1933   -0.00452   -0.00382   -0.00079
 1934   -0.00420   -0.00406   -0.00169
 1935   -0.00356   -0.00487   -0.00251
 1936   -0.00345   -0.00423   -0.00256
 1937   -0.00313   -0.00483   -0.00315
 1938   -0.00327   -0.00510   -0.00299
 1939   -0.00330   -0.00510   -0.00284
 1940   -0.00248   -0.00473   -0.00281
 1941   -0.00256   -0.00454   -0.00255
 1942   -0.00193   -0.00435   -0.00282
 1943   -0.00352   -0.00347   -0.00187
 1944   -0.00355   -0.00340   -0.00197
 1945   -0.00410   -0.00327   -0.00152
 1946   -0.00374   -0.00362   -0.00180
 1947   -0.00307   -0.00291   -0.00161
 1948   -0.00202   -0.00368   -0.00208
 1949   -0.00267   -0.00247   -0.00127
 1950   -0.00165   -0.00287   -0.00123
 1951   -0.00426   -0.00301   -0.00077
 1952   -0.00430   -0.00382   -0.00019
 1953   -0.00426   -0.00479   -0.00087
 1954   -0.00391   -0.00587   -0.00079
 1955   -0.00428   -0.00418    0.00059
 1956   -0.00409   -0.00483    0.00176
 1957   -0.00493   -0.00430    0.00387
 1958   -0.00435   -0.00503    0.00238
 1959   -0.00541   -0.00439    0.00619
 1960   -0.00378   -0.00496   -0.00159
 1961   -0.00364   -0.00609   -0.00219
 1962   -0.00338   -0.00645   -0.00313
 1963   -0.00306   -0.00751   -0.00390
 1964   -0.00357   -0.00615   -0.00245
 1965   -0.00362   -0.00623   -0.00174
 1966   -0.00379   -0.00630   -0.00196
 1967   -0.00388   -0.00602   -0.00105
 1968   -0.00336   -0.00608   -0.00312
 1969   -0.00299   -0.00629   -0.00433
 1970   -0.00287   -0.00592   -0.00382
 1971   -0.00214   -0.00676   -0.00438
 1972   -0.00211   -0.00576   -0.00490
 1973   -0.00135   -0.00591   -0.00533
 1974   -0.00086   -0.00605   -0.00610
 1975   -0.00022   -0.00580   -0.00630
 1976    0.00080   -0.00568   -0.00643
 1977   -0.00322   -0.00504   -0.00275
 1978   -0.00269   -0.00445   -0.00233
 1979   -0.00279   -0.00521   -0.00124
 1980   -0.00192   -0.00482   -0.00044
 1981   -0.00231   -0.00319   -0.00238
 1982   -0.00167   -0.00379   -0.00437
 1983   -0.00128   -0.00427   -0.00521
 1984   -0.00155   -0.00400   -0.00529
 1985   -0.00021   -0.00540   -0.00567
 1986   -0.00372   -0.00565   -0.00073
 1987   -0.00343   -0.00645    0.00066
 1988   -0.00345   -0.00508    0.00182
 1989   -0.00586   -0.00355    0.00389
 1990   -0.00344   -0.00343    0.00171
 1991   -0.00332   -0.00254    0.00288
 1992   -0.00399   -0.00260    0.00352
 1993   -0.00427   -0.00213    0.00300
 1994   -0.00338   -0.00085    0.00233
 1995   -0.00291   -0.00109    0.00107
 1996   -0.00364    0.00018    0.00269
 1997   -0.00228   -0.00038   -0.00031
 1998   -0.00562    0.00010    0.00712
 1999   -0.00709    0.00051    0.00906
 2000   -0.00528    0.00065    0.00772
 2001   -0.00451    0.00128    0.00667
 2002   -0.01164    0.00060    0.01382
 2003   -0.01046    0.00103    0.01326
 2004   -0.00890    0.00080    0.01051
 2005   -0.00464   -0.00009    0.00622
 2006   -0.00397   -0.00023    0.00461
 2007   -0.00383    0.00108    0.00663
 2008   -0.00332    0.00125    0.00576
 2009   -0.00420   -0.00136    0.00389
 2010   -0.00423   -0.00236    0.00339
 2011   -0.00527   -0.00089    0.00655
 2012   -0.00473    0.00285    0.01093
 2013   -0.00501    0.00338    0.01366
 2014   -0.00460    0.00400    0.01024
 2015   -0.00418    0.00531    0.01022
 2016   -0.00814    0.00253    0.01909
 2017   -0.00771    0.00190    0.02156
 2018   -0.00785    0.00065    0.01730
 2019   -0.00863    0.00513    0.02875
 2020   -0.00477    0.00352    0.00903
 2021   -0.00448    0.00334    0.00698
 2022   -0.00297    0.00237    0.00453
 2023   -0.00245    0.00252    0.00344
 2024   -0.00559    0.00336    0.00712
 2025   -0.00680    0.00340    0.00999
 2026   -0.00828    0.00290    0.01051
 2027   -0.00828    0.00333    0.01044
 2028   -0.00941    0.00265    0.01160
 2029   -0.00248    0.00251    0.00485
 2030   -0.00219    0.00258    0.00338
 2031   -0.00169    0.00267    0.00292
 2032   -0.00106    0.00267    0.00316
 2033   -0.00256    0.00222    0.00278
 2034   -0.00336    0.00170    0.00275
 2035   -0.00314    0.00097    0.00205
 2036   -0.00291    0.00062    0.00124
 2037   -0.00362    0.00020    0.00221
 2038   -0.00066    0.00165    0.00125
 2039    0.00020    0.00059    0.00072
 2040    0.00003   -0.00044    0.00009
 2041    0.00069   -0.00023   -0.00036
 2042    0.00085    0.00107    0.00067
 2043    0.00076    0.00243    0.00199
 2044    0.00107    0.00114    0.00175
 2045    0.00127    0.00249    0.00284
 2046    0.00071    0.00434    0.00498
 2047   -0.00002    0.00533    0.00606
 2048    0.00062    0.00674    0.00665
 2049   -0.00058   -0.00150   -0.00020
 2050   -0.00017   -0.00240   -0.00067
 2051    0.00100   -0.00358   -0.00117
 2052    0.00070   -0.00415   -0.00146
 2053   -0.00017   -0.00310   -0.00104
 2054   -0.00103   -0.00238   -0.00035
 2055   -0.00145   -0.00287   -0.00058
 2056    0.00002   -0.00225   -0.00127
 2057    0.00195   -0.00319   -0.00136
 2058    0.00261   -0.00425   -0.00149
 2059    0.00294   -0.00486   -0.00200
 2060    0.00370   -0.00444   -0.00225
 2061    0.00265   -0.00362   -0.00145
 2062    0.00270   -0.00259   -0.00095
 2063    0.00291   -0.00479   -0.00163
 2064    0.00227   -0.00298   -0.00088
 2065    0.00286   -0.00567   -0.00212
 2066    0.00360   -0.00583   -0.00238
 2067    0.00339   -0.00660   -0.00270
 2068    0.00283   -0.00702   -0.00262
 2069    0.00372   -0.00632   -0.00316
 2070    0.00398   -0.00630   -0.00376
 2071    0.00451   -0.00613   -0.00412
 2072    0.00413   -0.00687   -0.00418
 2073    0.00503   -0.00676   -0.00500
 2074    0.00487   -0.00743   -0.00487
 2075    0.00542   -0.00694   -0.00519
 2076    0.00350   -0.00678   -0.00246
 2077    0.00369   -0.00749   -0.00211
 2078    0.00374   -0.00827   -0.00169
 2079    0.00314   -0.00915   -0.00137
 2080    0.00327   -0.00894   -0.00176
 2081    0.00436   -0.00782   -0.00232
 2082    0.00469   -0.00876   -0.00295
 2083    0.00316   -0.00839   -0.00221
 2084    0.00265   -0.00867   -0.00158
 2085    0.00259   -0.00773   -0.00203
 2086    0.00162   -0.00776   -0.00184
 2087    0.00132   -0.00696   -0.00160
 2088    0.00181   -0.00638   -0.00207
 2089    0.00114   -0.00795   -0.00180
 2090    0.00030   -0.00711   -0.00111
 2091   -0.00017   -0.00636   -0.00092
 2092    0.00020   -0.00669   -0.00180
 2093    0.00041   -0.00734   -0.00238
 2094   -0.00045   -0.00603   -0.00042
 2095    0.00034   -0.00471   -0.00036
 2096    0.00065   -0.00397   -0.00011
 2097    0.00012   -0.00431   -0.00084
 2098    0.00139   -0.00018    0.00058
 2099   -0.00001   -0.00628   -0.00134
 2100    0.00021   -0.00663   -0.00183
 2101   -0.00023   -0.00636   -0.00206
 2102   -0.00091   -0.00539   -0.00151
 2103    0.00068   -0.00653   -0.00213
 2104    0.00177   -0.00645   -0.00245
 2105    0.00199   -0.00613   -0.00286
 2106    0.00202   -0.00718   -0.00311
 2107   -0.00010   -0.00723   -0.00290
 2108   -0.00067   -0.00726   -0.00329
 2109   -0.00105   -0.00696   -0.00320
 2110   -0.00111   -0.00721   -0.00313
 2111   -0.00048   -0.00803   -0.00401
 2112   -0.00085   -0.00819   -0.00485
 2113   -0.00098   -0.00768   -0.00451
 2114   -0.00104   -0.00758   -0.00399
 2115   -0.00100   -0.00727   -0.00609
 2116   -0.00135   -0.00638   -0.00312
 2117   -0.00240   -0.00653   -0.00294
 2118   -0.00246   -0.00710   -0.00346
 2119   -0.00227   -0.00741   -0.00389
 2120   -0.00331   -0.00651   -0.00292
 2121   -0.00276   -0.00352    0.00004
 2122   -0.00267   -0.00320   -0.00006
 2123   -0.00218   -0.00243    0.00195
 2124   -0.00256   -0.00687   -0.00303
 2125   -0.00268   -0.00679   -0.00317
 2126   -0.00245   -0.00683   -0.00319
 2127   -0.00280   -0.00630   -0.00300
 2128   -0.00211   -0.00723   -0.00310
 2129   -0.00151   -0.00699   -0.00315
 2130   -0.00130   -0.00659   -0.00277
 2131   -0.00139   -0.00666   -0.00264
 2132   -0.00096   -0.00756   -0.00339
 2133   -0.00097   -0.00790   -0.00380
 2134   -0.00060   -0.00847   -0.00372
 2135   -0.00074   -0.00865   -0.00408
 2136   -0.00149   -0.01037   -0.00494
 2137   -0.00304   -0.01337   -0.00684
 2138   -0.00201   -0.01084   -0.00506
 2139   -0.00112   -0.00619   -0.00266
 2140   -0.00070   -0.00576   -0.00238
 2141    0.00013   -0.00613   -0.00264
 2142    0.00033   -0.00671   -0.00289
 2143   -0.00038   -0.00485   -0.00230
 2144    0.00031   -0.00478   -0.00245
 2145   -0.00103   -0.00422   -0.00218
 2146    0.00060   -0.00581   -0.00278
 2147    0.00174   -0.00591   -0.00332
 2148    0.00281   -0.00584   -0.00362
 2149    0.00348   -0.00624   -0.00391
 2150    0.00190   -0.00569   -0.00335
 2151    0.00144   -0.00572   -0.00331
 2152    0.00135   -0.00505   -0.00346
 2153    0.00211   -0.00596   -0.00380
 2154    0.00268   -0.00522   -0.00310
 2155    0.00379   -0.00481   -0.00322
 2156    0.00384   -0.00555   -0.00345
 2157    0.00481   -0.00530   -0.00375
 2158    0.00363   -0.00380   -0.00271
 2159    0.00458   -0.00309   -0.00264
 2160    0.00286   -0.00594   -0.00334
 2161    0.00274   -0.00654   -0.00362
 2162    0.00309   -0.00743   -0.00382
 2163    0.00396   -0.00809   -0.00439
 2164    0.00147   -0.00692   -0.00331
 2165    0.00099   -0.00613   -0.00301
 2166    0.00005   -0.00591   -0.00294
 2167    0.00150   -0.00575   -0.00308
 2168    0.00317   -0.00748   -0.00407
 2169    0.00352   -0.00812   -0.00437
 2170    0.00439   -0.00765   -0.00490
 2171    0.00465   -0.00787   -0.00497
 2172    0.00275   -0.00787   -0.00434
 2173    0.00208   -0.00819   -0.00365
 2174    0.00148   -0.00792   -0.00357
 2175    0.00198   -0.00859   -0.00352
 2176    0.00082   -0.00818   -0.00348
 2177    0.00139   -0.00890   -0.00329
 2178    0.00080   -0.00863   -0.00338
 2179    0.00018   -0.00913   -0.00350
 2180    0.00500   -0.00685   -0.00471
 2181    0.00611   -0.00647   -0.00502
 2182    0.00647   -0.00686   -0.00534
 2183    0.00774   -0.00741   -0.00586
 2184    0.00751   -0.00687   -0.00499
 2185    0.00833   -0.00644   -0.00448
 2186    0.00854   -0.00513   -0.00404
 2187    0.00816   -0.00735   -0.00452
 2188    0.00561   -0.00667   -0.00522
 2189    0.00577   -0.00684   -0.00568
 2190    0.00679   -0.00632   -0.00567
 2191    0.00685   -0.00548   -0.00522
 2192    0.00499   -0.00709   -0.00577
 2193    0.00456   -0.00779   -0.00608
 2194    0.00532   -0.00688   -0.00585
 2195    0.00362   -0.00724   -0.00521
 2196    0.00750   -0.00640   -0.00627
 2197    0.00880   -0.00558   -0.00638
 2198    0.00852   -0.00563   -0.00642
 2199    0.00706   -0.00583   -0.00627
 2200    0.01125   -0.00568   -0.00691
 2201    0.01576   -0.00429   -0.00509
 2202    0.02065   -0.00118   -0.00258
 2203    0.03072    0.00242    0.00163
 2204    0.01824   -0.00126   -0.00302
 2205    0.00929   -0.00501   -0.00620
 2206    0.00904   -0.00529   -0.00629
 2207    0.00864   -0.00585   -0.00733
 2208    0.00937   -0.00579   -0.00776
 2209    0.00983   -0.00455   -0.00570
 2210    0.00752   -0.00600   -0.00766
 2211    0.00747   -0.00628   -0.00841
 2212    0.00765   -0.00647   -0.00860
 2213    0.00824   -0.00660   -0.00899
 2214    0.00857   -0.00607   -0.00917
 2215    0.00892   -0.00603   -0.00889
 2216    0.01050   -0.00540   -0.00820
 2217    0.01314   -0.00504   -0.00881
 2218    0.01037   -0.00501   -0.00750
 2219    0.00694   -0.00648   -0.00778
 2220    0.00707   -0.00662   -0.00763
 2221    0.00573   -0.00683   -0.00695
 2222    0.00525   -0.00699   -0.00684
 2223    0.00740   -0.00680   -0.00734
 2224    0.00639   -0.00729   -0.00714
 2225    0.00548   -0.00617   -0.00634
 2226    0.00500   -0.00597   -0.00600
 2227    0.00471   -0.00538   -0.00504
 2228    0.00470   -0.00523   -0.00456
 2229    0.00481   -0.00559   -0.00575
 2230    0.00533   -0.00531   -0.00688
 2231    0.00467   -0.00500   -0.00574
 2232    0.00453   -0.00520   -0.00510
 2233    0.00427   -0.00449   -0.00400
 2234    0.00428   -0.00399   -0.00385
 2235    0.00445   -0.00384   -0.00433
 2236    0.00363   -0.00492   -0.00423
 2237    0.00343   -0.00545   -0.00457
 2238    0.00281   -0.00503   -0.00391
 2239    0.00347   -0.00567   -0.00436
 2240    0.00421   -0.00299   -0.00246
 2241    0.00419   -0.00263   -0.00237
 2242    0.00374   -0.00181   -0.00192
 2243    0.00327   -0.00220   -0.00122
 2244    0.00396   -0.00268   -0.00200
 2245    0.00436   -0.00325   -0.00227
 2246    0.00455   -0.00309   -0.00228
 2247    0.00448   -0.00395   -0.00216
 2248    0.00486   -0.00353   -0.00192
 2249    0.00483   -0.00397   -0.00210
 2250    0.00367   -0.00152   -0.00215
 2251    0.00279   -0.00102   -0.00182
 2252    0.00259   -0.00024   -0.00169
 2253    0.00299   -0.00044   -0.00209
 2254    0.00240   -0.00140   -0.00232
 2255    0.00069   -0.00103   -0.00220
 2256   -0.00023   -0.00060   -0.00121
 2257    0.00008   -0.00152   -0.00213
 2258    0.00238    0.00033   -0.00110
 2259    0.00236    0.00109   -0.00058
 2260    0.00128    0.00172   -0.00009
 2261    0.00027    0.00191    0.00087
 2262    0.00246    0.00141   -0.00006
 2263    0.00239    0.00238   -0.00009
 2264    0.00308    0.00059   -0.00033
 2265    0.00116    0.00205   -0.00007
 2266    0.00004    0.00294    0.00080
 2267   -0.00018    0.00412    0.00115
 2268    0.00025    0.00377    0.00063
 2269   -0.00048    0.00244    0.00066
 2270   -0.00047    0.00165   -0.00014
 2271   -0.00075    0.00139   -0.00062
 2272   -0.00139    0.00163    0.00049
 2273   -0.00085    0.00403    0.00204
 2274   -0.00127    0.00437    0.00243
 2275   -0.00258    0.00404    0.00278
 2276   -0.00345    0.00427    0.00385
 2277   -0.00132    0.00595    0.00341
 2278   -0.00009    0.00630    0.00366
 2279    0.00040    0.00677    0.00293
 2280    0.00118    0.00643    0.00253
 2281    0.00157    0.00597    0.00177
 2282    0.00154    0.00511    0.00088
 2283    0.00197    0.00619    0.00187
 2284   -0.00279    0.00355    0.00202
 2285   -0.00420    0.00284    0.00233
 2286   -0.00516    0.00223    0.00087
 2287   -0.00429    0.00230   -0.00010
 2288   -0.00346    0.00259    0.00193
 2289   -0.00298    0.00331    0.00244
 2290   -0.00187    0.00302    0.00150
 2291   -0.00454    0.00394    0.00519
 2292   -0.00723    0.00198    0.00153
 2293   -0.00900    0.00143    0.00010
 2294   -0.00923    0.00056   -0.00120
 2295   -0.00994    0.00010   -0.00133
 2296   -0.01225    0.00090    0.00070
 2297   -0.01160    0.00180    0.00239
 2298   -0.01384    0.00123    0.00362
 2299   -0.01777    0.00006    0.00118
 2300   -0.02076    0.00102   -0.00066
 2301   -0.02220    0.00136    0.00286
 2302   -0.02338    0.00332   -0.00281
 2303   -0.00829    0.00068   -0.00239
 2304   -0.00778   -0.00036   -0.00361
 2305   -0.00876   -0.00022   -0.00377
 2306   -0.00910    0.00091   -0.00280
