    1   -0.01911    0.03240   -0.03317
    2   -0.01946    0.03178   -0.03100
    3   -0.01586    0.02638   -0.02392
    4   -0.01538    0.02415   -0.02267
    5   -0.02187    0.02900   -0.03460
    6   -0.02560    0.03077   -0.03778
    7   -0.03413    0.02893   -0.04618
    8   -0.03446    0.03080   -0.04426
    9   -0.01567    0.02820   -0.02229
   10   -0.01423    0.02578   -0.01768
   11   -0.01298    0.02160   -0.01554
   12   -0.01414    0.02228   -0.01761
   13   -0.01372    0.02993   -0.01496
   14   -0.01387    0.03394   -0.01694
   15   -0.01001    0.03821   -0.01624
   16   -0.01248    0.04560   -0.01662
   17   -0.01084    0.03481   -0.01244
   18   -0.01141    0.01807   -0.01297
   19   -0.01092    0.01532   -0.01218
   20   -0.01061    0.01607   -0.00988
   21   -0.00960    0.01849   -0.00855
   22   -0.00995    0.01280   -0.01039
   23   -0.01109    0.01209   -0.01182
   24   -0.01010    0.01133   -0.00916
   25   -0.01373    0.01124   -0.01466
   26   -0.00938    0.01358   -0.00926
   27   -0.00702    0.01133   -0.00619
   28   -0.00567    0.01129   -0.00385
   29   -0.00520    0.01087   -0.00347
   30   -0.00712    0.00973   -0.00592
   31   -0.00894    0.01089   -0.00748
   32   -0.00852    0.00921   -0.00618
   33   -0.01041    0.01018   -0.00857
   34   -0.01114    0.01189   -0.00868
   35   -0.00532    0.01139   -0.00204
   36   -0.00441    0.01057    0.00098
   37   -0.00399    0.00919    0.00134
   38   -0.00399    0.00823    0.00139
   39   -0.00376    0.00846    0.00275
   40   -0.00467    0.00905    0.00177
   41   -0.00557    0.01080   -0.00203
   42   -0.00321    0.00864    0.00198
   43   -0.00264    0.00769    0.00263
   44   -0.00105    0.00618    0.00433
   45   -0.00050    0.00620    0.00549
   46   -0.00253    0.00787    0.00217
   47   -0.00214    0.00725    0.00255
   48   -0.00306    0.00594    0.00184
   49   -0.00482    0.00684   -0.00109
   50   -0.00095    0.00500    0.00467
   51    0.00009    0.00376    0.00554
   52    0.00041    0.00457    0.00624
   53    0.00019    0.00471    0.00588
   54    0.00030    0.00333    0.00543
   55    0.00179    0.00165    0.00644
   56    0.00177    0.00075    0.00638
   57    0.00102    0.00137    0.00516
   58    0.00360   -0.00162    0.00711
   59    0.00164    0.00363    0.00678
   60    0.00200    0.00442    0.00675
   61    0.00242    0.00424    0.00683
   62    0.00315    0.00380    0.00770
   63    0.00244    0.00419    0.00704
   64    0.00237    0.00484    0.00734
   65    0.00276    0.00254    0.00711
   66    0.00249    0.00433    0.00725
   67    0.00182    0.00504    0.00690
   68    0.00241    0.00564    0.00748
   69    0.00186    0.00713    0.00733
   70    0.00085    0.00784    0.00660
   71    0.00196    0.00375    0.00686
   72    0.00275    0.00335    0.00696
   73    0.00342    0.00425    0.00787
   74    0.00208    0.00295    0.00622
   75    0.00218    0.00718    0.00819
   76    0.00210    0.00822    0.00858
   77    0.00141    0.00872    0.00896
   78    0.00090    0.00907    0.00913
   79    0.00330    0.00823    0.00999
   80    0.00262    0.00671    0.00935
   81    0.00233    0.00613    0.00883
   82    0.00223    0.00849    0.00896
   83    0.00154    0.00829    0.00915
   84   -0.00076    0.00712    0.00678
   85   -0.00334    0.00808    0.00488
   86    0.00155    0.00556    0.00845
   87    0.00085    0.00553    0.00828
   88    0.00275    0.00205    0.00858
   89    0.00455    0.00167    0.01027
   90    0.00135    0.00295    0.00698
   91   -0.00072    0.00659    0.00622
   92   -0.00320    0.00627    0.00436
   93   -0.00330    0.00766    0.00376
   94   -0.00475    0.00706    0.00115
   95   -0.00231    0.00522    0.00482
   96   -0.00120    0.00435    0.00480
   97   -0.00053    0.00378    0.00537
   98   -0.00306    0.00530    0.00404
   99   -0.00253    0.00830    0.00471
  100   -0.00226    0.00834    0.00427
  101   -0.00259    0.00909    0.00430
  102   -0.00454    0.00865    0.00194
  103   -0.00078    0.00931    0.00593
  104   -0.00090    0.00885    0.00529
  105   -0.00080    0.00798    0.00495
  106    0.00032    0.00857    0.00647
  107   -0.00189    0.00953    0.00561
  108   -0.00284    0.00914    0.00536
  109   -0.00630    0.00832    0.00322
  110   -0.00763    0.00723    0.00263
  111   -0.00077    0.00977    0.00616
  112    0.00185    0.01013    0.00812
  113    0.00163    0.01001    0.00794
  114    0.00230    0.01013    0.00884
  115   -0.00590    0.00703    0.00155
  116   -0.00898    0.00522   -0.00075
  117   -0.01064    0.00478   -0.00285
  118   -0.01315    0.00413   -0.00459
  119   -0.00809    0.00496   -0.00154
  120   -0.00779    0.00465   -0.00027
  121   -0.00733    0.00483   -0.00025
  122   -0.00565    0.00465    0.00099
  123   -0.00400    0.00504    0.00295
  124   -0.00924    0.00580   -0.00299
  125   -0.01030    0.00576   -0.00404
  126   -0.01059    0.00481   -0.00409
  127   -0.01315    0.00444   -0.00529
  128   -0.00886    0.00691   -0.00298
  129   -0.00990    0.00656   -0.00403
  130   -0.00778    0.00715   -0.00184
  131   -0.00920    0.00554   -0.00227
  132   -0.00982    0.00516   -0.00108
  133   -0.01271    0.00413   -0.00207
  134   -0.01426    0.00318   -0.00262
  135   -0.00689    0.00635    0.00158
  136   -0.00533    0.00738    0.00197
  137   -0.00273    0.00768    0.00379
  138   -0.00530    0.00607    0.00136
  139   -0.01269    0.00401   -0.00220
  140   -0.01612    0.00349   -0.00244
  141   -0.01886    0.00159   -0.00453
  142   -0.02325    0.00110   -0.00513
  143   -0.01548    0.00472   -0.00185
  144   -0.01509    0.00229   -0.00238
  145   -0.01838    0.00254   -0.00553
  146   -0.02073    0.00162   -0.00797
  147   -0.02174    0.00100   -0.00961
  148   -0.02445   -0.00048   -0.01104
  149   -0.01721    0.00344   -0.00853
  150   -0.01719    0.00277   -0.00770
  151   -0.01369    0.00355   -0.00787
  152   -0.01321    0.00331   -0.00769
  153   -0.01246    0.00286   -0.00876
  154   -0.01289    0.00207   -0.01036
  155   -0.01043    0.00165   -0.00780
  156   -0.01978    0.00142   -0.00883
  157   -0.02041    0.00026   -0.00893
  158   -0.02237   -0.00104   -0.00837
  159   -0.02388   -0.00370   -0.00755
  160   -0.01797    0.00058   -0.00706
  161   -0.01687    0.00191   -0.00711
  162   -0.01428    0.00264   -0.00520
  163   -0.01831    0.00032   -0.00910
  164   -0.02235   -0.00016   -0.00691
  165   -0.02420   -0.00223   -0.00572
  166   -0.02048   -0.00226   -0.00404
  167   -0.02022   -0.00579   -0.00312
  168   -0.01716    0.00024   -0.00274
  169   -0.01424   -0.00012   -0.00127
  170   -0.01432    0.00143   -0.00134
  171   -0.01358    0.00363   -0.00065
  172   -0.01050    0.00151    0.00014
  173   -0.00698    0.00173    0.00116
  174   -0.01084    0.00085   -0.00021
  175   -0.01305   -0.00100   -0.00102
  176   -0.01302    0.00029   -0.00119
  177   -0.00801    0.00085   -0.00061
  178   -0.00438    0.00015    0.00009
  179   -0.01596   -0.00418   -0.00249
  180   -0.00568    0.00392   -0.00006
  181    0.00351    0.00786    0.00237
  182    0.00680    0.01393    0.00672
  183    0.00230    0.01296    0.00498
  184    0.01035    0.01516    0.00707
  185    0.01329    0.01991    0.01044
  186    0.01170    0.01771    0.00840
  187    0.01373    0.01995    0.00875
  188    0.01861    0.02384    0.00972
  189    0.02043    0.02074    0.00462
  190    0.02769    0.02522    0.00380
  191    0.03099    0.03235    0.00740
  192    0.03186    0.02365    0.00006
  193    0.00943    0.01403    0.00643
  194    0.00908    0.01312    0.00524
  195    0.00680    0.01285    0.00690
  196    0.00397    0.01131    0.00695
  197    0.00830    0.01047    0.00349
  198    0.01059    0.01026    0.00178
  199    0.01083    0.00864    0.00064
  200    0.01194    0.01063    0.00066
  201    0.01263    0.00857   -0.00103
  202    0.01327    0.00957   -0.00135
  203    0.01187    0.01106    0.00089
  204    0.01482    0.00997   -0.00263
  205    0.01302    0.01101   -0.00056
  206    0.01458    0.01087   -0.00223
  207    0.00764    0.01326    0.00768
  208    0.00623    0.01241    0.00848
  209    0.00655    0.01153    0.00836
  210    0.00787    0.01197    0.00789
  211    0.00771    0.01360    0.00925
  212    0.00973    0.01503    0.01020
  213    0.01262    0.01788    0.01176
  214    0.01519    0.01953    0.01336
  215    0.01620    0.01869    0.01245
  216    0.01833    0.02022    0.01396
  217    0.01498    0.01725    0.00923
  218    0.00537    0.00987    0.00940
  219    0.00527    0.00951    0.00917
  220    0.00554    0.00950    0.01024
  221    0.00583    0.00992    0.01036
  222    0.00332    0.00906    0.00914
  223    0.00276    0.00925    0.00803
  224    0.00126    0.00907    0.00720
  225    0.00333    0.00926    0.00734
  226    0.00050    0.00859    0.00594
  227    0.00279    0.00937    0.00661
  228    0.00114    0.00859    0.00578
  229    0.00602    0.00996    0.00978
  230    0.00667    0.00974    0.01057
  231    0.00610    0.00775    0.01014
  232    0.00581    0.00786    0.00927
  233    0.00896    0.01131    0.01036
  234    0.01016    0.01107    0.01063
  235    0.01002    0.01311    0.00995
  236    0.00603    0.00643    0.01053
  237    0.00524    0.00420    0.00892
  238    0.00544    0.00413    0.00921
  239    0.00629    0.00551    0.00994
  240    0.00366    0.00082    0.00937
  241    0.00350    0.00108    0.00912
  242    0.00311    0.00011    0.00900
  243    0.00307    0.00234    0.00943
  244    0.00495    0.00305    0.00803
  245    0.00530    0.00293    0.00730
  246    0.00563    0.00016    0.00665
  247    0.00513   -0.00115    0.00663
  248    0.00464    0.00359    0.00667
  249    0.00447    0.00387    0.00522
  250    0.00535    0.00548    0.00655
  251    0.00507   -0.00022    0.00672
  252    0.00564   -0.00358    0.00654
  253    0.00553   -0.00450    0.00494
  254    0.00591   -0.00659    0.00449
  255    0.00565   -0.00457    0.00704
  256    0.00548   -0.00352    0.00810
  257    0.00532   -0.00649    0.00923
  258    0.00479   -0.00595    0.00797
  259    0.00478   -0.00237    0.00430
  260    0.00411   -0.00304    0.00301
  261    0.00340   -0.00071    0.00214
  262    0.00325    0.00121    0.00264
  263    0.00251   -0.00149    0.00115
  264    0.00092    0.00054    0.00030
  265   -0.00073    0.00081   -0.00060
  266   -0.00167    0.00222   -0.00149
  267    0.00044    0.00048    0.00018
  268    0.00180    0.00053    0.00077
  269    0.00143    0.00023    0.00003
  270    0.00226    0.00264    0.00106
  271   -0.00045   -0.00014   -0.00078
  272   -0.00218    0.00092   -0.00207
  273   -0.00181    0.00263   -0.00207
  274   -0.00022    0.00291   -0.00109
  275   -0.00319   -0.00101   -0.00242
  276   -0.00291   -0.00258   -0.00161
  277   -0.00116   -0.00416    0.00008
  278   -0.00089   -0.00652    0.00055
  279    0.00062   -0.00304    0.00078
  280   -0.00318    0.00410   -0.00328
  281   -0.00320    0.00625   -0.00374
  282   -0.00224    0.00598   -0.00290
  283   -0.00094    0.00755   -0.00238
  284   -0.00560    0.00756   -0.00578
  285   -0.00603    0.00928   -0.00671
  286   -0.00568    0.00765   -0.00588
  287   -0.00656    0.00590   -0.00604
  288   -0.00408    0.00806   -0.00467
  289   -0.00262    0.00398   -0.00261
  290   -0.00205    0.00334   -0.00215
  291    0.00002    0.00238   -0.00050
  292    0.00093    0.00227   -0.00007
  293   -0.00362    0.00103   -0.00279
  294   -0.00586    0.00260   -0.00538
  295   -0.00941    0.00024   -0.00813
  296   -0.00900   -0.00222   -0.00806
  297   -0.01497    0.00373   -0.01747
  298    0.00084    0.00180    0.00050
  299    0.00292    0.00202    0.00220
  300    0.00404    0.00417    0.00197
  301    0.00554    0.00516    0.00312
  302    0.00351   -0.00030    0.00284
  303    0.00324   -0.00250    0.00314
  304    0.00245    0.00508    0.00071
  305    0.00309    0.00705    0.00057
  306    0.00375    0.00913    0.00005
  307    0.00582    0.01104    0.00053
  308    0.00221    0.00765   -0.00032
  309    0.00160    0.00596   -0.00006
  310    0.00070    0.00674   -0.00090
  311    0.00298    0.00595    0.00113
  312    0.00315    0.00997   -0.00072
  313    0.00441    0.01192   -0.00164
  314    0.00736    0.01279   -0.00022
  315    0.01023    0.01514   -0.00133
  316    0.00705    0.01023    0.00104
  317    0.00951    0.01111    0.00285
  318    0.01013    0.01143    0.00342
  319    0.01081    0.01120    0.00504
  320    0.00691    0.00649    0.00334
  321    0.00600    0.00518    0.00402
  322    0.00952    0.01155    0.00273
  323    0.01087    0.01250    0.00376
  324    0.01275    0.01486    0.00266
  325    0.01272    0.01591    0.00132
  326    0.00872    0.01077    0.00379
  327    0.00886    0.01128    0.00400
  328    0.00733    0.00865    0.00513
  329    0.01421    0.01610    0.00406
  330    0.01584    0.01819    0.00342
  331    0.01519    0.01792    0.00150
  332    0.01310    0.01568    0.00160
  333    0.01656    0.01822    0.00473
  334    0.01606    0.01740    0.00693
  335    0.01409    0.01526    0.00615
  336    0.01676    0.01938   -0.00067
  337    0.01518    0.01761   -0.00162
  338    0.01816    0.01896   -0.00283
  339    0.02226    0.02280   -0.00467
  340    0.01359    0.01744   -0.00227
  341    0.01745    0.01670   -0.00256
  342    0.01528    0.01452   -0.00141
  343    0.01389    0.01362   -0.00065
  344    0.01419    0.01392   -0.00014
  345    0.01598    0.01423   -0.00269
  346    0.01836    0.01504   -0.00397
  347    0.01975    0.01735   -0.00428
  348    0.01205    0.01296   -0.00040
  349    0.01110    0.01213    0.00036
  350    0.00999    0.01173    0.00030
  351    0.00919    0.01215   -0.00015
  352    0.00937    0.01208    0.00103
  353    0.00967    0.01107    0.00070
  354    0.00956    0.01043    0.00107
  355    0.00767    0.01015    0.00159
  356    0.00716    0.01025    0.00174
  357    0.01015    0.00914    0.00087
  358    0.00828    0.00899    0.00169
  359    0.00680    0.01038    0.00251
  360    0.00563    0.01016    0.00316
  361    0.00492    0.01006    0.00391
  362    0.00530    0.00992    0.00442
  363    0.00511    0.00948    0.00359
  364    0.00437    0.01019    0.00380
  365    0.00392    0.00977    0.00431
  366    0.00334    0.00954    0.00485
  367    0.00306    0.00976    0.00468
  368    0.00343    0.00962    0.00376
  369    0.00335    0.00866    0.00393
  370    0.00395    0.00805    0.00469
  371    0.00274    0.00839    0.00277
  372    0.00330    0.00909    0.00547
  373    0.00288    0.00900    0.00562
  374    0.00294    0.00780    0.00565
  375    0.00330    0.00694    0.00614
  376    0.00277    0.00910    0.00603
  377    0.00210    0.00922    0.00614
  378    0.00206    0.00958    0.00551
  379    0.00177    0.00874    0.00651
  380    0.00248    0.00791    0.00548
  381    0.00258    0.00663    0.00543
  382    0.00231    0.00667    0.00591
  383    0.00224    0.00739    0.00583
  384    0.00187    0.00661    0.00467
  385    0.00155    0.00539    0.00418
  386    0.00231    0.00397    0.00383
  387    0.00104    0.00510    0.00322
  388    0.00233    0.00493    0.00601
  389    0.00218    0.00437    0.00616
  390    0.00215    0.00336    0.00561
  391    0.00193    0.00248    0.00533
  392    0.00226    0.00413    0.00659
  393    0.00242    0.00353    0.00635
  394    0.00221    0.00401    0.00651
  395    0.00275    0.00189    0.00638
  396    0.00206    0.00345    0.00543
  397    0.00221    0.00213    0.00460
  398    0.00239    0.00151    0.00479
  399    0.00255    0.00162    0.00518
  400    0.00173    0.00208    0.00386
  401    0.00160    0.00308    0.00372
  402    0.00169    0.00194    0.00353
  403    0.00185    0.00451    0.00423
  404    0.00161    0.00261    0.00402
  405    0.00175    0.00542    0.00478
  406    0.00158    0.00447    0.00465
  407    0.00287   -0.00066    0.00448
  408    0.00283   -0.00171    0.00418
  409    0.00249   -0.00129    0.00430
  410    0.00234   -0.00164    0.00352
  411    0.00239   -0.00289    0.00364
  412    0.00239   -0.00334    0.00286
  413    0.00254   -0.00180    0.00391
  414    0.00250   -0.00106    0.00524
  415    0.00242   -0.00126    0.00620
  416    0.00206   -0.00318    0.00552
  417    0.00209   -0.00400    0.00589
  418    0.00233   -0.00101    0.00716
  419    0.00310   -0.00110    0.00783
  420    0.00261    0.00111    0.00756
  421    0.00278    0.00089    0.00770
  422    0.00220   -0.00407    0.00412
  423    0.00200   -0.00644    0.00377
  424    0.00216   -0.00991    0.00435
  425    0.00228   -0.00930    0.00460
  426    0.00218   -0.00734    0.00216
  427    0.00222   -0.00674    0.00081
  428    0.00229   -0.00616    0.00214
  429    0.00247   -0.01238    0.00398
  430    0.00288   -0.01548    0.00386
  431    0.00324   -0.01514    0.00148
  432    0.00440   -0.01745    0.00173
  433    0.00415   -0.01969    0.00449
  434    0.00315   -0.01312   -0.00053
  435    0.00328   -0.01294   -0.00297
  436    0.00274   -0.01071   -0.00282
  437    0.00311   -0.01162   -0.00437
  438    0.00349   -0.01186   -0.00413
  439    0.00262   -0.01138   -0.00570
  440    0.00265   -0.01439   -0.00732
  441    0.00350   -0.01761   -0.00798
  442    0.00180   -0.01354   -0.00827
  443    0.00240   -0.00839   -0.00087
  444    0.00211   -0.00606   -0.00005
  445    0.00236   -0.00701    0.00116
  446    0.00219   -0.00645    0.00042
  447    0.00192   -0.00395    0.00164
  448    0.00166   -0.00135    0.00225
  449    0.00166   -0.00037    0.00452
  450    0.00143   -0.00018    0.00111
  451    0.00151    0.00174    0.00451
  452    0.00107    0.00228    0.00271
  453    0.00298   -0.00932    0.00340
  454    0.00308   -0.01115    0.00561
  455    0.00467   -0.01581    0.00327
  456    0.00484   -0.01813    0.00535
  457    0.00286   -0.01327    0.00816
  458    0.00188   -0.01266    0.01117
  459    0.00083   -0.00923    0.01166
  460    0.00215   -0.00525    0.00981
  461    0.00101   -0.01018    0.01128
  462    0.00548   -0.01931    0.00058
  463    0.00671   -0.02508   -0.00294
  464    0.00575   -0.02120   -0.00591
  465    0.00705   -0.02542   -0.00748
  466    0.00659   -0.02572   -0.00599
  467    0.01071   -0.03807   -0.00592
  468    0.01167   -0.04359   -0.00107
  469    0.00924   -0.03194   -0.00640
  470    0.00377   -0.01394   -0.00645
  471    0.00267   -0.01045   -0.00971
  472    0.00200   -0.00899   -0.00748
  473    0.00093   -0.00956   -0.01029
  474    0.00106   -0.00768   -0.00789
  475   -0.00017   -0.00445   -0.00763
  476   -0.00148   -0.00448   -0.01016
  477    0.00012   -0.00149   -0.00531
  478   -0.00249   -0.00179   -0.00949
  479   -0.00048    0.00121   -0.00488
  480   -0.00176    0.00114   -0.00679
  481    0.00212   -0.00742   -0.00185
  482    0.00167   -0.00471    0.00078
  483    0.00277   -0.00777    0.00213
  484    0.00228   -0.00575    0.00178
  485    0.00213   -0.00284    0.00462
  486    0.00127    0.00062    0.00416
  487    0.00128    0.00347    0.00304
  488    0.00125    0.00518    0.00354
  489    0.00119    0.00706    0.00290
  490    0.00068    0.00729    0.00168
  491    0.00130    0.00758    0.00344
  492    0.00491   -0.01428    0.00385
  493    0.00752   -0.02053    0.00610
  494    0.00718   -0.02236    0.00073
  495    0.00775   -0.02137    0.00181
  496    0.01099   -0.03119    0.00935
  497    0.01074   -0.02821    0.01543
  498    0.01952   -0.04892    0.02737
  499    0.02323   -0.04782    0.04135
  500    0.05696   -0.12189    0.10516
  501    0.00647   -0.02395   -0.00610
  502    0.00445   -0.02375   -0.01273
  503    0.00050   -0.01568   -0.01456
  504   -0.00155   -0.01479   -0.01713
  505    0.00464   -0.02862   -0.02229
  506    0.00924   -0.03958   -0.02346
  507    0.01329   -0.05043   -0.02906
  508    0.02879   -0.08052   -0.03972
  509    0.03357   -0.14219   -0.10537
  510   -0.00050   -0.01058   -0.01273
  511   -0.00351   -0.00469   -0.01204
  512   -0.00235   -0.00198   -0.00579
  513   -0.00444    0.00127   -0.00633
  514   -0.00259   -0.00259   -0.00749
  515   -0.00372    0.00121   -0.00603
  516   -0.00223    0.00420   -0.00324
  517   -0.00080    0.00421   -0.00164
  518   -0.00239    0.00629   -0.00287
  519    0.00034   -0.00208   -0.00154
  520    0.00194    0.00121    0.00221
  521    0.00100    0.00114    0.00102
  522   -0.00027    0.00598    0.00175
  523    0.00548   -0.00058    0.00624
  524    0.00538    0.00088    0.00809
  525    0.00839    0.00222    0.00874
  526    0.00715   -0.00241    0.01166
  527    0.00208   -0.00478   -0.00130
  528    0.00191   -0.00647   -0.00236
  529   -0.00374   -0.00325   -0.00731
  530   -0.00574   -0.00028   -0.00722
  531    0.00602   -0.01715   -0.00376
  532    0.01434   -0.02439    0.00446
  533    0.01569   -0.02795    0.00801
  534    0.01297   -0.01854    0.00953
  535    0.02332   -0.04826    0.01296
  536   -0.00627   -0.00341   -0.01099
  537   -0.01189   -0.00136   -0.01391
  538   -0.01497    0.00603   -0.01047
  539   -0.02002    0.00939   -0.01029
  540   -0.01336   -0.00394   -0.02073
  541   -0.01956   -0.00614   -0.03138
  542   -0.02746   -0.00055   -0.02903
  543   -0.02696    0.00321   -0.02241
  544   -0.03010   -0.00152   -0.03371
  545   -0.01214    0.00877   -0.00635
  546   -0.01394    0.01483   -0.00388
  547   -0.01418    0.01992   -0.00181
  548   -0.01752    0.02395   -0.00068
  549   -0.00940    0.01365   -0.00162
  550   -0.00875    0.01215   -0.00289
  551   -0.01014    0.00897   -0.00528
  552   -0.00490    0.01178   -0.00084
  553   -0.01120    0.01879   -0.00081
  554   -0.01075    0.02369    0.00077
  555   -0.00991    0.02901    0.00216
  556   -0.00598    0.02665    0.00240
  557   -0.01642    0.02713   -0.00007
  558   -0.01710    0.01794   -0.00453
  559   -0.02343    0.02147   -0.00653
  560   -0.02604    0.01224   -0.01446
  561   -0.02082    0.00181   -0.01947
  562   -0.01374    0.03632    0.00223
  563   -0.01283    0.04193    0.00215
  564   -0.01616    0.03948    0.00234
  565   -0.02365    0.05936    0.00798
  566   -0.01420    0.02967    0.00093
  567   -0.01319    0.02547    0.00112
  568   -0.00937    0.02518    0.00022
  569   -0.00739    0.02408   -0.00080
  570   -0.01153    0.02065   -0.00045
  571   -0.00917    0.01840   -0.00070
  572   -0.00652    0.01573   -0.00102
  573   -0.00381    0.01529   -0.00010
  574   -0.00798    0.01431   -0.00092
  575   -0.00700    0.02004   -0.00030
  576   -0.00470    0.01835   -0.00143
  577   -0.00298    0.01716   -0.00116
  578   -0.00262    0.01567   -0.00058
  579   -0.00438    0.01773   -0.00078
  580   -0.00288    0.01625   -0.00189
  581   -0.00272    0.01605   -0.00373
  582   -0.00415    0.01729   -0.00433
  583   -0.00178    0.01413   -0.00378
  584   -0.00192    0.01830   -0.00109
  585   -0.00033    0.01666   -0.00008
  586   -0.00069    0.01539   -0.00149
  587   -0.00121    0.01670   -0.00215
  588    0.00002    0.01804    0.00061
  589    0.00040    0.01464    0.00223
  590   -0.00080    0.01789    0.00021
  591    0.00000    0.01364   -0.00150
  592    0.00013    0.01295   -0.00199
  593    0.00014    0.01299   -0.00173
  594    0.00054    0.01183   -0.00026
  595    0.00076    0.01253   -0.00182
  596    0.00091    0.01276   -0.00269
  597   -0.00005    0.01277   -0.00254
  598   -0.00098    0.00963   -0.00308
  599    0.00029    0.00884   -0.00262
  600    0.00325    0.00297    0.00145
  601   -0.00196    0.01006   -0.00535
  602   -0.00095    0.01433   -0.00459
  603   -0.00042    0.01279   -0.00423
  604    0.00134    0.01062   -0.00285
  605    0.00191    0.00965   -0.00108
  606    0.00257    0.00846    0.00128
  607    0.00462    0.00625    0.00287
  608    0.00262    0.01355   -0.00145
  609    0.00478    0.01670   -0.00340
  610    0.00604    0.01854   -0.00529
  611    0.00602    0.01835   -0.00333
  612    0.00509    0.01801   -0.00394
  613    0.00246    0.00884    0.00114
  614    0.00311    0.00810    0.00282
  615    0.00432    0.00658    0.00530
  616    0.00384    0.00586    0.00639
  617    0.00241    0.00982    0.00279
  618    0.00282    0.00947    0.00403
  619    0.00226    0.01112    0.00164
  620    0.00406    0.00614    0.00625
  621    0.00438    0.00277    0.00849
  622    0.00292    0.00561    0.00721
  623    0.00250    0.00657    0.00617
  624    0.00321    0.00166    0.00759
  625    0.00007    0.00075    0.00777
  626   -0.00107    0.00184    0.00653
  627   -0.00230   -0.00312    0.00883
  628   -0.00386    0.00148    0.00537
  629   -0.00541   -0.00403    0.00802
  630   -0.00628   -0.00203    0.00588
  631   -0.00903   -0.00230    0.00409
  632    0.00304    0.00543    0.00779
  633    0.00281    0.00765    0.00726
  634    0.00218    0.00733    0.00811
  635    0.00194    0.00609    0.00912
  636    0.00366    0.00856    0.00793
  637    0.00439    0.00993    0.00816
  638    0.00420    0.01068    0.00743
  639    0.00492    0.01050    0.00870
  640    0.00423    0.01128    0.00743
  641    0.00509    0.01159    0.00835
  642    0.00493    0.01199    0.00773
  643    0.00153    0.00843    0.00718
  644    0.00040    0.00875    0.00631
  645    0.00117    0.01051    0.00615
  646    0.00169    0.01108    0.00629
  647   -0.00166    0.00778    0.00493
  648   -0.00365    0.00762    0.00321
  649   -0.00610    0.00753    0.00034
  650   -0.00578    0.00636    0.00099
  651    0.00124    0.01111    0.00585
  652    0.00174    0.01244    0.00554
  653    0.00009    0.01332    0.00394
  654   -0.00199    0.01326    0.00202
  655    0.00228    0.01342    0.00536
  656    0.00407    0.01411    0.00583
  657    0.00584    0.01367    0.00788
  658    0.00646    0.01344    0.00835
  659    0.00699    0.01344    0.00773
  660    0.00063    0.01410    0.00400
  661   -0.00083    0.01486    0.00266
  662   -0.00196    0.01720    0.00063
  663    0.00067    0.01753    0.00127
  664   -0.00004    0.01460    0.00397
  665   -0.00155    0.01541    0.00269
  666   -0.00004    0.01470    0.00420
  667    0.00060    0.01401    0.00501
  668   -0.00085    0.01569    0.00297
  669   -0.00418    0.01794   -0.00249
  670   -0.00549    0.02048   -0.00540
  671   -0.00801    0.02239   -0.00802
  672   -0.00933    0.02636   -0.01023
  673   -0.00619    0.02158   -0.00681
  674   -0.00725    0.01888   -0.00732
  675   -0.00353    0.02072   -0.00386
  676   -0.00828    0.02046   -0.00811
  677   -0.00962    0.02155   -0.01043
  678   -0.00890    0.02176   -0.00768
  679   -0.00759    0.01929   -0.00440
  680   -0.01061    0.01856   -0.01103
  681   -0.01160    0.01705   -0.01387
  682   -0.01175    0.01789   -0.01276
  683   -0.01328    0.01469   -0.01379
  684   -0.00957    0.02426   -0.00859
  685   -0.00888    0.02547   -0.00630
  686   -0.00774    0.02178   -0.00482
  687   -0.00896    0.02098   -0.00770
  688   -0.00606    0.01955   -0.00154
  689   -0.00533    0.01572   -0.00047
  690   -0.00530    0.01453   -0.00140
  691   -0.00499    0.01315   -0.00198
  692   -0.00586    0.01654   -0.00220
  693   -0.00646    0.01723   -0.00190
  694   -0.00512    0.01720   -0.00116
  695   -0.00775    0.01593   -0.00360
  696   -0.00522    0.01434   -0.00141
  697   -0.00569    0.01323   -0.00229
  698   -0.00362    0.01134    0.00036
  699   -0.00386    0.01048    0.00036
  700   -0.00738    0.01424   -0.00432
  701   -0.00645    0.01495   -0.00271
  702   -0.00227    0.01177    0.00226
  703   -0.00119    0.01161    0.00368
  704   -0.00148    0.01041    0.00376
  705   -0.00079    0.01005    0.00422
  706    0.00006    0.01139    0.00515
  707   -0.00091    0.01039    0.00492
  708   -0.00182    0.00946    0.00374
  709   -0.00178    0.00850    0.00359
  710   -0.00248    0.00907    0.00303
  711   -0.00191    0.00905    0.00354
  712   -0.00369    0.00899    0.00136
  713   -0.00469    0.00857    0.00037
  714   -0.00391    0.00868    0.00132
  715   -0.00426    0.00827    0.00141
  716   -0.00665    0.00808   -0.00202
  717   -0.00742    0.00788   -0.00238
  718   -0.00865    0.00726   -0.00289
  719   -0.00316    0.00920    0.00173
  720   -0.00242    0.00927    0.00261
  721   -0.00127    0.00922    0.00351
  722   -0.00129    0.00903    0.00339
  723   -0.00126    0.01007    0.00316
  724   -0.00281    0.01111    0.00168
  725   -0.00390    0.01134    0.00078
  726   -0.00157    0.01121    0.00326
  727   -0.00075    0.00934    0.00419
  728    0.00002    0.00936    0.00444
  729   -0.00048    0.00899    0.00396
  730    0.00021    0.00884    0.00404
  731   -0.00172    0.00863    0.00357
  732   -0.00228    0.00817    0.00308
  733   -0.00271    0.00733    0.00270
  734   -0.00231    0.00674    0.00294
  735   -0.00356    0.00809    0.00230
  736   -0.00329    0.00871    0.00290
  737   -0.00154    0.00875    0.00397
  738   -0.00500    0.00791    0.00138
  739   -0.00380    0.00699    0.00225
  740   -0.00435    0.00600    0.00191
  741   -0.00262    0.00619    0.00275
  742   -0.00237    0.00490    0.00287
  743   -0.00558    0.00615    0.00101
  744   -0.00801    0.00536   -0.00049
  745   -0.00609    0.00436    0.00149
  746   -0.00906    0.00492   -0.00234
  747   -0.00144    0.00740    0.00345
  748   -0.00002    0.00727    0.00422
  749    0.00070    0.00714    0.00390
  750    0.00166    0.00694    0.00392
  751    0.00076    0.00854    0.00463
  752    0.00096    0.00902    0.00507
  753    0.00106    0.00960    0.00526
  754    0.00114    0.00882    0.00531
  755    0.00145    0.01008    0.00577
  756    0.00137    0.00966    0.00564
  757    0.00078    0.00750    0.00353
  758    0.00170    0.00764    0.00364
  759    0.00138    0.00638    0.00321
  760    0.00270    0.00575    0.00274
  761    0.00177    0.00835    0.00389
  762   -0.00041    0.00525    0.00317
  763   -0.00117    0.00319    0.00250
  764   -0.00112    0.00082    0.00253
  765   -0.00079   -0.00064    0.00238
  766   -0.00357    0.00216    0.00220
  767   -0.00460   -0.00093    0.00170
  768   -0.00380    0.00373    0.00206
  769   -0.00142    0.00078    0.00299
  770   -0.00122   -0.00102    0.00331
  771    0.00112    0.00028    0.00242
  772    0.00102   -0.00152    0.00248
  773   -0.00172    0.00109    0.00398
  774    0.00256    0.00272    0.00263
  775    0.00363    0.00352    0.00236
  776    0.00448    0.00317    0.00176
  777    0.00540    0.00451    0.00180
  778    0.00399    0.00573    0.00317
  779    0.00341    0.00698    0.00465
  780    0.00383    0.00754    0.00461
  781    0.00280    0.00713    0.00479
  782    0.00396    0.00214    0.00161
  783    0.00617    0.00201    0.00037
  784    0.00444   -0.00211    0.00083
  785    0.00388   -0.00193    0.00115
  786    0.00661    0.00447    0.00100
  787    0.00785    0.00608    0.00125
  788    0.00877    0.00581    0.00100
  789    0.00704    0.00739    0.00165
  790    0.00333   -0.00547    0.00081
  791    0.00048   -0.00864    0.00150
  792    0.00322   -0.00964    0.00056
  793    0.00112   -0.01114    0.00004
  794   -0.00190   -0.01152    0.00140
  795   -0.00320   -0.01087    0.00229
  796   -0.00602   -0.01362    0.00273
  797   -0.00914   -0.01665    0.00386
  798   -0.00525   -0.01322    0.00393
  799    0.00642   -0.00913    0.00010
  800    0.00903   -0.00894   -0.00120
  801    0.00967   -0.00619   -0.00169
  802    0.01165   -0.00643   -0.00283
  803    0.01019   -0.00647   -0.00343
  804    0.01056   -0.00336   -0.00246
  805    0.01135   -0.00220   -0.00318
  806    0.00915   -0.00169   -0.00142
  807    0.00860   -0.00347   -0.00086
  808    0.01035   -0.00130   -0.00164
  809    0.00872   -0.00321   -0.00068
  810    0.00938   -0.00285   -0.00173
  811    0.01096    0.00274   -0.00158
  812    0.01312    0.00372   -0.00325
  813    0.01273    0.00377   -0.00229
  814    0.01347    0.00502   -0.00267
  815    0.01115    0.00570   -0.00051
  816    0.00574   -0.00354    0.00070
  817    0.00337   -0.00277    0.00059
  818    0.00043   -0.00620    0.00010
  819   -0.00105   -0.00910   -0.00035
  820    0.00164   -0.00086    0.00182
  821    0.00251    0.00244    0.00216
  822    0.00502    0.00323    0.00188
  823    0.00060    0.00349    0.00254
  824   -0.00106   -0.00632   -0.00095
  825   -0.00461   -0.01124   -0.00195
  826   -0.00837   -0.01039   -0.00085
  827   -0.00807   -0.00685    0.00015
  828   -0.01243   -0.01632   -0.00018
  829   -0.01654   -0.01575    0.00025
  830   -0.02195   -0.01876   -0.00113
  831   -0.02306   -0.02415   -0.00087
  832   -0.01775   -0.01807    0.00065
  833   -0.01487   -0.01435    0.00042
  834   -0.01408   -0.01048    0.00023
  835   -0.01272   -0.01619    0.00119
  836   -0.01159   -0.00788    0.00046
  837   -0.01046   -0.01321    0.00120
  838   -0.00992   -0.00990    0.00127
  839   -0.02500   -0.01484   -0.00272
  840   -0.03182   -0.01685   -0.00448
  841   -0.03697   -0.02296   -0.00548
  842   -0.03426   -0.02416   -0.00371
  843   -0.03485   -0.01120   -0.00448
  844   -0.03664   -0.01007   -0.00720
  845   -0.03963   -0.00682   -0.00809
  846   -0.04331   -0.00456   -0.00721
  847   -0.03741   -0.00678   -0.00912
  848   -0.04643   -0.02805   -0.00704
  849   -0.05277   -0.03512   -0.00717
  850   -0.05563   -0.03208   -0.01067
  851   -0.05969   -0.03031   -0.01435
  852   -0.06863   -0.04894   -0.00842
  853   -0.07454   -0.05769    0.00105
  854   -0.10059   -0.09092    0.00964
  855   -0.06048   -0.04699   -0.00116
  856   -0.04871   -0.02996   -0.00962
  857   -0.04899   -0.02663   -0.01148
  858   -0.04221   -0.01974   -0.01116
  859   -0.04305   -0.01692   -0.01247
  860   -0.03623   -0.01791   -0.00764
  861   -0.03078   -0.01333   -0.00701
  862   -0.03110   -0.01272   -0.00753
  863   -0.03061   -0.01563   -0.00610
  864   -0.02639   -0.01318   -0.00449
  865   -0.02319   -0.00979   -0.00388
  866   -0.03054   -0.00990   -0.00892
  867   -0.03004   -0.00906   -0.00954
  868   -0.02721   -0.00778   -0.00771
  869   -0.02766   -0.00857   -0.00742
  870   -0.02951   -0.00683   -0.01182
  871   -0.02702   -0.00626   -0.01285
  872   -0.03167   -0.00777   -0.01430
  873   -0.02399   -0.00646   -0.00661
  874   -0.02161   -0.00592   -0.00469
  875   -0.02132   -0.00899   -0.00284
  876   -0.02016   -0.00952   -0.00165
  877   -0.01767   -0.00366   -0.00371
  878   -0.01438   -0.00257   -0.00199
  879   -0.01370   -0.00107   -0.00216
  880   -0.01167    0.00005   -0.00047
  881   -0.02207   -0.01227   -0.00261
  882   -0.02121   -0.01681   -0.00065
  883   -0.02302   -0.01963   -0.00113
  884   -0.02196   -0.02150    0.00046
  885   -0.02308   -0.02073   -0.00080
  886   -0.02186   -0.02577    0.00097
  887   -0.02669   -0.03471    0.00143
  888   -0.02753   -0.03465    0.00151
  889   -0.03377   -0.04475    0.00210
  890   -0.02640   -0.01956   -0.00309
  891   -0.02841   -0.02180   -0.00381
  892   -0.02613   -0.01857   -0.00341
  893   -0.02598   -0.02093   -0.00310
  894   -0.03279   -0.02230   -0.00682
  895   -0.03630   -0.02655   -0.00923
  896   -0.03936   -0.03485   -0.01110
  897   -0.03753   -0.03875   -0.00963
  898   -0.05096   -0.04334   -0.01824
  899   -0.02516   -0.01426   -0.00374
  900   -0.02245   -0.01102   -0.00315
  901   -0.01987   -0.01233   -0.00050
  902   -0.01842   -0.01244    0.00082
  903   -0.02159   -0.00669   -0.00449
  904   -0.01918   -0.00428   -0.00424
  905   -0.01976   -0.00347   -0.00634
  906   -0.01583   -0.00285   -0.00231
  907   -0.01714   -0.00141   -0.00601
  908   -0.01314   -0.00068   -0.00185
  909   -0.01455    0.00005   -0.00374
  910   -0.01855   -0.01285    0.00080
  911   -0.01541   -0.01424    0.00303
  912   -0.01612   -0.01945    0.00392
  913   -0.01419   -0.02115    0.00643
  914   -0.01402   -0.01303    0.00380
  915   -0.01295   -0.00791    0.00275
  916   -0.01034   -0.00681    0.00206
  917   -0.01040   -0.00424    0.00293
  918   -0.01916   -0.02197    0.00265
  919   -0.02007   -0.02792    0.00396
  920   -0.02121   -0.02757    0.00360
  921   -0.02171   -0.03085    0.00611
  922   -0.02332   -0.03167    0.00208
  923   -0.02502   -0.03761    0.00185
  924   -0.02279   -0.02402    0.00134
  925   -0.02443   -0.02360    0.00051
  926   -0.02267   -0.02094    0.00349
  927   -0.02241   -0.02221    0.00414
  928   -0.02608   -0.02035   -0.00234
  929   -0.03081   -0.02437   -0.00533
  930   -0.03154   -0.02067   -0.00791
  931   -0.02940   -0.01630   -0.00811
  932   -0.03809   -0.02382   -0.01116
  933   -0.01912   -0.01695    0.00435
  934   -0.01552   -0.01344    0.00608
  935   -0.01290   -0.01424    0.00944
  936   -0.00963   -0.01057    0.01081
  937   -0.01459   -0.00832    0.00433
  938   -0.01413   -0.00822    0.00386
  939   -0.01622   -0.00713    0.00118
  940   -0.01289   -0.01901    0.01048
  941   -0.01093   -0.01816    0.01269
  942   -0.00820   -0.01684    0.01612
  943   -0.00491   -0.01222    0.01692
  944   -0.01133   -0.02588    0.01425
  945   -0.01014   -0.02092    0.01377
  946   -0.00862   -0.03265    0.01667
  947   -0.00970   -0.04061    0.01940
  948   -0.00827   -0.03218    0.01651
  949   -0.00776   -0.02225    0.01718
  950   -0.00267   -0.02669    0.01991
  951   -0.00217   -0.02218    0.01948
  952    0.00145   -0.02638    0.02250
  953   -0.00380   -0.03512    0.02163
  954   -0.00834   -0.03770    0.02086
  955   -0.00955   -0.05644    0.02676
  956   -0.01786   -0.06553    0.03447
  957   -0.01873   -0.09228    0.04652
  958   -0.00510   -0.01512    0.01621
  959   -0.00420   -0.01202    0.01503
  960   -0.00017   -0.00864    0.01639
  961    0.00144   -0.00813    0.01761
  962   -0.00766   -0.00941    0.01114
  963   -0.01207   -0.01253    0.00960
  964   -0.01462   -0.00962    0.00489
  965   -0.01950   -0.01527    0.00333
  966    0.00072   -0.00568    0.01642
  967    0.00239   -0.00147    0.01655
  968    0.00137    0.00162    0.01308
  969   -0.00107    0.00148    0.01076
  970    0.00387    0.00042    0.01797
  971    0.00184    0.00118    0.01508
  972    0.00342    0.00428    0.01294
  973    0.00268    0.00713    0.01047
  974    0.00136    0.00849    0.00887
  975   -0.00001    0.00929    0.00664
  976    0.00430    0.00872    0.01081
  977    0.00487    0.00721    0.01205
  978    0.00494    0.00463    0.01420
  979    0.00234    0.00924    0.00977
  980    0.00124    0.01139    0.00735
  981   -0.00157    0.00959    0.00525
  982   -0.00319    0.01084    0.00230
  983    0.00367    0.01317    0.00893
  984    0.00687    0.01570    0.01017
  985    0.00880    0.01443    0.01293
  986    0.00964    0.01504    0.01255
  987    0.00807    0.01227    0.01485
  988   -0.00224    0.00647    0.00667
  989   -0.00536    0.00409    0.00464
  990   -0.00746    0.00300    0.00280
  991   -0.00996    0.00220   -0.00013
  992   -0.00599    0.00053    0.00676
  993   -0.00513    0.00083    0.00735
  994   -0.00375    0.00437    0.00650
  995   -0.00592   -0.00284    0.00861
  996   -0.00626    0.00308    0.00439
  997   -0.00774    0.00258    0.00300
  998   -0.00810    0.00522    0.00039
  999   -0.01015    0.00430   -0.00191
 1000   -0.00602    0.00237    0.00517
 1001   -0.00643   -0.00089    0.00713
 1002   -0.00386   -0.00076    0.00920
 1003   -0.00352   -0.00365    0.01169
 1004   -0.00058   -0.00320    0.01350
 1005    0.00176   -0.00028    0.01233
 1006   -0.00012   -0.00531    0.01565
 1007   -0.00614    0.00790    0.00082
 1008   -0.00632    0.01048   -0.00147
 1009   -0.00875    0.01093   -0.00446
 1010   -0.01018    0.01132   -0.00689
 1011   -0.00412    0.01314   -0.00040
 1012   -0.00882    0.01038   -0.00448
 1013   -0.01140    0.01076   -0.00770
 1014   -0.01416    0.00801   -0.00968
 1015   -0.01632    0.00899   -0.01291
 1016   -0.01158    0.01056   -0.00699
 1017   -0.00943    0.01406   -0.00584
 1018   -0.00948    0.01358   -0.00516
 1019   -0.00755    0.01754   -0.00425
 1020   -0.00275    0.01619    0.00067
 1021   -0.01417    0.00459   -0.00775
 1022   -0.01617    0.00136   -0.00943
 1023   -0.01649    0.00281   -0.01088
 1024   -0.01822    0.00207   -0.01385
 1025   -0.01637   -0.00172   -0.00640
 1026   -0.01652   -0.00490   -0.00460
 1027   -0.01445    0.00465   -0.00883
 1028   -0.01402    0.00571   -0.00939
 1029   -0.01543    0.00823   -0.01241
 1030   -0.01665    0.00818   -0.01411
 1031   -0.01139    0.00699   -0.00670
 1032   -0.01139    0.00789   -0.00707
 1033   -0.01208    0.00581   -0.00708
 1034   -0.01042    0.01042   -0.00722
 1035   -0.01116    0.00648   -0.00676
 1036   -0.01016    0.01081   -0.00717
 1037   -0.01051    0.00868   -0.00688
 1038   -0.01530    0.01057   -0.01264
 1039   -0.01687    0.01320   -0.01616
 1040   -0.02026    0.01216   -0.01956
 1041   -0.02201    0.01395   -0.02276
 1042   -0.01657    0.01618   -0.01620
 1043   -0.01325    0.01753   -0.01460
 1044   -0.01308    0.02140   -0.01553
 1045   -0.01068    0.02268   -0.01335
 1046   -0.01561    0.02412   -0.01944
 1047   -0.02065    0.00853   -0.01936
 1048   -0.02401    0.00573   -0.02364
 1049   -0.02434    0.00287   -0.02387
 1050   -0.02747    0.00003   -0.02768
 1051   -0.02461    0.00310   -0.02395
 1052   -0.02566    0.00557   -0.02505
 1053   -0.02656    0.00191   -0.02762
 1054   -0.02878    0.00415   -0.03029
 1055   -0.03692   -0.00411   -0.04667
 1056   -0.02187    0.00352   -0.02066
 1057   -0.02131    0.00103   -0.01993
 1058   -0.02142    0.00258   -0.02101
 1059   -0.01979    0.00415   -0.01909
 1060   -0.02050   -0.00000   -0.01673
 1061   -0.02132   -0.00215   -0.01640
 1062   -0.02081   -0.00267   -0.01766
 1063   -0.02257   -0.00396   -0.01386
 1064   -0.02415    0.00215   -0.02528
 1065   -0.02577    0.00406   -0.02781
 1066   -0.02228    0.00193   -0.02491
 1067   -0.02010    0.00298   -0.02219
 1068   -0.03106    0.00321   -0.03628
 1069   -0.03908    0.00470   -0.04367
 1070   -0.04304    0.01297   -0.04545
 1071   -0.03685    0.01482   -0.03681
 1072   -0.06570    0.02017   -0.06849
 1073   -0.02145   -0.00116   -0.02463
 1074   -0.01997   -0.00147   -0.02225
 1075   -0.01817   -0.00009   -0.01731
 1076   -0.01719   -0.00013   -0.01634
 1077   -0.02046   -0.00337   -0.02225
 1078   -0.01782   -0.00034   -0.01573
 1079   -0.01633    0.00088   -0.01296
 1080   -0.01539    0.00390   -0.01299
 1081   -0.01480    0.00455   -0.01208
 1082   -0.01566    0.00109   -0.01189
 1083   -0.01818   -0.00122   -0.01155
 1084   -0.01396    0.00275   -0.00925
 1085   -0.01760   -0.00165   -0.00953
 1086   -0.01590    0.00567   -0.01477
 1087   -0.01623    0.00831   -0.01460
 1088   -0.01622    0.00743   -0.01468
 1089   -0.01515    0.00807   -0.01332
 1090   -0.01786    0.01032   -0.01696
 1091   -0.01680    0.01055   -0.01579
 1092   -0.01893    0.01217   -0.01889
 1093   -0.02030    0.01432   -0.02088
 1094   -0.01906    0.01194   -0.01799
 1095   -0.01786    0.00579   -0.01603
 1096   -0.01802    0.00472   -0.01597
 1097   -0.01487    0.00473   -0.01279
 1098   -0.01292    0.00494   -0.01128
 1099   -0.01942    0.00311   -0.01904
 1100   -0.01500    0.00365   -0.01258
 1101   -0.01382    0.00327   -0.01073
 1102   -0.01192    0.00520   -0.00919
 1103   -0.01070    0.00587   -0.00782
 1104   -0.01487    0.00278   -0.01008
 1105   -0.01176    0.00600   -0.00876
 1106   -0.01021    0.00734   -0.00710
 1107   -0.01013    0.00710   -0.00774
 1108   -0.00881    0.00756   -0.00617
 1109   -0.01031    0.00823   -0.00711
 1110   -0.00861    0.00913   -0.00583
 1111   -0.00715    0.00898   -0.00374
 1112   -0.00872    0.00966   -0.00599
 1113   -0.00587    0.00964   -0.00279
 1114   -0.00710    0.01001   -0.00453
 1115   -0.01109    0.00754   -0.00961
 1116   -0.01094    0.00776   -0.01021
 1117   -0.01019    0.00673   -0.00962
 1118   -0.01004    0.00700   -0.00946
 1119   -0.01225    0.00806   -0.01327
 1120   -0.01207    0.00942   -0.01412
 1121   -0.01259    0.01130   -0.01576
 1122   -0.01110    0.00941   -0.01182
 1123   -0.00992    0.00619   -0.00973
 1124   -0.00853    0.00495   -0.00833
 1125   -0.00772    0.00551   -0.00634
 1126   -0.00730    0.00426   -0.00594
 1127   -0.00860    0.00422   -0.00845
 1128   -0.00752    0.00594   -0.00545
 1129   -0.00616    0.00555   -0.00300
 1130   -0.00586    0.00570   -0.00210
 1131   -0.00475    0.00472   -0.00033
 1132   -0.00642    0.00634   -0.00259
 1133   -0.00543    0.00606   -0.00027
 1134   -0.00851    0.00669   -0.00455
 1135   -0.00626    0.00593   -0.00282
 1136   -0.00492    0.00577   -0.00060
 1137   -0.00470    0.00489   -0.00009
 1138   -0.00442    0.00503    0.00108
 1139   -0.00577    0.00653   -0.00235
 1140   -0.00504    0.00429   -0.00184
 1141   -0.00463    0.00408   -0.00100
 1142   -0.00388    0.00296    0.00201
 1143   -0.00382    0.00211    0.00477
 1144   -0.00522    0.00476   -0.00355
 1145   -0.00456    0.00354   -0.00163
 1146   -0.00605    0.00437   -0.00419
 1147   -0.00524    0.00389   -0.00322
 1148   -0.00836    0.00628   -0.00942
 1149   -0.00370    0.00251    0.00187
 1150   -0.00311    0.00207    0.00331
 1151   -0.00288    0.00318    0.00450
 1152   -0.00245    0.00361    0.00546
 1153   -0.00416    0.00353    0.00187
 1154   -0.00455    0.00249    0.00085
 1155   -0.00294    0.00367    0.00265
 1156   -0.00243    0.00379    0.00346
 1157   -0.00147    0.00238    0.00359
 1158   -0.00249    0.00345    0.00516
 1159   -0.00226    0.00343    0.00558
 1160   -0.00201    0.00179    0.00546
 1161   -0.00193    0.00099    0.00576
 1162   -0.00126    0.00169    0.00532
 1163   -0.00049   -0.00138    0.00398
 1164   -0.00095   -0.00150    0.00527
 1165   -0.00149   -0.00001    0.00495
 1166    0.00166   -0.00336    0.00334
 1167    0.00172   -0.00249    0.00349
 1168    0.00064   -0.00029    0.00448
 1169    0.00108   -0.00048    0.00500
 1170   -0.00043    0.00207    0.00453
 1171    0.00110   -0.00437    0.00424
 1172    0.00145   -0.00537    0.00481
 1173    0.00681   -0.00861    0.00231
 1174    0.00746   -0.00980    0.00205
 1175   -0.00033   -0.00453    0.00647
 1176   -0.00688   -0.00124    0.01382
 1177    0.00532   -0.00812    0.00232
 1178    0.00462   -0.00945    0.00217
 1179    0.00637   -0.00945    0.00249
 1180    0.00910   -0.00920    0.00293
 1181    0.00372   -0.00956    0.00246
 1182    0.00376   -0.00977    0.00305
 1183    0.00398   -0.00807    0.00371
 1184    0.00400   -0.00757    0.00472
 1185    0.00371   -0.00648    0.00511
 1186    0.00347   -0.00523    0.00500
 1187    0.00363   -0.00534    0.00555
 1188    0.00547   -0.01014    0.00207
 1189    0.00682   -0.01022    0.00213
 1190    0.00543   -0.00995    0.00253
 1191    0.00607   -0.01180    0.00182
 1192    0.01086   -0.01572    0.00053
 1193    0.00950   -0.01877    0.00093
 1194    0.01931   -0.02233    0.00098
 1195    0.00342   -0.00863    0.00249
 1196    0.00328   -0.00891    0.00338
 1197    0.00309   -0.00703    0.00345
 1198    0.00164   -0.00707    0.00347
 1199    0.00249   -0.00696    0.00406
 1200    0.00167   -0.00397    0.00362
 1201    0.00098   -0.00152    0.00364
 1202    0.00142   -0.00421    0.00364
 1203    0.00329   -0.00438    0.00317
 1204    0.00419   -0.00328    0.00282
 1205    0.00188   -0.00037    0.00273
 1206    0.00000    0.00207    0.00280
 1207    0.00650   -0.00617    0.00287
 1208    0.00990   -0.00538    0.00359
 1209    0.02691   -0.01519    0.01070
 1210    0.00805   -0.00219    0.00288
 1211    0.00123   -0.00057    0.00307
 1212   -0.00015    0.00173    0.00278
 1213   -0.00103    0.00186    0.00403
 1214   -0.00213    0.00362    0.00320
 1215   -0.00127    0.00193    0.00325
 1216   -0.00395    0.00077    0.00478
 1217   -0.00628    0.00294    0.00560
 1218   -0.00791    0.00266    0.00819
 1219   -0.00672    0.00179    0.00713
 1220    0.00003   -0.00098    0.00492
 1221    0.00077   -0.00185    0.00486
 1222   -0.00025    0.00025    0.00461
 1223   -0.00006    0.00028    0.00437
 1224    0.00071   -0.00395    0.00554
 1225   -0.00031   -0.00436    0.00603
 1226    0.00146   -0.00497    0.00529
 1227   -0.00209    0.00266    0.00423
 1228   -0.00216    0.00444    0.00427
 1229   -0.00007    0.00262    0.00494
 1230    0.00066    0.00117    0.00562
 1231   -0.00205    0.00581    0.00232
 1232   -0.00273    0.00739    0.00146
 1233   -0.00208    0.00840    0.00017
 1234   -0.00392    0.00907    0.00213
 1235    0.00002    0.00385    0.00499
 1236    0.00198    0.00268    0.00549
 1237    0.00060    0.00590    0.00575
 1238    0.00004    0.00708    0.00535
 1239    0.00223    0.00202    0.00532
 1240    0.00239   -0.00000    0.00573
 1241    0.00258   -0.00044    0.00578
 1242    0.00192   -0.00057    0.00533
 1243    0.00280   -0.00229    0.00576
 1244    0.00205   -0.00226    0.00582
 1245    0.00239   -0.00302    0.00594
 1246    0.00160    0.00460    0.00601
 1247    0.00133    0.00642    0.00631
 1248    0.00165    0.00674    0.00609
 1249    0.00203    0.00584    0.00596
 1250    0.00196    0.00534    0.00652
 1251    0.00237    0.00758    0.00663
 1252    0.00233    0.01010    0.00662
 1253    0.00244    0.00790    0.00641
 1254    0.00258    0.01105    0.00667
 1255    0.00260    0.00944    0.00648
 1256    0.00117    0.00877    0.00623
 1257    0.00132    0.00894    0.00605
 1258    0.00172    0.00935    0.00587
 1259    0.00180    0.00994    0.00582
 1260    0.00076    0.00919    0.00606
 1261    0.00032    0.00819    0.00606
 1262   -0.00018    0.00826    0.00612
 1263    0.00092    0.00766    0.00605
 1264    0.00022    0.00721    0.00614
 1265    0.00089    0.00713    0.00637
 1266    0.00063    0.00669    0.00616
 1267    0.00183    0.00910    0.00566
 1268    0.00193    0.00935    0.00550
 1269    0.00197    0.00954    0.00512
 1270    0.00210    0.00930    0.00516
 1271    0.00170    0.00925    0.00532
 1272    0.00181    0.00769    0.00471
 1273    0.00200    0.00881    0.00548
 1274    0.00140    0.00742    0.00381
 1275    0.00223    0.00992    0.00491
 1276    0.00247    0.00993    0.00481
 1277    0.00252    0.01015    0.00434
 1278    0.00248    0.01020    0.00431
 1279    0.00250    0.00973    0.00476
 1280    0.00303    0.00965    0.00442
 1281    0.00304    0.00965    0.00460
 1282    0.00293    0.00912    0.00421
 1283    0.00266    0.01019    0.00406
 1284    0.00254    0.01032    0.00334
 1285    0.00323    0.01047    0.00311
 1286    0.00382    0.01036    0.00330
 1287    0.00207    0.01017    0.00264
 1288    0.00161    0.00941    0.00271
 1289    0.00164    0.00895    0.00310
 1290    0.00098    0.00924    0.00236
 1291    0.00124    0.00806    0.00283
 1292    0.00063    0.00859    0.00208
 1293    0.00085    0.00807    0.00222
 1294    0.00340    0.01042    0.00286
 1295    0.00414    0.01015    0.00276
 1296    0.00406    0.01032    0.00217
 1297    0.00310    0.01119    0.00207
 1298    0.00462    0.00926    0.00310
 1299    0.00533    0.00872    0.00262
 1300    0.00570    0.00871    0.00218
 1301    0.00481    0.00815    0.00292
 1302    0.00446    0.01075    0.00187
 1303    0.00425    0.01137    0.00111
 1304    0.00439    0.01114    0.00109
 1305    0.00545    0.01021    0.00126
 1306    0.00431    0.01191    0.00070
 1307    0.00335    0.01311   -0.00054
 1308    0.00245    0.01315   -0.00084
 1309    0.00344    0.01338   -0.00083
 1310    0.00357    0.01150    0.00070
 1311    0.00338    0.01186    0.00031
 1312    0.00277    0.01270   -0.00097
 1313    0.00215    0.01306   -0.00092
 1314    0.00326    0.01077    0.00118
 1315    0.00302    0.01133    0.00054
 1316    0.00370    0.00971    0.00244
 1317    0.00312    0.01297   -0.00119
 1318    0.00326    0.01471   -0.00282
 1319    0.00281    0.01536   -0.00309
 1320    0.00170    0.01563   -0.00292
 1321    0.00266    0.01427   -0.00296
 1322    0.00285    0.01512   -0.00438
 1323    0.00328    0.01650   -0.00537
 1324    0.00281    0.01535   -0.00485
 1325    0.00296    0.01564   -0.00262
 1326    0.00244    0.01545   -0.00292
 1327    0.00154    0.01453   -0.00222
 1328    0.00082    0.01431   -0.00246
 1329    0.00164    0.01411   -0.00165
 1330    0.00091    0.01334   -0.00105
 1331    0.00132    0.01282   -0.00051
 1332    0.00205    0.01232   -0.00002
 1333    0.00011    0.01362   -0.00077
 1334   -0.00037    0.01411   -0.00127
 1335   -0.00109    0.01431   -0.00151
 1336   -0.00006    0.01465   -0.00189
 1337   -0.00137    0.01521   -0.00199
 1338   -0.00077    0.01537   -0.00208
 1339    0.00076    0.01228   -0.00019
 1340    0.00096    0.01191    0.00050
 1341    0.00064    0.01174    0.00098
 1342   -0.00012    0.01168    0.00106
 1343    0.00038    0.01142    0.00025
 1344    0.00037    0.01100    0.00066
 1345    0.00115    0.01109    0.00061
 1346   -0.00044    0.01075    0.00007
 1347    0.00127    0.01147    0.00161
 1348    0.00105    0.01160    0.00222
 1349    0.00132    0.01116    0.00282
 1350    0.00187    0.01089    0.00287
 1351    0.00189    0.01137    0.00227
 1352    0.00146    0.01177    0.00161
 1353    0.00090    0.01196    0.00174
 1354    0.00146    0.01216    0.00108
 1355    0.00050    0.01295    0.00104
 1356    0.00114    0.01219    0.00052
 1357    0.00050    0.01237    0.00017
 1358    0.00016    0.01298   -0.00048
 1359    0.00081    0.01125    0.00276
 1360    0.00110    0.01075    0.00320
 1361    0.00184    0.01075    0.00398
 1362    0.00185    0.01105    0.00403
 1363    0.00058    0.01015    0.00244
 1364    0.00100    0.00954    0.00270
 1365    0.00054    0.00880    0.00179
 1366    0.00083    0.00860    0.00201
 1367   -0.00022    0.00849    0.00062
 1368    0.00241    0.01061    0.00474
 1369    0.00282    0.01069    0.00538
 1370    0.00277    0.01066    0.00569
 1371    0.00249    0.01049    0.00548
 1372    0.00298    0.01036    0.00538
 1373    0.00299    0.01009    0.00494
 1374    0.00302    0.00915    0.00511
 1375    0.00325    0.01005    0.00511
 1376    0.00320    0.01101    0.00595
 1377    0.00291    0.01120    0.00604
 1378    0.00332    0.01175    0.00636
 1379    0.00401    0.01195    0.00648
 1380    0.00282    0.01057    0.00567
 1381    0.00313    0.01004    0.00607
 1382    0.00290    0.00836    0.00614
 1383    0.00308    0.01086    0.00626
 1384    0.00280    0.01171    0.00627
 1385    0.00265    0.01256    0.00650
 1386    0.00322    0.01358    0.00649
 1387    0.00362    0.01421    0.00619
 1388    0.00378    0.01311    0.00653
 1389    0.00454    0.01289    0.00643
 1390    0.00531    0.01121    0.00664
 1391    0.00573    0.00787    0.00825
 1392    0.00426    0.01201    0.00619
 1393    0.00378    0.01419    0.00590
 1394    0.00346    0.01285    0.00583
 1395    0.00424    0.01008    0.00559
 1396    0.00417    0.00223    0.00829
 1397    0.00397    0.00268    0.00806
 1398    0.00477   -0.00115    0.00866
 1399    0.00522    0.01177    0.00657
 1400    0.00554    0.01019    0.00728
 1401    0.00602    0.01135    0.00781
 1402    0.00601    0.01186    0.00796
 1403    0.00463    0.00992    0.00677
 1404    0.00396    0.00800    0.00649
 1405    0.00378    0.00618    0.00667
 1406    0.00258    0.00816    0.00491
 1407    0.00736    0.01053    0.00830
 1408    0.00797    0.01139    0.00941
 1409    0.00715    0.01183    0.00954
 1410    0.00730    0.01219    0.01075
 1411    0.01021    0.01089    0.00981
 1412    0.01141    0.00656    0.01041
 1413    0.00907    0.00759    0.00959
 1414    0.00599    0.01187    0.00865
 1415    0.00551    0.01227    0.00813
 1416    0.00407    0.01187    0.00680
 1417    0.00376    0.01157    0.00634
 1418    0.00460    0.01365    0.00690
 1419    0.00453    0.01511    0.00544
 1420    0.00271    0.01402    0.00423
 1421    0.00548    0.01606    0.00697
 1422    0.00198    0.01331    0.00405
 1423    0.00610    0.01517    0.00761
 1424    0.00364    0.01363    0.00616
 1425    0.00314    0.01184    0.00603
 1426    0.00226    0.01177    0.00539
 1427    0.00097    0.01273    0.00371
 1428    0.00031    0.01395    0.00261
 1429    0.00197    0.01178    0.00499
 1430    0.00215    0.01164    0.00552
 1431    0.00273    0.01163    0.00639
 1432    0.00053    0.01204    0.00313
 1433   -0.00076    0.01191    0.00166
 1434   -0.00130    0.01187    0.00152
 1435   -0.00056    0.01174    0.00161
 1436   -0.00080    0.01101    0.00133
 1437   -0.00226    0.01013    0.00040
 1438   -0.00011    0.01044    0.00220
 1439   -0.00235    0.01253    0.00107
 1440   -0.00239    0.01268    0.00083
 1441   -0.00346    0.01245    0.00072
 1442   -0.00511    0.01248    0.00036
 1443   -0.00286    0.01353    0.00045
 1444   -0.00288    0.01343    0.00038
 1445   -0.00195    0.01308    0.00016
 1446   -0.00362    0.01433    0.00020
 1447   -0.00289    0.01219    0.00047
 1448   -0.00262    0.01186   -0.00006
 1449   -0.00264    0.01226   -0.00045
 1450   -0.00260    0.01201   -0.00095
 1451   -0.00200    0.01125    0.00004
 1452   -0.00184    0.01047    0.00022
 1453   -0.00255    0.00977   -0.00077
 1454   -0.00118    0.01015    0.00063
 1455   -0.00232    0.00900   -0.00083
 1456   -0.00153    0.00938    0.00004
 1457   -0.00327    0.01300   -0.00051
 1458   -0.00318    0.01348   -0.00136
 1459   -0.00156    0.01328   -0.00178
 1460   -0.00092    0.01291   -0.00133
 1461   -0.00155    0.01383   -0.00274
 1462   -0.00104    0.01450   -0.00291
 1463   -0.00061    0.01380   -0.00264
 1464   -0.00143    0.01384   -0.00276
 1465   -0.00187    0.01504   -0.00397
 1466    0.00018    0.01380   -0.00279
 1467    0.00053    0.01355   -0.00271
 1468    0.00131    0.01413   -0.00302
 1469    0.00175    0.01460   -0.00280
 1470    0.00074    0.01292   -0.00176
 1471    0.00082    0.01276   -0.00161
 1472    0.00101    0.01454   -0.00342
 1473    0.00210    0.01534   -0.00349
 1474    0.00274    0.01457   -0.00271
 1475    0.00235    0.01395   -0.00226
 1476    0.00169    0.01639   -0.00460
 1477    0.00117    0.01717   -0.00571
 1478    0.00412    0.01496   -0.00251
 1479    0.00559    0.01429   -0.00234
 1480    0.00623    0.01496   -0.00297
 1481    0.00690    0.01444   -0.00241
 1482    0.00795    0.01453   -0.00311
 1483    0.00699    0.01292   -0.00193
 1484    0.00917    0.01208   -0.00081
 1485    0.00812    0.01165   -0.00005
 1486    0.01203    0.01109   -0.00139
 1487    0.00540    0.01580   -0.00338
 1488    0.00522    0.01643   -0.00318
 1489    0.00419    0.01498   -0.00273
 1490    0.00421    0.01426   -0.00203
 1491    0.00542    0.01701   -0.00414
 1492    0.00958    0.01853   -0.00440
 1493    0.00979    0.01855   -0.00415
 1494    0.01136    0.01944   -0.00511
 1495    0.00264    0.01427   -0.00286
 1496    0.00164    0.01359   -0.00253
 1497    0.00173    0.01293   -0.00188
 1498    0.00094    0.01265   -0.00204
 1499    0.00032    0.01378   -0.00343
 1500    0.00036    0.01399   -0.00346
 1501   -0.00031    0.01450   -0.00460
 1502    0.00261    0.01306   -0.00139
 1503    0.00276    0.01248   -0.00074
 1504    0.00264    0.01202   -0.00013
 1505    0.00201    0.01147   -0.00028
 1506    0.00417    0.01258   -0.00026
 1507    0.00440    0.01236    0.00050
 1508    0.00349    0.01195    0.00086
 1509    0.00568    0.01241    0.00054
 1510    0.00341    0.01194    0.00009
 1511    0.00288    0.01128    0.00018
 1512    0.00148    0.01108   -0.00064
 1513    0.00111    0.01030   -0.00078
 1514    0.00382    0.01121   -0.00010
 1515    0.00571    0.01120    0.00044
 1516    0.00639    0.01171    0.00037
 1517    0.00565    0.01050    0.00154
 1518    0.00085    0.01160   -0.00135
 1519   -0.00040    0.01079   -0.00217
 1520   -0.00106    0.01033   -0.00237
 1521   -0.00180    0.00909   -0.00257
 1522   -0.00108    0.01097   -0.00264
 1523   -0.00278    0.01011   -0.00343
 1524   -0.00342    0.01081   -0.00404
 1525   -0.00329    0.01141   -0.00417
 1526   -0.00455    0.01084   -0.00499
 1527   -0.00056    0.01126   -0.00213
 1528   -0.00113    0.01117   -0.00206
 1529   -0.00081    0.01039   -0.00146
 1530   -0.00166    0.00998   -0.00170
 1531   -0.00065    0.01141   -0.00195
 1532   -0.00118    0.01202   -0.00273
 1533   -0.00112    0.01272   -0.00291
 1534   -0.00170    0.01192   -0.00335
 1535    0.00011    0.01035   -0.00077
 1536    0.00036    0.00979   -0.00004
 1537    0.00019    0.00901   -0.00044
 1538   -0.00006    0.00819   -0.00046
 1539    0.00145    0.01000    0.00095
 1540    0.00051    0.00872   -0.00080
 1541    0.00004    0.00734   -0.00114
 1542   -0.00113    0.00653   -0.00198
 1543   -0.00151    0.00541   -0.00220
 1544    0.00008    0.00689   -0.00094
 1545   -0.00187    0.00724   -0.00236
 1546   -0.00331    0.00666   -0.00287
 1547   -0.00328    0.00626   -0.00276
 1548   -0.00402    0.00504   -0.00342
 1549   -0.00412    0.00751   -0.00329
 1550   -0.00575    0.00694   -0.00425
 1551   -0.00612    0.00669   -0.00442
 1552   -0.00563    0.00777   -0.00428
 1553   -0.00671    0.00863   -0.00509
 1554   -0.00240    0.00710   -0.00217
 1555   -0.00193    0.00673   -0.00196
 1556   -0.00128    0.00574   -0.00188
 1557   -0.00128    0.00481   -0.00230
 1558   -0.00135    0.00760   -0.00122
 1559   -0.00125    0.00731   -0.00128
 1560   -0.00192    0.00864   -0.00121
 1561   -0.00069    0.00582   -0.00114
 1562   -0.00011    0.00471   -0.00073
 1563   -0.00033    0.00334   -0.00159
 1564   -0.00005    0.00234   -0.00162
 1565    0.00081    0.00499   -0.00022
 1566    0.00106    0.00616    0.00132
 1567   -0.00136    0.00308   -0.00238
 1568   -0.00221    0.00145   -0.00304
 1569   -0.00261    0.00065   -0.00347
 1570   -0.00278   -0.00097   -0.00362
 1571   -0.00338    0.00136   -0.00335
 1572   -0.00291    0.00070   -0.00259
 1573   -0.00428    0.00033   -0.00324
 1574   -0.00552    0.00153   -0.00380
 1575   -0.00519    0.00288   -0.00376
 1576   -0.00428    0.00326   -0.00332
 1577   -0.00585    0.00398   -0.00441
 1578   -0.00280    0.00155   -0.00349
 1579   -0.00278    0.00061   -0.00414
 1580   -0.00162   -0.00022   -0.00373
 1581   -0.00177   -0.00188   -0.00435
 1582   -0.00296    0.00153   -0.00429
 1583   -0.00433    0.00230   -0.00492
 1584   -0.00458    0.00347   -0.00511
 1585   -0.00375    0.00374   -0.00479
 1586   -0.00561    0.00418   -0.00542
 1587   -0.00089    0.00128   -0.00280
 1588    0.00007    0.00067   -0.00220
 1589   -0.00019   -0.00083   -0.00205
 1590   -0.00005   -0.00228   -0.00226
 1591    0.00041    0.00168   -0.00065
 1592    0.00085    0.00282   -0.00069
 1593    0.00052    0.00411   -0.00081
 1594    0.00112    0.00293    0.00037
 1595    0.00057    0.00521   -0.00051
 1596    0.00116    0.00390    0.00079
 1597    0.00081    0.00524    0.00037
 1598   -0.00053   -0.00117   -0.00215
 1599   -0.00094   -0.00316   -0.00210
 1600   -0.00180   -0.00432   -0.00320
 1601   -0.00138   -0.00649   -0.00237
 1602   -0.00057   -0.00371   -0.00236
 1603    0.00025   -0.00226   -0.00157
 1604    0.00000   -0.00601   -0.00181
 1605   -0.00271   -0.00400   -0.00396
 1606   -0.00350   -0.00529   -0.00448
 1607   -0.00293   -0.00648   -0.00525
 1608   -0.00339   -0.00822   -0.00617
 1609   -0.00484   -0.00441   -0.00535
 1610   -0.00552   -0.00448   -0.00532
 1611   -0.00611   -0.00277   -0.00579
 1612   -0.00623   -0.00181   -0.00575
 1613   -0.00670   -0.00228   -0.00551
 1614   -0.00187   -0.00590   -0.00511
 1615   -0.00172   -0.00660   -0.00487
 1616   -0.00132   -0.00717   -0.00419
 1617   -0.00176   -0.00845   -0.00430
 1618   -0.00118   -0.00502   -0.00472
 1619   -0.00190   -0.00505   -0.00537
 1620   -0.00221   -0.00418   -0.00707
 1621   -0.00101   -0.00171   -0.00587
 1622   -0.00103    0.00031   -0.00474
 1623   -0.00186    0.00062   -0.00530
 1624   -0.00005    0.00166   -0.00318
 1625   -0.00046   -0.00628   -0.00371
 1626    0.00003   -0.00706   -0.00286
 1627   -0.00039   -0.00864   -0.00230
 1628   -0.00024   -0.00829   -0.00109
 1629    0.00080   -0.00631   -0.00134
 1630    0.00123   -0.00554   -0.00120
 1631    0.00156   -0.00663   -0.00146
 1632    0.00198   -0.00657   -0.00238
 1633    0.00180   -0.00798   -0.00093
 1634   -0.00117   -0.01005   -0.00350
 1635   -0.00250   -0.01126   -0.00312
 1636   -0.00136   -0.01235   -0.00223
 1637   -0.00110   -0.01158   -0.00177
 1638   -0.00393   -0.01299   -0.00444
 1639   -0.00555   -0.01382   -0.00328
 1640   -0.00102   -0.02493   -0.02155
 1641   -0.02018    0.00526    0.03737
 1642   -0.01882    0.00278    0.03119
 1643   -0.00113   -0.01445   -0.00277
 1644   -0.00062   -0.01590   -0.00239
 1645    0.00070   -0.01462   -0.00138
 1646    0.00106   -0.01525   -0.00026
 1647    0.00151   -0.01213   -0.00068
 1648    0.00238   -0.01128    0.00009
 1649    0.00270   -0.01075    0.00046
 1650    0.00256   -0.00933    0.00018
 1651    0.00113   -0.00890    0.00099
 1652    0.00149   -0.00823    0.00162
 1653    0.00187   -0.00959    0.00199
 1654    0.00299   -0.01031    0.00201
 1655    0.00181   -0.00998    0.00217
 1656    0.00329   -0.01142    0.00108
 1657    0.00390   -0.01179    0.00156
 1658    0.00350   -0.00982    0.00228
 1659    0.00339   -0.00958    0.00272
 1660    0.00369   -0.01477    0.00183
 1661    0.00405   -0.01546    0.00172
 1662    0.00538   -0.01567    0.00157
 1663    0.00281   -0.00886    0.00294
 1664    0.00302   -0.00778    0.00406
 1665    0.00268   -0.00559    0.00422
 1666    0.00258   -0.00328    0.00491
 1667    0.00257   -0.00727    0.00531
 1668    0.00362   -0.00975    0.00538
 1669    0.00379   -0.00986    0.00591
 1670    0.00471   -0.01209    0.00682
 1671    0.00498   -0.01499    0.00562
 1672    0.00540   -0.01682    0.00389
 1673    0.00568   -0.01725    0.00596
 1674    0.00293   -0.00533    0.00373
 1675    0.00332   -0.00346    0.00375
 1676    0.00346   -0.00381    0.00480
 1677    0.00362   -0.00462    0.00491
 1678    0.00293   -0.00276    0.00286
 1679    0.00245   -0.00255    0.00212
 1680    0.00213   -0.00399    0.00159
 1681    0.00211   -0.00092    0.00213
 1682    0.00163   -0.00432    0.00119
 1683    0.00179   -0.00155    0.00140
 1684    0.00158   -0.00322    0.00114
 1685    0.00291   -0.00132    0.00571
 1686    0.00321   -0.00101    0.00613
 1687    0.00280    0.00095    0.00626
 1688    0.00248    0.00265    0.00611
 1689    0.00292    0.00059    0.00685
 1690    0.00288   -0.00111    0.00667
 1691    0.00325    0.00118    0.00665
 1692    0.00376    0.00237    0.00674
 1693    0.00430    0.00337    0.00696
 1694    0.00423    0.00269    0.00733
 1695    0.00386    0.00285    0.00592
 1696    0.00397    0.00552    0.00707
 1697    0.00426    0.00640    0.00745
 1698    0.00445    0.00738    0.00701
 1699    0.00429    0.00799    0.00647
 1700    0.00397    0.00683    0.00783
 1701    0.00394    0.00611    0.00809
 1702    0.00343    0.00740    0.00756
 1703    0.00518    0.00841    0.00725
 1704    0.00579    0.00917    0.00635
 1705    0.00624    0.00990    0.00646
 1706    0.00670    0.01037    0.00723
 1707    0.00661    0.00957    0.00551
 1708    0.00634    0.01006    0.00557
 1709    0.00649    0.01039    0.00534
 1710    0.00808    0.01106    0.00433
 1711    0.00840    0.01066    0.00300
 1712    0.00549    0.00984    0.00478
 1713    0.00523    0.00944    0.00440
 1714    0.00448    0.00911    0.00529
 1715    0.00405    0.00860    0.00386
 1716    0.00910    0.01198    0.00491
 1717    0.01096    0.01294    0.00372
 1718    0.01229    0.01436    0.00393
 1719    0.01177    0.01473    0.00553
 1720    0.01132    0.01349    0.00390
 1721    0.01094    0.01358    0.00604
 1722    0.01447    0.01543    0.00184
 1723    0.01694    0.01713    0.00156
 1724    0.01872    0.01934    0.00328
 1725    0.01901    0.01973    0.00262
 1726    0.01924    0.01742   -0.00174
 1727    0.02175    0.01824   -0.00265
 1728    0.02576    0.01999   -0.00594
 1729    0.02991    0.02037   -0.00806
 1730    0.02395    0.01652   -0.00567
 1731    0.01966    0.02095    0.00561
 1732    0.02166    0.02374    0.00864
 1733    0.02591    0.02721    0.00767
 1734    0.03090    0.03152    0.00813
 1735    0.02067    0.02591    0.01275
 1736    0.02771    0.02810    0.00702
 1737    0.03884    0.03893    0.00598
 1738    0.04532    0.05588    0.01268
 1739    0.06774    0.07784    0.01457
 1740    0.04363    0.03715    0.00111
 1741    0.04282    0.06111    0.02149
 1742    0.02351    0.00947   -0.01051
 1743    0.02528    0.00785   -0.00984
 1744    0.02407    0.00385   -0.00948
 1745    0.02216    0.00197   -0.00930
 1746    0.02369    0.00770   -0.00950
 1747    0.02337    0.01103   -0.00992
 1748    0.02119    0.01089   -0.01007
 1749    0.01787    0.00701   -0.00890
 1750    0.02643    0.00208   -0.00942
 1751    0.02603   -0.00149   -0.00913
 1752    0.02527   -0.00405   -0.00863
 1753    0.02710   -0.00425   -0.00926
 1754    0.02982   -0.00220   -0.01026
 1755    0.02967   -0.00584   -0.01025
 1756    0.03408   -0.00614   -0.01184
 1757    0.03487   -0.00355   -0.01242
 1758    0.03404   -0.00864   -0.01153
 1759    0.02197   -0.00584   -0.00742
 1760    0.02040   -0.00858   -0.00639
 1761    0.02016   -0.01197   -0.00578
 1762    0.02019   -0.01230   -0.00605
 1763    0.01772   -0.00836   -0.00545
 1764    0.01563   -0.00896   -0.00501
 1765    0.01828   -0.00503   -0.00621
 1766    0.01321   -0.00968   -0.00399
 1767    0.02018   -0.01471   -0.00507
 1768    0.01870   -0.01776   -0.00432
 1769    0.01537   -0.01908   -0.00302
 1770    0.01458   -0.01881   -0.00243
 1771    0.02021   -0.01843   -0.00542
 1772    0.02396   -0.01618   -0.00690
 1773    0.02417   -0.01570   -0.00798
 1774    0.02735   -0.01387   -0.00799
 1775    0.02875   -0.01419   -0.00946
 1776    0.03113   -0.01214   -0.00949
 1777    0.03150   -0.01257   -0.00998
 1778    0.01471   -0.01981   -0.00241
 1779    0.01297   -0.02022   -0.00092
 1780    0.01299   -0.02061   -0.00064
 1781    0.01370   -0.02153   -0.00139
 1782    0.01202   -0.01985   -0.00085
 1783    0.01048   -0.01931    0.00050
 1784    0.01133   -0.01812   -0.00114
 1785    0.01236   -0.02012    0.00034
 1786    0.01086   -0.01926    0.00029
 1787    0.00957   -0.01741    0.00175
 1788    0.00941   -0.01724    0.00269
 1789    0.01027   -0.01789    0.00044
 1790    0.00856   -0.01633    0.00056
 1791    0.00701   -0.01477    0.00027
 1792    0.00492   -0.01346    0.00082
 1793    0.00402   -0.01285   -0.00033
 1794    0.00941   -0.01614    0.00160
 1795    0.00884   -0.01458    0.00315
 1796    0.00783   -0.01280    0.00351
 1797    0.00708   -0.01272    0.00313
 1798    0.00764   -0.01475    0.00278
 1799    0.00736   -0.01523    0.00174
 1800    0.00787   -0.01706    0.00236
 1801    0.00650   -0.01013    0.00394
 1802    0.00555   -0.00772    0.00389
 1803    0.00527   -0.00693    0.00272
 1804    0.00480   -0.00548    0.00221
 1805    0.00562   -0.00662    0.00457
 1806    0.00394   -0.00299    0.00435
 1807    0.00406   -0.00115    0.00513
 1808    0.00359   -0.00161    0.00440
 1809    0.00510   -0.00793    0.00227
 1810    0.00447   -0.00782    0.00083
 1811    0.00395   -0.00891    0.00065
 1812    0.00236   -0.00784   -0.00016
 1813    0.00430   -0.00868    0.00053
 1814    0.00605   -0.01154    0.00077
 1815    0.00381   -0.00697    0.00034
 1816    0.00541   -0.01003    0.00093
 1817    0.00433   -0.01088   -0.00014
 1818    0.00477   -0.01243   -0.00136
 1819    0.00458   -0.01298   -0.00169
 1820    0.00653   -0.01426   -0.00094
 1821    0.00749   -0.01529   -0.00164
 1822    0.00970   -0.01730   -0.00254
 1823    0.01006   -0.01825   -0.00032
 1824    0.00729   -0.01643   -0.00136
 1825    0.00678   -0.01767   -0.00202
 1826    0.00562   -0.01973   -0.00152
 1827    0.00682   -0.02116   -0.00318
 1828    0.00578   -0.02192   -0.00311
 1829    0.01043   -0.01781   -0.00389
 1830    0.01314   -0.01955   -0.00368
 1831    0.01418   -0.02082   -0.00494
 1832    0.01454   -0.02097   -0.00692
 1833    0.01510   -0.01846   -0.00369
 1834    0.01369   -0.01774   -0.00247
 1835    0.01699   -0.01897   -0.00382
 1836    0.01400   -0.02174   -0.00360
 1837    0.01501   -0.02226   -0.00460
 1838    0.01702   -0.02146   -0.00485
 1839    0.01678   -0.02000   -0.00392
 1840    0.01317   -0.02213   -0.00284
 1841    0.01236   -0.02287   -0.00230
 1842    0.01300   -0.02187   -0.00358
 1843    0.01004   -0.02150   -0.00102
 1844    0.01799   -0.01983   -0.00657
 1845    0.02029   -0.01669   -0.00823
 1846    0.01920   -0.01540   -0.00765
 1847    0.01769   -0.01601   -0.00691
 1848    0.02280   -0.01605   -0.00996
 1849    0.02345   -0.01709   -0.01052
 1850    0.02484   -0.01244   -0.01053
 1851    0.01907   -0.01342   -0.00742
 1852    0.01725   -0.01166   -0.00667
 1853    0.01859   -0.00802   -0.00789
 1854    0.02056   -0.00615   -0.00848
 1855    0.01536   -0.01216   -0.00533
 1856    0.01392   -0.01494   -0.00423
 1857    0.01191   -0.01449   -0.00330
 1858    0.01254   -0.01605   -0.00377
 1859    0.01764   -0.00645   -0.00804
 1860    0.01883   -0.00248   -0.00894
 1861    0.01740   -0.00115   -0.00860
 1862    0.01551   -0.00099   -0.00798
 1863    0.01985   -0.00155   -0.00938
 1864    0.02107   -0.00403   -0.00931
 1865    0.02344   -0.00432   -0.01007
 1866    0.02398   -0.00678   -0.01006
 1867    0.02580   -0.00166   -0.01113
 1868    0.01734    0.00037   -0.00904
 1869    0.01479    0.00150   -0.00850
 1870    0.01463    0.00540   -0.00905
 1871    0.01702    0.00750   -0.00906
 1872    0.01381   -0.00102   -0.00738
 1873    0.01256   -0.00478   -0.00656
 1874    0.01555   -0.00075   -0.00728
 1875    0.01222    0.00659   -0.00897
 1876    0.01163    0.01019   -0.00973
 1877    0.01022    0.00928   -0.00929
 1878    0.00882    0.00633   -0.00836
 1879    0.01011    0.01331   -0.01036
 1880    0.01083    0.01440   -0.01052
 1881    0.01363    0.01850   -0.01185
 1882    0.01476    0.01925   -0.01190
 1883    0.01420    0.02083   -0.01223
 1884    0.01050    0.01157   -0.00985
 1885    0.00845    0.01083   -0.00937
 1886    0.00465    0.01117   -0.00898
 1887    0.00257    0.00924   -0.00806
 1888    0.00977    0.01425   -0.01050
 1889    0.01337    0.01557   -0.01088
 1890    0.01320    0.01499   -0.01091
 1891    0.00377    0.01344   -0.00944
 1892    0.00008    0.01406   -0.00902
 1893   -0.00108    0.01075   -0.00774
 1894   -0.00396    0.01054   -0.00705
 1895   -0.00041    0.01803   -0.01010
 1896   -0.00072    0.02269   -0.01066
 1897    0.00152    0.00822   -0.00716
 1898    0.00077    0.00475   -0.00606
 1899   -0.00134    0.00228   -0.00480
 1900   -0.00056    0.00137   -0.00475
 1901    0.00371    0.00283   -0.00610
 1902    0.00560    0.00522   -0.00706
 1903    0.00432    0.00828   -0.00770
 1904    0.00760    0.00349   -0.00716
 1905   -0.00380    0.00130   -0.00359
 1906   -0.00586   -0.00106   -0.00221
 1907   -0.00388   -0.00472   -0.00119
 1908   -0.00182   -0.00532   -0.00148
 1909   -0.00889   -0.00074   -0.00135
 1910   -0.00800   -0.00182   -0.00083
 1911   -0.01055    0.00300   -0.00230
 1912   -0.00499   -0.00676   -0.00014
 1913   -0.00349   -0.00981    0.00084
 1914   -0.00318   -0.01140    0.00146
 1915   -0.00094   -0.01291    0.00158
 1916   -0.00463   -0.01153    0.00174
 1917   -0.00441   -0.01055    0.00123
 1918   -0.00323   -0.01426    0.00262
 1919   -0.00103   -0.01071    0.00049
 1920   -0.00523   -0.01067    0.00182
 1921   -0.00446   -0.01219    0.00234
 1922   -0.00283   -0.01161    0.00151
 1923   -0.00112   -0.01347    0.00225
 1924   -0.00733   -0.01147    0.00294
 1925   -0.00933   -0.00820    0.00227
 1926   -0.01333   -0.00749    0.00315
 1927   -0.01554   -0.00594    0.00321
 1928   -0.01464   -0.00832    0.00356
 1929   -0.00278   -0.00895    0.00028
 1930   -0.00104   -0.00816   -0.00059
 1931    0.00166   -0.00984   -0.00055
 1932    0.00294   -0.01107   -0.00089
 1933   -0.00138   -0.00384   -0.00185
 1934   -0.00383   -0.00189   -0.00176
 1935   -0.00629   -0.00287   -0.00069
 1936   -0.00338    0.00133   -0.00273
 1937    0.00210   -0.00998   -0.00088
 1938    0.00420   -0.01157   -0.00115
 1939    0.00421   -0.01438    0.00011
 1940    0.00548   -0.01551   -0.00033
 1941    0.00474   -0.01134   -0.00129
 1942    0.00619   -0.01340   -0.00104
 1943    0.00579   -0.00837   -0.00292
 1944    0.00253   -0.01514    0.00139
 1945    0.00243   -0.01696    0.00270
 1946    0.00320   -0.01776    0.00269
 1947    0.00385   -0.01893    0.00290
 1948    0.00088   -0.01719    0.00411
 1949    0.00047   -0.01701    0.00443
 1950   -0.00111   -0.01749    0.00534
 1951   -0.00129   -0.01721    0.00545
 1952   -0.00339   -0.01791    0.00582
 1953    0.00278   -0.01685    0.00228
 1954    0.00347   -0.01788    0.00237
 1955    0.00460   -0.01836    0.00095
 1956    0.00523   -0.02008    0.00122
 1957    0.00266   -0.01651    0.00219
 1958    0.00501   -0.01651   -0.00031
 1959    0.00652   -0.01626   -0.00144
 1960    0.00684   -0.01858   -0.00123
 1961    0.00758   -0.01954   -0.00204
 1962    0.00762   -0.01336   -0.00263
 1963    0.00737   -0.01029   -0.00319
 1964    0.00864   -0.00758   -0.00471
 1965    0.00922   -0.00398   -0.00578
 1966    0.01132   -0.00398   -0.00656
 1967    0.00619   -0.01881   -0.00031
 1968    0.00668   -0.02011   -0.00006
 1969    0.00601   -0.02139    0.00069
 1970    0.00645   -0.02212    0.00063
 1971    0.00618   -0.01964    0.00074
 1972    0.00670   -0.01849    0.00011
 1973    0.00648   -0.02018    0.00112
 1974    0.00602   -0.01790    0.00142
 1975    0.00564   -0.02147    0.00149
 1976    0.00575   -0.02293    0.00228
 1977    0.00610   -0.02407    0.00123
 1978    0.00650   -0.02541    0.00122
 1979    0.00544   -0.02290    0.00355
 1980    0.00599   -0.02415    0.00464
 1981    0.00606   -0.02440    0.00604
 1982    0.00500   -0.02295    0.00649
 1983    0.00660   -0.02624    0.00688
 1984    0.00649   -0.02374    0.00019
 1985    0.00735   -0.02534   -0.00095
 1986    0.00762   -0.02513   -0.00199
 1987    0.00798   -0.02678   -0.00318
 1988    0.00748   -0.02495   -0.00177
 1989    0.00735   -0.02521    0.00001
 1990    0.00820   -0.02766   -0.00017
 1991    0.00670   -0.02407    0.00108
 1992    0.00751   -0.02476   -0.00207
 1993    0.00769   -0.02470   -0.00303
 1994    0.00731   -0.02507   -0.00253
 1995    0.00752   -0.02571   -0.00340
 1996    0.00870   -0.02303   -0.00307
 1997    0.01049   -0.02191   -0.00365
 1998    0.01167   -0.02202   -0.00543
 1999    0.01327   -0.01959   -0.00655
 2000    0.01602   -0.01898   -0.00822
 2001    0.00686   -0.02444   -0.00124
 2002    0.00636   -0.02399   -0.00012
 2003    0.00644   -0.02437    0.00068
 2004    0.00685   -0.02412    0.00120
 2005    0.00599   -0.02206    0.00084
 2006    0.00619   -0.02173   -0.00003
 2007    0.00597   -0.02180   -0.00174
 2008    0.00427   -0.02070   -0.00084
 2009    0.00758   -0.02358   -0.00228
 2010    0.00650   -0.02488    0.00136
 2011    0.00692   -0.02598    0.00265
 2012    0.00636   -0.02415    0.00353
 2013    0.00584   -0.02426    0.00475
 2014    0.00593   -0.02247    0.00373
 2015    0.00569   -0.02102    0.00480
 2016    0.00532   -0.02085    0.00549
 2017    0.00491   -0.02080    0.00498
 2018    0.00509   -0.01912    0.00473
 2019    0.00517   -0.01882    0.00415
 2020    0.00382   -0.01646    0.00586
 2021    0.00479   -0.01781    0.00377
 2022    0.00435   -0.01962    0.00642
 2023    0.00376   -0.01978    0.00725
 2024    0.00334   -0.01897    0.00731
 2025    0.00365   -0.01754    0.00758
 2026    0.00351   -0.01889    0.00824
 2027    0.00410   -0.01727    0.00821
 2028    0.00447   -0.01771    0.00764
 2029    0.00301   -0.01922    0.00757
 2030    0.00207   -0.01842    0.00756
 2031    0.00184   -0.01781    0.00850
 2032    0.00159   -0.01711    0.00820
 2033    0.00172   -0.01837    0.00754
 2034    0.00261   -0.01916    0.00726
 2035    0.00356   -0.02009    0.00782
 2036    0.00312   -0.01730    0.00951
 2037    0.00326   -0.01614    0.00972
 2038    0.00339   -0.01379    0.00876
 2039    0.00336   -0.01167    0.00834
 2040    0.00416   -0.01613    0.00963
 2041    0.00342   -0.01604    0.00798
 2042    0.00399   -0.01750    0.00896
 2043    0.00216   -0.01482    0.00474
 2044    0.00322   -0.01425    0.00849
 2045    0.00257   -0.01235    0.00786
 2046    0.00268   -0.01333    0.00727
 2047    0.00237   -0.01195    0.00693
 2048    0.00262   -0.01180    0.00751
 2049    0.00284   -0.01066    0.00734
 2050    0.00302   -0.00982    0.00687
 2051    0.00336   -0.01102    0.00776
 2052    0.00364   -0.00881    0.00643
 2053    0.00274   -0.01513    0.00776
 2054    0.00194   -0.01516    0.00714
 2055    0.00159   -0.01498    0.00647
 2056    0.00089   -0.01561    0.00709
 2057    0.00218   -0.01647    0.00680
 2058    0.00277   -0.01686    0.00614
 2059    0.00345   -0.01790    0.00513
 2060    0.00349   -0.01776    0.00446
 2061    0.00380   -0.01880    0.00506
 2062    0.00142   -0.01534    0.00610
 2063    0.00096   -0.01629    0.00576
 2064    0.00092   -0.01725    0.00556
 2065    0.00276   -0.01554    0.00580
 2066    0.00145   -0.01487    0.00601
 2067    0.00231   -0.01298    0.00644
 2068    0.00069   -0.01481    0.00652
 2069    0.00098   -0.01370    0.00610
 2070    0.00214   -0.01019    0.00625
 2071    0.00380   -0.00755    0.00660
 2072    0.00357   -0.00662    0.00682
 2073    0.00031   -0.01798    0.00510
 2074    0.00194   -0.01848    0.00485
 2075    0.00219   -0.01925    0.00469
 2076   -0.00001   -0.01994    0.00422
 2077    0.00220   -0.01791    0.00391
 2078    0.00290   -0.01754    0.00399
 2079    0.00278   -0.01651    0.00295
 2080    0.00453   -0.01748    0.00369
 2081    0.00433   -0.01937    0.00499
 2082    0.00497   -0.02070    0.00540
 2083    0.00615   -0.02095    0.00501
 2084    0.00780   -0.02041    0.00485
 2085    0.00510   -0.02015    0.00605
 2086    0.00427   -0.01794    0.00631
 2087    0.00489   -0.02311    0.00591
 2088    0.00288   -0.01864    0.00559
 2089    0.00605   -0.02138    0.00481
 2090    0.00792   -0.02086    0.00485
 2091    0.00772   -0.02299    0.00500
 2092    0.00608   -0.02376    0.00517
 2093    0.00857   -0.01843    0.00347
 2094    0.01076   -0.01717    0.00273
 2095    0.01319   -0.01680    0.00217
 2096    0.01041   -0.01645    0.00201
 2097    0.01565   -0.01562    0.00080
 2098    0.01293   -0.01525    0.00065
 2099    0.01607   -0.01474   -0.00003
 2100    0.00938   -0.02450    0.00576
 2101    0.00938   -0.02779    0.00723
 2102    0.00771   -0.03067    0.00811
 2103    0.00580   -0.03406    0.00889
 2104    0.00907   -0.02804    0.00749
 2105    0.00918   -0.02895    0.00579
 2106    0.00940   -0.02960    0.00334
 2107    0.00466   -0.03109    0.00370
 2108    0.00300   -0.03202    0.00337
 2109    0.00321   -0.02954    0.00466
 2110   -0.00062   -0.02950    0.00505
 2111   -0.00122   -0.02619    0.00462
 2112    0.00080   -0.02425    0.00426
 2113   -0.00095   -0.02954    0.00532
 2114    0.00281   -0.03454    0.00448
 2115    0.00039   -0.03666    0.00401
 2116    0.03142   -0.04064   -0.00848
 2117    0.06862   -0.03339   -0.03660
 2118   -0.00522   -0.02688    0.00545
 2119   -0.00495   -0.02480    0.00421
 2120   -0.00526   -0.02233    0.00388
 2121   -0.00621   -0.02191    0.00381
 2122   -0.00684   -0.02564    0.00319
 2123   -0.00545   -0.02566    0.00282
 2124   -0.00701   -0.02551    0.00188
 2125   -0.00538   -0.02235    0.00201
 2126   -0.00809   -0.02597    0.00130
 2127   -0.00390   -0.02036    0.00385
 2128   -0.00431   -0.01790    0.00356
 2129   -0.00627   -0.01744    0.00329
 2130   -0.00599   -0.01822    0.00391
 2131   -0.00177   -0.01667    0.00307
 2132    0.00111   -0.01722    0.00292
 2133    0.00331   -0.01599    0.00211
 2134    0.00111   -0.01702    0.00299
 2135   -0.00926   -0.01579    0.00395
 2136   -0.01155   -0.01532    0.00418
 2137   -0.01258   -0.01332    0.00430
 2138   -0.01161   -0.01110    0.00320
 2139   -0.01566   -0.01521    0.00563
 2140   -0.01872   -0.01524    0.00648
 2141   -0.01635   -0.01732    0.00456
 2142   -0.01390   -0.01978    0.00200
 2143   -0.01713   -0.01712    0.00542
 2144   -0.01272   -0.01370    0.00431
 2145   -0.01339   -0.01238    0.00414
 2146   -0.01584   -0.00961    0.00394
 2147   -0.01827   -0.00938    0.00434
 2148   -0.01457   -0.01388    0.00457
 2149   -0.01001   -0.01430    0.00491
 2150   -0.00730   -0.01445    0.00467
 2151   -0.00879   -0.01491    0.00548
 2152   -0.01452   -0.00725    0.00278
 2153   -0.01633   -0.00414    0.00193
 2154   -0.01543   -0.00203    0.00037
 2155   -0.01552    0.00087   -0.00090
 2156   -0.01488   -0.00321    0.00055
 2157   -0.01401   -0.00128   -0.00077
 2158   -0.01041   -0.00079   -0.00161
 2159   -0.00848   -0.00323   -0.00092
 2160   -0.01415   -0.00302   -0.00001
 2161   -0.01807   -0.00324    0.00055
 2162   -0.01917   -0.00385    0.00033
 2163   -0.02141   -0.00096   -0.00106
 2164   -0.02286   -0.00076   -0.00111
 2165   -0.02418    0.00316   -0.00223
 2166   -0.02469   -0.00427    0.00040
 2167   -0.00971    0.00220   -0.00327
 2168   -0.00627    0.00310   -0.00412
 2169   -0.00333    0.00104   -0.00401
 2170   -0.00412   -0.00073   -0.00323
 2171   -0.00614    0.00714   -0.00575
 2172   -0.00685    0.00821   -0.00602
 2173   -0.00894    0.00950   -0.00578
 2174   -0.00028    0.00104   -0.00456
 2175    0.00262   -0.00044   -0.00460
 2176    0.00326    0.00163   -0.00551
 2177    0.00444    0.00028   -0.00519
 2178    0.00586   -0.00038   -0.00541
 2179    0.00616   -0.00314   -0.00446
 2180    0.00827   -0.00234   -0.00531
 2181    0.00711   -0.00640   -0.00324
 2182    0.00236    0.00520   -0.00665
 2183    0.00227    0.00778   -0.00751
 2184   -0.00033    0.00613   -0.00642
 2185    0.00045    0.00661   -0.00671
 2186    0.00072    0.01172   -0.00846
 2187    0.00050    0.01467   -0.00938
 2188   -0.00339    0.00443   -0.00527
 2189   -0.00625    0.00278   -0.00425
 2190   -0.00449   -0.00078   -0.00334
 2191   -0.00657   -0.00240   -0.00240
 2192   -0.00964    0.00183   -0.00318
 2193   -0.01270    0.00538   -0.00401
 2194   -0.01303    0.00564   -0.00411
 2195   -0.01483    0.00777   -0.00506
 2196   -0.00100   -0.00193   -0.00349
 2197    0.00069   -0.00524   -0.00247
 2198    0.00418   -0.00431   -0.00355
 2199    0.00634   -0.00683   -0.00296
 2200    0.00150   -0.00821   -0.00131
 2201   -0.00176   -0.00969   -0.00008
 2202   -0.00320   -0.00857   -0.00002
 2203   -0.00314   -0.01218    0.00098
 2204   -0.00600   -0.00992    0.00109
 2205   -0.00603   -0.01345    0.00188
 2206   -0.00734   -0.01202    0.00197
 2207   -0.01019   -0.01319    0.00300
 2208    0.00500   -0.00073   -0.00503
 2209    0.00857    0.00046   -0.00600
 2210    0.01218   -0.00133   -0.00597
 2211    0.01549   -0.00210   -0.00623
 2212    0.00878   -0.00018   -0.00570
 2213    0.00612    0.00282   -0.00634
 2214    0.00247    0.00388   -0.00638
 2215    0.00984    0.00446   -0.00690
 2216    0.01183   -0.00191   -0.00562
 2217    0.01404   -0.00352   -0.00522
 2218    0.01727   -0.00075   -0.00678
 2219    0.01649    0.00199   -0.00739
 2220    0.01253   -0.00562   -0.00435
 2221    0.01074   -0.00877   -0.00263
 2222    0.01468   -0.00649   -0.00447
 2223    0.00836   -0.01010   -0.00153
 2224    0.02027   -0.00140   -0.00703
 2225    0.02415    0.00133   -0.00861
 2226    0.02580    0.00009   -0.00856
 2227    0.02275   -0.00236   -0.00732
 2228    0.02825    0.00277   -0.00868
 2229    0.02792    0.00373   -0.00840
 2230    0.02720    0.00831   -0.00936
 2231    0.03706    0.01539   -0.00846
 2232    0.02234    0.00883   -0.00985
 2233    0.02970    0.00216   -0.00942
 2234    0.03119    0.00101   -0.00948
 2235    0.03244   -0.00243   -0.00928
 2236    0.03368   -0.00357   -0.00889
 2237    0.03598    0.00451   -0.01100
 2238    0.03554    0.00923   -0.01204
 2239    0.04019    0.01281   -0.01302
 2240    0.04734    0.01387   -0.01528
 2241    0.05180    0.01936   -0.01431
 2242    0.03307   -0.00446   -0.00989
 2243    0.03492   -0.00783   -0.01009
 2244    0.03278   -0.01110   -0.00820
 2245    0.03357   -0.01362   -0.00820
 2246    0.04186   -0.00758   -0.01131
 2247    0.04696   -0.00611   -0.01304
 2248    0.04707   -0.00148   -0.01331
 2249    0.05453    0.00198   -0.01404
 2250    0.04257   -0.00026   -0.01254
 2251    0.02847   -0.01007   -0.00655
 2252    0.02600   -0.01252   -0.00506
 2253    0.02172   -0.01522   -0.00366
 2254    0.02090   -0.01509   -0.00455
 2255    0.02391   -0.01115   -0.00462
 2256    0.02164   -0.00911   -0.00508
 2257    0.01974   -0.01777   -0.00139
 2258    0.01777   -0.01942   -0.00085
 2259    0.01517   -0.01965    0.00084
 2260    0.01393   -0.01967    0.00223
 2261    0.01914   -0.02023   -0.00015
 2262    0.02201   -0.01888   -0.00211
 2263    0.01572   -0.02054   -0.00046
 2264    0.01332   -0.01928    0.00015
 2265    0.01114   -0.01903    0.00212
 2266    0.01034   -0.01944    0.00222
 2267    0.01111   -0.01982    0.00114
 2268    0.00998   -0.01801    0.00141
 2269    0.01020   -0.01628    0.00021
 2270    0.00895   -0.01521    0.00022
 2271    0.00983   -0.01573    0.00057
 2272    0.00966   -0.01910    0.00432
 2273    0.00923   -0.01848    0.00472
 2274    0.00851   -0.01752    0.00514
 2275    0.00804   -0.01828    0.00594
 2276    0.00870   -0.01819    0.00576
 2277    0.00924   -0.01854    0.00569
 2278    0.00810   -0.01592    0.00518
 2279    0.00940   -0.01927    0.00611
 2280    0.00722   -0.01563    0.00555
 2281    0.00846   -0.01776    0.00591
 2282    0.00858   -0.01716    0.00449
 2283    0.00781   -0.01669    0.00504
 2284    0.00639   -0.01379    0.00525
 2285    0.00646   -0.01338    0.00515
 2286    0.00761   -0.01691    0.00388
 2287    0.00542   -0.01707    0.00384
 2288    0.00446   -0.01742    0.00442
 2289    0.00597   -0.01817    0.00278
 2290    0.00565   -0.01326    0.00570
 2291    0.00538   -0.01068    0.00652
 2292    0.00402   -0.01067    0.00666
 2293    0.00265   -0.01269    0.00644
 2294    0.00502   -0.00979    0.00739
 2295    0.00424   -0.00601    0.00765
 2296    0.00518   -0.00996    0.00713
 2297    0.00366   -0.00849    0.00623
 2298    0.00275   -0.00779    0.00600
 2299    0.00292   -0.00463    0.00640
 2300    0.00309   -0.00282    0.00682
 2301    0.00251   -0.00799    0.00593
 2302    0.00302   -0.01090    0.00482
 2303    0.00292   -0.01008    0.00469
 2304    0.00279   -0.01311    0.00521
 2305    0.00262   -0.00577    0.00653
 2306    0.00284   -0.00349    0.00686
 2307    0.00265   -0.00335    0.00627
 2308    0.00276   -0.00397    0.00600
 2309    0.00288   -0.00378    0.00699
 2310    0.00334   -0.00453    0.00735
 2311    0.00358   -0.00111    0.00738
 2312    0.00398   -0.00128    0.00720
 2313    0.00374    0.00034    0.00834
 2314    0.00361    0.00099    0.00816
 2315    0.00420    0.00024    0.00897
 2316    0.00212   -0.00146    0.00640
 2317    0.00157   -0.00084    0.00642
 2318    0.00149    0.00092    0.00570
 2319    0.00148    0.00207    0.00606
 2320    0.00196   -0.00129    0.00625
 2321    0.00232   -0.00298    0.00656
 2322    0.00276   -0.00312    0.00687
 2323    0.00261   -0.00481    0.00661
 2324    0.00061    0.00190    0.00532
 2325   -0.00001    0.00396    0.00533
 2326   -0.00054    0.00517    0.00539
 2327   -0.00106    0.00483    0.00540
 2328   -0.00092    0.00349    0.00493
 2329   -0.00026    0.00178    0.00481
 2330   -0.00032    0.00055    0.00441
 2331   -0.00048    0.00179    0.00438
 2332    0.00033    0.00093    0.00420
 2333    0.00183   -0.00224    0.00479
 2334    0.00041    0.00152    0.00433
 2335   -0.00071    0.00631    0.00546
 2336   -0.00053    0.00721    0.00577
 2337   -0.00143    0.00904    0.00510
 2338   -0.00197    0.00936    0.00426
