    1    0.02127    0.00709   -0.01281
    2    0.02031    0.00549   -0.01427
    3    0.01865    0.00412   -0.01307
    4    0.01802    0.00400   -0.01233
    5    0.02148    0.00472   -0.01612
    6    0.02142    0.00306   -0.01706
    7    0.02252    0.00210   -0.01858
    8    0.02147    0.00008   -0.01859
    9    0.01748    0.00329   -0.01326
   10    0.01542    0.00215   -0.01230
   11    0.01479    0.00043   -0.01313
   12    0.01588   -0.00018   -0.01440
   13    0.01509    0.00205   -0.01199
   14    0.01597    0.00183   -0.01323
   15    0.01575    0.00263   -0.01270
   16    0.01590    0.00433   -0.01199
   17    0.01536    0.00091   -0.01319
   18    0.01321   -0.00017   -0.01242
   19    0.01252   -0.00175   -0.01316
   20    0.01237   -0.00315   -0.01376
   21    0.01239   -0.00273   -0.01397
   22    0.01106   -0.00227   -0.01225
   23    0.01165   -0.00140   -0.01170
   24    0.01023   -0.00180   -0.01067
   25    0.01243   -0.00181   -0.01275
   26    0.01118   -0.00445   -0.01426
   27    0.01004   -0.00524   -0.01467
   28    0.00816   -0.00559   -0.01338
   29    0.00740   -0.00545   -0.01268
   30    0.00940   -0.00628   -0.01531
   31    0.01133   -0.00665   -0.01670
   32    0.01025   -0.00739   -0.01715
   33    0.01222   -0.00802   -0.01854
   34    0.01353   -0.00758   -0.01938
   35    0.00703   -0.00642   -0.01285
   36    0.00569   -0.00750   -0.01153
   37    0.00491   -0.00823   -0.01157
   38    0.00492   -0.00879   -0.01248
   39    0.00376   -0.00887   -0.01063
   40    0.00538   -0.00819   -0.01181
   41    0.00786   -0.00681   -0.01306
   42    0.00385   -0.00861   -0.01058
   43    0.00312   -0.00918   -0.01071
   44    0.00148   -0.01017   -0.00976
   45    0.00091   -0.01010   -0.00894
   46    0.00294   -0.00859   -0.01015
   47    0.00212   -0.00941   -0.00987
   48    0.00272   -0.01017   -0.01095
   49    0.00381   -0.00905   -0.01131
   50    0.00139   -0.01086   -0.00993
   51    0.00051   -0.01143   -0.00907
   52   -0.00015   -0.01152   -0.00886
   53    0.00003   -0.01158   -0.00910
   54    0.00040   -0.01202   -0.00877
   55   -0.00032   -0.01257   -0.00788
   56   -0.00009   -0.01339   -0.00751
   57    0.00139   -0.01348   -0.00804
   58   -0.00098   -0.01300   -0.00644
   59   -0.00098   -0.01148   -0.00818
   60   -0.00148   -0.01150   -0.00792
   61   -0.00192   -0.01211   -0.00779
   62   -0.00211   -0.01225   -0.00740
   63   -0.00193   -0.01133   -0.00749
   64   -0.00243   -0.01129   -0.00740
   65   -0.00208   -0.01164   -0.00729
   66   -0.00278   -0.01099   -0.00719
   67   -0.00183   -0.01251   -0.00828
   68   -0.00215   -0.01337   -0.00840
   69   -0.00227   -0.01359   -0.00845
   70   -0.00207   -0.01345   -0.00884
   71   -0.00169   -0.01354   -0.00847
   72   -0.00220   -0.01441   -0.00849
   73   -0.00243   -0.01421   -0.00768
   74   -0.00150   -0.01537   -0.00962
   75   -0.00294   -0.01388   -0.00816
   76   -0.00405   -0.01420   -0.00816
   77   -0.00366   -0.01496   -0.00883
   78   -0.00375   -0.01464   -0.00895
   79   -0.00477   -0.01489   -0.00823
   80   -0.00285   -0.01444   -0.00794
   81   -0.00275   -0.01384   -0.00792
   82   -0.00319   -0.01574   -0.00929
   83   -0.00276   -0.01670   -0.01053
   84   -0.00170   -0.01611   -0.01054
   85   -0.00177   -0.01600   -0.01131
   86   -0.00216   -0.01724   -0.01060
   87   -0.00158   -0.01878   -0.01225
   88   -0.00137   -0.01917   -0.01299
   89   -0.00077   -0.01842   -0.01236
   90   -0.00095   -0.02133   -0.01375
   91   -0.00101   -0.01521   -0.01060
   92    0.00009   -0.01442   -0.01100
   93   -0.00023   -0.01337   -0.01050
   94    0.00035   -0.01295   -0.01100
   95    0.00041   -0.01374   -0.01102
   96    0.00128   -0.01458   -0.01165
   97    0.00170   -0.01400   -0.01107
   98    0.00316   -0.01303   -0.01203
   99   -0.00103   -0.01296   -0.00960
  100   -0.00136   -0.01200   -0.00898
  101   -0.00178   -0.01229   -0.00896
  102   -0.00152   -0.01149   -0.00868
  103   -0.00218   -0.01159   -0.00802
  104   -0.00183   -0.01078   -0.00778
  105   -0.00135   -0.01119   -0.00839
  106   -0.00276   -0.01059   -0.00700
  107   -0.00247   -0.01335   -0.00928
  108   -0.00306   -0.01390   -0.00918
  109   -0.00239   -0.01401   -0.01013
  110   -0.00269   -0.01377   -0.00971
  111   -0.00413   -0.01505   -0.00916
  112   -0.00531   -0.01461   -0.00843
  113   -0.00589   -0.01364   -0.00776
  114   -0.00592   -0.01535   -0.00854
  115   -0.00126   -0.01439   -0.01094
  116   -0.00021   -0.01454   -0.01189
  117    0.00051   -0.01306   -0.01163
  118    0.00104   -0.01286   -0.01199
  119    0.00064   -0.01506   -0.01294
  120    0.00195   -0.01528   -0.01397
  121    0.00146   -0.01623   -0.01425
  122    0.00284   -0.01624   -0.01524
  123    0.00210   -0.01670   -0.01528
  124    0.00065   -0.01203   -0.01101
  125    0.00136   -0.01061   -0.01054
  126    0.00059   -0.01014   -0.00957
  127    0.00127   -0.00936   -0.00951
  128    0.00160   -0.00974   -0.01003
  129    0.00260   -0.00831   -0.00964
  130    0.00221   -0.01025   -0.01092
  131   -0.00078   -0.01052   -0.00873
  132   -0.00175   -0.01009   -0.00762
  133   -0.00185   -0.01068   -0.00805
  134   -0.00189   -0.00984   -0.00736
  135   -0.00329   -0.01057   -0.00682
  136   -0.00356   -0.00990   -0.00597
  137   -0.00505   -0.01061   -0.00551
  138   -0.00342   -0.00840   -0.00479
  139   -0.00188   -0.01202   -0.00906
  140   -0.00201   -0.01275   -0.00957
  141   -0.00051   -0.01189   -0.01017
  142   -0.00064   -0.01158   -0.00987
  143   -0.00231   -0.01436   -0.01065
  144   -0.00098   -0.01458   -0.01177
  145    0.00086   -0.01153   -0.01106
  146    0.00239   -0.01066   -0.01167
  147    0.00260   -0.00900   -0.01050
  148    0.00349   -0.00839   -0.01070
  149    0.00367   -0.01052   -0.01257
  150    0.00400   -0.01198   -0.01384
  151    0.00525   -0.01190   -0.01459
  152    0.00569   -0.01334   -0.01577
  153    0.00713   -0.01365   -0.01700
  154    0.00809   -0.01241   -0.01721
  155    0.00765   -0.01525   -0.01799
  156    0.00184   -0.00835   -0.00928
  157    0.00189   -0.00682   -0.00801
  158    0.00082   -0.00684   -0.00713
  159    0.00114   -0.00564   -0.00632
  160    0.00138   -0.00623   -0.00694
  161    0.00243   -0.00590   -0.00749
  162    0.00170   -0.00544   -0.00641
  163    0.00407   -0.00467   -0.00780
  164   -0.00044   -0.00821   -0.00725
  165   -0.00165   -0.00843   -0.00646
  166   -0.00327   -0.00830   -0.00501
  167   -0.00398   -0.00763   -0.00383
  168   -0.00384   -0.00894   -0.00505
  169   -0.00551   -0.00898   -0.00385
  170   -0.00693   -0.01047   -0.00414
  171   -0.00670   -0.01165   -0.00527
  172   -0.00538   -0.00881   -0.00375
  173   -0.00707   -0.00898   -0.00261
  174   -0.00412   -0.00731   -0.00345
  175   -0.00826   -0.01033   -0.00300
  176   -0.00982   -0.01164   -0.00318
  177   -0.01134   -0.01182   -0.00212
  178   -0.01124   -0.01074   -0.00117
  179   -0.01027   -0.01157   -0.00283
  180   -0.01279   -0.01295   -0.00244
  181   -0.01440   -0.01321   -0.00157
  182   -0.01496   -0.01428   -0.00259
  183   -0.01413   -0.01507   -0.00406
  184   -0.01616   -0.01450   -0.00181
  185   -0.01675   -0.01581   -0.00297
  186   -0.01573   -0.01504   -0.00285
  187   -0.01627   -0.01542   -0.00339
  188   -0.01920   -0.01658   -0.00217
  189   -0.02078   -0.01764   -0.00249
  190   -0.02464   -0.01858   -0.00166
  191   -0.02579   -0.01796   -0.00022
  192   -0.02749   -0.02072   -0.00295
  193   -0.01436   -0.01362   -0.00213
  194   -0.01329   -0.01282   -0.00199
  195   -0.01173   -0.01311   -0.00355
  196   -0.01062   -0.01285   -0.00402
  197   -0.01287   -0.01121   -0.00067
  198   -0.01444   -0.01087    0.00090
  199   -0.01527   -0.01085    0.00172
  200   -0.01543   -0.01060    0.00179
  201   -0.01662   -0.01057    0.00315
  202   -0.01680   -0.01045    0.00324
  203   -0.01523   -0.01056    0.00167
  204   -0.01791   -0.01029    0.00442
  205   -0.01627   -0.01032    0.00278
  206   -0.01763   -0.01021    0.00402
  207   -0.01181   -0.01351   -0.00431
  208   -0.01038   -0.01377   -0.00545
  209   -0.00981   -0.01334   -0.00545
  210   -0.01097   -0.01335   -0.00467
  211   -0.01090   -0.01518   -0.00657
  212   -0.01140   -0.01597   -0.00668
  213   -0.00964   -0.01555   -0.00701
  214   -0.01022   -0.01545   -0.00657
  215   -0.01106   -0.01666   -0.00725
  216   -0.01165   -0.01803   -0.00845
  217   -0.01123   -0.01625   -0.00667
  218   -0.00811   -0.01336   -0.00634
  219   -0.00744   -0.01298   -0.00627
  220   -0.00785   -0.01361   -0.00683
  221   -0.00753   -0.01429   -0.00725
  222   -0.00578   -0.01241   -0.00654
  223   -0.00566   -0.01133   -0.00567
  224   -0.00524   -0.01088   -0.00571
  225   -0.00591   -0.01054   -0.00499
  226   -0.00497   -0.00966   -0.00494
  227   -0.00576   -0.00936   -0.00424
  228   -0.00525   -0.00887   -0.00415
  229   -0.00823   -0.01328   -0.00645
  230   -0.00847   -0.01339   -0.00711
  231   -0.00725   -0.01259   -0.00722
  232   -0.00723   -0.01247   -0.00668
  233   -0.01052   -0.01360   -0.00711
  234   -0.01009   -0.01347   -0.00844
  235   -0.01192   -0.01420   -0.00692
  236   -0.00613   -0.01240   -0.00828
  237   -0.00458   -0.01144   -0.00847
  238   -0.00469   -0.01040   -0.00872
  239   -0.00555   -0.01008   -0.00896
  240   -0.00245   -0.01056   -0.00857
  241   -0.00178   -0.01115   -0.00790
  242   -0.00096   -0.01074   -0.00748
  243   -0.00248   -0.01182   -0.00800
  244   -0.00415   -0.01005   -0.00827
  245   -0.00339   -0.00929   -0.00865
  246   -0.00140   -0.00880   -0.01032
  247   -0.00118   -0.00910   -0.01009
  248   -0.00466   -0.00928   -0.00780
  249   -0.00504   -0.00902   -0.00775
  250   -0.00583   -0.00985   -0.00674
  251   -0.00080   -0.00805   -0.01117
  252    0.00035   -0.00733   -0.01221
  253    0.00008   -0.00799   -0.01255
  254   -0.00016   -0.00769   -0.01306
  255    0.00059   -0.00631   -0.01346
  256    0.00260   -0.00585   -0.01456
  257    0.00382   -0.00267   -0.01603
  258    0.00359   -0.00481   -0.01360
  259   -0.00058   -0.00786   -0.01206
  260   -0.00057   -0.00788   -0.01252
  261   -0.00287   -0.00807   -0.01029
  262   -0.00399   -0.00777   -0.00940
  263   -0.00440   -0.00836   -0.00965
  264   -0.00690   -0.00740   -0.00883
  265   -0.00744   -0.00700   -0.00854
  266   -0.00897   -0.00633   -0.00865
  267   -0.00690   -0.00803   -0.00887
  268   -0.00538   -0.00939   -0.00867
  269   -0.00510   -0.00992   -0.00892
  270   -0.00593   -0.00900   -0.00809
  271   -0.00714   -0.00721   -0.00891
  272   -0.00856   -0.00672   -0.00871
  273   -0.00908   -0.00671   -0.00787
  274   -0.00771   -0.00636   -0.00802
  275   -0.00633   -0.00656   -0.00973
  276   -0.00455   -0.00713   -0.01195
  277   -0.00378   -0.00623   -0.01317
  278   -0.00487   -0.00563   -0.01278
  279   -0.00274   -0.00661   -0.01374
  280   -0.01062   -0.00633   -0.00763
  281   -0.01092   -0.00618   -0.00646
  282   -0.01100   -0.00722   -0.00700
  283   -0.01112   -0.00744   -0.00635
  284   -0.01171   -0.00597   -0.00611
  285   -0.01182   -0.00509   -0.00557
  286   -0.01138   -0.00486   -0.00653
  287   -0.01215   -0.00478   -0.00697
  288   -0.01142   -0.00500   -0.00634
  289   -0.00942   -0.00705   -0.00787
  290   -0.00924   -0.00688   -0.00858
  291   -0.00750   -0.00617   -0.00881
  292   -0.00858   -0.00637   -0.00916
  293   -0.00982   -0.00714   -0.00943
  294   -0.01278   -0.00847   -0.00952
  295   -0.01338   -0.00894   -0.01015
  296   -0.01152   -0.00800   -0.00998
  297   -0.01511   -0.00861   -0.01164
  298   -0.00610   -0.00624   -0.00916
  299   -0.00541   -0.00671   -0.00999
  300   -0.00618   -0.00673   -0.00874
  301   -0.00650   -0.00720   -0.00881
  302   -0.00385   -0.00728   -0.01112
  303   -0.00294   -0.00624   -0.01250
  304   -0.00787   -0.00645   -0.00712
  305   -0.00924   -0.00712   -0.00582
  306   -0.01018   -0.00713   -0.00501
  307   -0.01219   -0.00882   -0.00430
  308   -0.01016   -0.00707   -0.00505
  309   -0.00937   -0.00689   -0.00566
  310   -0.01030   -0.00645   -0.00558
  311   -0.00855   -0.00781   -0.00541
  312   -0.01132   -0.00786   -0.00577
  313   -0.01132   -0.00836   -0.00586
  314   -0.01264   -0.00877   -0.00596
  315   -0.01393   -0.00964   -0.00569
  316   -0.01165   -0.00768   -0.00670
  317   -0.01293   -0.00801   -0.00714
  318   -0.01357   -0.00913   -0.00668
  319   -0.01283   -0.00931   -0.00814
  320   -0.00924   -0.00509   -0.00886
  321   -0.00703   -0.00623   -0.00983
  322   -0.01334   -0.00967   -0.00592
  323   -0.01415   -0.01096   -0.00549
  324   -0.01673   -0.01258   -0.00413
  325   -0.01690   -0.01278   -0.00281
  326   -0.01223   -0.01038   -0.00451
  327   -0.01333   -0.01141   -0.00379
  328   -0.00991   -0.00971   -0.00621
  329   -0.01780   -0.01320   -0.00449
  330   -0.01935   -0.01435   -0.00320
  331   -0.01887   -0.01420   -0.00143
  332   -0.01765   -0.01330   -0.00111
  333   -0.01952   -0.01487   -0.00418
  334   -0.01891   -0.01433   -0.00628
  335   -0.01741   -0.01296   -0.00614
  336   -0.02016   -0.01481    0.00034
  337   -0.01983   -0.01435    0.00225
  338   -0.02119   -0.01461    0.00286
  339   -0.02288   -0.01632    0.00285
  340   -0.02027   -0.01454    0.00394
  341   -0.02059   -0.01328    0.00361
  342   -0.01970   -0.01190    0.00374
  343   -0.01819   -0.01147    0.00255
  344   -0.01764   -0.01198    0.00199
  345   -0.02012   -0.01071    0.00499
  346   -0.02151   -0.01154    0.00550
  347   -0.02163   -0.01356    0.00484
  348   -0.01714   -0.01077    0.00246
  349   -0.01562   -0.01030    0.00150
  350   -0.01539   -0.00880    0.00254
  351   -0.01599   -0.00806    0.00299
  352   -0.01469   -0.01052    0.00024
  353   -0.01467   -0.00824    0.00267
  354   -0.01429   -0.00682    0.00356
  355   -0.01269   -0.00610    0.00306
  356   -0.01249   -0.00492    0.00389
  357   -0.01413   -0.00653    0.00409
  358   -0.01286   -0.00716    0.00265
  359   -0.01183   -0.00680    0.00171
  360   -0.01044   -0.00627    0.00106
  361   -0.00970   -0.00708   -0.00022
  362   -0.00953   -0.00824   -0.00094
  363   -0.00926   -0.00570    0.00089
  364   -0.00928   -0.00661   -0.00043
  365   -0.00848   -0.00743   -0.00179
  366   -0.00699   -0.00719   -0.00225
  367   -0.00690   -0.00617   -0.00156
  368   -0.00928   -0.00721   -0.00185
  369   -0.00797   -0.00780   -0.00325
  370   -0.00777   -0.00880   -0.00414
  371   -0.00861   -0.00757   -0.00347
  372   -0.00616   -0.00802   -0.00335
  373   -0.00501   -0.00794   -0.00384
  374   -0.00468   -0.00869   -0.00473
  375   -0.00478   -0.00969   -0.00536
  376   -0.00448   -0.00816   -0.00432
  377   -0.00329   -0.00768   -0.00466
  378   -0.00294   -0.00640   -0.00381
  379   -0.00281   -0.00831   -0.00532
  380   -0.00418   -0.00806   -0.00470
  381   -0.00387   -0.00869   -0.00543
  382   -0.00299   -0.00877   -0.00579
  383   -0.00241   -0.00797   -0.00539
  384   -0.00441   -0.00816   -0.00509
  385   -0.00434   -0.00870   -0.00579
  386   -0.00448   -0.00954   -0.00673
  387   -0.00452   -0.00815   -0.00525
  388   -0.00298   -0.00971   -0.00644
  389   -0.00226   -0.01004   -0.00675
  390   -0.00239   -0.01055   -0.00707
  391   -0.00297   -0.01102   -0.00742
  392   -0.00213   -0.01045   -0.00701
  393   -0.00158   -0.01063   -0.00713
  394   -0.00124   -0.01059   -0.00720
  395   -0.00199   -0.01135   -0.00715
  396   -0.00195   -0.01044   -0.00699
  397   -0.00212   -0.01094   -0.00735
  398   -0.00136   -0.01113   -0.00725
  399   -0.00070   -0.01074   -0.00691
  400   -0.00232   -0.01043   -0.00686
  401   -0.00165   -0.00947   -0.00614
  402   -0.00092   -0.00949   -0.00607
  403   -0.00172   -0.00833   -0.00558
  404   -0.00025   -0.00835   -0.00517
  405   -0.00116   -0.00729   -0.00467
  406   -0.00029   -0.00713   -0.00443
  407   -0.00145   -0.01215   -0.00772
  408   -0.00072   -0.01244   -0.00784
  409    0.00014   -0.01183   -0.00764
  410    0.00031   -0.01168   -0.00759
  411   -0.00128   -0.01341   -0.00823
  412   -0.00196   -0.01364   -0.00871
  413   -0.00227   -0.01304   -0.00827
  414    0.00172   -0.01157   -0.00754
  415    0.00252   -0.01146   -0.00678
  416    0.00404   -0.01160   -0.00703
  417    0.00501   -0.01195   -0.00670
  418    0.00295   -0.01090   -0.00631
  419    0.00413   -0.00921   -0.00519
  420    0.00363   -0.00803   -0.00463
  421    0.00456   -0.00846   -0.00502
  422    0.00395   -0.01159   -0.00726
  423    0.00563   -0.01218   -0.00778
  424    0.00704   -0.01080   -0.00681
  425    0.00652   -0.00959   -0.00566
  426    0.00435   -0.01270   -0.00846
  427    0.00304   -0.01209   -0.00779
  428    0.00310   -0.01378   -0.00895
  429    0.00866   -0.01136   -0.00736
  430    0.00976   -0.01049   -0.00662
  431    0.00837   -0.01015   -0.00613
  432    0.00872   -0.00889   -0.00512
  433    0.01170   -0.01135   -0.00738
  434    0.00677   -0.01107   -0.00703
  435    0.00506   -0.01083   -0.00672
  436    0.00397   -0.00958   -0.00564
  437    0.00343   -0.00851   -0.00487
  438    0.00378   -0.01216   -0.00785
  439    0.00172   -0.01192   -0.00759
  440    0.00140   -0.01157   -0.00731
  441    0.00225   -0.01050   -0.00644
  442    0.00012   -0.01244   -0.00797
  443    0.00360   -0.00971   -0.00558
  444    0.00272   -0.00862   -0.00470
  445    0.00407   -0.00691   -0.00364
  446    0.00336   -0.00562   -0.00263
  447    0.00218   -0.00889   -0.00514
  448    0.00167   -0.00750   -0.00428
  449    0.00272   -0.00650   -0.00372
  450    0.00034   -0.00703   -0.00386
  451    0.00217   -0.00539   -0.00300
  452    0.00057   -0.00563   -0.00304
  453    0.00594   -0.00692   -0.00369
  454    0.00737   -0.00515   -0.00273
  455    0.00776   -0.00426   -0.00201
  456    0.00845   -0.00236   -0.00100
  457    0.00938   -0.00548   -0.00313
  458    0.01027   -0.00422   -0.00270
  459    0.00924   -0.00462   -0.00329
  460    0.01032   -0.00452   -0.00334
  461    0.00757   -0.00524   -0.00348
  462    0.00734   -0.00544   -0.00272
  463    0.00707   -0.00452   -0.00223
  464    0.00499   -0.00368   -0.00151
  465    0.00478   -0.00211   -0.00041
  466    0.00699   -0.00607   -0.00323
  467    0.00925   -0.00655   -0.00376
  468    0.00958   -0.00856   -0.00495
  469    0.01100   -0.00514   -0.00288
  470    0.00345   -0.00465   -0.00207
  471    0.00134   -0.00392   -0.00141
  472    0.00160   -0.00209   -0.00020
  473    0.00052   -0.00064    0.00103
  474   -0.00001   -0.00526   -0.00241
  475   -0.00158   -0.00451   -0.00176
  476   -0.00335   -0.00399   -0.00159
  477   -0.00135   -0.00441   -0.00149
  478   -0.00463   -0.00331   -0.00060
  479   -0.00242   -0.00383   -0.00054
  480   -0.00397   -0.00340   -0.00008
  481    0.00298   -0.00201   -0.00040
  482    0.00328    0.00006    0.00055
  483    0.00407    0.00232    0.00188
  484    0.00334    0.00413    0.00312
  485    0.00457   -0.00007    0.00002
  486    0.00324   -0.00151   -0.00070
  487    0.00172   -0.00066    0.00010
  488    0.00109   -0.00148   -0.00036
  489   -0.00037   -0.00145   -0.00003
  490   -0.00142   -0.00100    0.00078
  491   -0.00074   -0.00227   -0.00055
  492    0.00567    0.00205    0.00170
  493    0.00683    0.00415    0.00266
  494    0.00501    0.00515    0.00370
  495    0.00501    0.00748    0.00509
  496    0.00889    0.00351    0.00237
  497    0.01101    0.00299    0.00190
  498    0.01231    0.00533    0.00277
  499    0.01360    0.00450    0.00219
  500    0.01628    0.00333    0.00236
  501    0.00349    0.00363    0.00318
  502    0.00148    0.00461    0.00430
  503   -0.00047    0.00526    0.00527
  504   -0.00187    0.00691    0.00669
  505    0.00032    0.00275    0.00341
  506    0.00162    0.00248    0.00295
  507    0.00093    0.00501    0.00481
  508    0.00198    0.00547    0.00493
  509    0.00032    0.00357    0.00418
  510   -0.00063    0.00405    0.00451
  511   -0.00213    0.00444    0.00515
  512   -0.00159    0.00688    0.00670
  513   -0.00319    0.00784    0.00801
  514   -0.00223    0.00256    0.00396
  515   -0.00386    0.00230    0.00465
  516   -0.00346    0.00064    0.00356
  517   -0.00209    0.00071    0.00277
  518   -0.00467   -0.00022    0.00361
  519    0.00074    0.00778    0.00634
  520    0.00170    0.01009    0.00740
  521    0.00076    0.01224    0.00900
  522   -0.00029    0.01364    0.01018
  523    0.00432    0.01058    0.00682
  524    0.00504    0.00894    0.00553
  525    0.00530    0.01306    0.00806
  526    0.00746    0.00871    0.00461
  527    0.00117    0.01242    0.00893
  528    0.00036    0.01448    0.01041
  529   -0.00267    0.01413    0.01125
  530   -0.00374    0.01579    0.01246
  531    0.00198    0.01476    0.01002
  532    0.00479    0.01632    0.00993
  533    0.00680    0.01429    0.00847
  534    0.00778    0.01483    0.00832
  535    0.00730    0.01214    0.00747
  536   -0.00397    0.01208    0.01077
  537   -0.00681    0.01158    0.01179
  538   -0.00767    0.01258    0.01277
  539   -0.00962    0.01401    0.01472
  540   -0.00766    0.00884    0.01031
  541   -0.01062    0.00832    0.01105
  542   -0.01244    0.00853    0.01289
  543   -0.01139    0.00831    0.01173
  544   -0.01507    0.00914    0.01469
  545   -0.00643    0.01188    0.01174
  546   -0.00688    0.01261    0.01240
  547   -0.00657    0.01541    0.01377
  548   -0.00795    0.01636    0.01491
  549   -0.00519    0.01118    0.01111
  550   -0.00580    0.00883    0.01006
  551   -0.00721    0.00716    0.00929
  552   -0.00432    0.00788    0.00874
  553   -0.00482    0.01670    0.01369
  554   -0.00424    0.01973    0.01464
  555   -0.00436    0.02076    0.01518
  556   -0.00278    0.02025    0.01429
  557   -0.00604    0.02129    0.01606
  558   -0.00533    0.02091    0.01560
  559   -0.00737    0.02275    0.01728
  560   -0.00662    0.02265    0.01684
  561   -0.00869    0.02472    0.01919
  562   -0.00634    0.02222    0.01664
  563   -0.00659    0.02335    0.01718
  564   -0.00831    0.02121    0.01757
  565   -0.01053    0.02336    0.01930
  566   -0.00758    0.01821    0.01606
  567   -0.00859    0.01618    0.01605
  568   -0.00825    0.01606    0.01618
  569   -0.00688    0.01710    0.01602
  570   -0.00777    0.01365    0.01432
  571   -0.00581    0.01327    0.01314
  572   -0.00508    0.01092    0.01156
  573   -0.00644    0.00960    0.01140
  574   -0.00360    0.01081    0.01060
  575   -0.00905    0.01432    0.01648
  576   -0.00914    0.01413    0.01663
  577   -0.00846    0.01264    0.01531
  578   -0.00909    0.01106    0.01465
  579   -0.01081    0.01402    0.01794
  580   -0.01136    0.01363    0.01804
  581   -0.01063    0.01497    0.01834
  582   -0.01025    0.01652    0.01903
  583   -0.01032    0.01446    0.01786
  584   -0.00716    0.01325    0.01490
  585   -0.00653    0.01223    0.01406
  586   -0.00705    0.01287    0.01490
  587   -0.00643    0.01448    0.01573
  588   -0.00464    0.01252    0.01304
  589   -0.00413    0.01156    0.01232
  590   -0.00423    0.01197    0.01220
  591   -0.00812    0.01176    0.01484
  592   -0.00856    0.01224    0.01565
  593   -0.00714    0.01260    0.01522
  594   -0.00629    0.01177    0.01401
  595   -0.00996    0.01091    0.01549
  596   -0.01066    0.01140    0.01633
  597   -0.00683    0.01412    0.01638
  598   -0.00556    0.01455    0.01618
  599   -0.00596    0.01320    0.01521
  600   -0.00513    0.01351    0.01488
  601   -0.00537    0.01642    0.01786
  602   -0.00733    0.01672    0.01897
  603   -0.00786    0.01564    0.01819
  604   -0.00763    0.01225    0.01532
  605   -0.00826    0.01101    0.01469
  606   -0.00771    0.00952    0.01303
  607   -0.00803    0.00844    0.01236
  608   -0.01015    0.01039    0.01539
  609   -0.01093    0.00991    0.01557
  610   -0.01300    0.00995    0.01695
  611   -0.01420    0.00857    0.01660
  612   -0.01624    0.00866    0.01817
  613   -0.00693    0.00953    0.01250
  614   -0.00611    0.00829    0.01101
  615   -0.00470    0.00883    0.01042
  616   -0.00372    0.01025    0.01117
  617   -0.00576    0.00813    0.01069
  618   -0.00498    0.00694    0.00914
  619   -0.00735    0.00772    0.01125
  620   -0.00451    0.00761    0.00931
  621   -0.00305    0.00789    0.00857
  622   -0.00197    0.00732    0.00744
  623   -0.00227    0.00580    0.00644
  624   -0.00314    0.00684    0.00779
  625   -0.00157    0.00699    0.00693
  626   -0.00051    0.00611    0.00548
  627   -0.00099    0.00799    0.00748
  628    0.00106    0.00620    0.00457
  629    0.00070    0.00812    0.00655
  630    0.00170    0.00725    0.00509
  631    0.00337    0.00743    0.00414
  632   -0.00075    0.00855    0.00764
  633    0.00031    0.00808    0.00666
  634    0.00220    0.00877    0.00609
  635    0.00294    0.01019    0.00687
  636   -0.00001    0.00877    0.00739
  637    0.00103    0.00838    0.00648
  638    0.00088    0.00666    0.00523
  639    0.00232    0.00974    0.00682
  640    0.00182    0.00630    0.00444
  641    0.00330    0.00935    0.00598
  642    0.00299    0.00771    0.00480
  643    0.00307    0.00769    0.00469
  644    0.00503    0.00818    0.00390
  645    0.00582    0.00752    0.00303
  646    0.00490    0.00625    0.00254
  647    0.00542    0.00755    0.00297
  648    0.00500    0.00560    0.00160
  649    0.00514    0.00477    0.00053
  650    0.00739    0.00609    0.00009
  651    0.00744    0.00850    0.00285
  652    0.00838    0.00795    0.00200
  653    0.00905    0.00694    0.00060
  654    0.00914    0.00693    0.00011
  655    0.00970    0.00950    0.00253
  656    0.00891    0.01047    0.00385
  657    0.01039    0.01196    0.00439
  658    0.00939    0.01288    0.00578
  659    0.01091    0.01434    0.00629
  660    0.00939    0.00607   -0.00010
  661    0.00986    0.00503   -0.00149
  662    0.01177    0.00586   -0.00191
  663    0.01229    0.00616   -0.00181
  664    0.00909    0.00335   -0.00208
  665    0.00982    0.00224   -0.00357
  666    0.00852    0.00081   -0.00417
  667    0.00703    0.00030   -0.00372
  668    0.00931    0.00035   -0.00518
  669    0.01261    0.00631   -0.00277
  670    0.01425    0.00710   -0.00336
  671    0.01460    0.00653   -0.00502
  672    0.01585    0.00706   -0.00539
  673    0.01549    0.00922   -0.00310
  674    0.01509    0.00889   -0.00321
  675    0.01553    0.01053   -0.00139
  676    0.01371    0.00522   -0.00568
  677    0.01392    0.00448   -0.00718
  678    0.01317    0.00281   -0.00744
  679    0.01173    0.00185   -0.00685
  680    0.01381    0.00370   -0.00784
  681    0.01484    0.00506   -0.00729
  682    0.01432    0.00287   -0.00928
  683    0.01482    0.00465   -0.00788
  684    0.01394    0.00270   -0.00831
  685    0.01226    0.00200   -0.00855
  686    0.01111    0.00051   -0.00945
  687    0.01154    0.00052   -0.01025
  688    0.00958   -0.00108   -0.00933
  689    0.00840   -0.00236   -0.00987
  690    0.00815   -0.00249   -0.00940
  691    0.00718   -0.00358   -0.00978
  692    0.00902   -0.00272   -0.01113
  693    0.00917   -0.00293   -0.01107
  694    0.00679   -0.00468   -0.01010
  695    0.01035   -0.00235   -0.01203
  696    0.00840   -0.00151   -0.00835
  697    0.00769   -0.00136   -0.00809
  698    0.00645   -0.00209   -0.00671
  699    0.00583   -0.00198   -0.00636
  700    0.00908    0.00015   -0.00760
  701    0.00935    0.00099   -0.00630
  702    0.00602   -0.00241   -0.00633
  703    0.00474   -0.00266   -0.00552
  704    0.00334   -0.00369   -0.00547
  705    0.00262   -0.00354   -0.00471
  706    0.00414   -0.00333   -0.00542
  707    0.00315   -0.00521   -0.00659
  708    0.00316   -0.00492   -0.00640
  709    0.00226   -0.00591   -0.00665
  710    0.00227   -0.00532   -0.00639
  711    0.00128   -0.00557   -0.00588
  712    0.00345   -0.00446   -0.00677
  713    0.00348   -0.00383   -0.00640
  714    0.00315   -0.00266   -0.00487
  715    0.00232   -0.00252   -0.00425
  716    0.00488   -0.00341   -0.00716
  717    0.00510   -0.00452   -0.00858
  718    0.00490   -0.00303   -0.00686
  719    0.00371   -0.00184   -0.00446
  720    0.00341   -0.00077   -0.00305
  721    0.00178   -0.00132   -0.00235
  722    0.00098   -0.00064   -0.00128
  723    0.00441    0.00010   -0.00280
  724    0.00612    0.00095   -0.00335
  725    0.00401    0.00128   -0.00138
  726    0.00669    0.00238   -0.00277
  727    0.00116   -0.00252   -0.00298
  728   -0.00036   -0.00328   -0.00264
  729   -0.00121   -0.00370   -0.00255
  730   -0.00232   -0.00349   -0.00161
  731   -0.00065   -0.00426   -0.00344
  732   -0.00132   -0.00471   -0.00335
  733   -0.00135   -0.00350   -0.00226
  734   -0.00249   -0.00364   -0.00154
  735   -0.00058   -0.00558   -0.00465
  736   -0.00122   -0.00717   -0.00552
  737   -0.00121   -0.00765   -0.00592
  738   -0.00048   -0.00779   -0.00661
  739   -0.00018   -0.00224   -0.00208
  740   -0.00018   -0.00090   -0.00090
  741   -0.00138   -0.00030    0.00056
  742   -0.00231    0.00010    0.00156
  743    0.00149    0.00040   -0.00101
  744    0.00264   -0.00013   -0.00234
  745    0.00145    0.00191    0.00039
  746    0.00439    0.00100   -0.00273
  747   -0.00141   -0.00034    0.00061
  748   -0.00254    0.00012    0.00185
  749   -0.00410   -0.00093    0.00199
  750   -0.00528   -0.00043    0.00317
  751   -0.00219    0.00017    0.00167
  752   -0.00084    0.00157    0.00205
  753    0.00028    0.00144    0.00118
  754   -0.00051    0.00317    0.00321
  755    0.00139    0.00292    0.00178
  756    0.00093    0.00407    0.00303
  757   -0.00416   -0.00234    0.00080
  758   -0.00558   -0.00337    0.00076
  759   -0.00630   -0.00322    0.00145
  760   -0.00760   -0.00329    0.00237
  761   -0.00541   -0.00485   -0.00064
  762   -0.00536   -0.00304    0.00100
  763   -0.00590   -0.00297    0.00148
  764   -0.00622   -0.00147    0.00304
  765   -0.00750   -0.00150    0.00398
  766   -0.00472   -0.00332    0.00035
  767   -0.00521   -0.00328    0.00080
  768   -0.00453   -0.00491   -0.00112
  769   -0.00511   -0.00021    0.00334
  770   -0.00506    0.00139    0.00468
  771   -0.00642    0.00181    0.00600
  772   -0.00700    0.00282    0.00721
  773   -0.00351    0.00269    0.00463
  774   -0.00692    0.00109    0.00575
  775   -0.00813    0.00134    0.00695
  776   -0.00971    0.00008    0.00702
  777   -0.01086   -0.00001    0.00767
  778   -0.00784    0.00151    0.00674
  779   -0.00672    0.00310    0.00730
  780   -0.00688    0.00438    0.00850
  781   -0.00555    0.00303    0.00636
  782   -0.00981   -0.00081    0.00633
  783   -0.01127   -0.00198    0.00628
  784   -0.01150   -0.00244    0.00629
  785   -0.01229   -0.00367    0.00573
  786   -0.01133   -0.00338    0.00506
  787   -0.01189   -0.00342    0.00536
  788   -0.01302   -0.00315    0.00645
  789   -0.01112   -0.00383    0.00435
  790   -0.01086   -0.00120    0.00688
  791   -0.01091   -0.00134    0.00688
  792   -0.01258   -0.00175    0.00788
  793   -0.01293   -0.00223    0.00768
  794   -0.00965    0.00018    0.00740
  795   -0.00797    0.00048    0.00625
  796   -0.00676    0.00204    0.00674
  797   -0.00672    0.00228    0.00714
  798   -0.00573    0.00315    0.00681
  799   -0.01355   -0.00150    0.00896
  800   -0.01537   -0.00186    0.00991
  801   -0.01613   -0.00366    0.00897
  802   -0.01779   -0.00416    0.00951
  803   -0.01635   -0.00098    0.01126
  804   -0.01597   -0.00138    0.01037
  805   -0.01729   -0.00195    0.01066
  806   -0.01451   -0.00109    0.00943
  807   -0.01555   -0.00433    0.00766
  808   -0.01626   -0.00604    0.00668
  809   -0.01521   -0.00683    0.00525
  810   -0.01605   -0.00795    0.00482
  811   -0.01602   -0.00640    0.00633
  812   -0.01682   -0.00559    0.00756
  813   -0.01636   -0.00559    0.00690
  814   -0.01709   -0.00454    0.00785
  815   -0.01609   -0.00307    0.00846
  816   -0.01357   -0.00623    0.00456
  817   -0.01249   -0.00688    0.00313
  818   -0.01217   -0.00652    0.00324
  819   -0.01199   -0.00523    0.00419
  820   -0.01080   -0.00646    0.00229
  821   -0.01055   -0.00745    0.00120
  822   -0.01161   -0.00743    0.00198
  823   -0.00881   -0.00701    0.00029
  824   -0.01215   -0.00767    0.00218
  825   -0.01171   -0.00758    0.00201
  826   -0.00986   -0.00728    0.00087
  827   -0.00889   -0.00742    0.00019
  828   -0.00926   -0.00704    0.00083
  829   -0.00743   -0.00672   -0.00027
  830   -0.00730   -0.00753   -0.00107
  831   -0.00831   -0.00762   -0.00031
  832   -0.00635   -0.00491    0.00056
  833   -0.00622   -0.00403    0.00112
  834   -0.00481   -0.00380    0.00024
  835   -0.00746   -0.00342    0.00254
  836   -0.00470   -0.00302    0.00075
  837   -0.00738   -0.00268    0.00308
  838   -0.00603   -0.00247    0.00219
  839   -0.00603   -0.00806   -0.00260
  840   -0.00575   -0.00875   -0.00357
  841   -0.00463   -0.00739   -0.00324
  842   -0.00386   -0.00596   -0.00249
  843   -0.00481   -0.00990   -0.00529
  844   -0.00287   -0.00909   -0.00620
  845   -0.00203   -0.01037   -0.00805
  846   -0.00288   -0.01193   -0.00870
  847   -0.00050   -0.00992   -0.00886
  848   -0.00457   -0.00790   -0.00380
  849   -0.00340   -0.00679   -0.00366
  850   -0.00142   -0.00642   -0.00502
  851   -0.00095   -0.00768   -0.00657
  852   -0.00407   -0.00763   -0.00383
  853   -0.00612   -0.00808   -0.00235
  854   -0.00738   -0.00895   -0.00219
  855   -0.00658   -0.00766   -0.00127
  856   -0.00027   -0.00475   -0.00441
  857    0.00161   -0.00426   -0.00554
  858    0.00183   -0.00450   -0.00592
  859    0.00302   -0.00486   -0.00728
  860    0.00067   -0.00427   -0.00472
  861    0.00075   -0.00437   -0.00486
  862    0.00223   -0.00289   -0.00471
  863    0.00235   -0.00149   -0.00352
  864   -0.00095   -0.00459   -0.00359
  865   -0.00078   -0.00432   -0.00345
  866    0.00330   -0.00325   -0.00594
  867    0.00476   -0.00197   -0.00601
  868    0.00424   -0.00103   -0.00463
  869    0.00506    0.00050   -0.00388
  870    0.00589   -0.00268   -0.00762
  871    0.00726   -0.00133   -0.00769
  872    0.00653   -0.00353   -0.00899
  873    0.00294   -0.00187   -0.00428
  874    0.00228   -0.00105   -0.00301
  875    0.00137   -0.00000   -0.00134
  876    0.00152    0.00132   -0.00024
  877    0.00115   -0.00223   -0.00317
  878    0.00036   -0.00158   -0.00193
  879    0.00166   -0.00036   -0.00188
  880   -0.00077   -0.00290   -0.00225
  881    0.00041   -0.00064   -0.00113
  882   -0.00055    0.00021    0.00042
  883    0.00073    0.00198    0.00102
  884    0.00031    0.00322    0.00251
  885   -0.00151   -0.00084    0.00029
  886   -0.00281   -0.00023    0.00194
  887   -0.00281   -0.00036    0.00186
  888   -0.00396   -0.00217    0.00121
  889   -0.00424   -0.00224    0.00142
  890    0.00228    0.00209   -0.00013
  891    0.00374    0.00371    0.00020
  892    0.00437    0.00496    0.00085
  893    0.00466    0.00657    0.00213
  894    0.00532    0.00337   -0.00142
  895    0.00695    0.00503   -0.00131
  896    0.00683    0.00565   -0.00053
  897    0.00580    0.00641    0.00101
  898    0.00789    0.00538   -0.00158
  899    0.00452    0.00425    0.00009
  900    0.00521    0.00523    0.00051
  901    0.00401    0.00610    0.00226
  902    0.00466    0.00771    0.00325
  903    0.00541    0.00400   -0.00067
  904    0.00619    0.00491   -0.00042
  905    0.00796    0.00582   -0.00091
  906    0.00517    0.00482    0.00029
  907    0.00875    0.00665   -0.00071
  908    0.00595    0.00558    0.00052
  909    0.00780    0.00651    0.00004
  910    0.00227    0.00507    0.00265
  911    0.00095    0.00571    0.00420
  912    0.00070    0.00708    0.00568
  913    0.00046    0.00839    0.00702
  914   -0.00092    0.00419    0.00421
  915   -0.00083    0.00267    0.00282
  916   -0.00265    0.00131    0.00294
  917   -0.00002    0.00313    0.00264
  918    0.00077    0.00677    0.00534
  919    0.00063    0.00808    0.00661
  920    0.00235    0.00992    0.00695
  921    0.00219    0.01146    0.00844
  922    0.00045    0.00721    0.00599
  923    0.00038    0.00855    0.00718
  924    0.00404    0.00981    0.00564
  925    0.00586    0.01145    0.00579
  926    0.00593    0.01247    0.00666
  927    0.00674    0.01421    0.00765
  928    0.00749    0.01086    0.00392
  929    0.00806    0.01061    0.00317
  930    0.00970    0.01018    0.00140
  931    0.00957    0.00889    0.00021
  932    0.01118    0.01122    0.00117
  933    0.00513    0.01139    0.00632
  934    0.00534    0.01211    0.00686
  935    0.00364    0.01247    0.00840
  936    0.00361    0.01292    0.00887
  937    0.00575    0.01072    0.00540
  938    0.00427    0.00900    0.00483
  939    0.00750    0.01063    0.00397
  940    0.00215    0.01221    0.00914
  941    0.00036    0.01243    0.01063
  942    0.00053    0.01442    0.01217
  943   -0.00025    0.01426    0.01275
  944   -0.00105    0.01215    0.01131
  945   -0.00302    0.01183    0.01254
  946   -0.00437    0.01222    0.01356
  947   -0.00392    0.01246    0.01330
  948   -0.00585    0.01212    0.01488
  949    0.00169    0.01605    0.01265
  950    0.00185    0.01828    0.01409
  951    0.00330    0.01862    0.01351
  952    0.00317    0.02013    0.01464
  953    0.00269    0.02010    0.01496
  954    0.00518    0.02022    0.01372
  955    0.00626    0.02245    0.01483
  956    0.00690    0.02536    0.01612
  957    0.00846    0.02987    0.01855
  958    0.00459    0.01738    0.01186
  959    0.00626    0.01779    0.01126
  960    0.00572    0.01724    0.01123
  961    0.00400    0.01632    0.01151
  962    0.00767    0.01669    0.00950
  963    0.00897    0.01754    0.00933
  964    0.01023    0.01613    0.00716
  965    0.01196    0.01780    0.00732
  966    0.00707    0.01802    0.01105
  967    0.00683    0.01765    0.01090
  968    0.00727    0.01592    0.00918
  969    0.00826    0.01538    0.00812
  970    0.00815    0.01954    0.01170
  971    0.01008    0.01977    0.01081
  972    0.00660    0.01506    0.00887
  973    0.00691    0.01349    0.00735
  974    0.00891    0.01374    0.00624
  975    0.00920    0.01248    0.00481
  976    0.00606    0.01316    0.00758
  977    0.00465    0.01398    0.00902
  978    0.00542    0.01561    0.01000
  979    0.01032    0.01532    0.00688
  980    0.01214    0.01567    0.00593
  981    0.01294    0.01573    0.00545
  982    0.01381    0.01513    0.00405
  983    0.01348    0.01746    0.00682
  984    0.01348    0.01741    0.00693
  985    0.01188    0.01767    0.00834
  986    0.01255    0.01874    0.00909
  987    0.01026    0.01720    0.00878
  988    0.01245    0.01663    0.00665
  989    0.01293    0.01667    0.00636
  990    0.01197    0.01484    0.00517
  991    0.01269    0.01448    0.00418
  992    0.01236    0.01796    0.00798
  993    0.01384    0.01991    0.00888
  994    0.01510    0.02032    0.00854
  995    0.01384    0.02114    0.01000
  996    0.01045    0.01376    0.00530
  997    0.00947    0.01200    0.00425
  998    0.01037    0.01095    0.00252
  999    0.01038    0.00990    0.00144
 1000    0.00754    0.01119    0.00488
 1001    0.00623    0.01173    0.00616
 1002    0.00433    0.01138    0.00703
 1003    0.00308    0.01199    0.00838
 1004    0.00157    0.01205    0.00943
 1005    0.00105    0.01172    0.00942
 1006    0.00057    0.01262    0.01064
 1007    0.01112    0.01128    0.00227
 1008    0.01197    0.01053    0.00065
 1009    0.01368    0.01104   -0.00026
 1010    0.01402    0.01005   -0.00172
 1011    0.01237    0.01071    0.00069
 1012    0.01456    0.01266    0.00072
 1013    0.01607    0.01345    0.00006
 1014    0.01575    0.01257   -0.00060
 1015    0.01677    0.01228   -0.00185
 1016    0.01707    0.01537    0.00146
 1017    0.01860    0.01652    0.00125
 1018    0.01948    0.01836    0.00255
 1019    0.02167    0.01955    0.00190
 1020    0.02233    0.01973    0.00164
 1021    0.01424    0.01213    0.00029
 1022    0.01362    0.01123   -0.00027
 1023    0.01330    0.00937   -0.00183
 1024    0.01365    0.00871   -0.00294
 1025    0.01201    0.01111    0.00097
 1026    0.01218    0.01322    0.00282
 1027    0.01258    0.00861   -0.00189
 1028    0.01209    0.00701   -0.00329
 1029    0.01374    0.00699   -0.00482
 1030    0.01379    0.00578   -0.00612
 1031    0.01108    0.00639   -0.00287
 1032    0.01051    0.00462   -0.00406
 1033    0.00917    0.00331   -0.00431
 1034    0.01087    0.00414   -0.00497
 1035    0.00847    0.00171   -0.00559
 1036    0.01028    0.00250   -0.00604
 1037    0.00913    0.00129   -0.00627
 1038    0.01515    0.00817   -0.00467
 1039    0.01672    0.00838   -0.00598
 1040    0.01775    0.00840   -0.00679
 1041    0.01838    0.00784   -0.00826
 1042    0.01809    0.00984   -0.00551
 1043    0.01751    0.00955   -0.00499
 1044    0.01863    0.01118   -0.00424
 1045    0.01799    0.01196   -0.00293
 1046    0.02004    0.01173   -0.00504
 1047    0.01737    0.00919   -0.00569
 1048    0.01817    0.00938   -0.00610
 1049    0.01681    0.00794   -0.00648
 1050    0.01694    0.00814   -0.00641
 1051    0.01858    0.01105   -0.00472
 1052    0.02017    0.01260   -0.00430
 1053    0.02038    0.01430   -0.00233
 1054    0.02187    0.01571   -0.00196
 1055    0.02211    0.01757   -0.00029
 1056    0.01558    0.00660   -0.00685
 1057    0.01420    0.00515   -0.00733
 1058    0.01431    0.00371   -0.00908
 1059    0.01360    0.00287   -0.00920
 1060    0.01252    0.00479   -0.00604
 1061    0.01132    0.00358   -0.00616
 1062    0.01102    0.00218   -0.00744
 1063    0.01052    0.00413   -0.00496
 1064    0.01539    0.00333   -0.01030
 1065    0.01574    0.00199   -0.01195
 1066    0.01393    0.00040   -0.01238
 1067    0.01348   -0.00072   -0.01315
 1068    0.01737    0.00230   -0.01330
 1069    0.01889    0.00405   -0.01258
 1070    0.02016    0.00521   -0.01231
 1071    0.01922    0.00539   -0.01144
 1072    0.02229    0.00588   -0.01306
 1073    0.01319    0.00030   -0.01155
 1074    0.01185   -0.00116   -0.01173
 1075    0.01045   -0.00201   -0.01131
 1076    0.00992   -0.00345   -0.01215
 1077    0.01120   -0.00077   -0.01076
 1078    0.01005   -0.00106   -0.00997
 1079    0.00884   -0.00169   -0.00954
 1080    0.00947   -0.00222   -0.01055
 1081    0.00870   -0.00360   -0.01091
 1082    0.00822   -0.00057   -0.00778
 1083    0.00736   -0.00053   -0.00671
 1084    0.00736   -0.00115   -0.00739
 1085    0.00679    0.00077   -0.00500
 1086    0.01090   -0.00123   -0.01095
 1087    0.01174   -0.00163   -0.01177
 1088    0.01179   -0.00288   -0.01332
 1089    0.01144   -0.00380   -0.01356
 1090    0.01344    0.00013   -0.01181
 1091    0.01330    0.00137   -0.01041
 1092    0.01506    0.00299   -0.01039
 1093    0.01629    0.00311   -0.01134
 1094    0.01552    0.00444   -0.00932
 1095    0.01238   -0.00313   -0.01402
 1096    0.01248   -0.00437   -0.01529
 1097    0.01083   -0.00595   -0.01514
 1098    0.01062   -0.00712   -0.01602
 1099    0.01341   -0.00427   -0.01615
 1100    0.00967   -0.00580   -0.01395
 1101    0.00821   -0.00714   -0.01359
 1102    0.00758   -0.00760   -0.01335
 1103    0.00682   -0.00876   -0.01368
 1104    0.00717   -0.00669   -0.01230
 1105    0.00784   -0.00663   -0.01280
 1106    0.00728   -0.00691   -0.01250
 1107    0.00796   -0.00761   -0.01373
 1108    0.00719   -0.00840   -0.01371
 1109    0.00759   -0.00553   -0.01166
 1110    0.00717   -0.00559   -0.01144
 1111    0.00595   -0.00579   -0.01045
 1112    0.00791   -0.00550   -0.01206
 1113    0.00587   -0.00586   -0.01053
 1114    0.00704   -0.00561   -0.01145
 1115    0.00930   -0.00707   -0.01461
 1116    0.00997   -0.00746   -0.01558
 1117    0.00990   -0.00894   -0.01661
 1118    0.00993   -0.00969   -0.01709
 1119    0.01156   -0.00624   -0.01611
 1120    0.01171   -0.00524   -0.01549
 1121    0.01312   -0.00426   -0.01593
 1122    0.01082   -0.00538   -0.01463
 1123    0.00966   -0.00924   -0.01673
 1124    0.00953   -0.01061   -0.01763
 1125    0.00848   -0.01170   -0.01723
 1126    0.00864   -0.01291   -0.01804
 1127    0.00944   -0.01071   -0.01760
 1128    0.00747   -0.01152   -0.01598
 1129    0.00643   -0.01247   -0.01540
 1130    0.00631   -0.01219   -0.01521
 1131    0.00580   -0.01289   -0.01503
 1132    0.00509   -0.01210   -0.01424
 1133    0.00382   -0.01296   -0.01368
 1134    0.00505   -0.01209   -0.01426
 1135    0.00676   -0.01089   -0.01502
 1136    0.00642   -0.01046   -0.01457
 1137    0.00674   -0.01119   -0.01505
 1138    0.00591   -0.01170   -0.01433
 1139    0.00709   -0.00894   -0.01436
 1140    0.00767   -0.01094   -0.01627
 1141    0.00791   -0.01163   -0.01699
 1142    0.00813   -0.01297   -0.01769
 1143    0.00842   -0.01369   -0.01773
 1144    0.00890   -0.01024   -0.01874
 1145    0.00995   -0.01127   -0.02051
 1146    0.01024   -0.01168   -0.02007
 1147    0.01005   -0.01316   -0.02006
 1148    0.01097   -0.01056   -0.01968
 1149    0.00799   -0.01391   -0.01727
 1150    0.00794   -0.01582   -0.01673
 1151    0.00711   -0.01616   -0.01502
 1152    0.00732   -0.01786   -0.01429
 1153    0.00735   -0.01593   -0.01680
 1154    0.00719   -0.01758   -0.01705
 1155    0.00609   -0.01826   -0.01592
 1156    0.00501   -0.01744   -0.01483
 1157    0.00643   -0.02026   -0.01582
 1158    0.00634   -0.01506   -0.01401
 1159    0.00510   -0.01485   -0.01194
 1160    0.00467   -0.01446   -0.01006
 1161    0.00496   -0.01525   -0.00902
 1162    0.00451   -0.01392   -0.01028
 1163    0.00364   -0.01364   -0.00866
 1164    0.00316   -0.01303   -0.00874
 1165    0.00501   -0.01255   -0.01215
 1166    0.00163   -0.01236   -0.00505
 1167    0.00082   -0.01214   -0.00615
 1168    0.00173   -0.01168   -0.00814
 1169    0.00144   -0.01116   -0.00753
 1170    0.00248   -0.01201   -0.00987
 1171    0.00155   -0.01258   -0.00622
 1172   -0.00051   -0.01150   -0.00549
 1173   -0.00309   -0.00995   -0.00188
 1174   -0.00219   -0.00986   -0.00041
 1175    0.00140   -0.01224   -0.00751
 1176    0.00715   -0.01342   -0.01432
 1177   -0.00404   -0.00936   -0.00203
 1178   -0.00423   -0.00919   -0.00055
 1179   -0.00528   -0.00848    0.00036
 1180   -0.00623   -0.00852   -0.00080
 1181   -0.00418   -0.00942   -0.00167
 1182   -0.00286   -0.01015   -0.00213
 1183   -0.00366   -0.01041   -0.00006
 1184   -0.00263   -0.01103   -0.00075
 1185   -0.00250   -0.01105   -0.00175
 1186   -0.00315   -0.01082   -0.00253
 1187   -0.00203   -0.01126   -0.00281
 1188   -0.00533   -0.00812    0.00199
 1189   -0.00608   -0.00754    0.00283
 1190   -0.00584   -0.00825    0.00183
 1191   -0.00613   -0.00841    0.00154
 1192   -0.00643   -0.00924    0.00581
 1193   -0.00750   -0.01089    0.00800
 1194   -0.00724   -0.00882    0.00711
 1195   -0.00600   -0.00880    0.00100
 1196   -0.00560   -0.00968   -0.00096
 1197   -0.00582   -0.00927   -0.00143
 1198   -0.00583   -0.00939   -0.00089
 1199   -0.00441   -0.00981   -0.00192
 1200   -0.00416   -0.01045   -0.00306
 1201   -0.00438   -0.01090   -0.00293
 1202   -0.00293   -0.01077   -0.00402
 1203   -0.00578   -0.00876   -0.00182
 1204   -0.00645   -0.00924   -0.00192
 1205   -0.00659   -0.01003   -0.00247
 1206   -0.00496   -0.01077   -0.00306
 1207   -0.00832   -0.00846   -0.00112
 1208   -0.01012   -0.00874   -0.00135
 1209   -0.01129   -0.00853   -0.00160
 1210   -0.00925   -0.00941   -0.00130
 1211   -0.00702   -0.00983   -0.00221
 1212   -0.00636   -0.01088   -0.00281
 1213   -0.00500   -0.01155   -0.00383
 1214   -0.00444   -0.01184   -0.00433
 1215   -0.00641   -0.01088   -0.00249
 1216   -0.00646   -0.01223   -0.00272
 1217   -0.00577   -0.01221   -0.00351
 1218   -0.00517   -0.01175   -0.00357
 1219   -0.00279   -0.01188   -0.00460
 1220   -0.00517   -0.01103   -0.00348
 1221   -0.00365   -0.01091   -0.00426
 1222   -0.00281   -0.01106   -0.00522
 1223   -0.00296   -0.01103   -0.00510
 1224   -0.00369   -0.01156   -0.00371
 1225   -0.00222   -0.01193   -0.00514
 1226   -0.00541   -0.01206   -0.00157
 1227   -0.00253   -0.01083   -0.00600
 1228   -0.00211   -0.01061   -0.00676
 1229   -0.00091   -0.01088   -0.00677
 1230   -0.00051   -0.01123   -0.00669
 1231   -0.00233   -0.01009   -0.00703
 1232   -0.00301   -0.01037   -0.00700
 1233   -0.00175   -0.01044   -0.00746
 1234   -0.00409   -0.01116   -0.00609
 1235   -0.00030   -0.01025   -0.00707
 1236    0.00001   -0.01038   -0.00692
 1237    0.00077   -0.00918   -0.00708
 1238    0.00140   -0.00842   -0.00731
 1239   -0.00046   -0.01084   -0.00715
 1240   -0.00107   -0.01164   -0.00682
 1241   -0.00157   -0.01202   -0.00708
 1242   -0.00160   -0.01157   -0.00636
 1243   -0.00190   -0.01270   -0.00690
 1244   -0.00190   -0.01205   -0.00547
 1245   -0.00243   -0.01264   -0.00595
 1246    0.00075   -0.00942   -0.00676
 1247    0.00077   -0.00785   -0.00629
 1248    0.00012   -0.00798   -0.00598
 1249   -0.00067   -0.00848   -0.00601
 1250    0.00155   -0.00772   -0.00567
 1251    0.00210   -0.00568   -0.00481
 1252    0.00316   -0.00397   -0.00465
 1253    0.00177   -0.00474   -0.00397
 1254    0.00340   -0.00261   -0.00362
 1255    0.00247   -0.00296   -0.00311
 1256    0.00061   -0.00667   -0.00572
 1257   -0.00026   -0.00658   -0.00524
 1258   -0.00040   -0.00540   -0.00422
 1259    0.00045   -0.00428   -0.00374
 1260    0.00000   -0.00642   -0.00543
 1261   -0.00026   -0.00770   -0.00618
 1262    0.00040   -0.00795   -0.00679
 1263   -0.00110   -0.00843   -0.00626
 1264    0.00022   -0.00890   -0.00738
 1265   -0.00130   -0.00929   -0.00682
 1266   -0.00067   -0.00955   -0.00737
 1267   -0.00153   -0.00560   -0.00388
 1268   -0.00196   -0.00445   -0.00259
 1269   -0.00305   -0.00472   -0.00235
 1270   -0.00362   -0.00581   -0.00304
 1271   -0.00220   -0.00414   -0.00210
 1272   -0.00279   -0.00560   -0.00297
 1273   -0.00100   -0.00359   -0.00211
 1274   -0.00349   -0.00540   -0.00248
 1275   -0.00342   -0.00368   -0.00119
 1276   -0.00462   -0.00383   -0.00064
 1277   -0.00552   -0.00308    0.00060
 1278   -0.00518   -0.00184    0.00157
 1279   -0.00423   -0.00335   -0.00033
 1280   -0.00549   -0.00365    0.00017
 1281   -0.00549   -0.00489   -0.00089
 1282   -0.00555   -0.00241    0.00145
 1283   -0.00682   -0.00378    0.00058
 1284   -0.00797   -0.00330    0.00168
 1285   -0.00894   -0.00319    0.00252
 1286   -0.00925   -0.00419    0.00185
 1287   -0.00889   -0.00409    0.00099
 1288   -0.00808   -0.00432    0.00037
 1289   -0.00735   -0.00518   -0.00111
 1290   -0.00791   -0.00366    0.00098
 1291   -0.00663   -0.00553   -0.00190
 1292   -0.00722   -0.00387    0.00013
 1293   -0.00665   -0.00487   -0.00128
 1294   -0.00928   -0.00205    0.00386
 1295   -0.01020   -0.00181    0.00475
 1296   -0.01129   -0.00085    0.00628
 1297   -0.01087    0.00018    0.00682
 1298   -0.00913   -0.00105    0.00485
 1299   -0.00986   -0.00118    0.00529
 1300   -0.00926   -0.00197    0.00440
 1301   -0.01095   -0.00057    0.00662
 1302   -0.01270   -0.00119    0.00689
 1303   -0.01382   -0.00033    0.00835
 1304   -0.01354    0.00088    0.00939
 1305   -0.01360    0.00060    0.00928
 1306   -0.01552   -0.00119    0.00865
 1307   -0.01676   -0.00052    0.00985
 1308   -0.01681    0.00070    0.01098
 1309   -0.01766   -0.00122    0.00974
 1310   -0.01336    0.00234    0.01029
 1311   -0.01302    0.00363    0.01145
 1312   -0.01398    0.00476    0.01284
 1313   -0.01380    0.00530    0.01304
 1314   -0.01118    0.00459    0.01104
 1315   -0.01087    0.00571    0.01196
 1316   -0.01020    0.00350    0.00951
 1317   -0.01508    0.00503    0.01384
 1318   -0.01594    0.00624    0.01528
 1319   -0.01704    0.00579    0.01538
 1320   -0.01742    0.00667    0.01649
 1321   -0.01478    0.00806    0.01595
 1322   -0.01549    0.00920    0.01760
 1323   -0.01725    0.00878    0.01860
 1324   -0.01432    0.01040    0.01800
 1325   -0.01767    0.00423    0.01439
 1326   -0.01873    0.00364    0.01448
 1327   -0.01789    0.00353    0.01385
 1328   -0.01859    0.00337    0.01411
 1329   -0.01628    0.00371    0.01306
 1330   -0.01537    0.00366    0.01243
 1331   -0.01433    0.00261    0.01085
 1332   -0.01376    0.00243    0.01043
 1333   -0.01430    0.00527    0.01329
 1334   -0.01504    0.00634    0.01473
 1335   -0.01515    0.00661    0.01491
 1336   -0.01582    0.00725    0.01600
 1337   -0.01604    0.00769    0.01637
 1338   -0.01638    0.00805    0.01703
 1339   -0.01375    0.00177    0.00987
 1340   -0.01286    0.00072    0.00838
 1341   -0.01123    0.00165    0.00827
 1342   -0.01095    0.00255    0.00894
 1343   -0.01292   -0.00036    0.00740
 1344   -0.01181   -0.00160    0.00568
 1345   -0.01222   -0.00255    0.00489
 1346   -0.01208   -0.00222    0.00478
 1347   -0.01028    0.00144    0.00755
 1348   -0.00884    0.00226    0.00744
 1349   -0.00773    0.00117    0.00587
 1350   -0.00779    0.00021    0.00492
 1351   -0.00840    0.00347    0.00812
 1352   -0.00874    0.00490    0.00958
 1353   -0.00773    0.00610    0.01006
 1354   -0.01019    0.00498    0.01057
 1355   -0.00816    0.00739    0.01144
 1356   -0.01061    0.00635    0.01197
 1357   -0.00961    0.00758    0.01238
 1358   -0.00998    0.00898    0.01375
 1359   -0.00690    0.00128    0.00543
 1360   -0.00583    0.00050    0.00395
 1361   -0.00443    0.00135    0.00392
 1362   -0.00366    0.00269    0.00463
 1363   -0.00543   -0.00008    0.00335
 1364   -0.00432   -0.00097    0.00197
 1365   -0.00416   -0.00128    0.00157
 1366   -0.00302   -0.00143    0.00094
 1367   -0.00496   -0.00164    0.00150
 1368   -0.00397    0.00075    0.00311
 1369   -0.00261    0.00152    0.00298
 1370   -0.00148    0.00080    0.00164
 1371   -0.00153   -0.00050    0.00051
 1372   -0.00288    0.00153    0.00318
 1373   -0.00408    0.00229    0.00458
 1374   -0.00461    0.00180    0.00455
 1375   -0.00348    0.00405    0.00570
 1376   -0.00031    0.00173    0.00180
 1377    0.00094    0.00132    0.00084
 1378    0.00258    0.00274    0.00110
 1379    0.00308    0.00412    0.00199
 1380    0.00094    0.00077    0.00075
 1381    0.00212    0.00003   -0.00026
 1382    0.00196   -0.00103   -0.00057
 1383    0.00327    0.00026   -0.00078
 1384    0.00352    0.00228    0.00031
 1385    0.00513    0.00366    0.00050
 1386    0.00658    0.00442    0.00041
 1387    0.00777    0.00580    0.00083
 1388    0.00623    0.00337   -0.00013
 1389    0.00761    0.00380   -0.00025
 1390    0.00736    0.00474    0.00099
 1391    0.00867    0.00558    0.00143
 1392    0.00737    0.00209   -0.00110
 1393    0.00768    0.00127   -0.00209
 1394    0.00755   -0.00054   -0.00300
 1395    0.00914   -0.00046   -0.00326
 1396    0.00912   -0.00195   -0.00248
 1397    0.00799   -0.00187   -0.00219
 1398    0.01080   -0.00226   -0.00314
 1399    0.00581    0.00471    0.00153
 1400    0.00528    0.00585    0.00282
 1401    0.00589    0.00777    0.00379
 1402    0.00597    0.00805    0.00366
 1403    0.00323    0.00522    0.00329
 1404    0.00241    0.00350    0.00273
 1405    0.00283    0.00397    0.00300
 1406    0.00145    0.00570    0.00463
 1407    0.00631    0.00920    0.00492
 1408    0.00649    0.01108    0.00592
 1409    0.00482    0.01142    0.00683
 1410    0.00527    0.01256    0.00757
 1411    0.00719    0.01229    0.00665
 1412    0.00671    0.01123    0.00649
 1413    0.00656    0.00901    0.00512
 1414    0.00319    0.01037    0.00680
 1415    0.00179    0.01054    0.00762
 1416    0.00046    0.00882    0.00715
 1417    0.00050    0.00765    0.00631
 1418    0.00149    0.01225    0.00890
 1419    0.00172    0.01251    0.00890
 1420    0.00045    0.01118    0.00871
 1421    0.00292    0.01405    0.00946
 1422    0.00038    0.01140    0.00882
 1423    0.00312    0.01438    0.00957
 1424    0.00180    0.01296    0.00919
 1425   -0.00065    0.00867    0.00778
 1426   -0.00201    0.00718    0.00749
 1427   -0.00297    0.00705    0.00800
 1428   -0.00287    0.00836    0.00893
 1429   -0.00291    0.00743    0.00828
 1430   -0.00184    0.00874    0.00865
 1431   -0.00069    0.00984    0.00877
 1432   -0.00398    0.00564    0.00733
 1433   -0.00506    0.00542    0.00771
 1434   -0.00660    0.00507    0.00835
 1435   -0.00714    0.00391    0.00780
 1436   -0.00481    0.00393    0.00633
 1437   -0.00615    0.00360    0.00684
 1438   -0.00341    0.00431    0.00571
 1439   -0.00749    0.00616    0.00976
 1440   -0.00911    0.00598    0.01073
 1441   -0.01018    0.00525    0.01055
 1442   -0.01057    0.00588    0.01112
 1443   -0.00940    0.00759    0.01225
 1444   -0.01101    0.00751    0.01308
 1445   -0.01181    0.00638    0.01265
 1446   -0.01160    0.00881    0.01454
 1447   -0.01084    0.00377    0.00971
 1448   -0.01131    0.00298    0.00898
 1449   -0.01266    0.00293    0.00978
 1450   -0.01325    0.00176    0.00926
 1451   -0.01047    0.00109    0.00688
 1452   -0.00910    0.00060    0.00574
 1453   -0.00877    0.00033    0.00480
 1454   -0.00834    0.00036    0.00508
 1455   -0.00779   -0.00024    0.00398
 1456   -0.00746   -0.00009    0.00390
 1457   -0.01379    0.00445    0.01170
 1458   -0.01546    0.00457    0.01270
 1459   -0.01580    0.00397    0.01269
 1460   -0.01515    0.00350    0.01207
 1461   -0.01745    0.00390    0.01351
 1462   -0.01852    0.00340    0.01383
 1463   -0.01826    0.00193    0.01253
 1464   -0.01791    0.00133    0.01182
 1465   -0.02005    0.00378    0.01514
 1466   -0.01842    0.00147    0.01240
 1467   -0.01873    0.00001    0.01125
 1468   -0.01991   -0.00041    0.01162
 1469   -0.01965    0.00031    0.01217
 1470   -0.01672   -0.00043    0.00980
 1471   -0.01683   -0.00200    0.00853
 1472   -0.02078   -0.00160    0.01140
 1473   -0.02231   -0.00217    0.01146
 1474   -0.02144   -0.00303    0.01018
 1475   -0.02000   -0.00350    0.00889
 1476   -0.02423   -0.00293    0.01184
 1477   -0.02555   -0.00360    0.01190
 1478   -0.02235   -0.00326    0.01036
 1479   -0.02169   -0.00397    0.00926
 1480   -0.02191   -0.00534    0.00801
 1481   -0.02092   -0.00616    0.00673
 1482   -0.02224   -0.00378    0.00993
 1483   -0.02126   -0.00260    0.01075
 1484   -0.01958   -0.00283    0.00976
 1485   -0.01852   -0.00330    0.00870
 1486   -0.01926   -0.00263    0.01012
 1487   -0.02357   -0.00569    0.00822
 1488   -0.02479   -0.00733    0.00693
 1489   -0.02393   -0.00734    0.00590
 1490   -0.02313   -0.00821    0.00419
 1491   -0.02700   -0.00771    0.00773
 1492   -0.02856   -0.00741    0.00873
 1493   -0.02708   -0.00670    0.00872
 1494   -0.03151   -0.00768    0.00981
 1495   -0.02304   -0.00621    0.00679
 1496   -0.02205   -0.00614    0.00580
 1497   -0.01971   -0.00575    0.00522
 1498   -0.01836   -0.00534    0.00436
 1499   -0.02193   -0.00543    0.00728
 1500   -0.02121   -0.00423    0.00888
 1501   -0.02425   -0.00603    0.00855
 1502   -0.01955   -0.00588    0.00524
 1503   -0.01760   -0.00542    0.00468
 1504   -0.01609   -0.00609    0.00239
 1505   -0.01500   -0.00572    0.00198
 1506   -0.01722   -0.00544    0.00480
 1507   -0.01547   -0.00491    0.00456
 1508   -0.01462   -0.00380    0.00537
 1509   -0.01522   -0.00471    0.00502
 1510   -0.01617   -0.00714    0.00094
 1511   -0.01460   -0.00759   -0.00122
 1512   -0.01339   -0.00700   -0.00192
 1513   -0.01231   -0.00660   -0.00256
 1514   -0.01386   -0.00875   -0.00165
 1515   -0.01359   -0.00991   -0.00144
 1516   -0.01462   -0.01057   -0.00130
 1517   -0.01196   -0.00940   -0.00225
 1518   -0.01418   -0.00661   -0.00209
 1519   -0.01364   -0.00560   -0.00280
 1520   -0.01337   -0.00582   -0.00190
 1521   -0.01228   -0.00571   -0.00279
 1522   -0.01434   -0.00494   -0.00270
 1523   -0.01362   -0.00493   -0.00370
 1524   -0.01438   -0.00414   -0.00381
 1525   -0.01545   -0.00400   -0.00367
 1526   -0.01611   -0.00278   -0.00534
 1527   -0.01478   -0.00563    0.00045
 1528   -0.01483   -0.00476    0.00207
 1529   -0.01345   -0.00485    0.00114
 1530   -0.01271   -0.00453    0.00087
 1531   -0.01586   -0.00387    0.00456
 1532   -0.01711   -0.00326    0.00599
 1533   -0.01724   -0.00205    0.00774
 1534   -0.01763   -0.00413    0.00525
 1535   -0.01299   -0.00505    0.00058
 1536   -0.01181   -0.00518   -0.00003
 1537   -0.01057   -0.00583   -0.00205
 1538   -0.00976   -0.00588   -0.00246
 1539   -0.01179   -0.00556    0.00007
 1540   -0.01006   -0.00619   -0.00361
 1541   -0.00953   -0.00661   -0.00496
 1542   -0.00948   -0.00654   -0.00529
 1543   -0.00884   -0.00673   -0.00636
 1544   -0.01020   -0.00640   -0.00538
 1545   -0.01006   -0.00589   -0.00450
 1546   -0.01048   -0.00583   -0.00421
 1547   -0.00983   -0.00577   -0.00397
 1548   -0.01006   -0.00622   -0.00473
 1549   -0.01162   -0.00552   -0.00299
 1550   -0.01167   -0.00563   -0.00319
 1551   -0.01280   -0.00475   -0.00139
 1552   -0.01089   -0.00534   -0.00198
 1553   -0.01098   -0.00576   -0.00342
 1554   -0.00970   -0.00545   -0.00305
 1555   -0.00865   -0.00535   -0.00285
 1556   -0.00795   -0.00613   -0.00402
 1557   -0.00749   -0.00646   -0.00436
 1558   -0.00887   -0.00459   -0.00121
 1559   -0.00781   -0.00405   -0.00073
 1560   -0.00998   -0.00366    0.00042
 1561   -0.00828   -0.00668   -0.00431
 1562   -0.00698   -0.00741   -0.00572
 1563   -0.00646   -0.00802   -0.00697
 1564   -0.00588   -0.00893   -0.00744
 1565   -0.00653   -0.00792   -0.00620
 1566   -0.00693   -0.00743   -0.00504
 1567   -0.00724   -0.00768   -0.00735
 1568   -0.00754   -0.00840   -0.00826
 1569   -0.00765   -0.00916   -0.00796
 1570   -0.00749   -0.01002   -0.00888
 1571   -0.00813   -0.00768   -0.00884
 1572   -0.00867   -0.00729   -0.00903
 1573   -0.00913   -0.00749   -0.00937
 1574   -0.01044   -0.00743   -0.00839
 1575   -0.01085   -0.00661   -0.00771
 1576   -0.01031   -0.00602   -0.00797
 1577   -0.01111   -0.00646   -0.00710
 1578   -0.00769   -0.00847   -0.00677
 1579   -0.00783   -0.00857   -0.00623
 1580   -0.00682   -0.00933   -0.00636
 1581   -0.00649   -0.00994   -0.00691
 1582   -0.00764   -0.00722   -0.00512
 1583   -0.00876   -0.00670   -0.00487
 1584   -0.00863   -0.00544   -0.00367
 1585   -0.00796   -0.00475   -0.00252
 1586   -0.00904   -0.00495   -0.00331
 1587   -0.00622   -0.00891   -0.00607
 1588   -0.00523   -0.00955   -0.00620
 1589   -0.00491   -0.01098   -0.00797
 1590   -0.00428   -0.01165   -0.00809
 1591   -0.00496   -0.00917   -0.00586
 1592   -0.00466   -0.00807   -0.00462
 1593   -0.00521   -0.00709   -0.00379
 1594   -0.00360   -0.00792   -0.00446
 1595   -0.00489   -0.00596   -0.00262
 1596   -0.00320   -0.00668   -0.00343
 1597   -0.00379   -0.00552   -0.00233
 1598   -0.00524   -0.01114   -0.00886
 1599   -0.00550   -0.01263   -0.01007
 1600   -0.00593   -0.01321   -0.01037
 1601   -0.00556   -0.01434   -0.01076
 1602   -0.00570   -0.01244   -0.01064
 1603   -0.00490   -0.01204   -0.01029
 1604   -0.00516   -0.01395   -0.01218
 1605   -0.00664   -0.01247   -0.00982
 1606   -0.00718   -0.01306   -0.01035
 1607   -0.00648   -0.01340   -0.00934
 1608   -0.00654   -0.01411   -0.00988
 1609   -0.00849   -0.01248   -0.00965
 1610   -0.00936   -0.01248   -0.01046
 1611   -0.01062   -0.01187   -0.00962
 1612   -0.01169   -0.01195   -0.00976
 1613   -0.01040   -0.01104   -0.00928
 1614   -0.00568   -0.01244   -0.00851
 1615   -0.00453   -0.01246   -0.00841
 1616   -0.00352   -0.01370   -0.00884
 1617   -0.00268   -0.01415   -0.00905
 1618   -0.00381   -0.01096   -0.00731
 1619   -0.00476   -0.00961   -0.00674
 1620   -0.00421   -0.00818   -0.00546
 1621   -0.00365   -0.00785   -0.00475
 1622   -0.00431   -0.00711   -0.00405
 1623   -0.00524   -0.00643   -0.00380
 1624   -0.00377   -0.00697   -0.00352
 1625   -0.00373   -0.01407   -0.00918
 1626   -0.00309   -0.01532   -0.00978
 1627   -0.00393   -0.01627   -0.01055
 1628   -0.00419   -0.01620   -0.01087
 1629   -0.00262   -0.01491   -0.00949
 1630   -0.00176   -0.01373   -0.00878
 1631   -0.00053   -0.01382   -0.00872
 1632   -0.00025   -0.01282   -0.00810
 1633    0.00006   -0.01492   -0.00925
 1634   -0.00436   -0.01713   -0.01114
 1635   -0.00525   -0.01763   -0.01220
 1636   -0.00503   -0.01915   -0.01381
 1637   -0.00572   -0.01888   -0.01441
 1638   -0.00607   -0.01802   -0.01212
 1639   -0.00728   -0.01804   -0.01305
 1640   -0.00817   -0.01863   -0.01371
 1641   -0.00757   -0.01923   -0.01395
 1642   -0.00949   -0.01858   -0.01430
 1643   -0.00415   -0.02005   -0.01341
 1644   -0.00438   -0.02080   -0.01335
 1645   -0.00472   -0.02023   -0.01239
 1646   -0.00594   -0.02099   -0.01231
 1647   -0.00407   -0.01900   -0.01144
 1648   -0.00430   -0.01849   -0.01043
 1649   -0.00469   -0.01761   -0.01091
 1650   -0.00445   -0.01719   -0.01187
 1651   -0.00340   -0.01741   -0.01010
 1652   -0.00353   -0.01696   -0.00928
 1653   -0.00423   -0.01732   -0.00812
 1654   -0.00602   -0.01765   -0.00680
 1655   -0.00333   -0.01809   -0.00781
 1656   -0.00472   -0.01725   -0.00999
 1657   -0.00457   -0.01614   -0.00991
 1658   -0.00423   -0.01534   -0.00915
 1659   -0.00375   -0.01444   -0.00923
 1660   -0.00479   -0.01613   -0.00920
 1661   -0.00385   -0.01455   -0.00883
 1662   -0.00497   -0.01697   -0.01024
 1663   -0.00451   -0.01563   -0.00840
 1664   -0.00418   -0.01497   -0.00766
 1665   -0.00361   -0.01420   -0.00817
 1666   -0.00323   -0.01363   -0.00791
 1667   -0.00479   -0.01497   -0.00637
 1668   -0.00588   -0.01522   -0.00473
 1669   -0.00677   -0.01565   -0.00321
 1670   -0.00763   -0.01507   -0.00101
 1671   -0.00928   -0.01599    0.00120
 1672   -0.00928   -0.01721    0.00056
 1673   -0.00997   -0.01536    0.00347
 1674   -0.00350   -0.01374   -0.00870
 1675   -0.00326   -0.01295   -0.00869
 1676   -0.00318   -0.01242   -0.00850
 1677   -0.00312   -0.01233   -0.00856
 1678   -0.00357   -0.01286   -0.00923
 1679   -0.00368   -0.01302   -0.00933
 1680   -0.00385   -0.01389   -0.00987
 1681   -0.00361   -0.01220   -0.00881
 1682   -0.00380   -0.01413   -0.00986
 1683   -0.00347   -0.01224   -0.00861
 1684   -0.00355   -0.01313   -0.00902
 1685   -0.00319   -0.01189   -0.00805
 1686   -0.00308   -0.01164   -0.00803
 1687   -0.00334   -0.01112   -0.00788
 1688   -0.00363   -0.01076   -0.00736
 1689   -0.00298   -0.01168   -0.00754
 1690   -0.00296   -0.01183   -0.00735
 1691   -0.00356   -0.01090   -0.00789
 1692   -0.00409   -0.01066   -0.00741
 1693   -0.00431   -0.01117   -0.00728
 1694   -0.00415   -0.01117   -0.00755
 1695   -0.00471   -0.01040   -0.00737
 1696   -0.00492   -0.01103   -0.00660
 1697   -0.00544   -0.01136   -0.00645
 1698   -0.00625   -0.01097   -0.00554
 1699   -0.00624   -0.01039   -0.00481
 1700   -0.00495   -0.01161   -0.00680
 1701   -0.00442   -0.01209   -0.00738
 1702   -0.00424   -0.01115   -0.00661
 1703   -0.00732   -0.01131   -0.00524
 1704   -0.00840   -0.01086   -0.00395
 1705   -0.00904   -0.01128   -0.00373
 1706   -0.00937   -0.01194   -0.00443
 1707   -0.00960   -0.01055   -0.00351
 1708   -0.00916   -0.01050   -0.00279
 1709   -0.01006   -0.01049   -0.00248
 1710   -0.01175   -0.01066   -0.00151
 1711   -0.01231   -0.01000   -0.00035
 1712   -0.00926   -0.00933   -0.00178
 1713   -0.00970   -0.00923   -0.00131
 1714   -0.00917   -0.01024   -0.00256
 1715   -0.00903   -0.00788   -0.00063
 1716   -0.01270   -0.01168   -0.00190
 1717   -0.01447   -0.01214   -0.00123
 1718   -0.01549   -0.01302   -0.00141
 1719   -0.01485   -0.01358   -0.00253
 1720   -0.01489   -0.01262   -0.00166
 1721   -0.01396   -0.01310   -0.00347
 1722   -0.01737   -0.01348   -0.00036
 1723   -0.01887   -0.01437   -0.00045
 1724   -0.02026   -0.01573   -0.00158
 1725   -0.02081   -0.01599   -0.00137
 1726   -0.02016   -0.01410    0.00163
 1727   -0.02121   -0.01460    0.00198
 1728   -0.02263   -0.01438    0.00409
 1729   -0.02337   -0.01443    0.00446
 1730   -0.02365   -0.01381    0.00597
 1731   -0.02109   -0.01687   -0.00302
 1732   -0.02279   -0.01836   -0.00478
 1733   -0.02552   -0.02008   -0.00439
 1734   -0.02790   -0.02158   -0.00368
 1735   -0.02197   -0.01922   -0.00733
 1736   -0.02622   -0.02075   -0.00469
 1737   -0.03112   -0.02433   -0.00490
 1738   -0.03572   -0.03027   -0.00937
 1739   -0.04105   -0.03321   -0.00877
 1740   -0.03368   -0.02364   -0.00127
 1741   -0.03356   -0.03195   -0.01333
 1742    0.01471    0.02456    0.01032
 1743    0.01679    0.02504    0.00603
 1744    0.01465    0.02121    0.00362
 1745    0.01248    0.01894    0.00563
 1746    0.01961    0.02897    0.00666
 1747    0.01825    0.02913    0.00962
 1748    0.02125    0.03295    0.00930
 1749    0.02465    0.03725    0.01015
 1750    0.01573    0.02019   -0.00072
 1751    0.01401    0.01632   -0.00330
 1752    0.01539    0.01701   -0.00524
 1753    0.01801    0.01908   -0.00799
 1754    0.01428    0.01411   -0.00700
 1755    0.01289    0.01022   -0.01011
 1756    0.01276    0.00779   -0.01317
 1757    0.01150    0.00695   -0.01177
 1758    0.01380    0.00648   -0.01744
 1759    0.01331    0.01525   -0.00383
 1760    0.01376    0.01512   -0.00553
 1761    0.01169    0.01074   -0.00750
 1762    0.00934    0.00786   -0.00672
 1763    0.01373    0.01737   -0.00216
 1764    0.01076    0.01469    0.00094
 1765    0.01637    0.02189   -0.00030
 1766    0.01060    0.01554    0.00332
 1767    0.01258    0.00995   -0.00998
 1768    0.01029    0.00567   -0.01197
 1769    0.00827    0.00421   -0.01079
 1770    0.00924    0.00644   -0.00957
 1771    0.01183    0.00521   -0.01643
 1772    0.01380    0.00607   -0.01830
 1773    0.01183    0.00359   -0.01887
 1774    0.01727    0.00972   -0.01993
 1775    0.01366    0.00410   -0.02083
 1776    0.01907    0.01053   -0.02182
 1777    0.01690    0.00767   -0.02227
 1778    0.00591    0.00055   -0.01095
 1779    0.00455   -0.00076   -0.01003
 1780    0.00396   -0.00349   -0.01264
 1781    0.00291   -0.00560   -0.01323
 1782    0.00303   -0.00096   -0.00628
 1783    0.00212   -0.00282   -0.00603
 1784    0.00396    0.00210   -0.00330
 1785    0.00465   -0.00323   -0.01388
 1786    0.00336   -0.00549   -0.01602
 1787    0.00174   -0.00685   -0.01446
 1788    0.00193   -0.00574   -0.01327
 1789    0.00472   -0.00393   -0.01804
 1790    0.00459   -0.00464   -0.01990
 1791    0.00554   -0.00216   -0.02196
 1792    0.00321   -0.00185   -0.02086
 1793    0.00311    0.00045   -0.02316
 1794    0.00104   -0.00865   -0.01479
 1795   -0.00005   -0.00958   -0.01328
 1796   -0.00034   -0.00988   -0.01364
 1797    0.00024   -0.00934   -0.01521
 1798   -0.00117   -0.01110   -0.01218
 1799   -0.00140   -0.01218   -0.01328
 1800   -0.00135   -0.01074   -0.01081
 1801   -0.00077   -0.01007   -0.01272
 1802   -0.00060   -0.00989   -0.01262
 1803   -0.00159   -0.01092   -0.01227
 1804   -0.00244   -0.01074   -0.01171
 1805   -0.00119   -0.01039   -0.01120
 1806   -0.00263   -0.01035   -0.01028
 1807   -0.00256   -0.00960   -0.00965
 1808   -0.00304   -0.01087   -0.00943
 1809   -0.00186   -0.01204   -0.01229
 1810   -0.00258   -0.01305   -0.01240
 1811   -0.00204   -0.01265   -0.01315
 1812   -0.00300   -0.01223   -0.01315
 1813   -0.00317   -0.01415   -0.01249
 1814   -0.00240   -0.01414   -0.01296
 1815   -0.00356   -0.01411   -0.01147
 1816   -0.00079   -0.01158   -0.01495
 1817   -0.00004   -0.01054   -0.01727
 1818    0.00079   -0.01078   -0.01888
 1819    0.00242   -0.01056   -0.02138
 1820    0.00023   -0.01193   -0.01811
 1821    0.00029   -0.01207   -0.01870
 1822    0.00144   -0.01061   -0.01894
 1823    0.00126   -0.00994   -0.01714
 1824   -0.00103   -0.01401   -0.01681
 1825   -0.00182   -0.01466   -0.01648
 1826   -0.00370   -0.01722   -0.01503
 1827   -0.00433   -0.01820   -0.01500
 1828   -0.00595   -0.02090   -0.01418
 1829    0.00228   -0.00977   -0.02047
 1830    0.00355   -0.00792   -0.01977
 1831    0.00270   -0.00852   -0.01784
 1832    0.00218   -0.01036   -0.01901
 1833    0.00593   -0.00559   -0.02234
 1834    0.00649   -0.00525   -0.02373
 1835    0.00751   -0.00275   -0.02092
 1836    0.00236   -0.00750   -0.01481
 1837    0.00125   -0.00757   -0.01229
 1838    0.00268   -0.00489   -0.01125
 1839    0.00383   -0.00232   -0.01000
 1840   -0.00041   -0.00826   -0.00901
 1841   -0.00157   -0.01080   -0.00990
 1842   -0.00164   -0.00819   -0.00602
 1843   -0.00247   -0.01100   -0.00747
 1844    0.00256   -0.00509   -0.01177
 1845    0.00393   -0.00215   -0.01047
 1846    0.00269   -0.00145   -0.00595
 1847    0.00042   -0.00395   -0.00413
 1848    0.00423   -0.00311   -0.01221
 1849    0.00597   -0.00350   -0.01652
 1850    0.00536   -0.00009   -0.01025
 1851    0.00427    0.00197   -0.00405
 1852    0.00328    0.00314    0.00029
 1853    0.00484    0.00634    0.00183
 1854    0.00736    0.00965    0.00059
 1855    0.00358    0.00454    0.00178
 1856    0.00150    0.00163    0.00210
 1857    0.00262    0.00347    0.00322
 1858   -0.00073   -0.00075    0.00483
 1859    0.00340    0.00570    0.00499
 1860    0.00467    0.00897    0.00722
 1861    0.00512    0.01130    0.01148
 1862    0.00310    0.00991    0.01466
 1863    0.00269    0.00733    0.00868
 1864    0.00259    0.00447    0.00462
 1865    0.00548    0.00676    0.00135
 1866    0.00637    0.00573   -0.00257
 1867    0.00702    0.00980    0.00272
 1868    0.00764    0.01513    0.01124
 1869    0.00827    0.01764    0.01446
 1870    0.01041    0.02208    0.01637
 1871    0.01123    0.02310    0.01535
 1872    0.00926    0.01826    0.01288
 1873    0.00657    0.01395    0.01147
 1874    0.01191    0.02040    0.00955
 1875    0.01126    0.02473    0.01931
 1876    0.01332    0.02922    0.02138
 1877    0.01483    0.03164    0.02217
 1878    0.01369    0.03002    0.02276
 1879    0.01199    0.02986    0.02564
 1880    0.01412    0.03325    0.02689
 1881    0.01192    0.03226    0.02909
 1882    0.00926    0.02853    0.02818
 1883    0.01265    0.03572    0.03287
 1884    0.01778    0.03550    0.02205
 1885    0.01938    0.03784    0.02241
 1886    0.01785    0.03811    0.02624
 1887    0.01776    0.03813    0.02614
 1888    0.02248    0.04210    0.02266
 1889    0.02330    0.04146    0.02022
 1890    0.02006    0.03777    0.02104
 1891    0.01620    0.03812    0.02979
 1892    0.01427    0.03853    0.03393
 1893    0.01146    0.03490    0.03379
 1894    0.00991    0.03522    0.03682
 1895    0.01350    0.03979    0.03779
 1896    0.01167    0.03695    0.03712
 1897    0.01103    0.03171    0.03045
 1898    0.00843    0.02790    0.03014
 1899    0.00894    0.02818    0.02922
 1900    0.01111    0.02908    0.02629
 1901    0.00755    0.02419    0.02690
 1902    0.00616    0.02311    0.02834
 1903    0.00444    0.02377    0.03240
 1904    0.00615    0.02167    0.02563
 1905    0.00669    0.02700    0.03168
 1906    0.00648    0.02667    0.03092
 1907    0.00532    0.02215    0.02679
 1908    0.00474    0.01985    0.02520
 1909    0.00391    0.02633    0.03487
 1910    0.00121    0.02289    0.03545
 1911    0.00441    0.02993    0.03846
 1912    0.00536    0.02157    0.02578
 1913    0.00447    0.01758    0.02233
 1914    0.00196    0.01373    0.02300
 1915    0.00145    0.01024    0.02011
 1916    0.00542    0.01811    0.02120
 1917    0.00859    0.02171    0.02009
 1918    0.00515    0.01338    0.01702
 1919    0.01027    0.02179    0.01671
 1920    0.00001    0.01463    0.02710
 1921   -0.00203    0.01114    0.02822
 1922   -0.00275    0.00971    0.02786
 1923   -0.00365    0.00586    0.02645
 1924   -0.00347    0.01288    0.03265
 1925   -0.00426    0.00911    0.03358
 1926   -0.00593    0.01057    0.03796
 1927   -0.00601    0.00778    0.03898
 1928   -0.00870    0.01463    0.04130
 1929   -0.00197    0.01278    0.02937
 1930   -0.00216    0.01164    0.02871
 1931   -0.00122    0.00890    0.02379
 1932   -0.00246    0.00553    0.02271
 1933   -0.00030    0.01599    0.03068
 1934   -0.00168    0.01741    0.03525
 1935   -0.00402    0.01498    0.03742
 1936   -0.00024    0.02135    0.03698
 1937    0.00069    0.01006    0.02111
 1938    0.00139    0.00770    0.01654
 1939   -0.00057    0.00341    0.01534
 1940   -0.00143    0.00090    0.01361
 1941    0.00380    0.01010    0.01393
 1942    0.00376    0.00773    0.00959
 1943    0.00589    0.01390    0.01476
 1944   -0.00097    0.00289    0.01627
 1945   -0.00257   -0.00111    0.01518
 1946   -0.00440   -0.00321    0.01693
 1947   -0.00566   -0.00568    0.01521
 1948   -0.00257   -0.00149    0.01612
 1949   -0.00084   -0.00068    0.01386
 1950   -0.00100    0.00027    0.01530
 1951    0.00063    0.00145    0.01296
 1952    0.00033    0.00303    0.01440
 1953   -0.00488   -0.00136    0.02045
 1954   -0.00664   -0.00300    0.02254
 1955   -0.00649   -0.00464    0.02015
 1956   -0.00809   -0.00695    0.02008
 1957   -0.00700   -0.00079    0.02678
 1958   -0.00522   -0.00240    0.01857
 1959   -0.00526   -0.00311    0.01614
 1960   -0.00524   -0.00585    0.01234
 1961   -0.00605   -0.00779    0.01069
 1962   -0.00303    0.00011    0.01536
 1963   -0.00255    0.00277    0.01884
 1964   -0.00019    0.00621    0.01800
 1965    0.00010    0.00890    0.02167
 1966   -0.00097    0.00734    0.02147
 1967   -0.00451   -0.00572    0.01108
 1968   -0.00488   -0.00777    0.00801
 1969   -0.00698   -0.01036    0.00889
 1970   -0.00761   -0.01224    0.00674
 1971   -0.00349   -0.00657    0.00671
 1972   -0.00162   -0.00383    0.00524
 1973   -0.00414   -0.00867    0.00377
 1974   -0.00050   -0.00239    0.00482
 1975   -0.00784   -0.01021    0.01216
 1976   -0.00971   -0.01213    0.01326
 1977   -0.01091   -0.01381    0.01352
 1978   -0.01278   -0.01600    0.01304
 1979   -0.01015   -0.01120    0.01664
 1980   -0.01216   -0.01315    0.01723
 1981   -0.01291   -0.01255    0.02019
 1982   -0.01298   -0.01153    0.02380
 1983   -0.01311   -0.01289    0.01938
 1984   -0.01036   -0.01266    0.01443
 1985   -0.01149   -0.01432    0.01463
 1986   -0.01112   -0.01543    0.01091
 1987   -0.01164   -0.01686    0.01025
 1988   -0.01083   -0.01236    0.01702
 1989   -0.01184   -0.01147    0.02109
 1990   -0.01203   -0.01030    0.02389
 1991   -0.01243   -0.01208    0.02181
 1992   -0.01019   -0.01511    0.00825
 1993   -0.00969   -0.01612    0.00446
 1994   -0.01038   -0.01762    0.00283
 1995   -0.01113   -0.01944    0.00070
 1996   -0.00747   -0.01377    0.00249
 1997   -0.00681   -0.01247    0.00258
 1998   -0.00685   -0.01407   -0.00062
 1999   -0.00635   -0.01292   -0.00029
 2000   -0.00414   -0.00992   -0.00173
 2001   -0.01023   -0.01683    0.00370
 2002   -0.00954   -0.01783    0.00180
 2003   -0.01067   -0.01851    0.00395
 2004   -0.01029   -0.01847    0.00294
 2005   -0.00749   -0.01641   -0.00116
 2006   -0.00640   -0.01587   -0.00374
 2007   -0.00668   -0.01775   -0.00666
 2008   -0.00743   -0.01928   -0.00710
 2009   -0.00606   -0.01767   -0.00818
 2010   -0.01247   -0.01804    0.00716
 2011   -0.01356   -0.01860    0.00894
 2012   -0.01272   -0.01698    0.00882
 2013   -0.01325   -0.01644    0.00926
 2014   -0.01083   -0.01538    0.00734
 2015   -0.00975   -0.01409    0.00693
 2016   -0.01026   -0.01310    0.00969
 2017   -0.00908   -0.01199    0.01084
 2018   -0.00807   -0.01337    0.00413
 2019   -0.00728   -0.01462    0.00064
 2020   -0.00695   -0.01263    0.00316
 2021   -0.00579   -0.01373   -0.00188
 2022   -0.01039   -0.01299    0.01021
 2023   -0.00962   -0.01234    0.01227
 2024   -0.00802   -0.01061    0.01216
 2025   -0.00720   -0.01073    0.00962
 2026   -0.00867   -0.01278    0.01062
 2027   -0.00916   -0.01274    0.00794
 2028   -0.01015   -0.01342    0.00800
 2029   -0.00834   -0.00929    0.01605
 2030   -0.00707   -0.00701    0.01648
 2031   -0.00621   -0.00717    0.01440
 2032   -0.00471   -0.00590    0.01363
 2033   -0.00685   -0.00459    0.02058
 2034   -0.00847   -0.00602    0.02239
 2035   -0.00922   -0.00897    0.01935
 2036   -0.00613   -0.00906    0.01296
 2037   -0.00466   -0.00925    0.00971
 2038   -0.00387   -0.01015    0.00701
 2039   -0.00222   -0.01030    0.00508
 2040   -0.00301   -0.01002    0.00805
 2041   -0.00359   -0.00938    0.01254
 2042   -0.00452   -0.00897    0.01652
 2043   -0.00104   -0.01045    0.01006
 2044   -0.00460   -0.01030    0.00632
 2045   -0.00413   -0.01087    0.00356
 2046   -0.00365   -0.00995    0.00299
 2047   -0.00352   -0.01027    0.00095
 2048   -0.00511   -0.01159    0.00264
 2049   -0.00548   -0.01155    0.00220
 2050   -0.00596   -0.01136    0.00083
 2051   -0.00649   -0.01211    0.00143
 2052   -0.00559   -0.01100   -0.00062
 2053   -0.00348   -0.00875    0.00482
 2054   -0.00243   -0.00794    0.00431
 2055   -0.00072   -0.00611    0.00448
 2056   -0.00150   -0.00513    0.00715
 2057   -0.00291   -0.00754    0.00642
 2058   -0.00412   -0.00890    0.00630
 2059   -0.00483   -0.00816    0.00833
 2060   -0.00349   -0.00653    0.00802
 2061   -0.00635   -0.00915    0.01022
 2062   -0.00002   -0.00529    0.00260
 2063    0.00109   -0.00291    0.00267
 2064    0.00281   -0.00133    0.00129
 2065    0.00192   -0.00302   -0.00146
 2066    0.00115   -0.00375    0.00058
 2067    0.00010   -0.00520    0.00094
 2068   -0.00012   -0.00280    0.00375
 2069   -0.00065   -0.00462    0.00256
 2070   -0.00117   -0.00689    0.00194
 2071   -0.00099   -0.00749    0.00356
 2072   -0.00177   -0.00933   -0.00095
 2073    0.00446    0.00158    0.00302
 2074    0.00587    0.00359    0.00189
 2075    0.00754    0.00647    0.00080
 2076    0.00912    0.00901    0.00303
 2077    0.00576    0.00569    0.00459
 2078    0.00397    0.00306    0.00490
 2079    0.00391    0.00510    0.00804
 2080    0.00328    0.00117    0.00177
 2081    0.00751    0.00564   -0.00226
 2082    0.00988    0.00777   -0.00368
 2083    0.01221    0.01080   -0.00488
 2084    0.01071    0.00901   -0.00654
 2085    0.00897    0.00519   -0.00647
 2086    0.00632    0.00245   -0.00587
 2087    0.01215    0.00788   -0.00776
 2088    0.00727    0.00415   -0.00393
 2089    0.01560    0.01471   -0.00354
 2090    0.01879    0.01739   -0.00504
 2091    0.02176    0.01976   -0.00567
 2092    0.02322    0.02214   -0.00385
 2093    0.02004    0.02080   -0.00261
 2094    0.02341    0.02399   -0.00389
 2095    0.02335    0.02282   -0.00687
 2096    0.02681    0.02878   -0.00386
 2097    0.02608    0.02630   -0.00843
 2098    0.03002    0.03231   -0.00576
 2099    0.02987    0.03074   -0.00804
 2100    0.02284    0.01905   -0.00893
 2101    0.02570    0.02013   -0.00989
 2102    0.02437    0.01951   -0.00931
 2103    0.02694    0.02227   -0.00890
 2104    0.03201    0.02674   -0.01156
 2105    0.01898    0.01478   -0.00905
 2106    0.01770    0.01357   -0.00830
 2107    0.02126    0.01590   -0.00845
 2108    0.01978    0.01553   -0.00816
 2109    0.02043    0.01702   -0.00509
 2110    0.01997    0.01791   -0.00223
 2111    0.01736    0.01652   -0.00026
 2112    0.01613    0.01590   -0.00024
 2113    0.02328    0.02212   -0.00055
 2114    0.02663    0.02401   -0.00246
 2115    0.02712    0.02271   -0.00389
 2116    0.03395    0.02524   -0.00780
 2117    0.03838    0.02569   -0.01316
 2118    0.01592    0.01612    0.00183
 2119    0.01344    0.01439    0.00411
 2120    0.01350    0.01739    0.00750
 2121    0.01506    0.02065    0.00956
 2122    0.01110    0.01260    0.00508
 2123    0.00854    0.00820    0.00280
 2124    0.00567    0.00599    0.00385
 2125    0.00508    0.00700    0.00680
 2126    0.00383    0.00021    0.00126
 2127    0.01194    0.01660    0.00810
 2128    0.01181    0.01931    0.01164
 2129    0.00907    0.01797    0.01514
 2130    0.00726    0.01444    0.01459
 2131    0.01188    0.01900    0.01074
 2132    0.01352    0.01903    0.00711
 2133    0.01316    0.01831    0.00660
 2134    0.01694    0.02330    0.00685
 2135    0.00898    0.02128    0.01891
 2136    0.00656    0.02106    0.02244
 2137    0.00497    0.02149    0.02549
 2138    0.00669    0.02423    0.02606
 2139    0.00663    0.02411    0.02536
 2140    0.00375    0.02385    0.02936
 2141    0.00271    0.02001    0.02627
 2142    0.00385    0.01821    0.02232
 2143    0.00016    0.01892    0.02932
 2144    0.00202    0.01886    0.02701
 2145    0.00088    0.01926    0.02964
 2146    0.00108    0.02358    0.03396
 2147    0.00104    0.02538    0.03571
 2148   -0.00170    0.01631    0.03077
 2149   -0.00117    0.01079    0.02476
 2150   -0.00031    0.00953    0.02264
 2151   -0.00252    0.00840    0.02290
 2152    0.00146    0.02502    0.03508
 2153    0.00195    0.02881    0.03877
 2154    0.00540    0.03230    0.03784
 2155    0.00601    0.03459    0.03993
 2156    0.00771    0.03267    0.03434
 2157    0.01079    0.03562    0.03297
 2158    0.01135    0.03430    0.03066
 2159    0.01017    0.03064    0.02833
 2160    0.01278    0.03613    0.03010
 2161    0.01443    0.04013    0.03216
 2162    0.01745    0.04146    0.02876
 2163    0.01988    0.04611    0.03063
 2164    0.02041    0.04793    0.03220
 2165    0.02354    0.05352    0.03467
 2166    0.01870    0.04486    0.03151
 2167    0.01360    0.03746    0.03134
 2168    0.01432    0.03665    0.02940
 2169    0.01638    0.03598    0.02485
 2170    0.01792    0.03702    0.02338
 2171    0.01586    0.04014    0.03175
 2172    0.01839    0.04384    0.03158
 2173    0.01345    0.04061    0.03662
 2174    0.01646    0.03435    0.02280
 2175    0.01806    0.03375    0.01867
 2176    0.02133    0.03791    0.01805
 2177    0.02301    0.03828    0.01493
 2178    0.01748    0.03145    0.01687
 2179    0.01459    0.02669    0.01536
 2180    0.01324    0.02483    0.01550
 2181    0.01495    0.02470    0.01131
 2182    0.02244    0.04095    0.02072
 2183    0.02534    0.04519    0.02064
 2184    0.02691    0.04725    0.02068
 2185    0.02987    0.04966    0.01850
 2186    0.02517    0.04748    0.02431
 2187    0.02831    0.05197    0.02403
 2188    0.02490    0.04642    0.02292
 2189    0.02600    0.04821    0.02322
 2190    0.02744    0.04712    0.01898
 2191    0.02967    0.04945    0.01833
 2192    0.02309    0.04695    0.02612
 2193    0.02221    0.04912    0.03058
 2194    0.01946    0.04689    0.03286
 2195    0.02428    0.05316    0.03226
 2196    0.02612    0.04339    0.01632
 2197    0.02718    0.04189    0.01238
 2198    0.02948    0.04303    0.00913
 2199    0.03045    0.04199    0.00528
 2200    0.02448    0.03680    0.01091
 2201    0.02231    0.03564    0.01297
 2202    0.01946    0.03430    0.01636
 2203    0.02285    0.03540    0.01222
 2204    0.01751    0.03318    0.01855
 2205    0.02098    0.03423    0.01442
 2206    0.01829    0.03321    0.01739
 2207    0.01636    0.03225    0.01952
 2208    0.03035    0.04516    0.01057
 2209    0.03244    0.04648    0.00811
 2210    0.03182    0.04303    0.00442
 2211    0.03397    0.04352    0.00081
 2212    0.03630    0.05022    0.00650
 2213    0.03800    0.05422    0.01015
 2214    0.03861    0.05640    0.01240
 2215    0.03862    0.05485    0.01045
 2216    0.02850    0.03977    0.00560
 2217    0.02694    0.03656    0.00283
 2218    0.02802    0.03769    0.00214
 2219    0.02719    0.03852    0.00509
 2220    0.02314    0.03249    0.00392
 2221    0.02234    0.03018    0.00216
 2222    0.02159    0.02952    0.00217
 2223    0.02235    0.03066    0.00463
 2224    0.02992    0.03764   -0.00196
 2225    0.03161    0.03851   -0.00339
 2226    0.02892    0.03477   -0.00445
 2227    0.02563    0.03133   -0.00392
 2228    0.03616    0.04119   -0.00689
 2229    0.04019    0.04631   -0.00500
 2230    0.04237    0.04972   -0.00369
 2231    0.04413    0.04956   -0.00641
 2232    0.04186    0.05190    0.00009
 2233    0.03023    0.03565   -0.00592
 2234    0.02823    0.03203   -0.00777
 2235    0.02837    0.02924   -0.01236
 2236    0.03134    0.03095   -0.01516
 2237    0.02989    0.03382   -0.00812
 2238    0.03451    0.03796   -0.01037
 2239    0.03637    0.04055   -0.00930
 2240    0.03804    0.03913   -0.01325
 2241    0.04485    0.04279   -0.01591
 2242    0.02536    0.02522   -0.01304
 2243    0.02549    0.02206   -0.01726
 2244    0.02650    0.02196   -0.01822
 2245    0.02841    0.02101   -0.02220
 2246    0.02815    0.02219   -0.02158
 2247    0.02769    0.02219   -0.02076
 2248    0.03102    0.02660   -0.02000
 2249    0.03490    0.02924   -0.02234
 2250    0.03008    0.02743   -0.01727
 2251    0.02530    0.02275   -0.01468
 2252    0.02575    0.02255   -0.01543
 2253    0.02128    0.01848   -0.01404
 2254    0.01867    0.01729   -0.01109
 2255    0.02759    0.02643   -0.01260
 2256    0.02515    0.02712   -0.00794
 2257    0.01977    0.01560   -0.01559
 2258    0.01653    0.01129   -0.01558
 2259    0.01490    0.01063   -0.01279
 2260    0.01706    0.01276   -0.01248
 2261    0.01723    0.00927   -0.01899
 2262    0.01913    0.01008   -0.02201
 2263    0.01329    0.00503   -0.01900
 2264    0.01180    0.00809   -0.01091
 2265    0.00999    0.00697   -0.00889
 2266    0.00765    0.00338   -0.01100
 2267    0.00699    0.00128   -0.01264
 2268    0.00879    0.00773   -0.00501
 2269    0.01062    0.01183   -0.00212
 2270    0.00870    0.01121    0.00123
 2271    0.01327    0.01519   -0.00148
 2272    0.00661    0.00239   -0.01050
 2273    0.00489   -0.00031   -0.01166
 2274    0.00292   -0.00179   -0.00928
 2275    0.00347   -0.00008   -0.00688
 2276    0.00590    0.00003   -0.01293
 2277    0.00547    0.00001   -0.01537
 2278    0.00401   -0.00195   -0.01581
 2279    0.00752    0.00259   -0.01663
 2280    0.00343   -0.00125   -0.01731
 2281    0.00606    0.00216   -0.01834
 2282    0.00174   -0.00403   -0.00930
 2283    0.00066   -0.00541   -0.00709
 2284    0.00006   -0.00712   -0.00772
 2285   -0.00035   -0.00812   -0.00931
 2286   -0.00005   -0.00658   -0.00652
 2287   -0.00074   -0.00781   -0.00398
 2288   -0.00044   -0.00632   -0.00089
 2289   -0.00171   -0.00915   -0.00382
 2290   -0.00030   -0.00697   -0.00638
 2291   -0.00089   -0.00824   -0.00676
 2292   -0.00145   -0.00905   -0.00507
 2293   -0.00081   -0.00818   -0.00278
 2294   -0.00027   -0.00769   -0.00701
 2295   -0.00112   -0.00953   -0.00693
 2296    0.00071   -0.00648   -0.00867
 2297   -0.00213   -0.01019   -0.00560
 2298   -0.00252   -0.01088   -0.00439
 2299   -0.00261   -0.01131   -0.00484
 2300   -0.00265   -0.01156   -0.00602
 2301   -0.00304   -0.01168   -0.00477
 2302   -0.00308   -0.01170   -0.00465
 2303   -0.00372   -0.01291   -0.00568
 2304   -0.00339   -0.01124   -0.00238
 2305   -0.00255   -0.01098   -0.00396
 2306   -0.00256   -0.01136   -0.00479
 2307   -0.00290   -0.01143   -0.00449
 2308   -0.00327   -0.01133   -0.00329
 2309   -0.00199   -0.01167   -0.00398
 2310   -0.00190   -0.01141   -0.00376
 2311   -0.00205   -0.01229   -0.00545
 2312   -0.00174   -0.01177   -0.00513
 2313   -0.00166   -0.01211   -0.00599
 2314   -0.00178   -0.01201   -0.00676
 2315   -0.00155   -0.01217   -0.00611
 2316   -0.00253   -0.01166   -0.00544
 2317   -0.00227   -0.01176   -0.00579
 2318   -0.00172   -0.01136   -0.00662
 2319   -0.00149   -0.01111   -0.00720
 2320   -0.00264   -0.01179   -0.00581
 2321   -0.00351   -0.01232   -0.00539
 2322   -0.00343   -0.01266   -0.00596
 2323   -0.00442   -0.01240   -0.00399
 2324   -0.00156   -0.01105   -0.00632
 2325   -0.00075   -0.01077   -0.00715
 2326   -0.00065   -0.01056   -0.00711
 2327   -0.00103   -0.01050   -0.00687
 2328   -0.00010   -0.01104   -0.00740
 2329   -0.00018   -0.01114   -0.00698
 2330   -0.00056   -0.01094   -0.00613
 2331    0.00021   -0.01089   -0.00725
 2332   -0.00038   -0.01041   -0.00628
 2333   -0.00250   -0.01028   -0.00464
 2334    0.00048   -0.00964   -0.00698
 2335    0.00046   -0.00981   -0.00773
 2336    0.00106   -0.00900   -0.00763
 2337    0.00227   -0.00772   -0.00805
 2338    0.00319   -0.00755   -0.00885
