    1   -0.01031    0.02258   -0.00845
    2   -0.00867    0.02163   -0.00585
    3   -0.00505    0.01869   -0.00141
    4   -0.00417    0.01731   -0.00013
    5   -0.01177    0.02086   -0.00787
    6   -0.01398    0.02331   -0.00933
    7   -0.02362    0.02288   -0.01563
    8   -0.01674    0.02301   -0.01015
    9   -0.00481    0.01838   -0.00080
   10   -0.00279    0.01696    0.00132
   11   -0.00264    0.01537    0.00191
   12   -0.00364    0.01606    0.00077
   13   -0.00208    0.01988    0.00212
   14   -0.00265    0.02351    0.00040
   15   -0.00028    0.02731    0.00075
   16    0.00058    0.03090   -0.00036
   17    0.00006    0.02333    0.00338
   18   -0.00162    0.01364    0.00310
   19   -0.00178    0.01275    0.00316
   20   -0.00130    0.01397    0.00372
   21   -0.00047    0.01529    0.00403
   22   -0.00123    0.01135    0.00398
   23   -0.00200    0.01042    0.00361
   24   -0.00105    0.00984    0.00472
   25   -0.00400    0.01033    0.00227
   26   -0.00098    0.01311    0.00381
   27   -0.00017    0.01262    0.00403
   28    0.00058    0.01246    0.00486
   29    0.00060    0.01213    0.00526
   30   -0.00104    0.01237    0.00380
   31   -0.00196    0.01319    0.00347
   32   -0.00212    0.01268    0.00379
   33   -0.00324    0.01311    0.00358
   34   -0.00339    0.01382    0.00341
   35    0.00097    0.01262    0.00472
   36    0.00138    0.01185    0.00569
   37    0.00069    0.01176    0.00493
   38   -0.00017    0.01148    0.00419
   39    0.00151    0.01062    0.00545
   40    0.00165    0.01063    0.00552
   41    0.00114    0.01253    0.00407
   42    0.00093    0.01103    0.00574
   43    0.00024    0.01104    0.00482
   44   -0.00022    0.01017    0.00455
   45    0.00004    0.00979    0.00512
   46    0.00090    0.01088    0.00556
   47    0.00056    0.01077    0.00510
   48   -0.00033    0.01073    0.00446
   49   -0.00024    0.01054    0.00489
   50   -0.00126    0.00991    0.00332
   51   -0.00228    0.00928    0.00263
   52   -0.00183    0.00954    0.00276
   53   -0.00188    0.00977    0.00315
   54   -0.00301    0.00956    0.00172
   55   -0.00377    0.00847    0.00045
   56   -0.00422    0.00873   -0.00105
   57   -0.00376    0.00827   -0.00207
   58   -0.00401    0.00755   -0.00174
   59   -0.00201    0.00850    0.00262
   60   -0.00196    0.00869    0.00264
   61   -0.00324    0.00834    0.00188
   62   -0.00405    0.00758    0.00087
   63   -0.00154    0.00846    0.00307
   64   -0.00107    0.00760    0.00294
   65   -0.00230    0.00770    0.00192
   66   -0.00043    0.00697    0.00360
   67   -0.00192    0.00871    0.00240
   68   -0.00286    0.00896    0.00176
   69   -0.00076    0.00957    0.00146
   70   -0.00027    0.00976    0.00208
   71   -0.00303    0.00929    0.00112
   72   -0.00228    0.00966    0.00006
   73   -0.00207    0.01031    0.00007
   74   -0.00245    0.00978   -0.00077
   75   -0.00007    0.00909    0.00118
   76    0.00094    0.00905    0.00121
   77    0.00148    0.00990    0.00123
   78    0.00185    0.00953    0.00170
   79    0.00145    0.00942    0.00137
   80   -0.00009    0.00826    0.00150
   81   -0.00170    0.00845    0.00056
   82    0.00062    0.01069    0.00151
   83    0.00060    0.01163    0.00243
   84    0.00052    0.01174    0.00269
   85    0.00089    0.01090    0.00307
   86    0.00051    0.01294    0.00275
   87    0.00034    0.01425    0.00382
   88    0.00017    0.01476    0.00431
   89    0.00024    0.01600    0.00397
   90   -0.00185    0.01573    0.00357
   91   -0.00027    0.01164    0.00264
   92   -0.00052    0.01143    0.00323
   93    0.00013    0.01074    0.00309
   94   -0.00000    0.01051    0.00344
   95   -0.00121    0.01113    0.00346
   96   -0.00201    0.01147    0.00326
   97   -0.00299    0.01118    0.00264
   98   -0.00290    0.01141    0.00324
   99    0.00067    0.01003    0.00298
  100    0.00118    0.00913    0.00291
  101    0.00147    0.00819    0.00202
  102    0.00211    0.00770    0.00200
  103    0.00164    0.00839    0.00272
  104    0.00174    0.00844    0.00329
  105    0.00111    0.00976    0.00377
  106    0.00155    0.00817    0.00330
  107    0.00146    0.00835    0.00196
  108    0.00227    0.00807    0.00159
  109    0.00196    0.00798    0.00195
  110    0.00231    0.00714    0.00167
  111    0.00266    0.00832    0.00203
  112    0.00316    0.00783    0.00178
  113    0.00420    0.00699    0.00136
  114    0.00428    0.00843    0.00198
  115    0.00050    0.00907    0.00225
  116   -0.00008    0.00976    0.00284
  117    0.00008    0.00920    0.00296
  118   -0.00038    0.00877    0.00285
  119   -0.00106    0.01081    0.00369
  120   -0.00164    0.01159    0.00377
  121   -0.00120    0.01232    0.00381
  122   -0.00227    0.01351    0.00399
  123   -0.00194    0.01469    0.00413
  124    0.00028    0.00905    0.00328
  125    0.00019    0.00826    0.00347
  126    0.00111    0.00738    0.00300
  127    0.00072    0.00646    0.00249
  128    0.00087    0.00874    0.00354
  129    0.00108    0.00807    0.00368
  130   -0.00003    0.00952    0.00356
  131    0.00226    0.00677    0.00254
  132    0.00335    0.00529    0.00153
  133    0.00281    0.00505    0.00113
  134    0.00298    0.00374    0.00104
  135    0.00490    0.00473    0.00101
  136    0.00573    0.00483    0.00146
  137    0.00669    0.00446    0.00064
  138    0.00676    0.00414    0.00220
  139    0.00188    0.00596    0.00126
  140    0.00105    0.00513    0.00113
  141   -0.00029    0.00511    0.00130
  142   -0.00092    0.00346    0.00078
  143    0.00067    0.00650    0.00157
  144    0.00167    0.00605    0.00144
  145    0.00155    0.00761    0.00185
  146    0.00282    0.00460    0.00144
  147    0.00161    0.00744    0.00170
  148    0.00355    0.00322    0.00163
  149    0.00348    0.00536    0.00170
  150    0.00371    0.00586    0.00186
  151   -0.00097    0.00603    0.00158
  152   -0.00246    0.00544    0.00158
  153   -0.00231    0.00414    0.00099
  154   -0.00354    0.00310    0.00070
  155   -0.00299    0.00639    0.00236
  156   -0.00392    0.00767    0.00292
  157   -0.00430    0.00852    0.00326
  158   -0.00492    0.00985    0.00373
  159   -0.00635    0.01039    0.00396
  160   -0.00733    0.00968    0.00391
  161   -0.00677    0.01204    0.00469
  162   -0.00086    0.00409    0.00107
  163   -0.00034    0.00273    0.00092
  164    0.00008    0.00110    0.00027
  165    0.00054   -0.00059    0.00016
  166    0.00131    0.00307    0.00180
  167    0.00096    0.00431    0.00231
  168    0.00267    0.00479    0.00312
  169   -0.00024    0.00385    0.00209
  170    0.00010    0.00090   -0.00012
  171    0.00038   -0.00121   -0.00014
  172    0.00268   -0.00194    0.00057
  173    0.00326   -0.00398    0.00070
  174    0.00402   -0.00080    0.00069
  175    0.00634   -0.00154    0.00102
  176    0.00678   -0.00204    0.00090
  177    0.00585   -0.00090    0.00056
  178    0.00690   -0.00014    0.00102
  179    0.00922   -0.00073    0.00102
  180    0.00654    0.00033    0.00181
  181    0.00801   -0.00334    0.00093
  182    0.00866   -0.00405    0.00030
  183    0.01028   -0.00417    0.00034
  184    0.01114   -0.00407    0.00043
  185    0.00804   -0.00549    0.00065
  186    0.01008   -0.00460   -0.00003
  187    0.01082   -0.00515   -0.00020
  188    0.01028   -0.00522   -0.00173
  189    0.00991   -0.00513   -0.00238
  190    0.01299   -0.00735   -0.00534
  191    0.01325   -0.00851   -0.00729
  192    0.01335   -0.00597   -0.00671
  193    0.01287   -0.00605   -0.00767
  194    0.01265   -0.01061   -0.00450
  195    0.01483   -0.01358   -0.00447
  196    0.00395   -0.01319    0.00143
  197   -0.00600   -0.01550    0.00414
  198   -0.00806   -0.02020    0.00421
  199    0.01250   -0.00270   -0.00247
  200    0.01212   -0.00107   -0.00122
  201    0.01138    0.00075   -0.00154
  202    0.01073    0.00118   -0.00175
  203    0.01241   -0.00088    0.00022
  204    0.01300   -0.00175    0.00215
  205    0.01263   -0.00272    0.00249
  206    0.01342   -0.00175    0.00366
  207    0.01277   -0.00319    0.00445
  208    0.01323   -0.00266    0.00539
  209    0.01385   -0.00088    0.00370
  210    0.01352   -0.00337    0.00680
  211    0.01440   -0.00111    0.00489
  212    0.01448   -0.00236    0.00605
  213    0.01084    0.00158   -0.00131
  214    0.00962    0.00330   -0.00117
  215    0.00892    0.00439   -0.00009
  216    0.00968    0.00385   -0.00015
  217    0.00855    0.00357   -0.00038
  218    0.00905    0.00126   -0.00173
  219    0.00739    0.00353    0.00029
  220    0.00794    0.00185   -0.00012
  221    0.00729    0.00125    0.00020
  222    0.00762    0.00199    0.00077
  223    0.00720   -0.00028   -0.00036
  224    0.00683    0.00617    0.00085
  225    0.00522    0.00687    0.00199
  226    0.00592    0.00699    0.00122
  227    0.00524    0.00751    0.00119
  228    0.00406    0.00711    0.00181
  229    0.00518    0.00657    0.00186
  230    0.00553    0.00621    0.00147
  231    0.00619    0.00611    0.00230
  232    0.00635    0.00579    0.00233
  233    0.00742    0.00573    0.00302
  234    0.00803    0.00590    0.00337
  235    0.00582    0.00618    0.00136
  236    0.00552    0.00564    0.00038
  237    0.00392    0.00580    0.00140
  238    0.00388    0.00597    0.00208
  239    0.00705    0.00493    0.00022
  240    0.00575    0.00363    0.00001
  241    0.00769    0.00413    0.00031
  242    0.00165    0.00505    0.00126
  243   -0.00077    0.00406    0.00044
  244   -0.00009    0.00215    0.00048
  245   -0.00018    0.00118    0.00034
  246   -0.00333    0.00397   -0.00191
  247   -0.00501    0.00417   -0.00282
  248   -0.00536    0.00407   -0.00481
  249   -0.00346    0.00516   -0.00106
  250   -0.00166    0.00173   -0.00058
  251   -0.00183    0.00057   -0.00060
  252   -0.00436   -0.00032   -0.00222
  253   -0.00476    0.00047   -0.00263
  254    0.00006    0.00156    0.00056
  255   -0.00049    0.00109    0.00002
  256    0.00192    0.00256    0.00191
  257   -0.00615   -0.00181   -0.00353
  258   -0.00755   -0.00176   -0.00598
  259   -0.00830   -0.00123   -0.00663
  260   -0.00794   -0.00121   -0.00785
  261   -0.00772   -0.00223   -0.00818
  262   -0.00673   -0.00260   -0.01073
  263   -0.00686   -0.00331   -0.01323
  264   -0.00737   -0.00323   -0.01218
  265   -0.00741   -0.00115   -0.00412
  266   -0.00701   -0.00057   -0.00447
  267   -0.00427   -0.00134   -0.00198
  268   -0.00132   -0.00143   -0.00039
  269   -0.00422   -0.00059   -0.00139
  270    0.00022   -0.00220    0.00188
  271    0.00124   -0.00334    0.00345
  272    0.00318   -0.00392    0.00579
  273    0.00027   -0.00019    0.00230
  274   -0.00119    0.00151    0.00157
  275   -0.00077    0.00177    0.00260
  276    0.00073    0.00162    0.00343
  277   -0.00027   -0.00358    0.00211
  278    0.00044   -0.00450    0.00355
  279    0.00021   -0.00548    0.00430
  280   -0.00034   -0.00534    0.00304
  281   -0.00336   -0.00474    0.00215
  282   -0.00291   -0.00392   -0.00001
  283   -0.00421   -0.00363   -0.00163
  284   -0.00415   -0.00600   -0.00119
  285   -0.00524   -0.00297   -0.00259
  286    0.00108   -0.00584    0.00589
  287   -0.00087   -0.00722    0.00565
  288   -0.00334   -0.00718    0.00348
  289   -0.00417   -0.00732    0.00279
  290   -0.00104   -0.00763    0.00781
  291    0.00089   -0.00749    0.01053
  292    0.00316   -0.00639    0.01169
  293    0.00469   -0.00726    0.01415
  294    0.00421   -0.00498    0.01151
  295   -0.00727   -0.00800    0.00261
  296   -0.00820   -0.00990    0.00137
  297   -0.00655   -0.00952    0.00038
  298   -0.00709   -0.01136   -0.00059
  299   -0.00811   -0.01122    0.00081
  300   -0.00619   -0.00779    0.00029
  301   -0.00510   -0.00678    0.00024
  302   -0.00418   -0.00666    0.00056
  303   -0.00262   -0.00669    0.00005
  304   -0.00610   -0.00450   -0.00101
  305   -0.00657   -0.00511   -0.00310
  306   -0.00172   -0.00605    0.00112
  307   -0.00140   -0.00552    0.00122
  308   -0.00109   -0.00625    0.00109
  309    0.00152   -0.00396    0.00216
  310    0.00068   -0.00448    0.00257
  311    0.00113   -0.00437    0.00310
  312    0.00385   -0.00311    0.00651
  313    0.00185   -0.00189    0.00292
  314   -0.00277   -0.00707    0.00185
  315   -0.00414   -0.00736    0.00224
  316   -0.00173   -0.00782    0.00150
  317    0.00064   -0.00674    0.00132
  318   -0.00082   -0.00897    0.00024
  319    0.00087   -0.00982   -0.00045
  320    0.00271   -0.00521    0.00088
  321    0.00411   -0.00441    0.00089
  322   -0.00150   -0.01093   -0.00229
  323   -0.00273   -0.00768   -0.00158
  324    0.00382   -0.00360    0.00108
  325    0.00688   -0.00120    0.00188
  326    0.01010    0.00108    0.00270
  327    0.00928    0.00060    0.00264
  328    0.00598   -0.00038    0.00208
  329    0.00906    0.00141    0.00364
  330    0.00380   -0.00058    0.00157
  331    0.01095    0.00150    0.00317
  332    0.01100    0.00084    0.00303
  333    0.01057    0.00030    0.00415
  334    0.01099    0.00092    0.00400
  335    0.01087    0.00096    0.00225
  336    0.01020    0.00127    0.00225
  337    0.01024    0.00102    0.00226
  338    0.01014   -0.00241    0.00510
  339    0.01024   -0.00230    0.00544
  340    0.01145   -0.00465    0.00758
  341    0.00878   -0.00918    0.00955
  342    0.01086   -0.00137    0.00204
  343    0.01258   -0.00511    0.00881
  344    0.01423   -0.00277    0.00655
  345    0.01384   -0.00153    0.00634
  346    0.01280   -0.00145    0.00648
  347    0.01551   -0.00438    0.00716
  348    0.01383   -0.00586    0.00851
  349    0.01139   -0.00688    0.00962
  350    0.01468   -0.00084    0.00685
  351    0.01421    0.00006    0.00625
  352    0.01534   -0.00081    0.00604
  353    0.01642   -0.00112    0.00611
  354    0.01277    0.00107    0.00631
  355    0.01509   -0.00021    0.00535
  356    0.01619   -0.00019    0.00537
  357    0.01537    0.00090    0.00485
  358    0.01625    0.00070    0.00476
  359    0.01587   -0.00053    0.00538
  360    0.01532    0.00023    0.00456
  361    0.01497    0.00156    0.00505
  362    0.01410    0.00220    0.00512
  363    0.01220    0.00265    0.00529
  364    0.01103    0.00316    0.00479
  365    0.01362    0.00304    0.00496
  366    0.01165    0.00298    0.00584
  367    0.01001    0.00358    0.00594
  368    0.00895    0.00425    0.00634
  369    0.00942    0.00406    0.00641
  370    0.01005    0.00263    0.00677
  371    0.00719    0.00313    0.00687
  372    0.00655    0.00374    0.00577
  373    0.00715    0.00262    0.00740
  374    0.00759    0.00577    0.00605
  375    0.00638    0.00629    0.00608
  376    0.00524    0.00615    0.00610
  377    0.00436    0.00716    0.00530
  378    0.00581    0.00659    0.00563
  379    0.00554    0.00660    0.00618
  380    0.00750    0.00667    0.00646
  381    0.00495    0.00706    0.00572
  382    0.00480    0.00597    0.00680
  383    0.00427    0.00607    0.00701
  384    0.00346    0.00675    0.00733
  385    0.00415    0.00667    0.00764
  386    0.00438    0.00510    0.00715
  387    0.00329    0.00466    0.00693
  388    0.00268    0.00417    0.00585
  389    0.00372    0.00397    0.00741
  390    0.00191    0.00648    0.00653
  391    0.00170    0.00680    0.00664
  392    0.00125    0.00595    0.00659
  393    0.00029    0.00514    0.00560
  394    0.00065    0.00711    0.00614
  395    0.00094    0.00696    0.00606
  396    0.00049    0.00742    0.00581
  397   -0.00007    0.00649    0.00449
  398    0.00163    0.00575    0.00743
  399    0.00134    0.00486    0.00716
  400    0.00184    0.00445    0.00789
  401    0.00254    0.00466    0.00857
  402    0.00199    0.00417    0.00753
  403    0.00298    0.00401    0.00828
  404    0.00301    0.00307    0.00865
  405    0.00329    0.00464    0.00863
  406    0.00314    0.00244    0.00918
  407    0.00393    0.00428    0.00926
  408    0.00382    0.00325    0.00930
  409    0.00161    0.00373    0.00703
  410    0.00202    0.00334    0.00756
  411    0.00242    0.00273    0.00921
  412    0.00255    0.00234    0.00914
  413    0.00157    0.00266    0.00595
  414    0.00074    0.00284    0.00482
  415    0.00063    0.00331    0.00574
  416    0.00302    0.00221    0.01056
  417    0.00359    0.00075    0.01206
  418    0.00273   -0.00047    0.01104
  419    0.00424   -0.00184    0.01089
  420    0.00476    0.00029    0.01264
  421    0.00426   -0.00084    0.01329
  422    0.00382    0.00012    0.01265
  423    0.00462    0.00074    0.01327
  424    0.00146   -0.00051    0.01011
  425   -0.00055   -0.00306    0.01044
  426   -0.00163   -0.00909    0.01008
  427   -0.00122   -0.01025    0.00986
  428   -0.00002   -0.00407    0.00895
  429    0.00045   -0.00386    0.00797
  430    0.00144    0.00017    0.00761
  431   -0.00288   -0.01156    0.01105
  432   -0.00347   -0.01529    0.01081
  433   -0.00230   -0.01470    0.00766
  434   -0.00182   -0.01796    0.00705
  435   -0.00462   -0.01857    0.01276
  436   -0.00150   -0.01180    0.00679
  437   -0.00036   -0.01187    0.00481
  438    0.00012   -0.01020    0.00407
  439   -0.00033   -0.01193    0.00257
  440    0.00088   -0.00987    0.00431
  441    0.00188   -0.01035    0.00252
  442    0.00188   -0.01408    0.00029
  443    0.00145   -0.01727   -0.00039
  444    0.00302   -0.01440   -0.00056
  445    0.00002   -0.00771    0.00586
  446    0.00040   -0.00614    0.00636
  447   -0.00052   -0.00900    0.00684
  448   -0.00056   -0.00934    0.00605
  449    0.00089   -0.00403    0.00773
  450    0.00133   -0.00276    0.00795
  451    0.00157   -0.00321    0.00944
  452    0.00170   -0.00164    0.00696
  453    0.00231   -0.00202    0.00913
  454    0.00224   -0.00114    0.00780
  455   -0.00130   -0.01083    0.00875
  456   -0.00170   -0.01347    0.00952
  457   -0.00183   -0.01767    0.00790
  458   -0.00228   -0.01982    0.00857
  459   -0.00303   -0.01568    0.01133
  460   -0.00362   -0.01585    0.01385
  461   -0.00202   -0.01174    0.01421
  462   -0.00112   -0.01087    0.01476
  463   -0.00001   -0.00900    0.01266
  464   -0.00192   -0.01907    0.00560
  465   -0.00161   -0.02385    0.00304
  466   -0.00149   -0.02154    0.00061
  467   -0.00187   -0.02418   -0.00165
  468   -0.00091   -0.02651    0.00035
  469   -0.00116   -0.03347    0.00231
  470   -0.00015   -0.04388    0.00003
  471   -0.00138   -0.03097    0.00651
  472   -0.00133   -0.01685    0.00082
  473   -0.00144   -0.01458   -0.00093
  474   -0.00210   -0.01478   -0.00029
  475   -0.00358   -0.01521   -0.00332
  476   -0.00070   -0.01109    0.00033
  477   -0.00067   -0.00928   -0.00027
  478   -0.00155   -0.00950   -0.00151
  479   -0.00017   -0.00653    0.00116
  480   -0.00168   -0.00774   -0.00224
  481    0.00014   -0.00432    0.00040
  482   -0.00095   -0.00549   -0.00092
  483   -0.00160   -0.01328    0.00303
  484   -0.00174   -0.01173    0.00370
  485   -0.00201   -0.01523    0.00224
  486   -0.00213   -0.01413    0.00070
  487   -0.00081   -0.00935    0.00696
  488    0.00016   -0.00623    0.00756
  489    0.00109   -0.00395    0.00577
  490    0.00262   -0.00160    0.00675
  491    0.00344    0.00035    0.00615
  492    0.00262   -0.00027    0.00465
  493    0.00460    0.00159    0.00689
  494   -0.00205   -0.02004    0.00315
  495   -0.00212   -0.02568    0.00374
  496   -0.00343   -0.02570   -0.00153
  497   -0.00370   -0.02463   -0.00258
  498   -0.00121   -0.03319    0.00522
  499   -0.00064   -0.03369    0.01120
  500    0.00030   -0.03529    0.01528
  501    0.00241   -0.03876    0.02459
  502    0.00273   -0.06000    0.03493
  503   -0.00444   -0.02637   -0.00529
  504   -0.00685   -0.02587   -0.01079
  505   -0.00783   -0.01955   -0.01165
  506   -0.00994   -0.01831   -0.01499
  507   -0.00841   -0.02736   -0.01479
  508   -0.00646   -0.01648   -0.00889
  509   -0.00701   -0.01208   -0.00874
  510   -0.00620   -0.00978   -0.00774
  511   -0.00766   -0.00627   -0.00984
  512   -0.00457   -0.01018   -0.00481
  513   -0.00406   -0.00631   -0.00414
  514   -0.00165   -0.00345   -0.00147
  515   -0.00045   -0.00358    0.00053
  516   -0.00050   -0.00128   -0.00090
  517   -0.00427   -0.01059   -0.00486
  518   -0.00317   -0.00786   -0.00356
  519   -0.00521   -0.00791   -0.00634
  520   -0.00587   -0.00341   -0.00701
  521   -0.00077   -0.00908   -0.00016
  522    0.00037   -0.00764    0.00274
  523    0.00086   -0.00688    0.00072
  524    0.00122   -0.00999    0.00574
  525   -0.00640   -0.01301   -0.00745
  526   -0.00874   -0.01425   -0.01010
  527   -0.01291   -0.01332   -0.01512
  528   -0.01571   -0.01626   -0.01848
  529   -0.00770   -0.02189   -0.00921
  530   -0.00527   -0.02295   -0.00492
  531   -0.00330   -0.01978   -0.00147
  532   -0.00093   -0.01368   -0.00021
  533   -0.00324   -0.02408   -0.00006
  534   -0.01362   -0.00935   -0.01571
  535   -0.01941   -0.00745   -0.01977
  536   -0.02167   -0.00103   -0.01889
  537   -0.02739    0.00273   -0.02221
  538   -0.01826   -0.00929   -0.02301
  539   -0.02365   -0.00856   -0.02918
  540   -0.02322   -0.00476   -0.02418
  541   -0.01789   -0.00455   -0.01814
  542   -0.03212   -0.00358   -0.02458
  543   -0.01704    0.00037   -0.01445
  544   -0.01760    0.00544   -0.01177
  545   -0.01564    0.00953   -0.01243
  546   -0.01241    0.01258   -0.01052
  547   -0.01263    0.00436   -0.00897
  548   -0.01250    0.00391   -0.00780
  549   -0.01369    0.00166   -0.00880
  550   -0.00583    0.00412   -0.00531
  551   -0.01814    0.00906   -0.01502
  552   -0.01747    0.01355   -0.01346
  553   -0.01686    0.02532   -0.01101
  554   -0.01196    0.03131   -0.00859
  555   -0.02324    0.01422   -0.01798
  556   -0.02330    0.03206   -0.01186
  557   -0.03342    0.06902   -0.00749
  558   -0.03648    0.05841   -0.00722
  559   -0.08239    0.12348    0.01377
  560   -0.02195    0.02902   -0.01236
  561   -0.02128    0.02516   -0.01101
  562   -0.01486    0.02745   -0.01425
  563   -0.01153    0.03224   -0.01791
  564   -0.01643    0.01642   -0.01099
  565   -0.01020    0.01604   -0.01150
  566   -0.00632    0.01153   -0.00936
  567   -0.00730    0.00960   -0.00778
  568   -0.00261    0.01093   -0.00807
  569   -0.01065    0.02122   -0.01352
  570   -0.00567    0.01928   -0.01718
  571   -0.00124    0.01544   -0.01671
  572    0.00000    0.01218   -0.01258
  573   -0.00359    0.01745   -0.01622
  574    0.00150    0.01408   -0.01971
  575    0.00211    0.01376   -0.02785
  576   -0.00158    0.01661   -0.03246
  577    0.00526    0.01095   -0.02931
  578    0.00017    0.01711   -0.01871
  579    0.00362    0.01476   -0.01727
  580    0.00549    0.01283   -0.02134
  581    0.00414    0.01501   -0.02591
  582    0.00330    0.01622   -0.01611
  583    0.00479    0.01069   -0.01215
  584    0.00113    0.01434   -0.01304
  585    0.00798    0.00993   -0.01963
  586    0.00938    0.00805   -0.02422
  587    0.00952    0.00765   -0.02640
  588    0.01043    0.00669   -0.02066
  589    0.01332    0.00698   -0.02198
  590    0.01625    0.00697   -0.02626
  591    0.01000    0.00761   -0.03170
  592    0.00909    0.00449   -0.03474
  593    0.01394    0.00443   -0.03228
  594    0.01637    0.00132   -0.02694
  595    0.00618    0.00256   -0.04773
  596    0.01118    0.00395   -0.04800
  597    0.00907    0.00530   -0.03928
  598    0.01808    0.00607   -0.03025
  599    0.02141    0.00558   -0.02623
  600    0.02025    0.00424   -0.01686
  601    0.02199    0.00293   -0.01067
  602    0.02374    0.00658   -0.02660
  603    0.03011    0.00881   -0.02816
  604    0.04667    0.01898   -0.04113
  605    0.03380    0.00833   -0.02859
  606    0.05471    0.02638   -0.05128
  607    0.01723    0.00446   -0.01488
  608    0.01638    0.00385   -0.00817
  609    0.01609    0.00300   -0.00459
  610    0.01473    0.00224   -0.00571
  611    0.01350    0.00441   -0.00750
  612    0.01320    0.00382   -0.00322
  613    0.01393    0.00499   -0.00899
  614    0.01684    0.00277   -0.00074
  615    0.01639    0.00047    0.00220
  616    0.01421    0.00147    0.00251
  617    0.01412    0.00252    0.00298
  618    0.01671    0.00070    0.00335
  619    0.01445   -0.00021    0.00409
  620    0.01317    0.00029    0.00454
  621    0.01354   -0.00234    0.00423
  622    0.01135    0.00006    0.00469
  623    0.01148   -0.00285    0.00472
  624    0.01049   -0.00175    0.00462
  625    0.00842   -0.00188    0.00454
  626    0.01312    0.00047    0.00258
  627    0.01242    0.00204    0.00330
  628    0.01190    0.00177    0.00428
  629    0.01167    0.00062    0.00420
  630    0.01168    0.00239    0.00199
  631    0.01191    0.00314    0.00356
  632    0.01176    0.00394    0.00451
  633    0.01138    0.00297    0.00344
  634    0.01052    0.00400    0.00517
  635    0.01091    0.00350    0.00423
  636    0.01084    0.00382    0.00514
  637    0.01124    0.00251    0.00518
  638    0.01005    0.00221    0.00575
  639    0.00988    0.00327    0.00638
  640    0.01007    0.00378    0.00677
  641    0.00917    0.00172    0.00597
  642    0.00908    0.00302    0.00624
  643    0.00752    0.00297    0.00572
  644    0.00597    0.00274    0.00578
  645    0.00910    0.00301    0.00643
  646    0.00871    0.00364    0.00717
  647    0.00765    0.00435    0.00779
  648    0.00678    0.00427    0.00720
  649    0.00837    0.00315    0.00686
  650    0.00933    0.00292    0.00654
  651    0.00914    0.00259    0.00662
  652    0.00980    0.00263    0.00656
  653    0.01018    0.00268    0.00712
  654    0.00740    0.00514    0.00838
  655    0.00658    0.00597    0.00888
  656    0.00573    0.00645    0.00810
  657    0.00656    0.00630    0.00821
  658    0.00706    0.00665    0.00995
  659    0.00630    0.00737    0.00991
  660    0.00607    0.00812    0.01048
  661    0.00659    0.00792    0.01091
  662    0.00587    0.00907    0.01060
  663    0.00436    0.00696    0.00732
  664    0.00328    0.00764    0.00614
  665    0.00184    0.01030    0.00565
  666    0.00133    0.01243    0.00499
  667    0.00237    0.00724    0.00525
  668    0.00189    0.00615    0.00511
  669    0.00348    0.00602    0.00554
  670    0.00156    0.00995    0.00566
  671    0.00070    0.01153    0.00508
  672    0.00149    0.01253    0.00599
  673    0.00254    0.01138    0.00726
  674   -0.00034    0.00996    0.00465
  675   -0.00155    0.00866    0.00345
  676   -0.00143    0.01071    0.00390
  677   -0.00234    0.00760    0.00310
  678    0.00084    0.01540    0.00518
  679    0.00153    0.01569    0.00634
  680    0.00145    0.01548    0.00646
  681    0.00055    0.01461    0.00542
  682    0.00288    0.01354    0.00816
  683    0.00288    0.01279    0.00792
  684    0.00269    0.01202    0.00753
  685    0.00211    0.01199    0.00719
  686    0.00220    0.01403    0.00662
  687    0.00288    0.01434    0.00666
  688    0.00382    0.01328    0.00717
  689    0.00187    0.01596    0.00572
  690    0.00308    0.01079    0.00813
  691    0.00277    0.01036    0.00749
  692    0.00398    0.00897    0.00873
  693    0.00422    0.00870    0.00805
  694    0.00229    0.00988    0.00687
  695    0.00325    0.00922    0.00764
  696    0.00471    0.00910    0.00977
  697    0.00543    0.00848    0.00984
  698    0.00516    0.00848    0.00957
  699    0.00611    0.00781    0.00933
  700    0.00520    0.00836    0.01054
  701    0.00422    0.00893    0.01050
  702    0.00379    0.00882    0.00928
  703    0.00386    0.00894    0.00871
  704    0.00483    0.00864    0.00788
  705    0.00575    0.00838    0.00723
  706    0.00419    0.00891    0.00773
  707    0.00466    0.00826    0.00682
  708    0.00545    0.00744    0.00724
  709    0.00637    0.00658    0.00648
  710    0.00286    0.00807    0.00664
  711    0.00180    0.00850    0.00600
  712    0.00284    0.00685    0.00584
  713    0.00585    0.00735    0.00775
  714    0.00706    0.00630    0.00756
  715    0.00826    0.00645    0.00745
  716    0.00917    0.00590    0.00689
  717    0.00713    0.00649    0.00815
  718    0.00600    0.00665    0.00813
  719    0.00834    0.00573    0.00794
  720    0.00551    0.00598    0.00711
  721    0.00795    0.00690    0.00803
  722    0.00855    0.00680    0.00782
  723    0.00919    0.00666    0.00704
  724    0.01087    0.00576    0.00640
  725    0.00857    0.00701    0.00680
  726    0.00908    0.00670    0.00626
  727    0.01006    0.00564    0.00584
  728    0.01104    0.00480    0.00535
  729    0.00716    0.00712    0.00576
  730    0.00719    0.00773    0.00540
  731    0.00555    0.00848    0.00509
  732    0.00503    0.00766    0.00484
  733    0.00960    0.00534    0.00575
  734    0.01004    0.00417    0.00521
  735    0.01169    0.00361    0.00503
  736    0.01236    0.00259    0.00458
  737    0.00875    0.00400    0.00511
  738    0.00685    0.00394    0.00487
  739    0.00911    0.00266    0.00484
  740    0.00532    0.00373    0.00475
  741    0.01191    0.00415    0.00547
  742    0.01314    0.00386    0.00530
  743    0.01404    0.00359    0.00490
  744    0.01561    0.00329    0.00436
  745    0.01241    0.00435    0.00576
  746    0.01204    0.00440    0.00585
  747    0.01104    0.00482    0.00651
  748    0.01244    0.00414    0.00545
  749    0.01099    0.00487    0.00669
  750    0.01164    0.00421    0.00585
  751    0.01330    0.00427    0.00517
  752    0.01379    0.00393    0.00506
  753    0.01457    0.00277    0.00468
  754    0.01541    0.00237    0.00432
  755    0.01310    0.00479    0.00548
  756    0.01372    0.00269    0.00465
  757    0.01369    0.00136    0.00381
  758    0.01466    0.00031    0.00339
  759    0.01530   -0.00082    0.00348
  760    0.01190    0.00122    0.00375
  761    0.01149   -0.00060    0.00326
  762    0.01117    0.00213    0.00364
  763    0.01442    0.00054    0.00358
  764    0.01502   -0.00029    0.00333
  765    0.01702    0.00045    0.00247
  766    0.01819    0.00099    0.00179
  767    0.01429    0.00074    0.00346
  768    0.01747    0.00144    0.00256
  769    0.01938    0.00146    0.00270
  770    0.02020    0.00106    0.00255
  771    0.02174    0.00060    0.00224
  772    0.01853    0.00205    0.00257
  773    0.01796    0.00256    0.00220
  774    0.01936    0.00284    0.00145
  775    0.01594    0.00277    0.00313
  776    0.01832    0.00027    0.00309
  777    0.01747   -0.00042    0.00356
  778    0.01585   -0.00268    0.00407
  779    0.01544   -0.00315    0.00393
  780    0.01662   -0.00001    0.00406
  781    0.01726    0.00068    0.00421
  782    0.01790   -0.00038    0.00391
  783    0.01676    0.00170    0.00444
  784    0.01602   -0.00351    0.00365
  785    0.01482   -0.00541    0.00402
  786    0.01473   -0.00661    0.00461
  787    0.01391   -0.00753    0.00408
  788    0.01432   -0.00600    0.00339
  789    0.01418   -0.00532    0.00311
  790    0.01312   -0.00679    0.00311
  791    0.01188   -0.00941    0.00393
  792    0.01351   -0.00553    0.00297
  793    0.01551   -0.00664    0.00568
  794    0.01580   -0.00768    0.00590
  795    0.01455   -0.00673    0.00571
  796    0.01330   -0.00735    0.00679
  797    0.01712   -0.00787    0.00670
  798    0.01916   -0.00530    0.00323
  799    0.01849   -0.00586    0.00429
  800    0.01860   -0.00336    0.00278
  801    0.01404   -0.00532    0.00576
  802    0.01387   -0.00459    0.00575
  803    0.01368   -0.00413    0.00445
  804    0.01273   -0.00437    0.00436
  805    0.01437   -0.00352    0.00574
  806    0.01463   -0.00445    0.00662
  807    0.01524   -0.00358    0.00630
  808    0.01688   -0.00371    0.00464
  809    0.01841   -0.00290    0.00315
  810    0.01385   -0.00401    0.00387
  811    0.01385   -0.00390    0.00305
  812    0.01307   -0.00543    0.00274
  813    0.01312   -0.00664    0.00244
  814    0.01405   -0.00306    0.00225
  815    0.01351   -0.00125    0.00213
  816    0.01438   -0.00070    0.00304
  817    0.01276   -0.00015    0.00199
  818    0.01300   -0.00626    0.00190
  819    0.01196   -0.00784    0.00148
  820    0.01091   -0.00711    0.00172
  821    0.01028   -0.00550    0.00164
  822    0.00915   -0.00927    0.00159
  823    0.00700   -0.00929    0.00183
  824    0.00504   -0.01057    0.00084
  825    0.00503   -0.01285    0.00044
  826    0.00623   -0.00975    0.00162
  827    0.00769   -0.00815    0.00213
  828    0.00698   -0.00583    0.00190
  829    0.00897   -0.00866    0.00263
  830    0.00809   -0.00438    0.00225
  831    0.00993   -0.00694    0.00268
  832    0.00977   -0.00516    0.00269
  833    0.00329   -0.00905    0.00034
  834    0.00099   -0.01014   -0.00085
  835   -0.00129   -0.01252   -0.00136
  836   -0.00092   -0.01254   -0.00067
  837   -0.00045   -0.00750   -0.00075
  838   -0.00200   -0.00590   -0.00090
  839   -0.00336   -0.00360   -0.00091
  840   -0.00350   -0.00340   -0.00099
  841   -0.00423   -0.00231   -0.00112
  842   -0.00408   -0.01539   -0.00259
  843   -0.00709   -0.01879   -0.00371
  844   -0.00915   -0.01617   -0.00402
  845   -0.01141   -0.01428   -0.00501
  846   -0.01217   -0.02574   -0.00570
  847   -0.00828   -0.01626   -0.00402
  848   -0.00997   -0.01450   -0.00496
  849   -0.00715   -0.01061   -0.00392
  850   -0.00833   -0.00870   -0.00451
  851   -0.00424   -0.00981   -0.00236
  852   -0.00252   -0.00729   -0.00149
  853   -0.00272   -0.00658   -0.00151
  854   -0.00218   -0.00826   -0.00119
  855    0.00019   -0.00738   -0.00030
  856    0.00144   -0.00540    0.00026
  857   -0.00330   -0.00436   -0.00126
  858   -0.00355   -0.00360   -0.00124
  859   -0.00146   -0.00344   -0.00020
  860   -0.00148   -0.00426   -0.00025
  861   -0.00464   -0.00136   -0.00092
  862   -0.00485   -0.00111   -0.00066
  863   -0.00654   -0.00175   -0.00123
  864    0.00018   -0.00263    0.00038
  865    0.00233   -0.00238    0.00120
  866    0.00325   -0.00465    0.00151
  867    0.00399   -0.00500    0.00199
  868    0.00366   -0.00090    0.00178
  869    0.00581   -0.00035    0.00280
  870    0.00574    0.00036    0.00313
  871    0.00668    0.00105    0.00307
  872    0.00321   -0.00649    0.00128
  873    0.00388   -0.00920    0.00163
  874    0.00277   -0.01074    0.00135
  875    0.00381   -0.01195    0.00180
  876    0.00334   -0.01114    0.00131
  877    0.00406   -0.01395    0.00169
  878    0.00227   -0.01754    0.00083
  879    0.00245   -0.01804    0.00139
  880    0.00021   -0.02266    0.00041
  881    0.00052   -0.01060    0.00031
  882   -0.00088   -0.01169   -0.00041
  883    0.00004   -0.01032    0.00009
  884    0.00005   -0.01137    0.00003
  885   -0.00333   -0.01122   -0.00161
  886   -0.00517   -0.01228   -0.00265
  887   -0.00653   -0.01612   -0.00405
  888   -0.00505   -0.01822   -0.00341
  889   -0.01070   -0.01827   -0.00728
  890    0.00061   -0.00769    0.00061
  891    0.00132   -0.00615    0.00133
  892    0.00335   -0.00676    0.00226
  893    0.00347   -0.00721    0.00239
  894    0.00130   -0.00363    0.00173
  895    0.00198   -0.00230    0.00244
  896    0.00064   -0.00264    0.00212
  897    0.00399   -0.00167    0.00322
  898    0.00125   -0.00195    0.00258
  899    0.00460   -0.00051    0.00378
  900    0.00323   -0.00088    0.00342
  901    0.00477   -0.00664    0.00245
  902    0.00685   -0.00745    0.00328
  903    0.00670   -0.01019    0.00317
  904    0.00773   -0.01102    0.00360
  905    0.00833   -0.00685    0.00371
  906    0.00856   -0.00381    0.00374
  907    0.01008   -0.00328    0.00347
  908    0.00945   -0.00196    0.00393
  909    0.00544   -0.01201    0.00218
  910    0.00524   -0.01526    0.00216
  911    0.00404   -0.01526    0.00171
  912    0.00453   -0.01721    0.00167
  913    0.00382   -0.01703    0.00131
  914    0.00338   -0.02027    0.00078
  915    0.00256   -0.01363    0.00120
  916    0.00135   -0.01370    0.00072
  917    0.00279   -0.01240    0.00188
  918    0.00241   -0.01318    0.00173
  919   -0.00024   -0.01213    0.00034
  920   -0.00242   -0.01419   -0.00104
  921   -0.00427   -0.01264   -0.00178
  922   -0.00368   -0.01035   -0.00112
  923   -0.00677   -0.01403   -0.00336
  924    0.00431   -0.01064    0.00268
  925    0.00533   -0.00930    0.00334
  926    0.00718   -0.00978    0.00402
  927    0.00799   -0.00794    0.00452
  928    0.00519   -0.00645    0.00358
  929    0.00601   -0.00567    0.00365
  930    0.00327   -0.00597    0.00297
  931    0.00814   -0.01214    0.00395
  932    0.00900   -0.01065    0.00418
  933    0.00964   -0.01056    0.00487
  934    0.01094   -0.00763    0.00489
  935    0.01009   -0.01431    0.00399
  936    0.01085   -0.01070    0.00307
  937    0.01297   -0.01812    0.00507
  938    0.01541   -0.02602    0.00597
  939    0.01277   -0.01655    0.00501
  940    0.00968   -0.01460    0.00469
  941    0.01119   -0.01744    0.00474
  942    0.01011   -0.01472    0.00484
  943    0.01197   -0.01801    0.00491
  944    0.01084   -0.02484    0.00343
  945    0.00872   -0.01201    0.00460
  946    0.00828   -0.01131    0.00441
  947    0.00970   -0.00992    0.00491
  948    0.01094   -0.00918    0.00518
  949    0.00656   -0.00961    0.00402
  950    0.00483   -0.01106    0.00344
  951    0.00310   -0.00922    0.00290
  952    0.00109   -0.01166    0.00193
  953    0.00952   -0.00943    0.00503
  954    0.01021   -0.00762    0.00540
  955    0.00959   -0.00526    0.00518
  956    0.00827   -0.00493    0.00500
  957    0.01024   -0.00853    0.00555
  958    0.00836   -0.00791    0.00510
  959    0.01055   -0.00339    0.00525
  960    0.01014   -0.00104    0.00495
  961    0.00873   -0.00101    0.00543
  962    0.00803   -0.00036    0.00553
  963    0.01063   -0.00002    0.00469
  964    0.01149   -0.00112    0.00370
  965    0.01105   -0.00337    0.00427
  966    0.00838   -0.00183    0.00559
  967    0.00702   -0.00131    0.00542
  968    0.00551   -0.00211    0.00492
  969    0.00439   -0.00122    0.00472
  970    0.00723   -0.00190    0.00549
  971    0.00833   -0.00046    0.00616
  972    0.00954   -0.00055    0.00655
  973    0.01135    0.00216    0.00821
  974    0.00968   -0.00175    0.00615
  975    0.00549   -0.00391    0.00464
  976    0.00397   -0.00495    0.00410
  977    0.00369   -0.00417    0.00401
  978    0.00220   -0.00437    0.00347
  979    0.00413   -0.00701    0.00381
  980    0.00410   -0.00819    0.00389
  981    0.00294   -0.00783    0.00388
  982    0.00517   -0.00991    0.00422
  983    0.00519   -0.00333    0.00444
  984    0.00511   -0.00241    0.00449
  985    0.00438   -0.00084    0.00466
  986    0.00354   -0.00063    0.00438
  987    0.00684   -0.00185    0.00485
  988    0.00759   -0.00344    0.00474
  989    0.00958   -0.00305    0.00504
  990    0.01033   -0.00472    0.00503
  991    0.01223   -0.00474    0.00481
  992    0.01250   -0.00414    0.00421
  993    0.01303   -0.00553    0.00503
  994    0.00472    0.00010    0.00501
  995    0.00402    0.00152    0.00518
  996    0.00212    0.00125    0.00464
  997    0.00112    0.00230    0.00447
  998    0.00471    0.00239    0.00559
  999    0.00155   -0.00019    0.00416
 1000   -0.00043   -0.00072    0.00347
 1001   -0.00154   -0.00125    0.00294
 1002   -0.00324   -0.00066    0.00237
 1003   -0.00081   -0.00235    0.00325
 1004   -0.00016   -0.00178    0.00353
 1005   -0.00067   -0.00370    0.00324
 1006   -0.00087   -0.00338    0.00339
 1007    0.00120   -0.00283    0.00407
 1008   -0.00087   -0.00231    0.00277
 1009   -0.00177   -0.00301    0.00217
 1010   -0.00199   -0.00136    0.00229
 1011   -0.00360   -0.00144    0.00175
 1012   -0.00064   -0.00424    0.00213
 1013   -0.00045   -0.00654    0.00185
 1014   -0.00043    0.00003    0.00325
 1015   -0.00043    0.00155    0.00359
 1016   -0.00208    0.00285    0.00316
 1017   -0.00303    0.00365    0.00291
 1018    0.00149    0.00272    0.00463
 1019    0.00151    0.00414    0.00499
 1020    0.00186    0.00389    0.00504
 1021    0.00109    0.00566    0.00514
 1022    0.00179    0.00503    0.00542
 1023    0.00100    0.00677    0.00543
 1024    0.00139    0.00644    0.00569
 1025   -0.00244    0.00286    0.00296
 1026   -0.00422    0.00420    0.00222
 1027   -0.00658    0.00346    0.00117
 1028   -0.00815    0.00452    0.00036
 1029   -0.00428    0.00425    0.00217
 1030   -0.00276    0.00511    0.00288
 1031   -0.00253    0.00493    0.00284
 1032   -0.00095    0.00467    0.00344
 1033   -0.00433    0.00535    0.00206
 1034   -0.00672    0.00133    0.00098
 1035   -0.00908   -0.00007   -0.00029
 1036   -0.00908   -0.00055   -0.00041
 1037   -0.01121   -0.00192   -0.00181
 1038   -0.00948   -0.00249   -0.00058
 1039   -0.00962   -0.00230   -0.00063
 1040   -0.00934   -0.00468   -0.00072
 1041   -0.00975   -0.00467   -0.00077
 1042   -0.01065   -0.00754   -0.00158
 1043   -0.00721    0.00042    0.00052
 1044   -0.00703    0.00006    0.00034
 1045   -0.00759    0.00198    0.00028
 1046   -0.00628    0.00354    0.00118
 1047   -0.00514   -0.00039    0.00077
 1048   -0.00522   -0.00121    0.00049
 1049   -0.00550   -0.00038    0.00036
 1050   -0.00482   -0.00295    0.00020
 1051   -0.00995    0.00186   -0.00101
 1052   -0.01064    0.00359   -0.00097
 1053   -0.00944    0.00364   -0.00032
 1054   -0.00888    0.00517    0.00050
 1055   -0.01424    0.00366   -0.00331
 1056   -0.01692    0.00331   -0.00494
 1057   -0.01706    0.00618   -0.00432
 1058   -0.01420    0.00708   -0.00229
 1059   -0.02599    0.00967   -0.01039
 1060   -0.00934    0.00205   -0.00069
 1061   -0.00838    0.00211   -0.00022
 1062   -0.00632    0.00321    0.00095
 1063   -0.00612    0.00429    0.00153
 1064   -0.00846    0.00010   -0.00073
 1065   -0.00508    0.00316    0.00121
 1066   -0.00344    0.00417    0.00196
 1067   -0.00370    0.00584    0.00252
 1068   -0.00317    0.00680    0.00305
 1069   -0.00219    0.00336    0.00224
 1070   -0.00176    0.00189    0.00176
 1071   -0.00064    0.00429    0.00326
 1072   -0.00026    0.00089    0.00218
 1073   -0.00462    0.00647    0.00258
 1074   -0.00499    0.00816    0.00300
 1075   -0.00561    0.00883    0.00311
 1076   -0.00510    0.00991    0.00347
 1077   -0.00590    0.00833    0.00242
 1078   -0.00482    0.00771    0.00261
 1079   -0.00626    0.00773    0.00152
 1080   -0.00832    0.00828    0.00012
 1081   -0.00554    0.00680    0.00197
 1082   -0.00677    0.00792    0.00271
 1083   -0.00757    0.00841    0.00267
 1084   -0.00638    0.00838    0.00282
 1085   -0.00595    0.00937    0.00347
 1086   -0.00902    0.00734    0.00172
 1087   -0.00551    0.00749    0.00281
 1088   -0.00460    0.00774    0.00305
 1089   -0.00370    0.00890    0.00355
 1090   -0.00345    0.00949    0.00365
 1091   -0.00382    0.00631    0.00280
 1092   -0.00314    0.00898    0.00379
 1093   -0.00238    0.00967    0.00439
 1094   -0.00288    0.01066    0.00433
 1095   -0.00260    0.01098    0.00430
 1096   -0.00166    0.00967    0.00490
 1097   -0.00088    0.01033    0.00539
 1098    0.00046    0.01023    0.00597
 1099   -0.00109    0.01111    0.00529
 1100    0.00081    0.01084    0.00623
 1101    0.00006    0.01140    0.00563
 1102   -0.00378    0.01090    0.00404
 1103   -0.00421    0.01144    0.00380
 1104   -0.00462    0.01183    0.00389
 1105   -0.00458    0.01235    0.00380
 1106   -0.00510    0.01140    0.00306
 1107   -0.00428    0.01136    0.00245
 1108   -0.00472    0.01193    0.00159
 1109   -0.00317    0.01152    0.00342
 1110   -0.00500    0.01151    0.00390
 1111   -0.00528    0.01156    0.00410
 1112   -0.00476    0.01198    0.00414
 1113   -0.00502    0.01258    0.00423
 1114   -0.00577    0.01073    0.00394
 1115   -0.00412    0.01159    0.00417
 1116   -0.00364    0.01162    0.00425
 1117   -0.00329    0.01194    0.00421
 1118   -0.00325    0.01210    0.00408
 1119   -0.00290    0.01085    0.00420
 1120   -0.00228    0.01097    0.00415
 1121   -0.00293    0.01036    0.00400
 1122   -0.00301    0.01184    0.00431
 1123   -0.00233    0.01184    0.00436
 1124   -0.00235    0.01199    0.00410
 1125   -0.00210    0.01185    0.00365
 1126   -0.00176    0.01171    0.00458
 1127   -0.00268    0.01214    0.00420
 1128   -0.00253    0.01209    0.00418
 1129   -0.00328    0.01268    0.00411
 1130   -0.00338    0.01231    0.00373
 1131   -0.00257    0.01205    0.00442
 1132   -0.00367    0.01252    0.00517
 1133   -0.00465    0.01315    0.00479
 1134   -0.00506    0.01375    0.00516
 1135   -0.00537    0.01297    0.00443
 1136   -0.00389    0.01323    0.00426
 1137   -0.00436    0.01386    0.00402
 1138   -0.00448    0.01345    0.00312
 1139   -0.00484    0.01442    0.00236
 1140   -0.00461    0.01437    0.00398
 1141   -0.00530    0.01549    0.00388
 1142   -0.00492    0.01565    0.00348
 1143   -0.00457    0.01496    0.00306
 1144   -0.00622    0.01828    0.00272
 1145   -0.00403    0.01257    0.00226
 1146   -0.00408    0.01101    0.00051
 1147   -0.00383    0.00978   -0.00122
 1148   -0.00454    0.00867   -0.00235
 1149   -0.00302    0.00957   -0.00096
 1150   -0.00203    0.00806   -0.00259
 1151   -0.00077    0.00819   -0.00210
 1152   -0.00102    0.00906    0.00001
 1153   -0.00238    0.00597   -0.00513
 1154   -0.00261    0.00635   -0.00432
 1155   -0.00163    0.00725   -0.00253
 1156   -0.00032    0.00674   -0.00301
 1157   -0.00209    0.00862   -0.00059
 1158    0.00085    0.00666   -0.00432
 1159    0.00393    0.00571   -0.00491
 1160    0.00427    0.00425   -0.00713
 1161    0.00504    0.00251   -0.00990
 1162    0.00570    0.00552   -0.00544
 1163    0.00047    0.00728    0.00134
 1164    0.00411    0.00414   -0.00660
 1165    0.00332    0.00290   -0.00833
 1166    0.00560    0.00262   -0.00875
 1167    0.00846    0.00273   -0.00799
 1168    0.00148    0.00403   -0.00708
 1169   -0.00105    0.00366   -0.00810
 1170   -0.00300    0.00388   -0.00799
 1171   -0.00534    0.00353   -0.00894
 1172   -0.00464    0.00458   -0.00698
 1173   -0.00373    0.00587   -0.00424
 1174   -0.00568    0.00406   -0.00720
 1175    0.00495    0.00179   -0.01011
 1176    0.00721    0.00133   -0.01095
 1177    0.00640    0.00269   -0.00925
 1178    0.00814    0.00185   -0.01013
 1179    0.00688   -0.00025   -0.01386
 1180    0.00441    0.00031   -0.01297
 1181    0.01073   -0.00184   -0.01648
 1182    0.00504    0.00340   -0.00754
 1183    0.00425    0.00461   -0.00580
 1184    0.00684    0.00433   -0.00565
 1185    0.00675    0.00386   -0.00593
 1186    0.00331    0.00551   -0.00384
 1187    0.00342    0.00588   -0.00196
 1188    0.00292    0.00592   -0.00219
 1189    0.00362    0.00667   -0.00007
 1190    0.00926    0.00357   -0.00537
 1191    0.01231    0.00316   -0.00512
 1192    0.01195    0.00424   -0.00363
 1193    0.01093    0.00529   -0.00221
 1194    0.01607   -0.00015   -0.00746
 1195    0.01241    0.00387   -0.00454
 1196    0.01277    0.00517   -0.00296
 1197    0.00965    0.00594   -0.00079
 1198    0.00874    0.00669    0.00048
 1199    0.01450    0.00472   -0.00426
 1200    0.01411    0.00619   -0.00205
 1201    0.00960    0.00472   -0.00146
 1202    0.01609    0.00417   -0.00565
 1203    0.00701    0.00265   -0.00154
 1204    0.00787    0.00527   -0.00132
 1205    0.00546    0.00476    0.00087
 1206    0.00475    0.00520    0.00256
 1207    0.00324    0.00605    0.00234
 1208    0.00387    0.00425   -0.00036
 1209    0.00267    0.00385    0.00141
 1210    0.00434    0.00398   -0.00289
 1211    0.00577    0.00470    0.00450
 1212    0.00545    0.00531    0.00604
 1213    0.00423    0.00437    0.00764
 1214    0.00382    0.00324    0.00883
 1215    0.00533    0.00536    0.00723
 1216    0.00779    0.00703    0.00454
 1217    0.00683    0.00839    0.00435
 1218    0.00983    0.00643    0.00423
 1219    0.00345    0.00555    0.00730
 1220    0.00329    0.00580    0.00785
 1221    0.00299    0.00687    0.00927
 1222    0.00328    0.00737    0.00910
 1223    0.00206    0.00607    0.00603
 1224    0.00137    0.00498    0.00487
 1225    0.00062    0.00473    0.00429
 1226    0.00088    0.00531    0.00308
 1227    0.00008    0.00414    0.00219
 1228    0.00085    0.00469    0.00065
 1229   -0.00001    0.00389    0.00054
 1230    0.00325    0.00530    0.00954
 1231    0.00340    0.00596    0.01031
 1232    0.00360    0.00614    0.00936
 1233    0.00308    0.00615    0.00890
 1234    0.00427    0.00472    0.01078
 1235    0.00493    0.00484    0.01090
 1236    0.00531    0.00677    0.01133
 1237    0.00515    0.00407    0.01098
 1238    0.00613    0.00661    0.01117
 1239    0.00577    0.00484    0.01065
 1240    0.00435    0.00718    0.00974
 1241    0.00470    0.00713    0.00907
 1242    0.00560    0.00660    0.00928
 1243    0.00578    0.00671    0.00936
 1244    0.00438    0.00755    0.00901
 1245    0.00377    0.00766    0.00856
 1246    0.00312    0.00832    0.00883
 1247    0.00350    0.00720    0.00769
 1248    0.00227    0.00882    0.00764
 1249    0.00241    0.00758    0.00671
 1250    0.00157    0.00820    0.00651
 1251    0.00580    0.00606    0.00887
 1252    0.00665    0.00570    0.00835
 1253    0.00756    0.00560    0.00786
 1254    0.00727    0.00599    0.00783
 1255    0.00654    0.00518    0.00829
 1256    0.00624    0.00480    0.00799
 1257    0.00607    0.00488    0.00860
 1258    0.00590    0.00413    0.00763
 1259    0.00868    0.00514    0.00734
 1260    0.00937    0.00482    0.00693
 1261    0.01000    0.00401    0.00667
 1262    0.01001    0.00390    0.00615
 1263    0.01054    0.00510    0.00651
 1264    0.01162    0.00451    0.00618
 1265    0.01128    0.00491    0.00600
 1266    0.01295    0.00411    0.00571
 1267    0.01047    0.00373    0.00663
 1268    0.01139    0.00332    0.00637
 1269    0.01297    0.00294    0.00583
 1270    0.01331    0.00285    0.00601
 1271    0.01095    0.00312    0.00669
 1272    0.00967    0.00331    0.00679
 1273    0.00892    0.00349    0.00721
 1274    0.00873    0.00322    0.00672
 1275    0.00783    0.00355    0.00731
 1276    0.00775    0.00330    0.00690
 1277    0.00758    0.00344    0.00708
 1278    0.01407    0.00273    0.00513
 1279    0.01543    0.00231    0.00411
 1280    0.01630    0.00137    0.00322
 1281    0.01508    0.00166    0.00249
 1282    0.01596    0.00255    0.00370
 1283    0.01688    0.00246    0.00362
 1284    0.01604    0.00265    0.00417
 1285    0.01804    0.00163    0.00277
 1286    0.01755    0.00064    0.00266
 1287    0.01858    0.00018    0.00171
 1288    0.02127    0.00018    0.00009
 1289    0.02188    0.00020    0.00032
 1290    0.01987   -0.00083    0.00173
 1291    0.02021   -0.00087    0.00161
 1292    0.02076   -0.00057   -0.00032
 1293    0.01868   -0.00085    0.00264
 1294    0.02106    0.00073   -0.00161
 1295    0.02169    0.00120   -0.00384
 1296    0.02107    0.00158   -0.00767
 1297    0.01871    0.00219   -0.00816
 1298    0.02023    0.00205   -0.00523
 1299    0.02142    0.00266   -0.00897
 1300    0.02013    0.00186   -0.00186
 1301    0.02334    0.00040   -0.00877
 1302    0.02412    0.00216   -0.01430
 1303    0.02141    0.00153   -0.01040
 1304    0.02030    0.00321   -0.01278
 1305    0.02293    0.00465   -0.01921
 1306    0.02567    0.00748   -0.02733
 1307    0.03135    0.00944   -0.03102
 1308    0.02417    0.00891   -0.03110
 1309    0.02179    0.00030   -0.00668
 1310    0.02067   -0.00047   -0.00427
 1311    0.01792    0.00075   -0.00276
 1312    0.01660    0.00074   -0.00139
 1313    0.01703    0.00139   -0.00319
 1314    0.01448    0.00208   -0.00194
 1315    0.01491    0.00170   -0.00025
 1316    0.01621    0.00151   -0.00086
 1317    0.01248    0.00348   -0.00423
 1318    0.01115    0.00427   -0.00545
 1319    0.00855    0.00529   -0.00438
 1320    0.01236    0.00457   -0.00824
 1321    0.00811    0.00634   -0.00603
 1322    0.01040    0.00584   -0.00842
 1323    0.01270    0.00180    0.00167
 1324    0.01262    0.00195    0.00284
 1325    0.01105    0.00278    0.00222
 1326    0.00925    0.00330    0.00219
 1327    0.01172    0.00160    0.00470
 1328    0.01073    0.00195    0.00588
 1329    0.01221    0.00187    0.00565
 1330    0.00953    0.00188    0.00722
 1331    0.01175    0.00278    0.00201
 1332    0.01075    0.00343    0.00167
 1333    0.01048    0.00335    0.00350
 1334    0.01155    0.00322    0.00421
 1335    0.01181    0.00363   -0.00022
 1336    0.01115    0.00400   -0.00252
 1337    0.00916    0.00525   -0.00365
 1338    0.01303    0.00377   -0.00396
 1339    0.00822    0.00650   -0.00670
 1340    0.01259    0.00454   -0.00680
 1341    0.01003    0.00587   -0.00840
 1342    0.00941    0.00705   -0.01170
 1343    0.00887    0.00377    0.00351
 1344    0.00852    0.00380    0.00439
 1345    0.00897    0.00373    0.00428
 1346    0.00805    0.00394    0.00349
 1347    0.00695    0.00351    0.00483
 1348    0.00667    0.00348    0.00568
 1349    0.00545    0.00312    0.00553
 1350    0.00511    0.00293    0.00573
 1351    0.00504    0.00275    0.00528
 1352    0.01004    0.00382    0.00530
 1353    0.01031    0.00407    0.00549
 1354    0.00959    0.00413    0.00656
 1355    0.00906    0.00461    0.00716
 1356    0.01149    0.00420    0.00512
 1357    0.01223    0.00376    0.00382
 1358    0.01356    0.00369    0.00386
 1359    0.01160    0.00400    0.00229
 1360    0.00919    0.00412    0.00666
 1361    0.00812    0.00426    0.00755
 1362    0.00849    0.00419    0.00782
 1363    0.00856    0.00382    0.00721
 1364    0.00718    0.00337    0.00762
 1365    0.00671    0.00349    0.00870
 1366    0.00595    0.00237    0.00898
 1367    0.00698    0.00387    0.00922
 1368    0.00849    0.00463    0.00829
 1369    0.00863    0.00452    0.00843
 1370    0.00806    0.00463    0.00872
 1371    0.00810    0.00447    0.00845
 1372    0.00748    0.00414    0.00925
 1373    0.00681    0.00303    0.00966
 1374    0.00668    0.00157    0.00877
 1375    0.00611   -0.00017    0.00883
 1376    0.00634    0.00261    0.01070
 1377    0.00654    0.00471    0.01136
 1378    0.00592    0.00396    0.01201
 1379    0.00527    0.00078    0.01256
 1380    0.00436   -0.00303    0.01292
 1381    0.00377   -0.00277    0.01249
 1382    0.00227   -0.00685    0.01488
 1383    0.00713    0.00174    0.00778
 1384    0.00666    0.00089    0.00672
 1385    0.00767    0.00127    0.00619
 1386    0.00840    0.00209    0.00647
 1387    0.00659    0.00131    0.00587
 1388    0.00534    0.00033    0.00605
 1389    0.00341   -0.00179    0.00573
 1390    0.00245   -0.00076    0.00284
 1391    0.00734    0.00069    0.00549
 1392    0.00848    0.00111    0.00535
 1393    0.00859    0.00216    0.00448
 1394    0.00894    0.00243    0.00442
 1395    0.00833    0.00004    0.00519
 1396    0.00646   -0.00093    0.00485
 1397    0.00654   -0.00147    0.00600
 1398    0.00804    0.00306    0.00333
 1399    0.00799    0.00394    0.00198
 1400    0.00729    0.00419    0.00147
 1401    0.00676    0.00365    0.00218
 1402    0.00602    0.00647   -0.00152
 1403    0.00430    0.00702   -0.00182
 1404    0.00338    0.00604   -0.00255
 1405    0.00467    0.00903   -0.00118
 1406    0.00145    0.00498   -0.00258
 1407    0.00362    0.00814   -0.00081
 1408    0.00160    0.00518   -0.00210
 1409    0.00710    0.00467    0.00012
 1410    0.00712    0.00483    0.00018
 1411    0.00472    0.00596   -0.00148
 1412    0.00286    0.00701   -0.00333
 1413    0.00767    0.00540   -0.00138
 1414    0.00767    0.00516   -0.00202
 1415    0.00710    0.00517   -0.00162
 1416    0.00481    0.00508   -0.00018
 1417    0.00263    0.00471   -0.00069
 1418    0.00306    0.00518   -0.00050
 1419    0.00518    0.00463    0.00057
 1420    0.00263    0.00410    0.00059
 1421    0.00071    0.00382    0.00005
 1422    0.00286    0.00285    0.00106
 1423    0.00124    0.00610   -0.00217
 1424    0.00209    0.00625   -0.00203
 1425    0.00096    0.00608    0.00021
 1426   -0.00267    0.00723   -0.00143
 1427    0.00021    0.00721   -0.00384
 1428    0.00306    0.00732   -0.00452
 1429    0.00418    0.00622   -0.00211
 1430    0.00332    0.00766   -0.00615
 1431    0.00402    0.00494    0.00201
 1432    0.00448    0.00424    0.00390
 1433    0.00514    0.00423    0.00468
 1434    0.00581    0.00344    0.00631
 1435    0.00590    0.00344    0.00524
 1436    0.00514    0.00329    0.00467
 1437    0.00370    0.00305    0.00406
 1438    0.00563    0.00315    0.00450
 1439    0.00359    0.00268    0.00378
 1440    0.00451    0.00300    0.00412
 1441    0.00439    0.00492    0.00298
 1442    0.00505    0.00483    0.00267
 1443    0.00822    0.00349    0.00271
 1444    0.00963    0.00277    0.00253
 1445    0.00904    0.00327    0.00322
 1446    0.01176    0.00197    0.00335
 1447    0.01261    0.00076    0.00508
 1448    0.01179    0.00094    0.00697
 1449    0.01215    0.00182    0.00432
 1450    0.01443   -0.00012    0.00434
 1451    0.01516   -0.00099    0.00531
 1452    0.01759   -0.00216    0.00445
 1453    0.01836   -0.00191    0.00269
 1454    0.01406   -0.00042    0.00539
 1455    0.01429   -0.00094    0.00615
 1456    0.01731   -0.00293    0.00509
 1457    0.01990   -0.00374    0.00465
 1458    0.01977   -0.00367    0.00427
 1459    0.01782   -0.00292    0.00476
 1460    0.02036   -0.00484    0.00585
 1461    0.02379   -0.00639    0.00552
 1462    0.02254   -0.00453    0.00336
 1463    0.02190   -0.00474    0.00359
 1464    0.02041   -0.00546    0.00502
 1465    0.01941   -0.00433    0.00580
 1466    0.02339   -0.00611    0.00173
 1467    0.02356   -0.00501   -0.00002
 1468    0.02255   -0.00428    0.00100
 1469    0.02266   -0.00301    0.00086
 1470    0.02055   -0.00477    0.00275
 1471    0.02155   -0.00679    0.00590
 1472    0.02304   -0.00659    0.00781
 1473    0.02205   -0.00506    0.00886
 1474    0.02003   -0.00506    0.00955
 1475    0.02743   -0.00858    0.00950
 1476    0.03201   -0.01224    0.00917
 1477    0.02743   -0.01201    0.00728
 1478    0.04152   -0.01686    0.01071
 1479    0.02014   -0.00488    0.00812
 1480    0.01840   -0.00438    0.00969
 1481    0.01612   -0.00325    0.00892
 1482    0.01412   -0.00286    0.00960
 1483    0.01747   -0.00443    0.01084
 1484    0.01649   -0.00389    0.00901
 1485    0.01884   -0.00603    0.01174
 1486    0.01668   -0.00182    0.00782
 1487    0.01568   -0.00104    0.00707
 1488    0.01415   -0.00015    0.00843
 1489    0.01292    0.00053    0.00823
 1490    0.01654   -0.00104    0.00615
 1491    0.01552   -0.00002    0.00602
 1492    0.01591    0.00017    0.00501
 1493    0.01584   -0.00000    0.00581
 1494    0.01377   -0.00032    0.00945
 1495    0.01025    0.00050    0.00944
 1496    0.00847   -0.00001    0.00983
 1497    0.00766    0.00017    0.00928
 1498    0.00906    0.00089    0.00835
 1499    0.01020    0.00163    0.00817
 1500    0.00917    0.00154    0.00740
 1501    0.00882    0.00143    0.00647
 1502    0.00890   -0.00163    0.01132
 1503    0.00821   -0.00250    0.01185
 1504    0.00797   -0.00140    0.01148
 1505    0.00741   -0.00155    0.01158
 1506    0.00867   -0.00473    0.01409
 1507    0.00681   -0.00459    0.01501
 1508    0.00899   -0.00522    0.01660
 1509    0.00789   -0.00905    0.02009
 1510    0.00543   -0.01041    0.02397
 1511    0.01086   -0.00065    0.01103
 1512    0.01007   -0.00007    0.01058
 1513    0.00921    0.00101    0.00938
 1514    0.00806    0.00134    0.00932
 1515    0.01114   -0.00067    0.00962
 1516    0.01178   -0.00147    0.01017
 1517    0.01252   -0.00146    0.00911
 1518    0.01103   -0.00161    0.01177
 1519    0.01001    0.00117    0.00884
 1520    0.00900    0.00168    0.00801
 1521    0.00770    0.00183    0.00855
 1522    0.00745    0.00220    0.00832
 1523    0.01056    0.00202    0.00772
 1524    0.00722    0.00109    0.00945
 1525    0.00642    0.00057    0.00893
 1526    0.00637    0.00023    0.00903
 1527    0.00553    0.00019    0.00831
 1528    0.00599   -0.00084    0.00876
 1529    0.00666    0.00004    0.01002
 1530    0.00632    0.00015    0.01036
 1531    0.00520    0.00062    0.00945
 1532    0.00503    0.00041    0.00908
 1533    0.00601   -0.00008    0.01140
 1534    0.00578   -0.00014    0.01178
 1535    0.00554    0.00014    0.01292
 1536    0.00569    0.00036    0.01315
 1537    0.00706   -0.00067    0.01481
 1538    0.00548    0.00102    0.00922
 1539    0.00502    0.00159    0.00863
 1540    0.00498    0.00181    0.00784
 1541    0.00466    0.00176    0.00707
 1542    0.00577    0.00202    0.00768
 1543    0.00518    0.00225    0.00665
 1544    0.00566    0.00200    0.00828
 1545    0.00554    0.00201    0.00776
 1546    0.00437    0.00229    0.00711
 1547    0.00362    0.00151    0.00713
 1548    0.00327    0.00219    0.00636
 1549    0.00386    0.00234    0.00701
 1550    0.00562    0.00279    0.00729
 1551    0.00397    0.00045    0.00743
 1552    0.00397    0.00042    0.00690
 1553    0.00426    0.00067    0.00679
 1554    0.00433    0.00058    0.00641
 1555    0.00411   -0.00012    0.00742
 1556    0.00418   -0.00066    0.00666
 1557    0.00330   -0.00103    0.00657
 1558    0.00453   -0.00097    0.00818
 1559    0.00631   -0.00086    0.00982
 1560    0.00632   -0.00150    0.00985
 1561    0.00711   -0.00083    0.01166
 1562    0.00483    0.00121    0.00717
 1563    0.00502    0.00060    0.00695
 1564    0.00460    0.00098    0.00631
 1565    0.00485    0.00029    0.00597
 1566    0.00469    0.00050    0.00677
 1567    0.00462    0.00031    0.00721
 1568    0.00441    0.00012    0.00654
 1569    0.00414    0.00023    0.00565
 1570    0.00439   -0.00014    0.00678
 1571    0.00419    0.00161    0.00635
 1572    0.00406    0.00190    0.00630
 1573    0.00308    0.00203    0.00594
 1574    0.00281    0.00184    0.00541
 1575    0.00387    0.00235    0.00647
 1576    0.00401    0.00244    0.00660
 1577    0.00438    0.00256    0.00626
 1578    0.00369    0.00243    0.00713
 1579    0.00455    0.00240    0.00620
 1580    0.00392    0.00251    0.00691
 1581    0.00458    0.00239    0.00656
 1582    0.00277    0.00201    0.00542
 1583    0.00205    0.00151    0.00425
 1584    0.00299    0.00102    0.00442
 1585    0.00310    0.00110    0.00375
 1586    0.00146    0.00134    0.00351
 1587    0.00047    0.00230    0.00333
 1588    0.00018    0.00076    0.00211
 1589    0.00379    0.00067    0.00530
 1590    0.00449    0.00073    0.00501
 1591    0.00501    0.00043    0.00489
 1592    0.00629    0.00035    0.00411
 1593    0.00523    0.00068    0.00576
 1594    0.00537    0.00052    0.00583
 1595    0.00537    0.00023    0.00742
 1596    0.00563    0.00049    0.00768
 1597    0.00600    0.00051    0.00802
 1598    0.00473    0.00004    0.00461
 1599    0.00490   -0.00065    0.00423
 1600    0.00512    0.00013    0.00414
 1601    0.00547   -0.00080    0.00380
 1602    0.00432   -0.00138    0.00432
 1603    0.00447   -0.00279    0.00405
 1604    0.00275   -0.00406    0.00238
 1605    0.00288   -0.00233    0.00323
 1606    0.00321   -0.00116    0.00400
 1607    0.00367   -0.00174    0.00427
 1608    0.00344    0.00001    0.00513
 1609    0.00429    0.00106    0.00425
 1610    0.00393    0.00155    0.00388
 1611    0.00374    0.00198    0.00311
 1612    0.00286    0.00216    0.00200
 1613    0.00291    0.00188    0.00386
 1614    0.00292    0.00122    0.00501
 1615    0.00321    0.00009    0.00538
 1616    0.00268   -0.00117    0.00557
 1617    0.00314    0.00013    0.00485
 1618    0.00483    0.00191    0.00277
 1619    0.00496    0.00180    0.00192
 1620    0.00296    0.00139    0.00052
 1621    0.00120    0.00027   -0.00136
 1622    0.00607    0.00325    0.00346
 1623    0.00368    0.00244    0.00003
 1624    0.00214    0.00065   -0.00314
 1625   -0.00018   -0.00089   -0.00435
 1626   -0.00382   -0.00419   -0.00779
 1627    0.00126    0.00093   -0.00269
 1628   -0.00138    0.00044   -0.00222
 1629   -0.00381   -0.00047   -0.00395
 1630   -0.00290   -0.00042   -0.00379
 1631    0.00050    0.00142   -0.00017
 1632   -0.00082    0.00100    0.00023
 1633   -0.00158    0.00069   -0.00139
 1634   -0.00535   -0.00089   -0.00274
 1635   -0.00036    0.00063   -0.00107
 1636   -0.00562   -0.00151   -0.00587
 1637   -0.00710   -0.00171   -0.00660
 1638   -0.00721   -0.00129   -0.00552
 1639   -0.00629   -0.00052   -0.00556
 1640   -0.01051   -0.00428   -0.00994
 1641   -0.01071   -0.00397   -0.01097
 1642   -0.01100   -0.00603   -0.01079
 1643   -0.00605   -0.00038   -0.00422
 1644   -0.00484    0.00075   -0.00288
 1645   -0.00346    0.00203   -0.00054
 1646   -0.00227    0.00325    0.00141
 1647   -0.00500    0.00105   -0.00213
 1648   -0.00694    0.00053   -0.00396
 1649   -0.00624    0.00007   -0.00301
 1650   -0.00746   -0.00088   -0.00487
 1651   -0.00951   -0.00139   -0.00507
 1652   -0.00840   -0.00215   -0.00417
 1653   -0.01088   -0.00212   -0.00491
 1654   -0.00348    0.00195   -0.00088
 1655   -0.00278    0.00292    0.00095
 1656   -0.00257    0.00342    0.00029
 1657   -0.00457    0.00232   -0.00166
 1658   -0.00249    0.00278    0.00143
 1659   -0.00163    0.00283    0.00232
 1660   -0.00153    0.00224    0.00123
 1661   -0.00057    0.00314    0.00386
 1662   -0.00052    0.00216    0.00222
 1663    0.00041    0.00298    0.00477
 1664    0.00027    0.00257    0.00426
 1665   -0.00280    0.00444    0.00189
 1666   -0.00206    0.00381    0.00140
 1667   -0.00081    0.00434    0.00273
 1668    0.00012    0.00546    0.00421
 1669   -0.00207    0.00523    0.00123
 1670   -0.00359    0.00423   -0.00053
 1671   -0.00040    0.00421    0.00181
 1672    0.00158    0.00519    0.00334
 1673    0.00208    0.00576    0.00280
 1674    0.00041    0.00519    0.00202
 1675    0.00235    0.00475    0.00351
 1676    0.00322    0.00671    0.00348
 1677    0.00405    0.00677    0.00357
 1678    0.00511    0.00622    0.00390
 1679    0.00582    0.00634    0.00425
 1680    0.00299    0.00693    0.00330
 1681    0.00153    0.00698    0.00250
 1682    0.00360    0.00703    0.00368
 1683    0.00599    0.00608    0.00331
 1684    0.00736    0.00489    0.00335
 1685    0.00810    0.00493    0.00329
 1686    0.00791    0.00498    0.00249
 1687    0.00837    0.00345    0.00344
 1688    0.00927    0.00433    0.00309
 1689    0.01091    0.00355    0.00263
 1690    0.01173    0.00244    0.00268
 1691    0.01238    0.00171    0.00385
 1692    0.01097    0.00376    0.00301
 1693    0.01161    0.00296    0.00261
 1694    0.01014    0.00353    0.00122
 1695    0.01285    0.00321    0.00307
 1696    0.01160    0.00219    0.00168
 1697    0.01227    0.00116    0.00267
 1698    0.01197    0.00001    0.00178
 1699    0.01170    0.00024    0.00000
 1700    0.01173    0.00156    0.00290
 1701    0.01116    0.00290    0.00105
 1702    0.01175   -0.00137    0.00324
 1703    0.01097   -0.00296    0.00380
 1704    0.01003   -0.00385    0.00337
 1705    0.00935   -0.00603    0.00697
 1706    0.00902   -0.00536    0.00804
 1707    0.00541   -0.00752    0.00767
 1708    0.00077   -0.01043    0.01171
 1709   -0.00278   -0.01131    0.01189
 1710   -0.00524   -0.01380    0.01605
 1711    0.00855   -0.00400   -0.00227
 1712    0.00477   -0.00562   -0.00600
 1713    0.00206   -0.01086   -0.00396
 1714   -0.00133   -0.01616   -0.00333
 1715    0.00019   -0.00656   -0.01228
 1716    0.00092   -0.01334   -0.00308
 1717   -0.01167   -0.03100    0.00183
 1718   -0.05275   -0.08136   -0.02558
 1719   -0.26131   -0.40775   -0.08926
 1720   -0.02670   -0.05011    0.01220
 1721   -0.01317    0.00584    0.02151
 1722   -0.01028    0.00443    0.01611
 1723   -0.01382    0.00077    0.01048
 1724   -0.01706   -0.00027    0.01032
 1725   -0.00494    0.00636    0.01579
 1726   -0.00520    0.00635    0.01649
 1727    0.00128    0.00787    0.01649
 1728    0.00683    0.01198    0.02425
 1729   -0.01289   -0.00053    0.00628
 1730   -0.01543   -0.00381    0.00149
 1731   -0.01286   -0.00396   -0.00228
 1732   -0.00926   -0.00288   -0.00410
 1733   -0.01696   -0.00499   -0.00047
 1734   -0.01992   -0.00767   -0.00525
 1735   -0.02313   -0.00950   -0.00641
 1736   -0.02465   -0.00955   -0.00307
 1737   -0.02384   -0.01111   -0.01181
 1738   -0.01475   -0.00486   -0.00372
 1739   -0.01292   -0.00545   -0.00780
 1740   -0.01576   -0.00789   -0.01153
 1741   -0.01896   -0.00923   -0.01061
 1742   -0.01147   -0.00442   -0.00635
 1743   -0.01504   -0.00500   -0.00520
 1744   -0.00787   -0.00184   -0.00248
 1745   -0.01444   -0.00424   -0.00535
 1746   -0.01442   -0.00841   -0.01471
 1747   -0.01627   -0.00959   -0.01762
 1748   -0.01544   -0.00949   -0.01771
 1749   -0.01359   -0.00879   -0.01741
 1750   -0.01524   -0.00940   -0.02049
 1751   -0.01589   -0.00932   -0.02068
 1752   -0.01900   -0.01096   -0.02123
 1753   -0.01230   -0.00758   -0.02065
 1754   -0.02009   -0.01108   -0.02156
 1755   -0.01230   -0.00735   -0.02053
 1756   -0.01661   -0.00932   -0.02090
 1757   -0.01691   -0.00989   -0.01790
 1758   -0.01652   -0.00919   -0.01790
 1759   -0.01670   -0.00922   -0.01871
 1760   -0.01768   -0.00966   -0.01840
 1761   -0.01765   -0.00923   -0.01637
 1762   -0.01719   -0.00839   -0.01652
 1763   -0.01801   -0.00870   -0.01437
 1764   -0.01575   -0.00864   -0.01930
 1765   -0.01426   -0.00743   -0.01820
 1766   -0.01265   -0.00581   -0.01606
 1767   -0.01206   -0.00559   -0.01605
 1768   -0.01334   -0.00602   -0.01764
 1769   -0.01404   -0.00514   -0.01689
 1770   -0.01292   -0.00552   -0.01686
 1771   -0.01004   -0.00470   -0.01491
 1772   -0.00947   -0.00590   -0.01658
 1773   -0.01198   -0.00456   -0.01449
 1774   -0.01006   -0.00280   -0.01218
 1775   -0.00913   -0.00070   -0.00968
 1776   -0.00971   -0.00089   -0.00968
 1777   -0.01190   -0.00373   -0.01279
 1778   -0.01063   -0.00296   -0.01114
 1779   -0.01311   -0.00554   -0.01473
 1780   -0.00778   -0.00049   -0.00785
 1781   -0.00782    0.00010   -0.00552
 1782   -0.00707    0.00134   -0.00441
 1783   -0.00561    0.00227   -0.00346
 1784   -0.00699    0.00059   -0.00420
 1785   -0.00482    0.00164   -0.00164
 1786   -0.00452    0.00108   -0.00169
 1787   -0.00393    0.00225    0.00003
 1788   -0.00641    0.00126   -0.00426
 1789   -0.00516    0.00200   -0.00314
 1790   -0.00662    0.00125   -0.00363
 1791   -0.00447    0.00047   -0.00173
 1792   -0.00464    0.00154   -0.00333
 1793   -0.00755   -0.00101   -0.00548
 1794   -0.00291    0.00161   -0.00174
 1795   -0.00878    0.00046   -0.00560
 1796   -0.00957   -0.00249   -0.00664
 1797   -0.01194   -0.00565   -0.00876
 1798   -0.01586   -0.00666   -0.01171
 1799   -0.01330   -0.00584   -0.01092
 1800   -0.01627   -0.00809   -0.01387
 1801   -0.01688   -0.00891   -0.01695
 1802   -0.01612   -0.00782   -0.01729
 1803   -0.01437   -0.00844   -0.01280
 1804   -0.01494   -0.01125   -0.01452
 1805   -0.01482   -0.01225   -0.01392
 1806   -0.01664   -0.01433   -0.01522
 1807   -0.01563   -0.01489   -0.01516
 1808   -0.01815   -0.01163   -0.01883
 1809   -0.01960   -0.01143   -0.02078
 1810   -0.02070   -0.01376   -0.01952
 1811   -0.02204   -0.01506   -0.01986
 1812   -0.02100   -0.01178   -0.02327
 1813   -0.02083   -0.00964   -0.02314
 1814   -0.01997   -0.01103   -0.02336
 1815   -0.02019   -0.01214   -0.01830
 1816   -0.02196   -0.01183   -0.01591
 1817   -0.02306   -0.01218   -0.01585
 1818   -0.02176   -0.01148   -0.01648
 1819   -0.02204   -0.01129   -0.01515
 1820   -0.02009   -0.01039   -0.01550
 1821   -0.02290   -0.01153   -0.01382
 1822   -0.01945   -0.00919   -0.01501
 1823   -0.02556   -0.01322   -0.01460
 1824   -0.02630   -0.01423   -0.01222
 1825   -0.02770   -0.01213   -0.00845
 1826   -0.03003   -0.01347   -0.00704
 1827   -0.02887   -0.01556   -0.01223
 1828   -0.02780   -0.01541   -0.01683
 1829   -0.02797   -0.01436   -0.00927
 1830   -0.02589   -0.01045   -0.00723
 1831   -0.02674   -0.00939   -0.00402
 1832   -0.02577   -0.00814   -0.00034
 1833   -0.02288   -0.00684   -0.00031
 1834   -0.02550   -0.00810   -0.00527
 1835   -0.02598   -0.00847   -0.00799
 1836   -0.02421   -0.00753   -0.00776
 1837   -0.02797   -0.00916   -0.00802
 1838   -0.02762   -0.00787    0.00391
 1839   -0.02738   -0.00627    0.00916
 1840   -0.02836   -0.00381    0.01301
 1841   -0.03128   -0.00392    0.01458
 1842   -0.03195   -0.00653    0.01342
 1843   -0.03273   -0.00892    0.00953
 1844   -0.03065   -0.00793    0.00869
 1845   -0.02851   -0.00937    0.00369
 1846   -0.03041   -0.00674    0.01322
 1847   -0.02411   -0.00127    0.01373
 1848   -0.02271    0.00102    0.01504
 1849   -0.01867    0.00465    0.01995
 1850   -0.01716    0.00579    0.02201
 1851   -0.02027    0.00056    0.01058
 1852   -0.02381   -0.00204    0.00546
 1853   -0.01586    0.00015    0.00780
 1854   -0.01731    0.00646    0.02229
 1855   -0.01275    0.01065    0.02752
 1856   -0.00929    0.01046    0.02516
 1857   -0.01138    0.00843    0.02109
 1858   -0.01500    0.01406    0.03535
 1859   -0.01590    0.01678    0.04173
 1860   -0.02142    0.02157    0.05178
 1861   -0.02866    0.02041    0.05099
 1862   -0.02052    0.03195    0.07129
 1863   -0.00350    0.01281    0.02822
 1864   -0.00013    0.01222    0.02602
 1865   -0.00251    0.01288    0.02726
 1866   -0.00166    0.01135    0.02395
 1867    0.00633    0.01477    0.02981
 1868    0.00735    0.01613    0.03159
 1869    0.00003    0.01500    0.03250
 1870   -0.00581    0.01434    0.03216
 1871   -0.00923    0.01526    0.03377
 1872   -0.01351    0.01305    0.02695
 1873   -0.01525    0.01334    0.02634
 1874   -0.01218    0.01839    0.04336
 1875   -0.00774    0.02342    0.05248
 1876   -0.01508    0.01071    0.02318
 1877   -0.01907    0.00890    0.01846
 1878   -0.01747    0.00769    0.01341
 1879   -0.01392    0.00629    0.01135
 1880   -0.02136    0.00664    0.01629
 1881   -0.02328    0.00765    0.02100
 1882   -0.02407    0.01065    0.02677
 1883   -0.02514    0.00577    0.01888
 1884   -0.02092    0.00758    0.01184
 1885   -0.02010    0.00611    0.00672
 1886   -0.02123    0.00330    0.00217
 1887   -0.02311    0.00308    0.00241
 1888   -0.02375    0.00659    0.00616
 1889   -0.02747    0.00765    0.00602
 1890   -0.02242    0.00877    0.01022
 1891   -0.02036    0.00140   -0.00119
 1892   -0.02120   -0.00093   -0.00461
 1893   -0.02422   -0.00151   -0.00537
 1894   -0.02381   -0.00292   -0.00664
 1895   -0.01892   -0.00283   -0.00798
 1896   -0.01449   -0.00303   -0.00725
 1897   -0.01879   -0.00472   -0.01133
 1898   -0.01223   -0.00279   -0.00636
 1899   -0.02691    0.00011   -0.00468
 1900   -0.02846   -0.00071   -0.00522
 1901   -0.02965    0.00077   -0.00315
 1902   -0.02939   -0.00092   -0.00401
 1903   -0.03260    0.00114   -0.00407
 1904   -0.03342    0.00068   -0.00602
 1905   -0.03748    0.00374   -0.00499
 1906   -0.03972    0.00363   -0.00799
 1907   -0.04114    0.00691   -0.00030
 1908   -0.03008    0.00322    0.00114
 1909   -0.03032    0.00426    0.00335
 1910   -0.02794    0.00038    0.00039
 1911   -0.02761   -0.00041   -0.00031
 1912   -0.02914    0.00714    0.00848
 1913   -0.03212    0.01012    0.01095
 1914   -0.03574    0.01074    0.01004
 1915   -0.03062    0.01184    0.01475
 1916   -0.02626   -0.00043   -0.00121
 1917   -0.02504   -0.00301   -0.00387
 1918   -0.02593   -0.00547   -0.00595
 1919   -0.02679   -0.00644   -0.00639
 1920   -0.02266   -0.00320   -0.00455
 1921   -0.02115   -0.00505   -0.00713
 1922   -0.02097   -0.00182   -0.00092
 1923   -0.02515   -0.00535   -0.00680
 1924   -0.02388   -0.00730   -0.00804
 1925   -0.02449   -0.00837   -0.00691
 1926   -0.02422   -0.00899   -0.00758
 1927   -0.02365   -0.00770   -0.00905
 1928   -0.02204   -0.00745   -0.01105
 1929   -0.02215   -0.00755   -0.01207
 1930   -0.02079   -0.00576   -0.01473
 1931   -0.02122   -0.00633   -0.01569
 1932   -0.02562   -0.00743   -0.00543
 1933   -0.02535   -0.00797   -0.00379
 1934   -0.02523   -0.00885   -0.00463
 1935   -0.02488   -0.01009   -0.00440
 1936   -0.02571   -0.00605   -0.00201
 1937   -0.02848   -0.00721   -0.00425
 1938   -0.02864   -0.00789   -0.00497
 1939   -0.02690   -0.00951   -0.00705
 1940   -0.02729   -0.01054   -0.00708
 1941   -0.02965   -0.00693   -0.00377
 1942   -0.02884   -0.00460    0.00017
 1943   -0.02943   -0.00362    0.00236
 1944   -0.02995   -0.00137    0.00933
 1945   -0.03217   -0.00316    0.01376
 1946   -0.02579   -0.00970   -0.00822
 1947   -0.02583   -0.01005   -0.00932
 1948   -0.02545   -0.01033   -0.00891
 1949   -0.02419   -0.01006   -0.00947
 1950   -0.02434   -0.00910   -0.01005
 1951   -0.02372   -0.00886   -0.01042
 1952   -0.02302   -0.00848   -0.01072
 1953   -0.02128   -0.00792   -0.01149
 1954   -0.02456   -0.01007   -0.00784
 1955   -0.02358   -0.01019   -0.00780
 1956   -0.02357   -0.01154   -0.00754
 1957   -0.02269   -0.01159   -0.00778
 1958   -0.02282   -0.00978   -0.00653
 1959   -0.02139   -0.00988   -0.00637
 1960   -0.02101   -0.01022   -0.00550
 1961   -0.02043   -0.00967   -0.00491
 1962   -0.02127   -0.01169   -0.00468
 1963   -0.02390   -0.01224   -0.00704
 1964   -0.02519   -0.01397   -0.00661
 1965   -0.02559   -0.01428   -0.00814
 1966   -0.02681   -0.01565   -0.00809
 1967   -0.02673   -0.01414   -0.00495
 1968   -0.02704   -0.01307   -0.00299
 1969   -0.02837   -0.01292   -0.00123
 1970   -0.02582   -0.01262   -0.00272
 1971   -0.02568   -0.01290   -0.00846
 1972   -0.02626   -0.01288   -0.00963
 1973   -0.02480   -0.01277   -0.00990
 1974   -0.02429   -0.01270   -0.00989
 1975   -0.02659   -0.01227   -0.01043
 1976   -0.02863   -0.01269   -0.00922
 1977   -0.02833   -0.01350   -0.01014
 1978   -0.03263   -0.01547   -0.00732
 1979   -0.03236   -0.01561   -0.00696
 1980   -0.02455   -0.01158   -0.00995
 1981   -0.02104   -0.01027   -0.00968
 1982   -0.01844   -0.00923   -0.00877
 1983   -0.01530   -0.00741   -0.00691
 1984   -0.01901   -0.00875   -0.01200
 1985   -0.02016   -0.00979   -0.01358
 1986   -0.01876   -0.01046   -0.01446
 1987   -0.01706   -0.01063   -0.01458
 1988   -0.02101   -0.01144   -0.01431
 1989   -0.02191   -0.00974   -0.00883
 1990   -0.02024   -0.00871   -0.00824
 1991   -0.01849   -0.00668   -0.00769
 1992   -0.01645   -0.00620   -0.00853
 1993   -0.01880   -0.00607   -0.00895
 1994   -0.01770   -0.00475   -0.00896
 1995   -0.01920   -0.00592   -0.00948
 1996   -0.01963   -0.00687   -0.00918
 1997   -0.01767   -0.00427   -0.00985
 1998   -0.01580   -0.00443   -0.01053
 1999   -0.01542   -0.00391   -0.01046
 2000   -0.01591   -0.00485   -0.01198
 2001   -0.01651   -0.00496   -0.00924
 2002   -0.01647   -0.00652   -0.00971
 2003   -0.01681   -0.00591   -0.00973
 2004   -0.01474   -0.00409   -0.01007
 2005   -0.01245   -0.00525   -0.01027
 2006   -0.01069   -0.00326   -0.01022
 2007   -0.01260   -0.00367   -0.00947
 2008   -0.01755   -0.00649   -0.00896
 2009   -0.01963   -0.00632   -0.00835
 2010   -0.01718   -0.00568   -0.00961
 2011   -0.01713   -0.00544   -0.01083
 2012   -0.01973   -0.00584   -0.00736
 2013   -0.02004   -0.00657   -0.00544
 2014   -0.01792   -0.00689   -0.00642
 2015   -0.01317   -0.00437   -0.01098
 2016   -0.00997   -0.00316   -0.01224
 2017   -0.01044   -0.00159   -0.01173
 2018   -0.01040   -0.00068   -0.01130
 2019   -0.00760   -0.00242   -0.01276
 2020   -0.00730   -0.00449   -0.01499
 2021   -0.01125   -0.00526   -0.01321
 2022   -0.00501   -0.00382   -0.01634
 2023   -0.01105   -0.00157   -0.01160
 2024   -0.01102   -0.00062   -0.01122
 2025   -0.01264   -0.00174   -0.01168
 2026   -0.01237   -0.00130   -0.01125
 2027   -0.01086   -0.00075   -0.01006
 2028   -0.00872    0.00108   -0.00865
 2029   -0.00763    0.00165   -0.00759
 2030   -0.00879    0.00093   -0.00794
 2031   -0.00577    0.00277   -0.00670
 2032   -0.01364   -0.00290   -0.01207
 2033   -0.01543   -0.00379   -0.01254
 2034   -0.01509   -0.00408   -0.01391
 2035   -0.01581   -0.00459   -0.01381
 2036   -0.01771   -0.00467   -0.01219
 2037   -0.01817   -0.00527   -0.01110
 2038   -0.02071   -0.00659   -0.00974
 2039   -0.02128   -0.00710   -0.00995
 2040   -0.02179   -0.00742   -0.00904
 2041   -0.01506   -0.00423   -0.01542
 2042   -0.01447   -0.00524   -0.01657
 2043   -0.01543   -0.00581   -0.01714
 2044   -0.01329   -0.00478   -0.01668
 2045   -0.01274   -0.00465   -0.01611
 2046   -0.01155   -0.00297   -0.01402
 2047   -0.01243   -0.00437   -0.01526
 2048   -0.01068   -0.00260   -0.01373
 2049   -0.01176   -0.00091   -0.01246
 2050   -0.01194   -0.00239   -0.01303
 2051   -0.01054    0.00086   -0.01092
 2052   -0.01612   -0.00674   -0.01744
 2053   -0.01541   -0.00713   -0.01753
 2054   -0.01299   -0.00802   -0.01861
 2055   -0.01280   -0.00885   -0.01912
 2056   -0.01552   -0.00715   -0.01597
 2057   -0.01713   -0.00686   -0.01498
 2058   -0.01792   -0.00618   -0.01276
 2059   -0.01651   -0.00709   -0.01566
 2060   -0.01172   -0.00814   -0.01877
 2061   -0.00980   -0.00964   -0.01935
 2062   -0.00719   -0.00946   -0.01909
 2063   -0.00827   -0.00902   -0.01868
 2064   -0.00987   -0.00938   -0.02030
 2065   -0.00967   -0.00764   -0.02039
 2066   -0.00804   -0.01142   -0.02059
 2067   -0.01004   -0.00884   -0.02077
 2068   -0.00457   -0.01029   -0.01848
 2069   -0.00052   -0.00987   -0.01820
 2070    0.00338   -0.01179   -0.01908
 2071    0.00401   -0.01294   -0.01904
 2072    0.00115   -0.00881   -0.01644
 2073    0.00568   -0.00666   -0.01573
 2074    0.00487   -0.00566   -0.01652
 2075    0.01020   -0.00639   -0.01526
 2076    0.00843   -0.00370   -0.01639
 2077    0.01583   -0.00420   -0.01585
 2078    0.01453   -0.00276   -0.01568
 2079    0.00367   -0.01231   -0.01917
 2080    0.00844   -0.01533   -0.01895
 2081    0.00601   -0.01828   -0.01984
 2082    0.00881   -0.01946   -0.02102
 2083    0.01437   -0.01363   -0.01966
 2084    0.00248   -0.01869   -0.02059
 2085    0.00338   -0.02142   -0.02351
 2086    0.00209   -0.01966   -0.02461
 2087    0.00250   -0.02174   -0.02674
 2088    0.00113   -0.01700   -0.02323
 2089    0.00090   -0.01678   -0.02371
 2090   -0.00318   -0.01500   -0.02281
 2091   -0.00442   -0.01309   -0.02124
 2092    0.00312   -0.01574   -0.02165
 2093    0.00239   -0.01691   -0.02168
 2094    0.00737   -0.01763   -0.01912
 2095    0.00764   -0.01874   -0.02022
 2096    0.01129   -0.01890   -0.01647
 2097   -0.00694   -0.01544   -0.02251
 2098   -0.00994   -0.01394   -0.02200
 2099   -0.00928   -0.01291   -0.02104
 2100   -0.00731   -0.01400   -0.02165
 2101   -0.01293   -0.01484   -0.02157
 2102   -0.01308   -0.01412   -0.01983
 2103   -0.01440   -0.01244   -0.01988
 2104   -0.01741   -0.01430   -0.02161
 2105   -0.01160   -0.00841   -0.01783
 2106   -0.01064   -0.01086   -0.01915
 2107   -0.00985   -0.00991   -0.01726
 2108   -0.01298   -0.00937   -0.01763
 2109   -0.01586   -0.00885   -0.01818
 2110   -0.00953   -0.00838   -0.01546
 2111   -0.00645   -0.00843   -0.01550
 2112   -0.00740   -0.00706   -0.01393
 2113   -0.00188   -0.00893   -0.01469
 2114   -0.01208   -0.00969   -0.01707
 2115   -0.01533   -0.00940   -0.01768
 2116   -0.01804   -0.00655   -0.01425
 2117   -0.01636   -0.00511   -0.01095
 2118   -0.01391   -0.01089   -0.01934
 2119   -0.01751   -0.01152   -0.02184
 2120   -0.01904   -0.01363   -0.02731
 2121   -0.01700   -0.01507   -0.02804
 2122   -0.02288   -0.01381   -0.03090
 2123   -0.02228   -0.00609   -0.01498
 2124   -0.02608   -0.00434   -0.01162
 2125   -0.02543   -0.00260   -0.00937
 2126   -0.02465   -0.00373   -0.01089
 2127   -0.03079   -0.00518   -0.01362
 2128   -0.02626   -0.00435   -0.01672
 2129   -0.02398   -0.00518   -0.01458
 2130   -0.02641   -0.00428   -0.01884
 2131   -0.02506    0.00023   -0.00487
 2132   -0.02418    0.00213   -0.00169
 2133   -0.01863    0.00284    0.00060
 2134   -0.01757    0.00553    0.00488
 2135   -0.01554    0.00081   -0.00175
 2136   -0.01036    0.00112    0.00055
 2137   -0.01033    0.00254    0.00289
 2138   -0.01330    0.00151    0.00094
 2139   -0.00751   -0.00214   -0.00355
 2140   -0.00650   -0.00409   -0.00600
 2141   -0.00088   -0.00400   -0.00430
 2142    0.00038   -0.00643   -0.00686
 2143    0.00117   -0.01022   -0.01141
 2144    0.00265   -0.01344   -0.01433
 2145    0.00143   -0.01223   -0.01373
 2146   -0.00708    0.00450    0.00722
 2147   -0.00672    0.00569    0.00940
 2148   -0.00321    0.00441    0.00763
 2149   -0.00040    0.00272    0.00497
 2150   -0.00499    0.00874    0.01609
 2151    0.00041    0.00962    0.01784
 2152   -0.00878    0.01077    0.01838
 2153   -0.00381    0.00484    0.00877
 2154   -0.00075    0.00379    0.00701
 2155    0.00523    0.00542    0.00969
 2156    0.00867    0.00409    0.00677
 2157   -0.00311    0.00409    0.00808
 2158   -0.00841    0.00215    0.00495
 2159   -0.01098    0.00239    0.00713
 2160   -0.00830   -0.00021   -0.00024
 2161    0.00674    0.00786    0.01464
 2162    0.01303    0.01023    0.01783
 2163    0.01625    0.00881    0.01489
 2164    0.02297    0.00924    0.01474
 2165    0.01290    0.01333    0.02444
 2166    0.01993    0.01634    0.02805
 2167    0.01229    0.00674    0.01195
 2168    0.01441    0.00506    0.00902
 2169    0.01659    0.00187    0.00416
 2170    0.01975   -0.00016    0.00161
 2171    0.00865    0.00397    0.00684
 2172    0.00793    0.00664    0.01128
 2173    0.00264    0.00644    0.01079
 2174    0.01244    0.00956    0.01643
 2175    0.01549    0.00122    0.00264
 2176    0.01682   -0.00158   -0.00185
 2177    0.02091    0.00027   -0.00114
 2178    0.02272   -0.00155   -0.00481
 2179    0.01122   -0.00387   -0.00577
 2180    0.00755   -0.00557   -0.00731
 2181    0.00265   -0.00431   -0.00607
 2182    0.00914   -0.00874   -0.00971
 2183   -0.00062   -0.00578   -0.00800
 2184    0.00577   -0.01022   -0.01121
 2185    0.00110   -0.00870   -0.01084
 2186   -0.00199   -0.01016   -0.01312
 2187    0.02390    0.00383    0.00398
 2188    0.02793    0.00548    0.00600
 2189    0.02396    0.00439    0.00287
 2190    0.02768    0.00416    0.00107
 2191    0.03891    0.00553    0.00496
 2192    0.04906    0.00741    0.01071
 2193    0.04466    0.00960    0.01378
 2194    0.08113    0.00972    0.00950
 2195    0.01739    0.00358    0.00241
 2196    0.01288    0.00237   -0.00001
 2197    0.01357    0.00441    0.00312
 2198    0.01141    0.00642    0.00825
 2199    0.00660    0.00076   -0.00197
 2200    0.00616   -0.00204   -0.00743
 2201    0.00243    0.00003   -0.00312
 2202    0.00134   -0.00257   -0.00721
 2203    0.01486    0.00388    0.00032
 2204    0.01637    0.00541    0.00258
 2205    0.01020    0.00407    0.00136
 2206    0.00527    0.00202   -0.00164
 2207    0.02386    0.00613    0.00026
 2208    0.03352    0.00771    0.00262
 2209    0.03996    0.01190    0.01125
 2210    0.06871    0.02646    0.02157
 2211    0.03682    0.01222    0.01456
 2212    0.01078    0.00492    0.00344
 2213    0.00527    0.00283    0.00166
 2214    0.00491    0.00132   -0.00493
 2215    0.01022    0.00241   -0.00710
 2216    0.00560    0.00417    0.00610
 2217    0.01173    0.00601    0.00764
 2218    0.01277    0.00760    0.01482
 2219    0.00837    0.00584    0.01200
 2220    0.01282    0.00627    0.00680
 2221   -0.00006   -0.00066   -0.00819
 2222   -0.00041   -0.00176   -0.01401
 2223    0.00164   -0.00228   -0.01726
 2224    0.00193   -0.00329   -0.02223
 2225    0.00273   -0.00078   -0.01608
 2226   -0.00124   -0.00241   -0.01610
 2227   -0.00185   -0.00146   -0.00982
 2228    0.00295    0.00093   -0.00731
 2229   -0.00648   -0.00275   -0.00703
 2230    0.00296   -0.00191   -0.01508
 2231    0.00401   -0.00227   -0.01770
 2232   -0.00224   -0.00461   -0.01782
 2233   -0.00562   -0.00547   -0.01616
 2234    0.00783   -0.00127   -0.01505
 2235    0.00498   -0.00148   -0.01087
 2236   -0.00322   -0.00557   -0.01942
 2237   -0.00697   -0.00729   -0.02022
 2238   -0.00698   -0.00748   -0.01911
 2239   -0.00504   -0.00745   -0.01885
 2240   -0.00768   -0.00724   -0.02205
 2241   -0.00753   -0.00605   -0.02436
 2242   -0.01099   -0.00755   -0.02193
 2243   -0.00965   -0.00800   -0.01855
 2244   -0.01004   -0.00762   -0.01790
 2245   -0.01097   -0.00788   -0.01899
 2246   -0.01225   -0.00812   -0.01937
 2247   -0.01145   -0.00766   -0.01678
 2248   -0.01035   -0.00658   -0.01443
 2249   -0.01247   -0.00604   -0.01232
 2250   -0.00651   -0.00601   -0.01413
 2251   -0.01073   -0.00717   -0.01862
 2252   -0.01089   -0.00641   -0.01851
 2253   -0.01135   -0.00585   -0.01800
 2254   -0.01206   -0.00658   -0.01805
 2255   -0.01019   -0.00595   -0.01833
 2256   -0.00981   -0.00608   -0.01820
 2257   -0.01007   -0.00446   -0.01540
 2258   -0.00841   -0.00708   -0.01901
 2259   -0.00973   -0.00449   -0.01591
 2260   -0.00842   -0.00612   -0.01827
 2261   -0.01132   -0.00535   -0.01726
 2262   -0.01221   -0.00476   -0.01661
 2263   -0.01078   -0.00363   -0.01492
 2264   -0.01043   -0.00353   -0.01298
 2265   -0.01458   -0.00577   -0.01618
 2266   -0.01635   -0.00585   -0.01576
 2267   -0.01687   -0.00545   -0.01561
 2268   -0.01732   -0.00667   -0.01450
 2269   -0.01030   -0.00316   -0.01380
 2270   -0.00866   -0.00152   -0.01092
 2271   -0.01053   -0.00126   -0.01070
 2272   -0.01292   -0.00217   -0.01253
 2273   -0.00848   -0.00125   -0.01074
 2274   -0.00701    0.00111   -0.00731
 2275   -0.00790   -0.00215   -0.01116
 2276   -0.00873   -0.00017   -0.00849
 2277   -0.00918    0.00022   -0.00814
 2278   -0.00801    0.00239   -0.00519
 2279   -0.00662    0.00376   -0.00259
 2280   -0.00911    0.00023   -0.00759
 2281   -0.01076   -0.00148   -0.00993
 2282   -0.01033   -0.00103   -0.00859
 2283   -0.01323   -0.00295   -0.01156
 2284   -0.00863    0.00167   -0.00642
 2285   -0.00732    0.00313   -0.00441
 2286   -0.00611    0.00403   -0.00347
 2287   -0.00615    0.00467   -0.00482
 2288   -0.00720    0.00381   -0.00557
 2289   -0.00745    0.00372   -0.00634
 2290   -0.00604    0.00518   -0.00398
 2291   -0.00599    0.00452   -0.00551
 2292   -0.00604    0.00560   -0.00510
 2293   -0.00639    0.00544   -0.00339
 2294   -0.00608    0.00531   -0.00633
 2295   -0.00451    0.00494   -0.00202
 2296   -0.00320    0.00562   -0.00075
 2297   -0.00233    0.00657    0.00126
 2298   -0.00287    0.00724    0.00177
 2299   -0.00262    0.00516    0.00029
 2300   -0.00519    0.00391   -0.00203
 2301   -0.00480    0.00378   -0.00114
 2302   -0.00650    0.00315   -0.00370
 2303   -0.00118    0.00714    0.00178
 2304   -0.00052    0.00814    0.00310
 2305    0.00057    0.00839    0.00440
 2306    0.00067    0.00793    0.00438
 2307   -0.00028    0.00851    0.00250
 2308   -0.00080    0.00819    0.00102
 2309    0.00013    0.00811   -0.00023
 2310    0.00088    0.00931    0.00091
 2311    0.00197    0.00941    0.00020
 2312    0.00258    0.00793   -0.00156
 2313    0.00298    0.00962    0.00108
 2314    0.00128    0.00904    0.00594
 2315    0.00220    0.00901    0.00746
 2316    0.00255    0.01003    0.00791
 2317    0.00241    0.01030    0.00791
