    1   -0.00778   -0.01098    0.01341
    2   -0.00688   -0.01117    0.01499
    3   -0.00652   -0.00909    0.01227
    4   -0.00579   -0.00729    0.01090
    5   -0.00633   -0.01124    0.01876
    6   -0.00570   -0.01136    0.01986
    7   -0.00324   -0.01150    0.02390
    8   -0.00245   -0.01175    0.02285
    9   -0.00622   -0.00985    0.01259
   10   -0.00553   -0.00853    0.01097
   11   -0.00485   -0.00703    0.01144
   12   -0.00484   -0.00737    0.01307
   13   -0.00598   -0.00962    0.01062
   14   -0.00651   -0.01156    0.01229
   15   -0.00795   -0.01391    0.01198
   16   -0.00884   -0.01557    0.01124
   17   -0.00822   -0.01355    0.01205
   18   -0.00426   -0.00593    0.01042
   19   -0.00360   -0.00479    0.01086
   20   -0.00377   -0.00495    0.01128
   21   -0.00420   -0.00593    0.01142
   22   -0.00302   -0.00361    0.00973
   23   -0.00280   -0.00309    0.00918
   24   -0.00246   -0.00254    0.00798
   25   -0.00234   -0.00281    0.01010
   26   -0.00307   -0.00408    0.01153
   27   -0.00288   -0.00410    0.01161
   28   -0.00232   -0.00366    0.01037
   29   -0.00191   -0.00319    0.00974
   30   -0.00230   -0.00338    0.01192
   31   -0.00287   -0.00351    0.01318
   32   -0.00232   -0.00291    0.01339
   33   -0.00275   -0.00281    0.01454
   34   -0.00372   -0.00341    0.01567
   35   -0.00204   -0.00370    0.00997
   36   -0.00158   -0.00287    0.00863
   37   -0.00097   -0.00219    0.00858
   38   -0.00084   -0.00201    0.00928
   39   -0.00080   -0.00246    0.00815
   40   -0.00148   -0.00324    0.00958
   41   -0.00262   -0.00411    0.01058
   42   -0.00065   -0.00158    0.00735
   43   -0.00034   -0.00128    0.00690
   44    0.00035   -0.00054    0.00587
   45    0.00037   -0.00041    0.00490
   46   -0.00025   -0.00116    0.00629
   47    0.00016   -0.00067    0.00576
   48    0.00023   -0.00046    0.00630
   49    0.00019   -0.00084    0.00694
   50    0.00051   -0.00026    0.00601
   51    0.00080    0.00035    0.00523
   52    0.00100    0.00049    0.00418
   53    0.00097    0.00049    0.00427
   54    0.00093    0.00067    0.00552
   55    0.00117    0.00141    0.00444
   56    0.00083    0.00197    0.00470
   57    0.00057    0.00196    0.00603
   58    0.00107    0.00275    0.00397
   59    0.00133    0.00108    0.00333
   60    0.00135    0.00116    0.00279
   61    0.00176    0.00150    0.00251
   62    0.00222    0.00195    0.00208
   63    0.00159    0.00108    0.00236
   64    0.00133    0.00134    0.00170
   65    0.00171    0.00143    0.00200
   66    0.00140    0.00168    0.00130
   67    0.00128    0.00123    0.00259
   68    0.00136    0.00139    0.00253
   69    0.00102    0.00111    0.00272
   70    0.00102    0.00071    0.00306
   71    0.00132    0.00200    0.00353
   72    0.00135    0.00254    0.00341
   73    0.00150    0.00264    0.00251
   74    0.00099    0.00284    0.00456
   75    0.00100    0.00139    0.00193
   76    0.00055    0.00120    0.00124
   77    0.00064    0.00082    0.00169
   78    0.00061    0.00025    0.00111
   79    0.00037    0.00173    0.00086
   80    0.00141    0.00240    0.00103
   81    0.00151    0.00207    0.00117
   82    0.00028    0.00109    0.00211
   83    0.00030    0.00144    0.00269
   84    0.00138    0.00104    0.00426
   85    0.00151    0.00011    0.00386
   86    0.00135    0.00317    0.00423
   87    0.00206    0.00377    0.00591
   88    0.00161    0.00499    0.00715
   89    0.00075    0.00518    0.00705
   90    0.00232    0.00558    0.00791
   91    0.00123    0.00145    0.00473
   92    0.00134    0.00119    0.00554
   93    0.00147    0.00020    0.00506
   94    0.00160    0.00023    0.00588
   95    0.00090    0.00128    0.00555
   96    0.00047    0.00164    0.00648
   97    0.00032    0.00151    0.00635
   98    0.00005    0.00053    0.00712
   99    0.00128   -0.00002    0.00378
  100    0.00130   -0.00059    0.00292
  101    0.00150   -0.00119    0.00154
  102    0.00187   -0.00121    0.00210
  103    0.00114   -0.00051    0.00197
  104    0.00092   -0.00014    0.00242
  105    0.00101    0.00002    0.00278
  106    0.00079    0.00008    0.00149
  107    0.00146   -0.00096    0.00089
  108    0.00208   -0.00093    0.00053
  109    0.00269   -0.00107    0.00103
  110    0.00365   -0.00089    0.00122
  111    0.00157   -0.00070    0.00087
  112    0.00018   -0.00061   -0.00022
  113    0.00025   -0.00085   -0.00122
  114    0.00006   -0.00007    0.00034
  115    0.00226   -0.00058    0.00290
  116    0.00314    0.00027    0.00457
  117    0.00356    0.00058    0.00606
  118    0.00405    0.00081    0.00655
  119    0.00289    0.00152    0.00751
  120    0.00318    0.00161    0.00863
  121    0.00404    0.00272    0.00871
  122    0.00420    0.00249    0.00949
  123    0.00616    0.00260    0.00927
  124    0.00294    0.00030    0.00602
  125    0.00293   -0.00003    0.00567
  126    0.00327    0.00012    0.00475
  127    0.00393    0.00004    0.00473
  128    0.00232   -0.00040    0.00526
  129    0.00216   -0.00040    0.00501
  130    0.00173   -0.00064    0.00578
  131    0.00337   -0.00027    0.00313
  132    0.00387   -0.00057    0.00141
  133    0.00501   -0.00040    0.00179
  134    0.00533   -0.00030    0.00175
  135    0.00342   -0.00113   -0.00005
  136    0.00259   -0.00123    0.00045
  137    0.00212   -0.00127   -0.00074
  138    0.00265   -0.00069    0.00104
  139    0.00539   -0.00049    0.00201
  140    0.00635   -0.00086    0.00234
  141    0.00698   -0.00011    0.00338
  142    0.00790   -0.00009    0.00305
  143    0.00667   -0.00101    0.00306
  144    0.00604   -0.00039    0.00390
  145    0.00601    0.00055    0.00477
  146    0.00627    0.00040    0.00561
  147    0.00628    0.00037    0.00496
  148    0.00688    0.00073    0.00492
  149    0.00503   -0.00007    0.00693
  150    0.00510    0.00041    0.00783
  151    0.00351   -0.00001    0.00882
  152    0.00316    0.00054    0.00980
  153    0.00264    0.00077    0.01069
  154    0.00250    0.00052    0.01067
  155    0.00242    0.00164    0.01164
  156    0.00576    0.00026    0.00426
  157    0.00592    0.00085    0.00330
  158    0.00695    0.00104    0.00251
  159    0.00734    0.00189    0.00180
  160    0.00502    0.00094    0.00284
  161    0.00408    0.00063    0.00334
  162    0.00334    0.00056    0.00281
  163    0.00388    0.00092    0.00369
  164    0.00728    0.00048    0.00224
  165    0.00835    0.00075    0.00159
  166    0.00743    0.00083    0.00121
  167    0.00758    0.00175    0.00068
  168    0.00664   -0.00005    0.00121
  169    0.00577    0.00000    0.00107
  170    0.00591   -0.00120    0.00124
  171    0.00590   -0.00224    0.00135
  172    0.00461   -0.00007    0.00076
  173    0.00344   -0.00049    0.00040
  174    0.00437    0.00050    0.00084
  175    0.00530   -0.00069    0.00124
  176    0.00462   -0.00205    0.00116
  177    0.00208   -0.00228    0.00153
  178    0.00097   -0.00187    0.00184
  179    0.00583   -0.00073    0.00130
  180   -0.00036   -0.00415    0.00110
  181   -0.00450   -0.00604    0.00159
  182   -0.00634   -0.00932   -0.00161
  183   -0.00502   -0.01217   -0.00468
  184   -0.00782   -0.00995   -0.00139
  185   -0.00757   -0.01693   -0.00897
  186   -0.00662   -0.01278   -0.00665
  187   -0.00587   -0.01490   -0.01270
  188   -0.01497   -0.01762   -0.00437
  189   -0.01931   -0.02103   -0.00371
  190   -0.04904   -0.02113    0.00064
  191   -0.06873   -0.01760    0.00784
  192   -0.06676   -0.03493   -0.00582
  193   -0.00476   -0.00798   -0.00251
  194   -0.00319   -0.00624   -0.00218
  195   -0.00120   -0.00591   -0.00443
  196   -0.00036   -0.00463   -0.00350
  197   -0.00308   -0.00373    0.00112
  198   -0.00529   -0.00340    0.00443
  199   -0.00643   -0.00284    0.00674
  200   -0.00639   -0.00320    0.00640
  201   -0.00830   -0.00327    0.00918
  202   -0.00821   -0.00364    0.00944
  203   -0.00551   -0.00298    0.00576
  204   -0.00946   -0.00478    0.01132
  205   -0.00611   -0.00322    0.00776
  206   -0.00809   -0.00441    0.01001
  207   -0.00164   -0.00560   -0.00561
  208   -0.00099   -0.00414   -0.00425
  209   -0.00084   -0.00243   -0.00406
  210   -0.00196   -0.00271   -0.00338
  211   -0.00235   -0.00656   -0.00563
  212   -0.00253   -0.00952   -0.00603
  213   -0.00075   -0.00641   -0.00256
  214   -0.00086   -0.00708   -0.00227
  215   -0.00252   -0.01015   -0.00312
  216   -0.00308   -0.01230   -0.00442
  217   -0.00140   -0.00926   -0.00292
  218   -0.00061   -0.00137   -0.00343
  219   -0.00072   -0.00005   -0.00146
  220   -0.00065    0.00042   -0.00109
  221   -0.00047    0.00065   -0.00021
  222    0.00028    0.00012   -0.00076
  223    0.00017   -0.00019   -0.00060
  224    0.00045   -0.00051   -0.00076
  225    0.00015    0.00015   -0.00034
  226    0.00051   -0.00042   -0.00020
  227    0.00014    0.00005   -0.00011
  228    0.00030   -0.00010    0.00005
  229   -0.00064    0.00046   -0.00079
  230   -0.00064    0.00094   -0.00119
  231   -0.00014    0.00186   -0.00117
  232   -0.00005    0.00160   -0.00097
  233   -0.00261    0.00068   -0.00308
  234   -0.00292    0.00152   -0.00311
  235   -0.00452   -0.00073   -0.00417
  236    0.00033    0.00263   -0.00121
  237    0.00111    0.00350   -0.00084
  238    0.00119    0.00393   -0.00138
  239    0.00070    0.00405   -0.00207
  240    0.00205    0.00425   -0.00084
  241    0.00233    0.00404   -0.00051
  242    0.00269    0.00434   -0.00069
  243    0.00216    0.00341   -0.00036
  244    0.00172    0.00436   -0.00071
  245    0.00220    0.00485   -0.00069
  246    0.00311    0.00540   -0.00093
  247    0.00331    0.00543   -0.00079
  248    0.00212    0.00452   -0.00021
  249    0.00230    0.00455    0.00015
  250    0.00150    0.00357   -0.00016
  251    0.00330    0.00583   -0.00110
  252    0.00370    0.00632   -0.00126
  253    0.00379    0.00631   -0.00095
  254    0.00384    0.00659   -0.00108
  255    0.00351    0.00648   -0.00174
  256    0.00367    0.00656   -0.00225
  257    0.00348    0.00721   -0.00270
  258    0.00418    0.00668   -0.00265
  259    0.00373    0.00631   -0.00071
  260    0.00392    0.00646   -0.00059
  261    0.00358    0.00603   -0.00001
  262    0.00323    0.00570    0.00004
  263    0.00349    0.00602    0.00023
  264    0.00334    0.00575    0.00055
  265    0.00373    0.00588    0.00055
  266    0.00400    0.00572    0.00071
  267    0.00322    0.00538    0.00061
  268    0.00309    0.00457    0.00071
  269    0.00304    0.00437    0.00079
  270    0.00269    0.00404    0.00089
  271    0.00376    0.00611    0.00028
  272    0.00428    0.00632    0.00029
  273    0.00413    0.00625    0.00039
  274    0.00378    0.00627    0.00019
  275    0.00468    0.00669   -0.00007
  276    0.00459    0.00670   -0.00051
  277    0.00424    0.00699   -0.00081
  278    0.00423    0.00731   -0.00095
  279    0.00403    0.00703   -0.00089
  280    0.00464    0.00607    0.00060
  281    0.00449    0.00578    0.00081
  282    0.00402    0.00613    0.00050
  283    0.00354    0.00570    0.00069
  284    0.00512    0.00559    0.00096
  285    0.00546    0.00488    0.00143
  286    0.00588    0.00466    0.00151
  287    0.00683    0.00458    0.00180
  288    0.00518    0.00456    0.00163
  289    0.00423    0.00688   -0.00018
  290    0.00379    0.00741   -0.00050
  291    0.00306    0.00729   -0.00066
  292    0.00251    0.00761   -0.00085
  293    0.00426    0.00810   -0.00111
  294    0.00317    0.00704   -0.00059
  295    0.00275    0.00690   -0.00076
  296    0.00231    0.00654   -0.00040
  297    0.00173    0.00635   -0.00050
  298    0.00313    0.00686   -0.00091
  299    0.00317    0.00733   -0.00122
  300    0.00246    0.00609    0.00030
  301    0.00207    0.00534    0.00073
  302    0.00192    0.00509    0.00111
  303    0.00100    0.00428    0.00131
  304    0.00241    0.00471    0.00128
  305    0.00266    0.00487    0.00117
  306    0.00305    0.00458    0.00144
  307    0.00228    0.00420    0.00127
  308    0.00224    0.00526    0.00095
  309    0.00257    0.00466    0.00083
  310    0.00124    0.00526    0.00058
  311    0.00078    0.00447    0.00055
  312    0.00061    0.00621    0.00018
  313   -0.00097    0.00643   -0.00025
  314   -0.00186    0.00507   -0.00043
  315   -0.00279    0.00476   -0.00127
  316   -0.00044    0.00809   -0.00085
  317    0.00069    0.00725   -0.00102
  318   -0.00155    0.00413   -0.00011
  319   -0.00236    0.00280   -0.00071
  320   -0.00393    0.00136   -0.00043
  321   -0.00317    0.00021    0.00118
  322   -0.00073    0.00302   -0.00019
  323   -0.00162    0.00179    0.00002
  324    0.00008    0.00390   -0.00076
  325   -0.00641    0.00111   -0.00267
  326   -0.00861   -0.00127   -0.00154
  327   -0.00729   -0.00307    0.00112
  328   -0.00547   -0.00189    0.00119
  329   -0.01212   -0.00093   -0.00704
  330   -0.01191   -0.00056   -0.00689
  331   -0.00815    0.00181   -0.00516
  332   -0.00853   -0.00583    0.00460
  333   -0.00707   -0.00665    0.00768
  334   -0.01204   -0.01156    0.01175
  335   -0.02634   -0.02820    0.02407
  336   -0.00489   -0.00722    0.00853
  337   -0.01084   -0.00870    0.01071
  338   -0.00616   -0.00605    0.00928
  339   -0.00499   -0.00403    0.00723
  340   -0.00635   -0.00458    0.00657
  341   -0.00676   -0.00613    0.00979
  342   -0.01119   -0.00858    0.01151
  343   -0.01697   -0.01411    0.01850
  344   -0.00308   -0.00289    0.00711
  345   -0.00256   -0.00180    0.00592
  346   -0.00202   -0.00173    0.00609
  347   -0.00150   -0.00182    0.00609
  348   -0.00142   -0.00084    0.00445
  349   -0.00210   -0.00152    0.00607
  350   -0.00237   -0.00133    0.00506
  351   -0.00122   -0.00072    0.00409
  352   -0.00111   -0.00086    0.00366
  353   -0.00326   -0.00093    0.00587
  354   -0.00254   -0.00046    0.00460
  355   -0.00069   -0.00044    0.00332
  356   -0.00033    0.00008    0.00268
  357    0.00009    0.00046    0.00224
  358    0.00010    0.00054    0.00189
  359   -0.00037    0.00028    0.00234
  360    0.00021    0.00064    0.00206
  361    0.00043    0.00096    0.00175
  362    0.00040    0.00097    0.00159
  363    0.00016    0.00083    0.00164
  364    0.00058    0.00108    0.00202
  365    0.00107    0.00167    0.00168
  366    0.00110    0.00203    0.00134
  367    0.00113    0.00180    0.00180
  368    0.00053    0.00103    0.00128
  369    0.00048    0.00080    0.00123
  370    0.00057    0.00114    0.00118
  371    0.00067    0.00142    0.00101
  372    0.00046    0.00078    0.00117
  373    0.00028    0.00064    0.00132
  374   -0.00010    0.00040    0.00141
  375    0.00029    0.00060    0.00134
  376    0.00044    0.00118    0.00120
  377    0.00051    0.00145    0.00115
  378    0.00036    0.00106    0.00135
  379   -0.00002    0.00065    0.00152
  380    0.00056    0.00151    0.00116
  381    0.00071    0.00185    0.00119
  382    0.00123    0.00235    0.00102
  383    0.00066    0.00181    0.00118
  384    0.00054    0.00141    0.00144
  385    0.00033    0.00100    0.00162
  386    0.00040    0.00110    0.00152
  387    0.00091    0.00165    0.00130
  388    0.00067    0.00099    0.00181
  389    0.00067    0.00066    0.00214
  390    0.00072    0.00062    0.00241
  391    0.00103    0.00106    0.00193
  392    0.00016    0.00072    0.00165
  393    0.00024    0.00094    0.00167
  394   -0.00007    0.00042    0.00173
  395   -0.00035    0.00007    0.00188
  396    0.00015    0.00130    0.00131
  397   -0.00075    0.00076    0.00147
  398   -0.00138    0.00045    0.00140
  399   -0.00078    0.00050    0.00143
  400   -0.00198    0.00013    0.00129
  401   -0.00147    0.00026    0.00134
  402   -0.00217    0.00008    0.00116
  403    0.00000    0.00076    0.00182
  404   -0.00058    0.00013    0.00204
  405   -0.00129   -0.00021    0.00228
  406   -0.00150    0.00030    0.00225
  407   -0.00022    0.00052    0.00195
  408    0.00034    0.00172    0.00208
  409    0.00065    0.00178    0.00173
  410   -0.00238   -0.00073    0.00248
  411   -0.00308   -0.00038    0.00219
  412   -0.00412   -0.00075    0.00235
  413   -0.00448   -0.00087    0.00248
  414   -0.00291   -0.00044    0.00222
  415   -0.00346   -0.00080    0.00169
  416   -0.00359   -0.00063    0.00131
  417   -0.00338   -0.00094    0.00189
  418   -0.00440   -0.00063    0.00229
  419   -0.00578   -0.00052    0.00268
  420   -0.00676   -0.00109    0.00200
  421   -0.00642   -0.00126    0.00124
  422   -0.00534   -0.00012    0.00279
  423   -0.00468    0.00020    0.00246
  424   -0.00418    0.00040    0.00297
  425   -0.00763   -0.00118    0.00254
  426   -0.00841   -0.00152    0.00218
  427   -0.00821   -0.00161    0.00155
  428   -0.00843   -0.00191    0.00097
  429   -0.00962   -0.00158    0.00283
  430   -0.00782   -0.00126    0.00196
  431   -0.00755   -0.00122    0.00133
  432   -0.00684   -0.00106    0.00085
  433   -0.00717   -0.00135    0.00016
  434   -0.00704   -0.00074    0.00198
  435   -0.00602   -0.00026    0.00136
  436   -0.00668   -0.00080    0.00035
  437   -0.00739   -0.00134    0.00001
  438   -0.00617   -0.00046    0.00029
  439   -0.00616   -0.00072    0.00104
  440   -0.00560   -0.00070    0.00070
  441   -0.00637   -0.00122    0.00039
  442   -0.00637   -0.00121   -0.00010
  443   -0.00477   -0.00031    0.00111
  444   -0.00425   -0.00058    0.00070
  445   -0.00445   -0.00075    0.00062
  446   -0.00376   -0.00052    0.00051
  447   -0.00455   -0.00065    0.00046
  448   -0.00398   -0.00059    0.00035
  449   -0.00679   -0.00131    0.00047
  450   -0.00716   -0.00165    0.00009
  451   -0.00789   -0.00180   -0.00030
  452   -0.00809   -0.00181   -0.00067
  453   -0.00754   -0.00181    0.00025
  454   -0.00739   -0.00173    0.00018
  455   -0.00655   -0.00155    0.00059
  456   -0.00663   -0.00154    0.00063
  457   -0.00611   -0.00144    0.00060
  458   -0.00831   -0.00186   -0.00021
  459   -0.00878   -0.00206   -0.00061
  460   -0.00860   -0.00177   -0.00095
  461   -0.00903   -0.00170   -0.00140
  462   -0.00923   -0.00225   -0.00038
  463   -0.00980   -0.00270    0.00003
  464   -0.00996   -0.00264    0.00065
  465   -0.01028   -0.00297   -0.00017
  466   -0.00795   -0.00162   -0.00055
  467   -0.00782   -0.00142   -0.00084
  468   -0.00775   -0.00163   -0.00122
  469   -0.00837   -0.00136   -0.00165
  470   -0.00661   -0.00142   -0.00052
  471   -0.00586   -0.00130   -0.00064
  472   -0.00600   -0.00101   -0.00088
  473   -0.00546   -0.00128   -0.00050
  474   -0.00585   -0.00099   -0.00087
  475   -0.00483   -0.00098   -0.00040
  476   -0.00499   -0.00118   -0.00043
  477   -0.00745   -0.00164   -0.00091
  478   -0.00736   -0.00145   -0.00132
  479   -0.00786   -0.00122   -0.00181
  480   -0.00800   -0.00077   -0.00218
  481   -0.00696   -0.00150   -0.00108
  482   -0.00626   -0.00127   -0.00060
  483   -0.00590   -0.00113   -0.00077
  484   -0.00525   -0.00084   -0.00030
  485   -0.00445   -0.00055   -0.00008
  486   -0.00455   -0.00038   -0.00010
  487   -0.00374   -0.00018    0.00030
  488   -0.00829   -0.00125   -0.00183
  489   -0.00885   -0.00095   -0.00216
  490   -0.00943   -0.00065   -0.00246
  491   -0.00956   -0.00011   -0.00275
  492   -0.00918   -0.00111   -0.00203
  493   -0.00898   -0.00116   -0.00193
  494   -0.00880   -0.00064   -0.00229
  495   -0.00860   -0.00108   -0.00176
  496   -0.00915   -0.00137   -0.00160
  497   -0.00990   -0.00087   -0.00223
  498   -0.01067   -0.00050   -0.00237
  499   -0.01048   -0.00028   -0.00244
  500   -0.01111    0.00026   -0.00270
  501   -0.01122   -0.00079   -0.00205
  502   -0.00971   -0.00058   -0.00214
  503   -0.00924   -0.00059   -0.00225
  504   -0.00928   -0.00001   -0.00230
  505   -0.00945    0.00045   -0.00242
  506   -0.00809   -0.00107   -0.00152
  507   -0.00749   -0.00095   -0.00110
  508   -0.00620   -0.00104   -0.00074
  509   -0.00611   -0.00085   -0.00073
  510   -0.00537   -0.00096   -0.00025
  511   -0.00888    0.00008   -0.00259
  512   -0.00884    0.00073   -0.00287
  513   -0.01002    0.00162   -0.00307
  514   -0.01025    0.00211   -0.00322
  515   -0.00877    0.00082   -0.00287
  516   -0.00806    0.00038   -0.00282
  517   -0.00885    0.00163   -0.00311
  518   -0.00807    0.00021   -0.00265
  519   -0.01057    0.00169   -0.00302
  520   -0.01171    0.00251   -0.00304
  521   -0.01273    0.00273   -0.00296
  522   -0.01404    0.00354   -0.00297
  523   -0.01231    0.00277   -0.00313
  524   -0.01211    0.00345   -0.00378
  525   -0.01087    0.00228   -0.00347
  526   -0.01023    0.00227   -0.00356
  527   -0.01102    0.00171   -0.00346
  528   -0.01225    0.00202   -0.00259
  529   -0.01319    0.00197   -0.00229
  530   -0.01300    0.00236   -0.00245
  531   -0.01420    0.00296   -0.00201
  532   -0.01259    0.00124   -0.00247
  533   -0.01369    0.00123   -0.00260
  534   -0.01428    0.00109   -0.00164
  535   -0.01270    0.00112   -0.00177
  536   -0.01665    0.00116   -0.00161
  537   -0.01195    0.00203   -0.00236
  538   -0.01156    0.00227   -0.00238
  539   -0.01181    0.00324   -0.00298
  540   -0.01222    0.00372   -0.00294
  541   -0.01021    0.00147   -0.00250
  542   -0.00914    0.00110   -0.00201
  543   -0.00951    0.00078   -0.00141
  544   -0.00789    0.00084   -0.00191
  545   -0.01186    0.00354   -0.00329
  546   -0.01226    0.00480   -0.00392
  547   -0.01177    0.00511   -0.00440
  548   -0.01091    0.00471   -0.00471
  549   -0.01364    0.00590   -0.00371
  550   -0.01250    0.00602   -0.00454
  551   -0.01227    0.00689   -0.00520
  552   -0.01217    0.00604   -0.00466
  553   -0.01414    0.00932   -0.00402
  554   -0.01104    0.00410   -0.00436
  555   -0.01026    0.00324   -0.00397
  556   -0.00906    0.00289   -0.00481
  557   -0.00881    0.00320   -0.00572
  558   -0.00966    0.00241   -0.00343
  559   -0.00876    0.00215   -0.00376
  560   -0.00760    0.00129   -0.00317
  561   -0.00749    0.00123   -0.00249
  562   -0.00720    0.00115   -0.00321
  563   -0.00806    0.00234   -0.00422
  564   -0.00699    0.00184   -0.00495
  565   -0.00611    0.00135   -0.00474
  566   -0.00540    0.00099   -0.00355
  567   -0.00629    0.00146   -0.00476
  568   -0.00510    0.00084   -0.00509
  569   -0.00541    0.00098   -0.00669
  570   -0.00619    0.00126   -0.00770
  571   -0.00479    0.00085   -0.00663
  572   -0.00608    0.00148   -0.00547
  573   -0.00535    0.00124   -0.00515
  574   -0.00487    0.00105   -0.00581
  575   -0.00528    0.00126   -0.00692
  576   -0.00570    0.00127   -0.00549
  577   -0.00521    0.00073   -0.00512
  578   -0.00625    0.00126   -0.00474
  579   -0.00405    0.00074   -0.00510
  580   -0.00357    0.00034   -0.00590
  581   -0.00371    0.00036   -0.00664
  582   -0.00391    0.00051   -0.00605
  583   -0.00243   -0.00017   -0.00529
  584   -0.00178   -0.00056   -0.00624
  585   -0.00384    0.00043   -0.00787
  586   -0.00376    0.00040   -0.00892
  587   -0.00284    0.00019   -0.00871
  588   -0.00318    0.00102   -0.01041
  589   -0.00415    0.00022   -0.01089
  590   -0.00357   -0.00033   -0.01070
  591   -0.00384    0.00020   -0.00891
  592   -0.00191   -0.00013   -0.00813
  593   -0.00096   -0.00024   -0.00804
  594   -0.00149   -0.00010   -0.00629
  595   -0.00135   -0.00013   -0.00516
  596   -0.00017   -0.00126   -0.00765
  597    0.00102   -0.00131   -0.00826
  598    0.00307   -0.00136   -0.00914
  599   -0.00029   -0.00479   -0.00478
  600    0.00366   -0.00284   -0.00762
  601   -0.00237    0.00000   -0.00552
  602   -0.00252    0.00013   -0.00429
  603   -0.00308    0.00043   -0.00489
  604   -0.00345    0.00042   -0.00623
  605   -0.00298    0.00003   -0.00371
  606   -0.00311    0.00020   -0.00291
  607   -0.00264   -0.00018   -0.00325
  608   -0.00260    0.00044   -0.00421
  609   -0.00291    0.00099   -0.00471
  610   -0.00318    0.00055   -0.00366
  611   -0.00264    0.00049   -0.00245
  612   -0.00222    0.00135   -0.00377
  613   -0.00182    0.00161   -0.00423
  614   -0.00196    0.00153   -0.00335
  615   -0.00146    0.00222   -0.00559
  616   -0.00188    0.00153   -0.00339
  617   -0.00137    0.00232   -0.00575
  618   -0.00163    0.00205   -0.00442
  619   -0.00164    0.00181   -0.00437
  620   -0.00393    0.00048   -0.00444
  621   -0.00432    0.00015   -0.00372
  622   -0.00485    0.00011   -0.00439
  623   -0.00536    0.00019   -0.00559
  624   -0.00478    0.00014   -0.00414
  625   -0.00521    0.00011   -0.00372
  626   -0.00495    0.00001   -0.00275
  627   -0.00602   -0.00008   -0.00422
  628   -0.00547   -0.00012   -0.00231
  629   -0.00649   -0.00011   -0.00364
  630   -0.00634   -0.00011   -0.00276
  631   -0.00499    0.00003   -0.00338
  632   -0.00575   -0.00028   -0.00332
  633   -0.00629   -0.00061   -0.00251
  634   -0.00595   -0.00056   -0.00191
  635   -0.00499   -0.00018   -0.00288
  636   -0.00426   -0.00019   -0.00168
  637   -0.00313    0.00014   -0.00109
  638   -0.00388   -0.00025   -0.00112
  639   -0.00731   -0.00105   -0.00261
  640   -0.00800   -0.00132   -0.00209
  641   -0.00763   -0.00181   -0.00120
  642   -0.00711   -0.00172   -0.00087
  643   -0.00917   -0.00163   -0.00281
  644   -0.00933   -0.00125   -0.00356
  645   -0.01080   -0.00141   -0.00425
  646   -0.01069   -0.00104   -0.00503
  647   -0.01201   -0.00114   -0.00584
  648   -0.00764   -0.00217   -0.00052
  649   -0.00733   -0.00253    0.00044
  650   -0.00844   -0.00309    0.00084
  651   -0.00897   -0.00353    0.00087
  652   -0.00685   -0.00244    0.00105
  653   -0.00679   -0.00292    0.00198
  654   -0.00585   -0.00309    0.00231
  655   -0.00513   -0.00262    0.00200
  656   -0.00631   -0.00403    0.00287
  657   -0.00836   -0.00341    0.00128
  658   -0.00937   -0.00408    0.00179
  659   -0.00905   -0.00521    0.00317
  660   -0.00967   -0.00630    0.00383
  661   -0.01004   -0.00412    0.00138
  662   -0.00891   -0.00354    0.00148
  663   -0.01092   -0.00390   -0.00018
  664   -0.00787   -0.00474    0.00371
  665   -0.00723   -0.00569    0.00507
  666   -0.00728   -0.00563    0.00533
  667   -0.00678   -0.00445    0.00449
  668   -0.00611   -0.00457    0.00554
  669   -0.00625   -0.00420    0.00499
  670   -0.00559   -0.00498    0.00707
  671   -0.00525   -0.00330    0.00529
  672   -0.00758   -0.00676    0.00636
  673   -0.00659   -0.00761    0.00651
  674   -0.00536   -0.00656    0.00715
  675   -0.00487   -0.00626    0.00797
  676   -0.00476   -0.00560    0.00677
  677   -0.00380   -0.00502    0.00729
  678   -0.00353   -0.00405    0.00676
  679   -0.00266   -0.00340    0.00714
  680   -0.00359   -0.00543    0.00862
  681   -0.00387   -0.00620    0.00876
  682   -0.00282   -0.00518    0.00789
  683   -0.00434   -0.00741    0.01000
  684   -0.00390   -0.00385    0.00581
  685   -0.00330   -0.00323    0.00570
  686   -0.00310   -0.00235    0.00434
  687   -0.00256   -0.00192    0.00404
  688   -0.00394   -0.00325    0.00526
  689   -0.00488   -0.00301    0.00400
  690   -0.00337   -0.00246    0.00389
  691   -0.00302   -0.00194    0.00316
  692   -0.00199   -0.00134    0.00309
  693   -0.00189   -0.00094    0.00257
  694   -0.00281   -0.00190    0.00299
  695   -0.00197   -0.00177    0.00370
  696   -0.00150   -0.00119    0.00362
  697   -0.00084   -0.00070    0.00366
  698   -0.00057   -0.00068    0.00333
  699   -0.00028   -0.00031    0.00275
  700   -0.00081   -0.00097    0.00403
  701   -0.00044   -0.00076    0.00361
  702   -0.00090   -0.00049    0.00283
  703   -0.00037   -0.00016    0.00231
  704   -0.00060   -0.00083    0.00429
  705   -0.00026   -0.00100    0.00536
  706   -0.00008   -0.00035    0.00393
  707   -0.00160   -0.00077    0.00262
  708   -0.00200   -0.00052    0.00170
  709   -0.00164   -0.00027    0.00148
  710   -0.00147   -0.00003    0.00102
  711   -0.00297   -0.00091    0.00151
  712   -0.00373   -0.00126    0.00181
  713   -0.00346   -0.00076    0.00077
  714   -0.00368   -0.00103    0.00123
  715   -0.00141   -0.00033    0.00170
  716   -0.00087   -0.00011    0.00149
  717   -0.00021    0.00014    0.00139
  718   -0.00020    0.00027    0.00120
  719    0.00005    0.00017    0.00166
  720    0.00057    0.00014    0.00168
  721    0.00068    0.00041    0.00129
  722    0.00090    0.00055    0.00114
  723    0.00095    0.00001    0.00212
  724    0.00120   -0.00018    0.00219
  725    0.00073   -0.00017    0.00218
  726    0.00162   -0.00038    0.00274
  727    0.00030    0.00054    0.00117
  728    0.00026    0.00090    0.00073
  729   -0.00007    0.00101    0.00043
  730    0.00025    0.00139    0.00014
  731   -0.00029    0.00085    0.00060
  732    0.00016    0.00082    0.00108
  733   -0.00041    0.00121   -0.00039
  734   -0.00050    0.00049    0.00121
  735   -0.00057    0.00071    0.00047
  736   -0.00076    0.00069    0.00032
  737   -0.00027    0.00070    0.00070
  738   -0.00048    0.00064    0.00064
  739   -0.00130    0.00036    0.00041
  740   -0.00212    0.00021   -0.00013
  741   -0.00267   -0.00007   -0.00005
  742   -0.00259    0.00026   -0.00093
  743   -0.00349   -0.00013   -0.00080
  744   -0.00348    0.00013   -0.00128
  745    0.00003    0.00065    0.00100
  746    0.00012    0.00058    0.00119
  747    0.00025    0.00082    0.00116
  748   -0.00023    0.00083    0.00180
  749    0.00022    0.00041    0.00128
  750    0.00067    0.00097    0.00090
  751    0.00094    0.00139    0.00107
  752    0.00105    0.00217    0.00087
  753    0.00091    0.00240    0.00115
  754    0.00162    0.00145    0.00083
  755    0.00201    0.00199    0.00085
  756    0.00180    0.00078    0.00101
  757    0.00088    0.00216    0.00025
  758    0.00070    0.00262   -0.00017
  759    0.00023    0.00252    0.00044
  760    0.00033    0.00284   -0.00007
  761    0.00058    0.00252   -0.00130
  762    0.00002    0.00168    0.00072
  763   -0.00020    0.00141    0.00135
  764   -0.00019    0.00103    0.00192
  765   -0.00037    0.00055    0.00208
  766   -0.00044    0.00071    0.00080
  767   -0.00068    0.00025   -0.00064
  768   -0.00099    0.00002   -0.00148
  769   -0.00115    0.00034   -0.00074
  770   -0.00036    0.00140    0.00209
  771   -0.00270    0.00116    0.00367
  772   -0.00312    0.00220    0.00373
  773   -0.00308    0.00160    0.00340
  774   -0.00242    0.00016    0.00352
  775   -0.00236   -0.00007    0.00353
  776   -0.00284   -0.00027    0.00392
  777   -0.00188   -0.00012    0.00343
  778   -0.00233    0.00314    0.00322
  779   -0.00188    0.00393    0.00285
  780   -0.00366    0.00415    0.00389
  781   -0.00291    0.00422    0.00354
  782   -0.00034    0.00488    0.00145
  783    0.00132    0.00484    0.00057
  784    0.00204    0.00529   -0.00119
  785    0.00252    0.00609   -0.00263
  786    0.00219    0.00493   -0.00208
  787   -0.00467    0.00329    0.00510
  788   -0.00612    0.00281    0.00621
  789   -0.00698    0.00228    0.00670
  790   -0.01179    0.00339    0.00946
  791   -0.00554    0.00180    0.00661
  792   -0.00544    0.00125    0.00610
  793   -0.00572    0.00072    0.00584
  794   -0.00430    0.00131    0.00460
  795   -0.00815    0.00156    0.00710
  796   -0.00934    0.00176    0.00798
  797   -0.00727    0.00177    0.00609
  798   -0.00863    0.00151    0.00702
  799   -0.00785   -0.00031    0.00880
  800   -0.00876   -0.00137    0.01038
  801   -0.00746   -0.00158    0.00908
  802   -0.00724   -0.00180    0.00800
  803   -0.00451   -0.00105    0.00453
  804   -0.00495    0.00221    0.00444
  805   -0.00278    0.00160    0.00369
  806   -0.00168    0.00213    0.00307
  807   -0.00120    0.00286    0.00220
  808   -0.00092    0.00066    0.00182
  809   -0.00107   -0.00006    0.00188
  810   -0.00217    0.00027    0.00371
  811    0.00049    0.00001    0.00108
  812   -0.00095    0.00142    0.00275
  813    0.00104    0.00211    0.00184
  814    0.00286    0.00223    0.00126
  815    0.00302    0.00160    0.00103
  816    0.00477    0.00378    0.00049
  817    0.00655    0.00395   -0.00015
  818    0.00855    0.00436   -0.00043
  819    0.00907    0.00540   -0.00081
  820    0.00633    0.00508   -0.00083
  821    0.00510    0.00461   -0.00061
  822    0.00518    0.00392   -0.00056
  823    0.00374    0.00469   -0.00044
  824    0.00431    0.00345   -0.00024
  825    0.00308    0.00450   -0.00011
  826    0.00350    0.00384   -0.00006
  827    0.00944    0.00335   -0.00008
  828    0.01162    0.00356   -0.00017
  829    0.01267    0.00518   -0.00075
  830    0.01170    0.00593   -0.00115
  831    0.01201    0.00209    0.00028
  832    0.01202    0.00217    0.00071
  833    0.01286    0.00129    0.00136
  834    0.01389    0.00066    0.00136
  835    0.01244    0.00150    0.00189
  836    0.01514    0.00591   -0.00107
  837    0.01682    0.00788   -0.00199
  838    0.01711    0.00701   -0.00114
  839    0.01780    0.00608   -0.00031
  840    0.02102    0.00953   -0.00295
  841    0.01563    0.00749   -0.00128
  842    0.01530    0.00670   -0.00074
  843    0.01298    0.00533   -0.00013
  844    0.01300    0.00455    0.00064
  845    0.01165    0.00524   -0.00052
  846    0.00989    0.00409   -0.00005
  847    0.00907    0.00431   -0.00013
  848    0.00880    0.00512   -0.00096
  849    0.00887    0.00411   -0.00037
  850    0.00756    0.00353   -0.00006
  851    0.00850    0.00359    0.00088
  852    0.00754    0.00348    0.00095
  853    0.00638    0.00347    0.00039
  854    0.00583    0.00378   -0.00011
  855    0.00724    0.00270    0.00251
  856    0.00587    0.00257    0.00262
  857    0.00854    0.00262    0.00292
  858    0.00588    0.00307    0.00064
  859    0.00495    0.00298    0.00011
  860    0.00508    0.00386   -0.00092
  861    0.00432    0.00407   -0.00155
  862    0.00438    0.00240    0.00064
  863    0.00347    0.00236    0.00030
  864    0.00261    0.00221    0.00023
  865    0.00316    0.00171    0.00072
  866    0.00595    0.00453   -0.00123
  867    0.00608    0.00554   -0.00230
  868    0.00595    0.00623   -0.00307
  869    0.00555    0.00671   -0.00415
  870    0.00713    0.00631   -0.00237
  871    0.00709    0.00739   -0.00341
  872    0.00858    0.00876   -0.00381
  873    0.00933    0.00866   -0.00345
  874    0.01118    0.01027   -0.00408
  875    0.00653    0.00610   -0.00266
  876    0.00652    0.00634   -0.00315
  877    0.00494    0.00570   -0.00350
  878    0.00449    0.00586   -0.00450
  879    0.00722    0.00586   -0.00243
  880    0.00700    0.00605   -0.00301
  881    0.00842    0.00739   -0.00351
  882    0.00830    0.00820   -0.00454
  883    0.01003    0.00783   -0.00290
  884    0.00426    0.00480   -0.00269
  885    0.00286    0.00399   -0.00288
  886    0.00225    0.00431   -0.00390
  887    0.00146    0.00417   -0.00489
  888    0.00238    0.00311   -0.00168
  889    0.00094    0.00237   -0.00173
  890    0.00025    0.00197   -0.00141
  891    0.00029    0.00214   -0.00193
  892   -0.00110    0.00134   -0.00145
  893   -0.00091    0.00142   -0.00197
  894   -0.00161    0.00105   -0.00175
  895    0.00271    0.00461   -0.00357
  896    0.00219    0.00490   -0.00433
  897    0.00241    0.00567   -0.00607
  898    0.00173    0.00559   -0.00732
  899    0.00283    0.00493   -0.00375
  900    0.00279    0.00404   -0.00243
  901    0.00304    0.00384   -0.00140
  902    0.00159    0.00318   -0.00199
  903    0.00330    0.00642   -0.00589
  904    0.00372    0.00723   -0.00768
  905    0.00312    0.00660   -0.00837
  906    0.00299    0.00666   -0.00987
  907    0.00500    0.00801   -0.00733
  908    0.00578    0.00858   -0.00874
  909    0.00278    0.00588   -0.00731
  910    0.00205    0.00524   -0.00779
  911    0.00058    0.00438   -0.00857
  912   -0.00010    0.00417   -0.00967
  913    0.00192    0.00490   -0.00649
  914    0.00326    0.00567   -0.00627
  915    0.00325    0.00518   -0.00509
  916    0.00304    0.00462   -0.00389
  917    0.00355    0.00545   -0.00532
  918    0.00010    0.00407   -0.00792
  919   -0.00113    0.00313   -0.00831
  920   -0.00122    0.00323   -0.00939
  921   -0.00203    0.00238   -0.00966
  922   -0.00156    0.00248   -0.00669
  923   -0.00064    0.00288   -0.00575
  924   -0.00169    0.00225   -0.00572
  925   -0.00040    0.00427   -0.00984
  926   -0.00009    0.00409   -0.01082
  927   -0.00074    0.00342   -0.01274
  928   -0.00104    0.00251   -0.01302
  929    0.00088    0.00570   -0.01172
  930    0.00143    0.00449   -0.01190
  931    0.00207    0.00678   -0.01357
  932    0.00270    0.00810   -0.01409
  933    0.00257    0.00507   -0.01322
  934   -0.00124    0.00379   -0.01371
  935   -0.00231    0.00362   -0.01527
  936   -0.00378    0.00271   -0.01470
  937   -0.00470    0.00240   -0.01591
  938   -0.00199    0.00425   -0.01649
  939   -0.00385    0.00213   -0.01298
  940   -0.00519    0.00135   -0.01245
  941   -0.00619    0.00103   -0.01207
  942   -0.00563    0.00126   -0.01204
  943   -0.00500    0.00120   -0.01086
  944   -0.00468    0.00160   -0.01111
  945   -0.00422    0.00160   -0.00925
  946   -0.00418    0.00169   -0.01012
  947   -0.00734    0.00017   -0.01204
  948   -0.00806   -0.00025   -0.01147
  949   -0.00795   -0.00050   -0.00947
  950   -0.00767   -0.00042   -0.00875
  951   -0.00948   -0.00100   -0.01261
  952   -0.01003   -0.00125   -0.01203
  953   -0.00833   -0.00063   -0.00859
  954   -0.00818   -0.00084   -0.00694
  955   -0.00877   -0.00125   -0.00648
  956   -0.00832   -0.00118   -0.00525
  957   -0.00828   -0.00088   -0.00641
  958   -0.00787   -0.00073   -0.00725
  959   -0.00830   -0.00079   -0.00894
  960   -0.01011   -0.00172   -0.00745
  961   -0.01080   -0.00206   -0.00691
  962   -0.01028   -0.00182   -0.00683
  963   -0.00998   -0.00206   -0.00562
  964   -0.01278   -0.00262   -0.00792
  965   -0.01368   -0.00320   -0.00780
  966   -0.01331   -0.00323   -0.00886
  967   -0.01451   -0.00391   -0.00963
  968   -0.01184   -0.00245   -0.00894
  969   -0.00972   -0.00149   -0.00809
  970   -0.00882   -0.00112   -0.00809
  971   -0.00739   -0.00067   -0.00683
  972   -0.00678   -0.00051   -0.00621
  973   -0.00857   -0.00063   -0.00978
  974   -0.00988   -0.00105   -0.01118
  975   -0.01141   -0.00156   -0.01108
  976   -0.00951   -0.00067   -0.01235
  977   -0.00699   -0.00045   -0.00656
  978   -0.00576   -0.00007   -0.00551
  979   -0.00590   -0.00046   -0.00390
  980   -0.00496   -0.00030   -0.00301
  981   -0.00534    0.00014   -0.00561
  982   -0.00457    0.00069   -0.00682
  983   -0.00438    0.00073   -0.00713
  984   -0.00372    0.00134   -0.00859
  985   -0.00388    0.00143   -0.00886
  986   -0.00428    0.00109   -0.00837
  987   -0.00318    0.00183   -0.01033
  988   -0.00699   -0.00109   -0.00357
  989   -0.00720   -0.00161   -0.00216
  990   -0.00733   -0.00177   -0.00167
  991   -0.00678   -0.00196   -0.00038
  992   -0.00844   -0.00207   -0.00209
  993   -0.00778   -0.00181   -0.00279
  994   -0.00783   -0.00195   -0.00257
  995   -0.00637   -0.00137   -0.00216
  996   -0.00609   -0.00152   -0.00118
  997   -0.00894   -0.00192   -0.00428
  998   -0.01069   -0.00266   -0.00419
  999   -0.01173   -0.00259   -0.00604
 1000   -0.01354   -0.00325   -0.00609
 1001   -0.01539   -0.00382   -0.00549
 1002   -0.00542   -0.00067   -0.00287
 1003   -0.00389   -0.00005   -0.00244
 1004   -0.00331   -0.00017   -0.00084
 1005   -0.00250    0.00000    0.00007
 1006   -0.00317    0.00074   -0.00349
 1007   -0.00366    0.00096   -0.00547
 1008   -0.00384   -0.00047   -0.00050
 1009   -0.00341   -0.00070    0.00091
 1010   -0.00376   -0.00135    0.00214
 1011   -0.00300   -0.00122    0.00324
 1012   -0.00386   -0.00093    0.00076
 1013   -0.00344   -0.00110    0.00189
 1014   -0.00231   -0.00059    0.00216
 1015   -0.00394   -0.00171    0.00274
 1016   -0.00193   -0.00084    0.00321
 1017   -0.00351   -0.00185    0.00373
 1018   -0.00255   -0.00137    0.00387
 1019   -0.00493   -0.00190    0.00198
 1020   -0.00533   -0.00257    0.00316
 1021   -0.00450   -0.00221    0.00362
 1022   -0.00409   -0.00261    0.00494
 1023   -0.00690   -0.00320    0.00272
 1024   -0.00786   -0.00355    0.00249
 1025   -0.00935   -0.00429    0.00178
 1026   -0.00979   -0.00406    0.00064
 1027   -0.00998   -0.00508    0.00248
 1028   -0.00408   -0.00157    0.00243
 1029   -0.00325   -0.00115    0.00261
 1030   -0.00172   -0.00041    0.00290
 1031   -0.00080    0.00027    0.00280
 1032   -0.00358   -0.00083    0.00100
 1033   -0.00532   -0.00160    0.00045
 1034   -0.00604   -0.00135   -0.00183
 1035   -0.00825   -0.00213   -0.00249
 1036   -0.00882   -0.00199   -0.00477
 1037   -0.00154   -0.00047    0.00337
 1038   -0.00040    0.00018    0.00369
 1039   -0.00016   -0.00020    0.00522
 1040   -0.00045   -0.00055    0.00555
 1041   -0.00008    0.00055    0.00260
 1042    0.00122    0.00129    0.00269
 1043    0.00165    0.00114    0.00365
 1044    0.00195    0.00186    0.00138
 1045    0.00040   -0.00012    0.00616
 1046    0.00068   -0.00049    0.00763
 1047    0.00123   -0.00008    0.00764
 1048    0.00093   -0.00038    0.00840
 1049    0.00125   -0.00070    0.00890
 1050    0.00125   -0.00065    0.00871
 1051   -0.00033   -0.00169    0.00831
 1052   -0.00123   -0.00188    0.00739
 1053   -0.00022   -0.00235    0.00950
 1054    0.00207    0.00064    0.00702
 1055    0.00284    0.00086    0.00695
 1056    0.00235    0.00052    0.00648
 1057    0.00248    0.00035    0.00723
 1058    0.00409    0.00138    0.00565
 1059    0.00197    0.00062    0.00556
 1060    0.00158    0.00046    0.00536
 1061    0.00079   -0.00040    0.00645
 1062    0.00076   -0.00055    0.00687
 1063    0.00113    0.00064    0.00424
 1064    0.00229    0.00137    0.00322
 1065    0.00064    0.00024    0.00415
 1066    0.00190    0.00160    0.00194
 1067    0.00010   -0.00078    0.00700
 1068   -0.00051   -0.00139    0.00803
 1069   -0.00008   -0.00146    0.00920
 1070   -0.00036   -0.00179    0.00975
 1071   -0.00109   -0.00198    0.00821
 1072   -0.00182   -0.00196    0.00716
 1073   -0.00243   -0.00242    0.00727
 1074   -0.00279   -0.00298    0.00834
 1075   -0.00268   -0.00218    0.00607
 1076    0.00069   -0.00092    0.00960
 1077    0.00101   -0.00085    0.01045
 1078    0.00108   -0.00090    0.00971
 1079    0.00089   -0.00097    0.01035
 1080    0.00177   -0.00035    0.01088
 1081    0.00148   -0.00072    0.00875
 1082    0.00186   -0.00059    0.00850
 1083    0.00130   -0.00102    0.00840
 1084    0.00130   -0.00105    0.00844
 1085    0.00261   -0.00057    0.00717
 1086    0.00070   -0.00096    0.00828
 1087    0.00030   -0.00112    0.00822
 1088   -0.00013   -0.00127    0.00953
 1089   -0.00012   -0.00139    0.00950
 1090   -0.00033   -0.00132    0.00802
 1091   -0.00077   -0.00163    0.00809
 1092   -0.00064   -0.00152    0.00715
 1093   -0.00120   -0.00197    0.00895
 1094   -0.00098   -0.00180    0.00747
 1095   -0.00132   -0.00213    0.00854
 1096   -0.00037   -0.00154    0.01037
 1097   -0.00079   -0.00180    0.01151
 1098   -0.00041   -0.00109    0.01205
 1099   -0.00066   -0.00096    0.01265
 1100   -0.00107   -0.00234    0.01214
 1101   -0.00185   -0.00264    0.01226
 1102   -0.00235   -0.00325    0.01308
 1103   -0.00187   -0.00274    0.01136
 1104    0.00009   -0.00084    0.01161
 1105    0.00021   -0.00035    0.01188
 1106    0.00027   -0.00015    0.01179
 1107    0.00021    0.00055    0.01267
 1108    0.00088   -0.00012    0.01131
 1109    0.00040   -0.00033    0.01079
 1110    0.00041   -0.00018    0.01033
 1111   -0.00003   -0.00006    0.01033
 1112   -0.00005    0.00036    0.01021
 1113    0.00075   -0.00030    0.00893
 1114    0.00095    0.00026    0.00857
 1115    0.00149   -0.00049    0.00911
 1116   -0.00027   -0.00061    0.01058
 1117   -0.00058   -0.00076    0.01057
 1118   -0.00080   -0.00053    0.01112
 1119   -0.00067   -0.00032    0.01066
 1120   -0.00085   -0.00157    0.01070
 1121   -0.00100   -0.00044    0.01230
 1122   -0.00138   -0.00024    0.01291
 1123   -0.00122    0.00065    0.01320
 1124   -0.00150    0.00113    0.01349
 1125   -0.00189   -0.00093    0.01427
 1126   -0.00196   -0.00033    0.01542
 1127   -0.00150   -0.00007    0.01513
 1128   -0.00113    0.00086    0.01515
 1129   -0.00123   -0.00081    0.01495
 1130   -0.00086    0.00134    0.01279
 1131   -0.00061    0.00253    0.01250
 1132   -0.00057    0.00229    0.01131
 1133   -0.00052    0.00322    0.01109
 1134   -0.00005    0.00228    0.01223
 1135    0.00033    0.00231    0.01248
 1136    0.00043    0.00281    0.01168
 1137    0.00066    0.00267    0.01051
 1138    0.00038    0.00361    0.01191
 1139   -0.00052    0.00178    0.01043
 1140   -0.00019    0.00175    0.00918
 1141   -0.00014    0.00219    0.00922
 1142   -0.00013    0.00314    0.00904
 1143   -0.00026    0.00168    0.00958
 1144   -0.00024    0.00221    0.00973
 1145   -0.00042    0.00139    0.01001
 1146   -0.00098    0.00043    0.01118
 1147    0.00048    0.00230    0.00746
 1148    0.00064    0.00140    0.00674
 1149    0.00030    0.00056    0.00778
 1150    0.00028    0.00011    0.00815
 1151    0.00012    0.00022    0.00780
 1152   -0.00023    0.00171    0.00973
 1153    0.00001    0.00104    0.01006
 1154    0.00094    0.00069    0.00842
 1155    0.00063    0.00135    0.00807
 1156   -0.00179    0.00175    0.01259
 1157   -0.00282    0.00165    0.01492
 1158    0.00160   -0.00025    0.00774
 1159    0.00207   -0.00029    0.00634
 1160    0.00254   -0.00128    0.00604
 1161    0.00263   -0.00193    0.00723
 1162    0.00234   -0.00068    0.00569
 1163    0.00200    0.00030    0.00543
 1164    0.00264    0.00113    0.00382
 1165    0.00236    0.00194    0.00358
 1166    0.00241    0.00172    0.00320
 1167    0.00282    0.00101    0.00306
 1168    0.00223    0.00229    0.00308
 1169    0.00288   -0.00110    0.00467
 1170    0.00337   -0.00204    0.00416
 1171    0.00355   -0.00279    0.00382
 1172    0.00391   -0.00384    0.00387
 1173    0.00378   -0.00016    0.00215
 1174    0.00470    0.00117   -0.00011
 1175    0.00418   -0.00096    0.00194
 1176    0.00362   -0.00222    0.00358
 1177    0.00344   -0.00253    0.00376
 1178    0.00376   -0.00401    0.00474
 1179    0.00404   -0.00494    0.00416
 1180    0.00301   -0.00205    0.00399
 1181    0.00285   -0.00218    0.00420
 1182    0.00291   -0.00252    0.00346
 1183    0.00224   -0.00196    0.00506
 1184    0.00355   -0.00422    0.00591
 1185    0.00409   -0.00487    0.00698
 1186    0.00435   -0.00512    0.00683
 1187    0.00352   -0.00440    0.00729
 1188    0.00552   -0.00664    0.00734
 1189    0.00727   -0.00817    0.00933
 1190    0.00775   -0.00846    0.01109
 1191    0.00826   -0.00958    0.00942
 1192    0.00496   -0.00629    0.00599
 1193    0.00511   -0.00676    0.00623
 1194    0.00359   -0.00513    0.00533
 1195    0.00317   -0.00437    0.00548
 1196    0.00608   -0.00916    0.00564
 1197    0.00728   -0.01069    0.00627
 1198    0.00578   -0.00944    0.00507
 1199    0.00537   -0.01048    0.00302
 1200    0.00364   -0.00772    0.00338
 1201    0.00349   -0.00529    0.00414
 1202    0.00260   -0.00464    0.00346
 1203    0.00203   -0.00334    0.00384
 1204    0.00213   -0.00259    0.00393
 1205    0.00247   -0.00360    0.00234
 1206    0.00145   -0.00309    0.00224
 1207    0.00366   -0.00414    0.00147
 1208    0.00178   -0.00322    0.00412
 1209    0.00158   -0.00247    0.00446
 1210    0.00064   -0.00164    0.00344
 1211    0.00016   -0.00167    0.00283
 1212    0.00193   -0.00289    0.00518
 1213    0.00274   -0.00334    0.00603
 1214    0.00212   -0.00289    0.00654
 1215    0.00328   -0.00408    0.00593
 1216    0.00038   -0.00141    0.00363
 1217   -0.00013   -0.00087    0.00294
 1218   -0.00069   -0.00108    0.00318
 1219   -0.00084   -0.00146    0.00374
 1220    0.00011   -0.00028    0.00280
 1221    0.00043   -0.00001    0.00245
 1222    0.00056    0.00016    0.00206
 1223    0.00101   -0.00039    0.00258
 1224    0.00079    0.00042    0.00173
 1225    0.00114   -0.00033    0.00183
 1226    0.00143    0.00024    0.00155
 1227   -0.00109   -0.00021    0.00274
 1228   -0.00113   -0.00060    0.00269
 1229   -0.00100   -0.00003    0.00232
 1230   -0.00062    0.00009    0.00193
 1231   -0.00200   -0.00029    0.00225
 1232   -0.00253   -0.00075    0.00193
 1233   -0.00291   -0.00171    0.00208
 1234   -0.00283   -0.00066    0.00148
 1235   -0.00336   -0.00165    0.00167
 1236   -0.00324   -0.00101    0.00139
 1237   -0.00136   -0.00059    0.00247
 1238   -0.00095   -0.00014    0.00223
 1239   -0.00135   -0.00022    0.00189
 1240   -0.00175   -0.00048    0.00185
 1241   -0.00075   -0.00027    0.00234
 1242   -0.00030    0.00003    0.00256
 1243   -0.00026   -0.00026    0.00298
 1244   -0.00003    0.00044    0.00211
 1245    0.00003   -0.00000    0.00325
 1246    0.00026    0.00062    0.00238
 1247    0.00036    0.00041    0.00296
 1248   -0.00106    0.00012    0.00168
 1249   -0.00135    0.00015    0.00142
 1250   -0.00091    0.00025    0.00138
 1251   -0.00043    0.00039    0.00140
 1252   -0.00148    0.00022    0.00119
 1253   -0.00116    0.00064    0.00132
 1254   -0.00206   -0.00001    0.00107
 1255   -0.00141    0.00074    0.00130
 1256   -0.00111    0.00022    0.00131
 1257   -0.00072    0.00036    0.00137
 1258   -0.00075    0.00035    0.00140
 1259   -0.00107    0.00025    0.00107
 1260   -0.00066    0.00028    0.00129
 1261   -0.00040    0.00032    0.00137
 1262   -0.00006    0.00043    0.00145
 1263   -0.00048    0.00040    0.00127
 1264   -0.00051    0.00042    0.00161
 1265   -0.00045    0.00031    0.00177
 1266   -0.00039    0.00005    0.00206
 1267   -0.00019    0.00013    0.00218
 1268   -0.00024    0.00047    0.00189
 1269   -0.00044    0.00074    0.00198
 1270   -0.00045    0.00101    0.00176
 1271   -0.00060    0.00057    0.00188
 1272   -0.00042    0.00118    0.00160
 1273   -0.00080    0.00073    0.00177
 1274   -0.00079    0.00095    0.00166
 1275   -0.00063   -0.00009    0.00188
 1276   -0.00058   -0.00036    0.00187
 1277   -0.00062   -0.00065    0.00188
 1278   -0.00062   -0.00063    0.00121
 1279   -0.00086   -0.00003    0.00157
 1280   -0.00069    0.00000    0.00175
 1281   -0.00060    0.00011    0.00183
 1282   -0.00058   -0.00024    0.00188
 1283   -0.00022   -0.00111    0.00222
 1284   -0.00000   -0.00154    0.00226
 1285    0.00006   -0.00162    0.00162
 1286    0.00011   -0.00155    0.00163
 1287    0.00038   -0.00192    0.00251
 1288    0.00087   -0.00238    0.00274
 1289    0.00086   -0.00266    0.00217
 1290    0.00106   -0.00247    0.00354
 1291   -0.00007   -0.00158    0.00084
 1292   -0.00004   -0.00194    0.00024
 1293    0.00012   -0.00201   -0.00063
 1294   -0.00024   -0.00165   -0.00093
 1295   -0.00074   -0.00118   -0.00099
 1296   -0.00041   -0.00146   -0.00242
 1297   -0.00077   -0.00088   -0.00044
 1298    0.00047   -0.00280   -0.00075
 1299    0.00067   -0.00302   -0.00171
 1300    0.00049   -0.00326   -0.00036
 1301    0.00073   -0.00300   -0.00123
 1302    0.00037   -0.00199   -0.00379
 1303    0.00086   -0.00226   -0.00506
 1304    0.00167   -0.00285   -0.00472
 1305    0.00043   -0.00193   -0.00622
 1306    0.00072   -0.00355    0.00072
 1307    0.00085   -0.00361    0.00183
 1308    0.00054   -0.00279    0.00196
 1309    0.00072   -0.00261    0.00264
 1310    0.00003   -0.00227    0.00144
 1311   -0.00027   -0.00152    0.00125
 1312   -0.00050   -0.00126    0.00171
 1313   -0.00043   -0.00124    0.00129
 1314   -0.00085   -0.00125    0.00044
 1315   -0.00090   -0.00132    0.00031
 1316   -0.00133   -0.00087    0.00098
 1317   -0.00072   -0.00172   -0.00042
 1318   -0.00134   -0.00097    0.00067
 1319   -0.00086   -0.00155   -0.00021
 1320   -0.00028   -0.00094    0.00203
 1321   -0.00042   -0.00077    0.00201
 1322   -0.00098   -0.00048    0.00143
 1323   -0.00135   -0.00021    0.00138
 1324   -0.00000   -0.00059    0.00271
 1325    0.00014   -0.00035    0.00276
 1326    0.00024   -0.00042    0.00283
 1327    0.00051   -0.00010    0.00330
 1328   -0.00111   -0.00042    0.00109
 1329   -0.00161   -0.00019    0.00054
 1330   -0.00161   -0.00001    0.00079
 1331   -0.00135   -0.00001    0.00096
 1332   -0.00200   -0.00008   -0.00029
 1333   -0.00230   -0.00012   -0.00080
 1334   -0.00312    0.00006   -0.00136
 1335   -0.00187   -0.00047   -0.00088
 1336   -0.00343    0.00018   -0.00200
 1337   -0.00206   -0.00045   -0.00156
 1338   -0.00288    0.00004   -0.00203
 1339   -0.00311    0.00015   -0.00287
 1340   -0.00206    0.00003    0.00073
 1341   -0.00226    0.00012    0.00067
 1342   -0.00279    0.00017    0.00013
 1343   -0.00333    0.00013   -0.00033
 1344   -0.00233    0.00008    0.00076
 1345   -0.00243    0.00026    0.00078
 1346   -0.00261    0.00007    0.00073
 1347   -0.00306   -0.00002    0.00030
 1348   -0.00215    0.00012    0.00072
 1349   -0.00255    0.00013    0.00025
 1350   -0.00288    0.00009   -0.00016
 1351   -0.00312    0.00009    0.00006
 1352   -0.00245   -0.00005    0.00045
 1353   -0.00250    0.00012   -0.00017
 1354   -0.00230    0.00018   -0.00037
 1355   -0.00181    0.00021   -0.00026
 1356   -0.00289    0.00021   -0.00131
 1357   -0.00384   -0.00006   -0.00023
 1358   -0.00409   -0.00038    0.00004
 1359   -0.00478   -0.00065   -0.00044
 1360   -0.00546   -0.00061   -0.00097
 1361   -0.00423   -0.00035    0.00017
 1362   -0.00439   -0.00075    0.00032
 1363   -0.00445   -0.00064    0.00027
 1364   -0.00465   -0.00087    0.00047
 1365   -0.00476   -0.00092   -0.00006
 1366   -0.00561   -0.00115   -0.00042
 1367   -0.00654   -0.00156   -0.00049
 1368   -0.00734   -0.00169   -0.00096
 1369   -0.00613   -0.00151   -0.00006
 1370   -0.00672   -0.00180   -0.00008
 1371   -0.00709   -0.00137   -0.00076
 1372   -0.00766   -0.00136   -0.00104
 1373   -0.00630   -0.00187    0.00011
 1374   -0.00600   -0.00267    0.00081
 1375   -0.00552   -0.00275    0.00129
 1376   -0.00617   -0.00284    0.00150
 1377   -0.00598   -0.00167    0.00053
 1378   -0.00591   -0.00166    0.00038
 1379   -0.00665   -0.00189    0.00087
 1380   -0.00675   -0.00090   -0.00079
 1381   -0.00701   -0.00059   -0.00137
 1382   -0.00765   -0.00034   -0.00201
 1383   -0.00775   -0.00016   -0.00222
 1384   -0.00651   -0.00026   -0.00128
 1385   -0.00602   -0.00026   -0.00096
 1386   -0.00655   -0.00054   -0.00132
 1387   -0.00684   -0.00010   -0.00164
 1388   -0.00811   -0.00002   -0.00246
 1389   -0.00880    0.00033   -0.00335
 1390   -0.00816    0.00021   -0.00371
 1391   -0.00830   -0.00011   -0.00442
 1392   -0.00959    0.00057   -0.00353
 1393   -0.00837    0.00058   -0.00286
 1394   -0.00803    0.00008   -0.00245
 1395   -0.00759    0.00036   -0.00337
 1396   -0.00706    0.00031   -0.00367
 1397   -0.00615    0.00026   -0.00297
 1398   -0.00597    0.00014   -0.00233
 1399   -0.00728    0.00082   -0.00432
 1400   -0.00787    0.00116   -0.00402
 1401   -0.00740    0.00102   -0.00336
 1402   -0.00838    0.00145   -0.00404
 1403   -0.00801    0.00128   -0.00322
 1404   -0.00871    0.00192   -0.00379
 1405   -0.00854    0.00168   -0.00346
 1406   -0.00560    0.00025   -0.00315
 1407   -0.00490    0.00035   -0.00255
 1408   -0.00495    0.00032   -0.00218
 1409   -0.00545    0.00048   -0.00273
 1410   -0.00436    0.00024   -0.00290
 1411   -0.00475    0.00024   -0.00368
 1412   -0.00547    0.00027   -0.00402
 1413   -0.00460    0.00030   -0.00139
 1414   -0.00501    0.00043   -0.00088
 1415   -0.00421    0.00047   -0.00049
 1416   -0.00327    0.00029   -0.00001
 1417   -0.00467    0.00052   -0.00046
 1418   -0.00490    0.00061    0.00004
 1419   -0.00527    0.00041   -0.00082
 1420   -0.00466    0.00075   -0.00072
 1421   -0.00407    0.00055   -0.00023
 1422   -0.00358    0.00086    0.00090
 1423   -0.00445    0.00112    0.00085
 1424   -0.00452    0.00062   -0.00112
 1425   -0.00357    0.00042   -0.00045
 1426   -0.00280   -0.00005    0.00032
 1427   -0.00393    0.00056   -0.00092
 1428   -0.00262    0.00043    0.00163
 1429   -0.00156    0.00057    0.00220
 1430   -0.00110    0.00037    0.00289
 1431   -0.00010    0.00004    0.00344
 1432   -0.00059    0.00035    0.00227
 1433   -0.00110    0.00045    0.00174
 1434   -0.00122    0.00053    0.00133
 1435   -0.00175    0.00025    0.00139
 1436   -0.00184    0.00049    0.00113
 1437   -0.00202    0.00030    0.00105
 1438   -0.00214    0.00045    0.00296
 1439   -0.00174    0.00011    0.00345
 1440   -0.00068   -0.00057    0.00327
 1441   -0.00058   -0.00075    0.00278
 1442   -0.00023   -0.00091    0.00384
 1443    0.00047   -0.00162    0.00382
 1444    0.00113   -0.00167    0.00448
 1445    0.00159   -0.00124    0.00529
 1446    0.00114   -0.00204    0.00456
 1447    0.00130   -0.00204    0.00449
 1448    0.00152   -0.00214    0.00499
 1449    0.00161   -0.00291    0.00499
 1450    0.00127   -0.00325    0.00423
 1451    0.00128   -0.00171    0.00441
 1452    0.00154   -0.00161    0.00469
 1453    0.00209   -0.00332    0.00562
 1454    0.00187   -0.00403    0.00548
 1455    0.00152   -0.00378    0.00504
 1456    0.00155   -0.00298    0.00482
 1457    0.00227   -0.00466    0.00660
 1458    0.00185   -0.00538    0.00666
 1459    0.00110   -0.00421    0.00468
 1460    0.00006   -0.00426    0.00491
 1461   -0.00065   -0.00468    0.00618
 1462   -0.00141   -0.00416    0.00635
 1463   -0.00036   -0.00448    0.00483
 1464    0.00014   -0.00403    0.00355
 1465   -0.00107   -0.00361    0.00355
 1466   -0.00117   -0.00332    0.00373
 1467   -0.00173   -0.00263    0.00351
 1468    0.00013   -0.00514    0.00606
 1469   -0.00017   -0.00634    0.00660
 1470    0.00062   -0.00411    0.00605
 1471    0.00068   -0.00400    0.00575
 1472    0.00034   -0.00658    0.00711
 1473   -0.00107   -0.00940    0.00758
 1474   -0.00268   -0.00882    0.00719
 1475   -0.00060   -0.00965    0.00827
 1476    0.00152   -0.00335    0.00590
 1477    0.00208   -0.00228    0.00563
 1478    0.00177   -0.00194    0.00512
 1479    0.00207   -0.00123    0.00501
 1480    0.00281   -0.00259    0.00663
 1481    0.00271   -0.00281    0.00650
 1482    0.00307   -0.00356    0.00766
 1483    0.00108   -0.00221    0.00492
 1484    0.00087   -0.00150    0.00427
 1485    0.00099   -0.00076    0.00380
 1486    0.00102   -0.00040    0.00370
 1487    0.00016   -0.00180    0.00416
 1488   -0.00000   -0.00158    0.00378
 1489    0.00041   -0.00131    0.00336
 1490   -0.00034   -0.00190    0.00386
 1491    0.00102   -0.00062    0.00373
 1492    0.00133    0.00035    0.00312
 1493    0.00208    0.00089    0.00294
 1494    0.00210    0.00138    0.00261
 1495    0.00136    0.00068    0.00336
 1496    0.00091    0.00040    0.00357
 1497    0.00076    0.00026    0.00391
 1498    0.00090    0.00133    0.00258
 1499    0.00267    0.00094    0.00316
 1500    0.00351    0.00160    0.00295
 1501    0.00342    0.00112    0.00317
 1502    0.00398    0.00161    0.00288
 1503    0.00435    0.00152    0.00326
 1504    0.00529    0.00204    0.00307
 1505    0.00620    0.00186    0.00346
 1506    0.00601    0.00223    0.00360
 1507    0.00719    0.00192    0.00474
 1508    0.00274    0.00029    0.00386
 1509    0.00230    0.00014    0.00414
 1510    0.00181    0.00058    0.00355
 1511    0.00176    0.00079    0.00344
 1512    0.00177   -0.00052    0.00471
 1513    0.00230   -0.00076    0.00549
 1514    0.00228   -0.00100    0.00574
 1515    0.00294   -0.00080    0.00580
 1516    0.00146    0.00077    0.00324
 1517    0.00101    0.00102    0.00283
 1518    0.00156    0.00167    0.00237
 1519    0.00129    0.00183    0.00220
 1520    0.00060    0.00079    0.00272
 1521    0.00228    0.00204    0.00213
 1522    0.00263    0.00284    0.00182
 1523    0.00311    0.00294    0.00167
 1524    0.00310    0.00343    0.00137
 1525    0.00288    0.00344    0.00183
 1526    0.00359    0.00268    0.00193
 1527    0.00377    0.00266    0.00213
 1528    0.00313    0.00256    0.00200
 1529    0.00315    0.00263    0.00171
 1530    0.00397    0.00202    0.00253
 1531    0.00477    0.00195    0.00253
 1532    0.00481    0.00145    0.00317
 1533    0.00744    0.00093    0.00292
 1534    0.00907    0.00149    0.00293
 1535    0.00223    0.00211    0.00211
 1536    0.00166    0.00187    0.00188
 1537    0.00155    0.00229    0.00166
 1538    0.00137    0.00235    0.00145
 1539    0.00067    0.00130    0.00196
 1540   -0.00011    0.00105    0.00151
 1541    0.00069    0.00092    0.00255
 1542    0.00136    0.00248    0.00183
 1543    0.00165    0.00283    0.00145
 1544    0.00233    0.00338    0.00111
 1545    0.00206    0.00330    0.00109
 1546    0.00203    0.00283    0.00130
 1547    0.00126    0.00237    0.00137
 1548    0.00283    0.00375    0.00105
 1549    0.00306    0.00409    0.00094
 1550    0.00284    0.00370    0.00101
 1551    0.00288    0.00400    0.00100
 1552    0.00377    0.00463    0.00084
 1553    0.00377    0.00507    0.00080
 1554    0.00463    0.00524    0.00081
 1555    0.00510    0.00468    0.00112
 1556    0.00541    0.00457    0.00131
 1557    0.00516    0.00484    0.00130
 1558    0.00610    0.00396    0.00162
 1559    0.00264    0.00311    0.00115
 1560    0.00225    0.00280    0.00129
 1561    0.00150    0.00294    0.00142
 1562    0.00132    0.00300    0.00132
 1563    0.00197    0.00232    0.00112
 1564    0.00244    0.00217    0.00110
 1565    0.00221    0.00144    0.00086
 1566    0.00135    0.00131    0.00090
 1567    0.00247    0.00123    0.00060
 1568    0.00115    0.00262    0.00145
 1569    0.00034    0.00240    0.00169
 1570    0.00118    0.00271    0.00139
 1571    0.00094    0.00276    0.00150
 1572    0.00007    0.00219    0.00170
 1573   -0.00046    0.00164    0.00166
 1574   -0.00012    0.00155    0.00151
 1575   -0.00102    0.00115    0.00146
 1576   -0.00094    0.00092    0.00117
 1577   -0.00150    0.00080    0.00121
 1578   -0.00168    0.00071    0.00099
 1579    0.00192    0.00330    0.00104
 1580    0.00211    0.00389    0.00101
 1581    0.00207    0.00435    0.00109
 1582    0.00187    0.00460    0.00114
 1583    0.00254    0.00446    0.00085
 1584    0.00279    0.00403    0.00080
 1585    0.00301    0.00489    0.00057
 1586    0.00225    0.00430    0.00109
 1587    0.00247    0.00420    0.00103
 1588    0.00208    0.00400    0.00113
 1589    0.00222    0.00415    0.00112
 1590    0.00281    0.00393    0.00106
 1591    0.00339    0.00447    0.00091
 1592    0.00404    0.00412    0.00092
 1593    0.00437    0.00399    0.00076
 1594    0.00428    0.00408    0.00089
 1595    0.00103    0.00369    0.00122
 1596   -0.00000    0.00308    0.00099
 1597    0.00020    0.00338    0.00133
 1598   -0.00024    0.00302    0.00125
 1599   -0.00063    0.00198    0.00098
 1600   -0.00029    0.00191    0.00051
 1601   -0.00186    0.00116   -0.00007
 1602   -0.00212    0.00059    0.00037
 1603   -0.00154    0.00061    0.00058
 1604   -0.00062    0.00065    0.00069
 1605   -0.00155    0.00041    0.00092
 1606    0.00099    0.00332    0.00170
 1607    0.00063    0.00384    0.00184
 1608    0.00143    0.00459    0.00150
 1609    0.00188    0.00429    0.00122
 1610    0.00058    0.00345    0.00203
 1611   -0.00025    0.00260    0.00209
 1612   -0.00154    0.00197    0.00222
 1613   -0.00271    0.00134    0.00208
 1614   -0.00163    0.00239    0.00230
 1615    0.00130    0.00518    0.00188
 1616    0.00225    0.00542    0.00104
 1617    0.00244    0.00527    0.00035
 1618    0.00284    0.00543    0.00008
 1619    0.00203    0.00586    0.00222
 1620    0.00219    0.00531    0.00018
 1621    0.00256    0.00509   -0.00035
 1622    0.00298    0.00486   -0.00024
 1623    0.00392    0.00559   -0.00046
 1624    0.00255    0.00454    0.00022
 1625    0.00277    0.00452    0.00030
 1626    0.00318    0.00452    0.00044
 1627    0.00298    0.00433    0.00045
 1628    0.00204    0.00408    0.00112
 1629    0.00192    0.00383    0.00118
 1630    0.00240    0.00322    0.00056
 1631    0.00379    0.00364   -0.00031
 1632    0.00164    0.00321    0.00068
 1633    0.00336    0.00459    0.00013
 1634    0.00375    0.00475    0.00005
 1635    0.00335    0.00452    0.00014
 1636    0.00335    0.00473   -0.00016
 1637    0.00411    0.00553   -0.00043
 1638    0.00420    0.00569   -0.00093
 1639    0.00446    0.00572   -0.00053
 1640    0.00321    0.00408    0.00028
 1641    0.00291    0.00351    0.00041
 1642    0.00227    0.00321    0.00082
 1643    0.00175    0.00238    0.00107
 1644    0.00317    0.00272    0.00006
 1645    0.00410    0.00286   -0.00070
 1646    0.00441    0.00236   -0.00108
 1647    0.00504    0.00195   -0.00170
 1648    0.00606    0.00271   -0.00292
 1649    0.00601    0.00369   -0.00311
 1650    0.00633    0.00256   -0.00327
 1651    0.00241    0.00354    0.00069
 1652    0.00219    0.00323    0.00075
 1653    0.00233    0.00355    0.00043
 1654    0.00293    0.00388    0.00020
 1655    0.00233    0.00334    0.00075
 1656    0.00205    0.00315    0.00087
 1657    0.00215    0.00332    0.00087
 1658    0.00173    0.00267    0.00097
 1659    0.00200    0.00332    0.00100
 1660    0.00133    0.00264    0.00117
 1661    0.00148    0.00302    0.00121
 1662    0.00213    0.00305    0.00072
 1663    0.00222    0.00321    0.00048
 1664    0.00189    0.00300    0.00064
 1665    0.00131    0.00251    0.00093
 1666    0.00218    0.00254    0.00059
 1667    0.00274    0.00306    0.00032
 1668    0.00195    0.00334    0.00032
 1669    0.00155    0.00313    0.00036
 1670    0.00141    0.00277    0.00029
 1671    0.00159    0.00324    0.00026
 1672    0.00155    0.00314    0.00036
 1673    0.00104    0.00212    0.00037
 1674    0.00075    0.00195    0.00017
 1675    0.00059    0.00166    0.00023
 1676    0.00053    0.00137    0.00058
 1677    0.00067    0.00158    0.00011
 1678    0.00088    0.00182    0.00020
 1679    0.00072    0.00115    0.00043
 1680    0.00027    0.00138   -0.00021
 1681    0.00013    0.00096    0.00006
 1682   -0.00052    0.00024    0.00013
 1683   -0.00097   -0.00001   -0.00062
 1684   -0.00006    0.00137    0.00045
 1685   -0.00046    0.00012    0.00060
 1686   -0.00086   -0.00056    0.00020
 1687   -0.00175   -0.00081    0.00090
 1688   -0.00180   -0.00060    0.00272
 1689   -0.00041   -0.00022    0.00088
 1690   -0.00077   -0.00057    0.00088
 1691   -0.00049   -0.00101   -0.00034
 1692   -0.00034   -0.00019    0.00111
 1693   -0.00257   -0.00171   -0.00043
 1694   -0.00392   -0.00237   -0.00006
 1695   -0.00585   -0.00439   -0.00109
 1696   -0.00530   -0.00561   -0.00398
 1697   -0.00403   -0.00167   -0.00085
 1698   -0.00384   -0.00085   -0.00310
 1699   -0.00876   -0.00610    0.00153
 1700   -0.01370   -0.00898    0.00237
 1701   -0.01793   -0.01119   -0.00201
 1702   -0.01799   -0.01118   -0.00028
 1703   -0.02015   -0.01177    0.01297
 1704   -0.02929   -0.01419    0.01538
 1705   -0.04040   -0.01861    0.02593
 1706   -0.04862   -0.01751    0.02800
 1707   -0.03688   -0.01896    0.02255
 1708   -0.02332   -0.01452   -0.00980
 1709   -0.03611   -0.02080   -0.02314
 1710   -0.05002   -0.03124   -0.02065
 1711   -0.06303   -0.04279   -0.01180
 1712   -0.04352   -0.02714   -0.04357
 1713   -0.06185   -0.04330   -0.02632
 1714   -0.12577   -0.08776   -0.03226
 1715   -0.28321   -0.28524   -0.14821
 1716   -0.53218   -0.46388   -0.18774
 1717   -0.19250   -0.09224    0.00481
 1718    0.00361   -0.00660   -0.00240
 1719    0.00288   -0.00600   -0.00209
 1720    0.00315   -0.00435   -0.00211
 1721    0.00400   -0.00368   -0.00249
 1722    0.00303   -0.00654   -0.00226
 1723    0.00441   -0.00635   -0.00276
 1724    0.00457   -0.00668   -0.00281
 1725    0.00368   -0.00836   -0.00254
 1726    0.00230   -0.00362   -0.00170
 1727    0.00232   -0.00198   -0.00167
 1728    0.00242   -0.00132   -0.00163
 1729    0.00167   -0.00148   -0.00125
 1730    0.00130   -0.00159   -0.00108
 1731    0.00125   -0.00007   -0.00090
 1732    0.00035    0.00028   -0.00035
 1733    0.00032   -0.00016   -0.00038
 1734   -0.00027    0.00117    0.00011
 1735    0.00326   -0.00049   -0.00208
 1736    0.00339    0.00039   -0.00211
 1737    0.00353    0.00182   -0.00214
 1738    0.00375    0.00215   -0.00224
 1739    0.00433   -0.00004   -0.00257
 1740    0.00524    0.00035   -0.00307
 1741    0.00427   -0.00152   -0.00255
 1742    0.00605    0.00034   -0.00343
 1743    0.00336    0.00270   -0.00200
 1744    0.00345    0.00400   -0.00197
 1745    0.00409    0.00463   -0.00226
 1746    0.00425    0.00422   -0.00235
 1747    0.00263    0.00441   -0.00145
 1748    0.00172    0.00379   -0.00098
 1749    0.00170    0.00394   -0.00079
 1750    0.00084    0.00298   -0.00061
 1751    0.00065    0.00341   -0.00026
 1752   -0.00020    0.00234   -0.00008
 1753   -0.00024    0.00257    0.00010
 1754    0.00435    0.00527   -0.00234
 1755    0.00470    0.00562   -0.00250
 1756    0.00448    0.00635   -0.00219
 1757    0.00448    0.00666   -0.00212
 1758    0.00526    0.00535   -0.00298
 1759    0.00548    0.00577   -0.00297
 1760    0.00561    0.00458   -0.00338
 1761    0.00430    0.00657   -0.00200
 1762    0.00409    0.00702   -0.00171
 1763    0.00426    0.00697   -0.00172
 1764    0.00437    0.00667   -0.00207
 1765    0.00382    0.00702   -0.00158
 1766    0.00378    0.00722   -0.00137
 1767    0.00351    0.00712   -0.00132
 1768    0.00364    0.00719   -0.00135
 1769    0.00352    0.00712   -0.00136
 1770    0.00435    0.00688   -0.00164
 1771    0.00428    0.00668   -0.00154
 1772    0.00407    0.00651   -0.00120
 1773    0.00415    0.00695   -0.00128
 1774    0.00429    0.00661   -0.00142
 1775    0.00418    0.00666   -0.00114
 1776    0.00443    0.00667   -0.00172
 1777    0.00408    0.00626   -0.00112
 1778    0.00412    0.00609   -0.00088
 1779    0.00389    0.00574   -0.00043
 1780    0.00367    0.00570   -0.00017
 1781    0.00387    0.00572   -0.00060
 1782    0.00340    0.00509   -0.00020
 1783    0.00333    0.00510   -0.00001
 1784    0.00309    0.00443    0.00009
 1785    0.00387    0.00562   -0.00039
 1786    0.00360    0.00519   -0.00001
 1787    0.00386    0.00579   -0.00009
 1788    0.00393    0.00588    0.00002
 1789    0.00347    0.00482    0.00010
 1790    0.00397    0.00563   -0.00034
 1791    0.00300    0.00425    0.00047
 1792    0.00411    0.00633   -0.00060
 1793    0.00434    0.00684   -0.00078
 1794    0.00450    0.00701   -0.00092
 1795    0.00466    0.00714   -0.00093
 1796    0.00451    0.00709   -0.00108
 1797    0.00463    0.00722   -0.00121
 1798    0.00435    0.00737   -0.00140
 1799    0.00433    0.00742   -0.00157
 1800    0.00474    0.00728   -0.00121
 1801    0.00466    0.00738   -0.00130
 1802    0.00464    0.00725   -0.00109
 1803    0.00498    0.00755   -0.00135
 1804    0.00499    0.00770   -0.00131
 1805    0.00410    0.00727   -0.00130
 1806    0.00378    0.00720   -0.00132
 1807    0.00397    0.00705   -0.00151
 1808    0.00391    0.00712   -0.00125
 1809    0.00316    0.00681   -0.00107
 1810    0.00305    0.00695   -0.00112
 1811    0.00290    0.00636   -0.00124
 1812    0.00422    0.00670   -0.00186
 1813    0.00443    0.00629   -0.00222
 1814    0.00423    0.00562   -0.00216
 1815    0.00434    0.00512   -0.00232
 1816    0.00504    0.00623   -0.00266
 1817    0.00513    0.00670   -0.00254
 1818    0.00535    0.00581   -0.00304
 1819    0.00541    0.00648   -0.00274
 1820    0.00393    0.00536   -0.00190
 1821    0.00361    0.00422   -0.00181
 1822    0.00433    0.00360   -0.00239
 1823    0.00479    0.00387   -0.00266
 1824    0.00287    0.00397   -0.00128
 1825    0.00211    0.00435   -0.00070
 1826    0.00260    0.00261   -0.00126
 1827    0.00445    0.00273   -0.00258
 1828    0.00518    0.00207   -0.00307
 1829    0.00490    0.00073   -0.00291
 1830    0.00440   -0.00004   -0.00264
 1831    0.00583    0.00207   -0.00343
 1832    0.00644    0.00309   -0.00377
 1833    0.00668    0.00297   -0.00398
 1834    0.00680    0.00331   -0.00408
 1835    0.00523    0.00026   -0.00305
 1836    0.00517   -0.00135   -0.00285
 1837    0.00587   -0.00187   -0.00335
 1838    0.00648   -0.00168   -0.00382
 1839    0.00512   -0.00166   -0.00302
 1840    0.00429   -0.00087   -0.00256
 1841    0.00323   -0.00142   -0.00195
 1842    0.00262   -0.00061   -0.00156
 1843    0.00283   -0.00281   -0.00190
 1844    0.00592   -0.00275   -0.00318
 1845    0.00669   -0.00333   -0.00343
 1846    0.00658   -0.00503   -0.00341
 1847    0.00595   -0.00588   -0.00319
 1848    0.00694   -0.00275   -0.00357
 1849    0.00710   -0.00127   -0.00373
 1850    0.00607   -0.00291   -0.00332
 1851    0.00735   -0.00556   -0.00374
 1852    0.00756   -0.00724   -0.00379
 1853    0.00813   -0.00727   -0.00399
 1854    0.00858   -0.00635   -0.00405
 1855    0.00796   -0.00824   -0.00407
 1856    0.00727   -0.00994   -0.00413
 1857    0.00730   -0.01097   -0.00443
 1858    0.00749   -0.01013   -0.00447
 1859    0.00734   -0.01310   -0.00556
 1860    0.00773   -0.00825   -0.00392
 1861    0.00822   -0.00824   -0.00402
 1862    0.00947   -0.00828   -0.00435
 1863    0.00990   -0.00773   -0.00452
 1864    0.00774   -0.00957   -0.00381
 1865    0.00650   -0.00978   -0.00347
 1866    0.00673   -0.00931   -0.00358
 1867    0.00981   -0.00885   -0.00447
 1868    0.01090   -0.00916   -0.00489
 1869    0.01128   -0.00802   -0.00508
 1870    0.01209   -0.00823   -0.00538
 1871    0.01100   -0.01046   -0.00505
 1872    0.01053   -0.01022   -0.00492
 1873    0.01058   -0.00692   -0.00492
 1874    0.01073   -0.00571   -0.00510
 1875    0.01127   -0.00510   -0.00532
 1876    0.01098   -0.00486   -0.00504
 1877    0.01001   -0.00469   -0.00487
 1878    0.00958   -0.00519   -0.00483
 1879    0.01028   -0.00591   -0.00529
 1880    0.00913   -0.00491   -0.00456
 1881    0.01192   -0.00477   -0.00575
 1882    0.01219   -0.00425   -0.00593
 1883    0.01155   -0.00270   -0.00582
 1884    0.01093   -0.00229   -0.00568
 1885    0.01338   -0.00422   -0.00644
 1886    0.01305   -0.00369   -0.00658
 1887    0.01388   -0.00555   -0.00643
 1888    0.01204   -0.00204   -0.00596
 1889    0.01157   -0.00072   -0.00595
 1890    0.01118    0.00028   -0.00606
 1891    0.00994    0.00136   -0.00583
 1892    0.01165   -0.00026   -0.00587
 1893    0.01166   -0.00085   -0.00578
 1894    0.01048    0.00154   -0.00519
 1895    0.01051   -0.00071   -0.00521
 1896    0.01229   -0.00033   -0.00656
 1897    0.01150    0.00055   -0.00671
 1898    0.01107    0.00046   -0.00654
 1899    0.01004    0.00160   -0.00659
 1900    0.01273   -0.00014   -0.00715
 1901    0.01138    0.00090   -0.00737
 1902    0.01239    0.00005   -0.00746
 1903    0.01071    0.00076   -0.00774
 1904    0.01579   -0.00132   -0.00836
 1905    0.01143   -0.00069   -0.00652
 1906    0.01077   -0.00076   -0.00630
 1907    0.00960    0.00024   -0.00597
 1908    0.00904    0.00100   -0.00579
 1909    0.01083   -0.00249   -0.00617
 1910    0.01168   -0.00324   -0.00637
 1911    0.01167   -0.00277   -0.00695
 1912    0.01230   -0.00439   -0.00630
 1913    0.00950    0.00029   -0.00561
 1914    0.00870    0.00128   -0.00519
 1915    0.00856    0.00267   -0.00552
 1916    0.00812    0.00317   -0.00532
 1917    0.00858    0.00112   -0.00493
 1918    0.00784    0.00215   -0.00464
 1919    0.00872   -0.00011   -0.00467
 1920    0.00856    0.00304   -0.00575
 1921    0.00825    0.00423   -0.00575
 1922    0.00814    0.00440   -0.00593
 1923    0.00795    0.00476   -0.00587
 1924    0.00848    0.00474   -0.00575
 1925    0.00826    0.00505   -0.00532
 1926    0.00874    0.00510   -0.00539
 1927    0.00881    0.00499   -0.00469
 1928    0.00975    0.00503   -0.00480
 1929    0.00850    0.00363   -0.00621
 1930    0.00835    0.00379   -0.00652
 1931    0.00810    0.00416   -0.00611
 1932    0.00803    0.00456   -0.00622
 1933    0.00888    0.00305   -0.00677
 1934    0.00828    0.00343   -0.00580
 1935    0.00812    0.00336   -0.00549
 1936    0.00763    0.00427   -0.00521
 1937    0.00751    0.00461   -0.00498
 1938    0.00784    0.00238   -0.00515
 1939    0.00803    0.00116   -0.00515
 1940    0.00789    0.00021   -0.00466
 1941    0.00798   -0.00119   -0.00472
 1942    0.00765   -0.00120   -0.00466
 1943    0.00746    0.00448   -0.00518
 1944    0.00743    0.00507   -0.00494
 1945    0.00763    0.00534   -0.00514
 1946    0.00743    0.00550   -0.00493
 1947    0.00729    0.00513   -0.00485
 1948    0.00710    0.00486   -0.00462
 1949    0.00705    0.00545   -0.00452
 1950    0.00704    0.00494   -0.00454
 1951    0.00774    0.00523   -0.00561
 1952    0.00784    0.00535   -0.00579
 1953    0.00793    0.00561   -0.00578
 1954    0.00823    0.00588   -0.00577
 1955    0.00783    0.00521   -0.00624
 1956    0.00797    0.00536   -0.00630
 1957    0.00822    0.00532   -0.00677
 1958    0.00824    0.00538   -0.00731
 1959    0.00796    0.00508   -0.00640
 1960    0.00789    0.00549   -0.00574
 1961    0.00811    0.00582   -0.00574
 1962    0.00793    0.00595   -0.00529
 1963    0.00800    0.00627   -0.00524
 1964    0.00807    0.00558   -0.00581
 1965    0.00844    0.00547   -0.00651
 1966    0.00868    0.00520   -0.00684
 1967    0.00843    0.00562   -0.00673
 1968    0.00780    0.00595   -0.00497
 1969    0.00761    0.00613   -0.00444
 1970    0.00758    0.00618   -0.00445
 1971    0.00770    0.00647   -0.00412
 1972    0.00709    0.00590   -0.00408
 1973    0.00693    0.00563   -0.00402
 1974    0.00662    0.00590   -0.00353
 1975    0.00620    0.00547   -0.00330
 1976    0.00560    0.00480   -0.00303
 1977    0.00762    0.00593   -0.00465
 1978    0.00682    0.00587   -0.00431
 1979    0.00697    0.00573   -0.00456
 1980    0.00648    0.00500   -0.00436
 1981    0.00609    0.00580   -0.00333
 1982    0.00593    0.00619   -0.00280
 1983    0.00567    0.00647   -0.00210
 1984    0.00569    0.00634   -0.00181
 1985    0.00550    0.00686   -0.00223
 1986    0.00796    0.00581   -0.00503
 1987    0.00806    0.00581   -0.00514
 1988    0.00784    0.00517   -0.00497
 1989    0.00789    0.00412   -0.00473
 1990    0.00739    0.00488   -0.00481
 1991    0.00701    0.00447   -0.00459
 1992    0.00753    0.00470   -0.00490
 1993    0.00738    0.00489   -0.00518
 1994    0.00678    0.00451   -0.00407
 1995    0.00601    0.00466   -0.00304
 1996    0.00633    0.00423   -0.00338
 1997    0.00561    0.00477   -0.00245
 1998    0.00728    0.00406   -0.00466
 1999    0.00706    0.00453   -0.00474
 2000    0.00687    0.00474   -0.00473
 2001    0.00650    0.00461   -0.00430
 2002    0.00618    0.00412   -0.00356
 2003    0.00621    0.00305   -0.00292
 2004    0.00676    0.00309   -0.00366
 2005    0.00737    0.00501   -0.00573
 2006    0.00780    0.00500   -0.00593
 2007    0.00709    0.00513   -0.00507
 2008    0.00697    0.00533   -0.00493
 2009    0.00778    0.00444   -0.00663
 2010    0.00761    0.00450   -0.00711
 2011    0.00727    0.00489   -0.00625
 2012    0.00606    0.00516   -0.00409
 2013    0.00474    0.00508   -0.00231
 2014    0.00430    0.00476   -0.00178
 2015    0.00366    0.00454   -0.00060
 2016    0.00307    0.00459   -0.00056
 2017    0.00357    0.00496   -0.00175
 2018    0.00404    0.00508   -0.00374
 2019    0.00191    0.00545    0.00055
 2020    0.00490    0.00444   -0.00211
 2021    0.00478    0.00421   -0.00159
 2022    0.00512    0.00465   -0.00213
 2023    0.00518    0.00443   -0.00189
 2024    0.00496    0.00340   -0.00137
 2025    0.00458    0.00256   -0.00043
 2026    0.00452    0.00134    0.00010
 2027    0.00480    0.00165   -0.00101
 2028    0.00398    0.00064    0.00131
 2029    0.00549    0.00518   -0.00295
 2030    0.00582    0.00560   -0.00340
 2031    0.00571    0.00578   -0.00304
 2032    0.00659    0.00594   -0.00378
 2033    0.00677    0.00571   -0.00434
 2034    0.00672    0.00540   -0.00430
 2035    0.00745    0.00538   -0.00504
 2036    0.00748    0.00540   -0.00515
 2037    0.00768    0.00532   -0.00525
 2038    0.00597    0.00592   -0.00304
 2039    0.00623    0.00613   -0.00324
 2040    0.00634    0.00621   -0.00326
 2041    0.00587    0.00617   -0.00313
 2042    0.00583    0.00603   -0.00267
 2043    0.00508    0.00578   -0.00211
 2044    0.00585    0.00570   -0.00251
 2045    0.00464    0.00532   -0.00135
 2046    0.00372    0.00538   -0.00038
 2047    0.00414    0.00560   -0.00083
 2048    0.00289    0.00524    0.00098
 2049    0.00687    0.00608   -0.00321
 2050    0.00678    0.00572   -0.00317
 2051    0.00729    0.00562   -0.00314
 2052    0.00807    0.00531   -0.00315
 2053    0.00720    0.00491   -0.00361
 2054    0.00693    0.00507   -0.00379
 2055    0.00758    0.00408   -0.00433
 2056    0.00633    0.00536   -0.00362
 2057    0.00651    0.00577   -0.00286
 2058    0.00666    0.00587   -0.00279
 2059    0.00630    0.00548   -0.00278
 2060    0.00565    0.00545   -0.00266
 2061    0.00594    0.00652   -0.00270
 2062    0.00575    0.00662   -0.00282
 2063    0.00603    0.00685   -0.00256
 2064    0.00628    0.00675   -0.00260
 2065    0.00668    0.00496   -0.00280
 2066    0.00627    0.00448   -0.00269
 2067    0.00620    0.00474   -0.00261
 2068    0.00688    0.00449   -0.00276
 2069    0.00651    0.00317   -0.00285
 2070    0.00562    0.00265   -0.00256
 2071    0.00481    0.00271   -0.00239
 2072    0.00569    0.00173   -0.00266
 2073    0.00396    0.00190   -0.00214
 2074    0.00473    0.00082   -0.00249
 2075    0.00387    0.00100   -0.00218
 2076    0.00533    0.00537   -0.00254
 2077    0.00526    0.00598   -0.00260
 2078    0.00616    0.00680   -0.00284
 2079    0.00701    0.00689   -0.00315
 2080    0.00515    0.00528   -0.00291
 2081    0.00577    0.00706   -0.00251
 2082    0.00594    0.00761   -0.00226
 2083    0.00810    0.00802   -0.00323
 2084    0.00785    0.00889   -0.00259
 2085    0.00818    0.00702   -0.00298
 2086    0.00934    0.00682   -0.00322
 2087    0.00960    0.00615   -0.00312
 2088    0.00865    0.00563   -0.00287
 2089    0.00972    0.00634   -0.00312
 2090    0.01003    0.00624   -0.00285
 2091    0.00974    0.00589   -0.00277
 2092    0.01038    0.00450   -0.00344
 2093    0.01126    0.00372   -0.00372
 2094    0.01032    0.00630   -0.00221
 2095    0.00862    0.00675   -0.00149
 2096    0.00842    0.00648   -0.00075
 2097    0.00928    0.00601   -0.00092
 2098    0.00634    0.00614   -0.00057
 2099    0.00999    0.00398   -0.00368
 2100    0.01055    0.00242   -0.00425
 2101    0.01127    0.00231   -0.00459
 2102    0.01071    0.00317   -0.00448
 2103    0.01003    0.00189   -0.00428
 2104    0.00915    0.00237   -0.00386
 2105    0.00845    0.00201   -0.00388
 2106    0.00928    0.00187   -0.00384
 2107    0.01284    0.00101   -0.00577
 2108    0.01349    0.00079   -0.00613
 2109    0.01434   -0.00013   -0.00696
 2110    0.01414   -0.00120   -0.00681
 2111    0.01530    0.00033   -0.00743
 2112    0.01688    0.00018   -0.00831
 2113    0.01450    0.00071   -0.00490
 2114    0.01419    0.00181   -0.00403
 2115    0.01518    0.00068   -0.00514
 2116    0.01467    0.00027   -0.00717
 2117    0.01521   -0.00014   -0.00736
 2118    0.01602   -0.00166   -0.00793
 2119    0.01690   -0.00186   -0.00832
 2120    0.01541    0.00043   -0.00759
 2121    0.01187    0.00151   -0.00608
 2122    0.01100    0.00211   -0.00594
 2123    0.01134    0.00196   -0.00558
 2124    0.01541   -0.00255   -0.00759
 2125    0.01598   -0.00382   -0.00772
 2126    0.01529   -0.00468   -0.00726
 2127    0.01568   -0.00572   -0.00705
 2128    0.01491   -0.00423   -0.00692
 2129    0.01437   -0.00492   -0.00654
 2130    0.01341   -0.00496   -0.00616
 2131    0.01294   -0.00395   -0.00607
 2132    0.01407   -0.00445   -0.00640
 2133    0.01488   -0.00518   -0.00661
 2134    0.01440   -0.00495   -0.00630
 2135    0.01570   -0.00586   -0.00657
 2136    0.01745   -0.00591   -0.00726
 2137    0.02073   -0.00718   -0.00767
 2138    0.01759   -0.00444   -0.00695
 2139    0.01314   -0.00600   -0.00588
 2140    0.01230   -0.00611   -0.00551
 2141    0.01127   -0.00546   -0.00514
 2142    0.01127   -0.00511   -0.00512
 2143    0.01235   -0.00749   -0.00545
 2144    0.01247   -0.00818   -0.00535
 2145    0.01321   -0.00816   -0.00589
 2146    0.01056   -0.00531   -0.00485
 2147    0.00955   -0.00476   -0.00449
 2148    0.00921   -0.00567   -0.00430
 2149    0.00863   -0.00522   -0.00403
 2150    0.00874   -0.00456   -0.00414
 2151    0.00875   -0.00325   -0.00424
 2152    0.00829   -0.00329   -0.00415
 2153    0.00809   -0.00198   -0.00401
 2154    0.00957   -0.00694   -0.00435
 2155    0.00928   -0.00807   -0.00416
 2156    0.00984   -0.00795   -0.00440
 2157    0.00930   -0.00820   -0.00410
 2158    0.00958   -0.00944   -0.00421
 2159    0.00922   -0.01081   -0.00395
 2160    0.01093   -0.00760   -0.00481
 2161    0.01167   -0.00743   -0.00506
 2162    0.01087   -0.00636   -0.00470
 2163    0.01153   -0.00650   -0.00500
 2164    0.01283   -0.00711   -0.00544
 2165    0.01384   -0.00834   -0.00573
 2166    0.01425   -0.00803   -0.00599
 2167    0.01415   -0.00963   -0.00561
 2168    0.01002   -0.00529   -0.00453
 2169    0.00921   -0.00417   -0.00417
 2170    0.00795   -0.00445   -0.00373
 2171    0.00711   -0.00348   -0.00337
 2172    0.00905   -0.00253   -0.00413
 2173    0.01021   -0.00216   -0.00456
 2174    0.01083   -0.00255   -0.00500
 2175    0.01057   -0.00142   -0.00438
 2176    0.01181   -0.00220   -0.00542
 2177    0.01170   -0.00115   -0.00463
 2178    0.01229   -0.00157   -0.00538
 2179    0.01310   -0.00136   -0.00570
 2180    0.00777   -0.00570   -0.00365
 2181    0.00656   -0.00623   -0.00319
 2182    0.00554   -0.00517   -0.00286
 2183    0.00457   -0.00491   -0.00256
 2184    0.00637   -0.00678   -0.00295
 2185    0.00777   -0.00813   -0.00307
 2186    0.00772   -0.00940   -0.00284
 2187    0.00868   -0.00773   -0.00343
 2188    0.00583   -0.00462   -0.00301
 2189    0.00503   -0.00371   -0.00277
 2190    0.00428   -0.00475   -0.00250
 2191    0.00479   -0.00577   -0.00274
 2192    0.00568   -0.00278   -0.00314
 2193    0.00586   -0.00143   -0.00326
 2194    0.00520   -0.00243   -0.00290
 2195    0.00675   -0.00118   -0.00345
 2196    0.00304   -0.00446   -0.00204
 2197    0.00209   -0.00528   -0.00171
 2198    0.00190   -0.00464   -0.00160
 2199    0.00246   -0.00350   -0.00177
 2200    0.00057   -0.00558   -0.00129
 2201    0.00035   -0.00702   -0.00145
 2202   -0.00039   -0.00885   -0.00128
 2203   -0.00223   -0.00911   -0.00112
 2204    0.00066   -0.01007   -0.00134
 2205    0.00086   -0.00532   -0.00119
 2206    0.00047   -0.00472   -0.00088
 2207   -0.00013   -0.00329   -0.00052
 2208   -0.00088   -0.00318   -0.00021
 2209   -0.00062   -0.00590   -0.00053
 2210    0.00009   -0.00221   -0.00055
 2211   -0.00046   -0.00080   -0.00019
 2212   -0.00014    0.00011   -0.00039
 2213   -0.00093    0.00086   -0.00001
 2214   -0.00194   -0.00088    0.00053
 2215   -0.00243   -0.00176    0.00071
 2216   -0.00326   -0.00333    0.00089
 2217   -0.00425   -0.00360    0.00123
 2218   -0.00316   -0.00436    0.00076
 2219    0.00092    0.00008   -0.00089
 2220    0.00135    0.00094   -0.00106
 2221    0.00230    0.00210   -0.00146
 2222    0.00296    0.00190   -0.00181
 2223    0.00179    0.00013   -0.00140
 2224    0.00279   -0.00064   -0.00187
 2225    0.00236    0.00331   -0.00154
 2226    0.00294    0.00435   -0.00169
 2227    0.00380    0.00455   -0.00202
 2228    0.00386    0.00450   -0.00208
 2229    0.00240    0.00512   -0.00153
 2230    0.00145    0.00487   -0.00121
 2231    0.00291    0.00586   -0.00161
 2232    0.00434    0.00472   -0.00227
 2233    0.00491    0.00502   -0.00248
 2234    0.00468    0.00577   -0.00242
 2235    0.00442    0.00603   -0.00229
 2236    0.00543    0.00451   -0.00280
 2237    0.00565    0.00327   -0.00307
 2238    0.00628    0.00290   -0.00346
 2239    0.00594    0.00287   -0.00310
 2240    0.00488    0.00602   -0.00254
 2241    0.00473    0.00642   -0.00254
 2242    0.00497    0.00631   -0.00280
 2243    0.00531    0.00619   -0.00293
 2244    0.00463    0.00675   -0.00250
 2245    0.00403    0.00700   -0.00226
 2246    0.00382    0.00724   -0.00190
 2247    0.00380    0.00697   -0.00231
 2248    0.00356    0.00738   -0.00190
 2249    0.00345    0.00726   -0.00213
 2250    0.00485    0.00633   -0.00269
 2251    0.00507    0.00622   -0.00274
 2252    0.00483    0.00608   -0.00240
 2253    0.00452    0.00612   -0.00185
 2254    0.00526    0.00622   -0.00262
 2255    0.00552    0.00604   -0.00266
 2256    0.00601    0.00597   -0.00332
 2257    0.00555    0.00605   -0.00276
 2258    0.00472    0.00590   -0.00241
 2259    0.00432    0.00555   -0.00193
 2260    0.00444    0.00526   -0.00165
 2261    0.00516    0.00552   -0.00192
 2262    0.00425    0.00559   -0.00200
 2263    0.00376    0.00485   -0.00120
 2264    0.00426    0.00596   -0.00220
 2265    0.00419    0.00476   -0.00122
 2266    0.00410    0.00414   -0.00084
 2267    0.00383    0.00326   -0.00009
 2268    0.00352    0.00304    0.00029
 2269    0.00405    0.00408   -0.00080
 2270    0.00442    0.00454   -0.00129
 2271    0.00422    0.00444   -0.00100
 2272    0.00513    0.00467   -0.00201
 2273    0.00376    0.00343    0.00027
 2274    0.00325    0.00293    0.00110
 2275    0.00319    0.00226    0.00139
 2276    0.00334    0.00204    0.00138
 2277    0.00291    0.00322    0.00137
 2278    0.00283    0.00397    0.00076
 2279    0.00261    0.00345    0.00130
 2280    0.00262    0.00355    0.00112
 2281    0.00274    0.00371    0.00031
 2282    0.00301    0.00347    0.00006
 2283    0.00245    0.00379   -0.00001
 2284    0.00271    0.00182    0.00173
 2285    0.00224    0.00129    0.00236
 2286    0.00183    0.00080    0.00319
 2287    0.00175    0.00077    0.00337
 2288    0.00228    0.00114    0.00189
 2289    0.00303    0.00178    0.00113
 2290    0.00274    0.00206    0.00069
 2291    0.00361    0.00170    0.00080
 2292    0.00178   -0.00008    0.00365
 2293    0.00138   -0.00048    0.00452
 2294    0.00115   -0.00060    0.00409
 2295    0.00131   -0.00092    0.00394
 2296    0.00107   -0.00070    0.00556
 2297    0.00118   -0.00043    0.00581
 2298    0.00123   -0.00073    0.00619
 2299    0.00087   -0.00122    0.00747
 2300    0.00099   -0.00189    0.00786
 2301    0.00179   -0.00194    0.00711
 2302    0.00056   -0.00281    0.00892
 2303    0.00044   -0.00077    0.00429
 2304   -0.00010   -0.00107    0.00408
 2305   -0.00070   -0.00183    0.00477
 2306   -0.00102   -0.00196    0.00571
