    1    0.03720   -0.03504    0.02948
    2    0.01885   -0.03255    0.03141
    3    0.01352    0.01863    0.03560
    4    0.09454   -0.25987   -0.12897
    5    0.00677   -0.08995    0.00163
    6   -0.16966    0.03520    0.09716
    7    0.33576    0.27111   -0.09445
    8    0.00917    0.07838   -0.00311
    9   -0.02760    0.02692    0.03245
   10   -0.01476   -0.00058    0.02282
   11   -0.01510   -0.04545    0.02505
   12   -0.00915   -0.04891    0.00098
   13   -0.01005   -0.05667    0.01098
   14    0.00487   -0.02840   -0.03201
   15    0.00714   -0.01041   -0.04343
   16    0.01079   -0.00260   -0.07828
   17    0.00484    0.00012   -0.09241
   18   -0.02697    0.06284   -0.08972
   19   -0.05771    0.13648   -0.13103
   20   -0.15980    0.19993   -0.18376
   21   -0.05983    0.09996   -0.05092
   22   -0.01353    0.02493   -0.07983
   23   -0.00347    0.00791   -0.04479
   24   -0.01154    0.02614    0.02077
   25   -0.01749    0.00119    0.02721
   26   -0.01894    0.00808   -0.00112
   27   -0.01319    0.00218   -0.00875
   28    0.00850   -0.00931   -0.06916
   29    0.02485   -0.01321   -0.09759
   30    0.04103   -0.02117   -0.10788
   31    0.02499   -0.00341   -0.06740
   32    0.01367    0.00757   -0.02848
   33   -0.01680    0.02481    0.00054
   34   -0.02012    0.03555    0.00761
   35   -0.02351    0.03398   -0.00866
   36   -0.01130    0.03388    0.00495
   37   -0.00585    0.03336    0.02207
   38   -0.00848    0.02365    0.02990
   39   -0.00655    0.01397    0.03407
   40   -0.00668    0.01196    0.02927
   41   -0.00690    0.01082    0.02238
   42   -0.00561    0.01266    0.02258
   43   -0.00546    0.01207    0.01792
   44   -0.00539    0.01775    0.01630
   45   -0.00642    0.02248    0.01436
   46   -0.00364    0.01646    0.01332
   47   -0.00094    0.00985    0.00545
   48   -0.00235    0.00307    0.00648
   49   -0.00425    0.00140    0.00610
   50   -0.00404   -0.00677    0.00131
   51   -0.00623   -0.01297    0.00637
   52   -0.00707   -0.01795    0.00430
   53   -0.01123   -0.02397    0.00948
   54   -0.01541   -0.02645    0.00871
   55   -0.00885   -0.02245    0.00320
   56   -0.00611   -0.01731    0.00219
   57   -0.00333   -0.01392    0.00037
   58   -0.00397   -0.01679   -0.00325
   59   -0.00476   -0.02053   -0.00378
   60   -0.00281   -0.02056   -0.00372
   61   -0.00081   -0.01797   -0.00502
   62   -0.00107   -0.01947   -0.00471
   63   -0.00139   -0.02151   -0.00510
   64   -0.00374   -0.02163   -0.00457
   65   -0.00377   -0.02266   -0.00331
   66   -0.01094   -0.03018   -0.00115
   67   -0.00703   -0.02916   -0.00250
   68   -0.00428   -0.03224   -0.00383
   69   -0.00629   -0.03658   -0.00426
   70   -0.00500   -0.02742   -0.00416
   71   -0.00147   -0.02779   -0.00902
   72   -0.00111   -0.02595   -0.01105
   73    0.00080   -0.01776   -0.01104
   74    0.00491   -0.01380   -0.01579
   75    0.00424   -0.00425   -0.01259
   76   -0.00010    0.00131   -0.00370
   77   -0.00262    0.01037    0.00378
   78   -0.00455    0.00865    0.00556
   79   -0.00440    0.00090    0.00548
   80   -0.00581   -0.00157    0.01152
   81   -0.00684   -0.00787    0.01374
   82   -0.01086   -0.01291    0.02156
   83   -0.02227   -0.01563    0.03564
   84   -0.02177   -0.02442    0.02774
   85   -0.01269   -0.01963    0.01150
   86   -0.01015   -0.01983    0.00191
   87   -0.00874   -0.02237   -0.00256
   88   -0.00696   -0.01969   -0.00483
   89   -0.00659   -0.01817   -0.00829
   90   -0.00462   -0.01610   -0.00865
   91   -0.00296   -0.01091   -0.01080
   92   -0.00513   -0.01152   -0.01579
   93   -0.00408   -0.01568   -0.01457
   94   -0.00455   -0.02118   -0.01479
   95   -0.00371   -0.02210   -0.00913
   96    0.00048   -0.02344   -0.00594
   97   -0.00065   -0.02175   -0.00684
   98   -0.00266   -0.01347   -0.00256
   99   -0.00444   -0.00572    0.00120
  100   -0.00192   -0.00757   -0.00068
  101    0.00039   -0.00783   -0.00255
  102   -0.00214   -0.00285    0.00085
  103   -0.00300    0.00531    0.00322
  104    0.00114    0.00051   -0.00137
  105    0.00030   -0.00224   -0.00349
  106   -0.00205    0.00393    0.00156
  107    0.00011    0.00666   -0.00081
  108    0.00553    0.00058   -0.00764
  109    0.01205   -0.00000   -0.01281
  110    0.01478   -0.00595   -0.01953
  111    0.01052   -0.01027   -0.01700
  112    0.00922   -0.01532   -0.01785
  113    0.00600   -0.01970   -0.01390
  114    0.00691   -0.02158   -0.01142
  115    0.00626   -0.02191   -0.00674
  116    0.00644   -0.02007   -0.00099
  117    0.00653   -0.01747    0.00399
  118    0.00630   -0.01618    0.00372
  119    0.00463   -0.01307    0.00653
  120    0.00594   -0.00933    0.01091
  121    0.00818   -0.01031    0.01696
  122    0.00849   -0.01199    0.01683
  123    0.00741   -0.00786    0.01923
  124    0.00865   -0.00076    0.02774
  125    0.00911    0.00481    0.03405
  126    0.00657    0.00248    0.02337
  127    0.00390    0.00431    0.01604
  128    0.00303   -0.00384    0.01013
  129    0.00029   -0.00156    0.00630
  130    0.00128    0.00407    0.00439
  131    0.00178   -0.00071    0.00172
  132    0.00277   -0.00091   -0.00255
  133    0.00303    0.00236   -0.00782
  134    0.00325    0.00298   -0.01230
  135    0.00063   -0.00492   -0.01118
  136   -0.00014   -0.01133   -0.00658
  137    0.00109   -0.00932   -0.00588
  138   -0.00123   -0.01624   -0.00298
  139   -0.00536   -0.02338   -0.00305
  140   -0.00117   -0.00586   -0.00896
  141    0.00638   -0.00140   -0.00534
  142    0.00599    0.00051   -0.00584
  143    0.00264   -0.00732   -0.00301
  144    0.00103   -0.01147   -0.00366
  145    0.00012   -0.01719   -0.00381
  146    0.00055   -0.02016   -0.00383
  147    0.00162   -0.01998   -0.00342
  148    0.00204   -0.01719   -0.00085
  149    0.00236   -0.01307    0.00229
  150    0.00242   -0.00741    0.00272
  151    0.00403   -0.00518    0.00921
  152    0.00422    0.00378    0.01135
  153    0.00472    0.01090    0.01883
  154    0.00501    0.01636    0.02589
  155    0.00418    0.03483    0.03391
  156    0.00353    0.03368    0.03403
  157    0.00658    0.01929    0.03617
  158    0.00664    0.00639    0.02892
  159    0.00896    0.00138    0.03702
  160    0.00773   -0.00754    0.03431
  161    0.00799   -0.01130    0.02823
  162    0.00764   -0.01643    0.02681
  163    0.00673   -0.01646    0.01892
  164    0.00563   -0.01961    0.01524
  165    0.00661   -0.01994    0.00790
  166    0.00841   -0.01818    0.00530
  167    0.01300   -0.01596   -0.00283
  168    0.01429   -0.01262   -0.01225
  169    0.01653   -0.01039   -0.01733
  170    0.02591   -0.00652   -0.02156
  171    0.02447   -0.00509   -0.01613
  172    0.01832   -0.00824   -0.00887
  173    0.01192   -0.01371   -0.00782
  174    0.00832   -0.01524   -0.00689
  175    0.00691   -0.01897   -0.00231
  176    0.00511   -0.01977   -0.00160
  177    0.00359   -0.01886    0.00095
  178    0.00200   -0.01732   -0.00065
  179    0.00196   -0.01549    0.00104
  180    0.00138   -0.00898   -0.00232
  181    0.00105   -0.00655   -0.00620
  182    0.00219    0.00379   -0.00828
  183    0.00242    0.00951   -0.01979
  184    0.00416    0.01622   -0.01627
  185    0.00132    0.01852   -0.00165
  186    0.00124    0.02959   -0.00247
  187    0.00336    0.01995   -0.00279
  188    0.00248    0.01279    0.00491
  189    0.00301    0.02157    0.01292
  190    0.00297    0.02694    0.00889
  191    0.00532    0.01299    0.00815
  192    0.00432    0.00834    0.01495
  193    0.00441    0.01673    0.02256
  194    0.00506    0.00923    0.02704
  195    0.00432    0.00978    0.02163
  196    0.00505   -0.00228    0.02265
  197    0.00541   -0.00710    0.02046
  198    0.00530   -0.01566    0.01847
  199    0.00591   -0.01922    0.01592
  200    0.00662   -0.02524    0.01861
  201    0.00795   -0.02733    0.01542
  202    0.00962   -0.03100    0.01876
  203    0.01259   -0.03248    0.01650
  204    0.01920   -0.04063    0.02033
  205    0.02021   -0.02814    0.01467
  206    0.01437   -0.02854    0.01282
  207    0.01393   -0.03694    0.01836
  208    0.00833   -0.02856    0.01312
  209    0.00771   -0.02898    0.01537
  210    0.00501   -0.02299    0.00873
  211    0.00432   -0.01937    0.00778
  212    0.00298   -0.01112    0.00267
  213    0.00173   -0.01227   -0.00802
  214    0.00146   -0.00147   -0.01074
  215    0.00006    0.00148   -0.02663
  216    0.00057    0.00971   -0.04767
  217   -0.00316    0.00508   -0.05087
  218   -0.00629    0.01031   -0.07643
  219   -0.00282    0.01092   -0.04587
  220   -0.00660   -0.00117   -0.03158
  221   -0.00393   -0.00320   -0.02072
  222   -0.00157    0.00942   -0.03053
  223   -0.00074    0.00716   -0.02442
  224   -0.00010    0.00932   -0.02952
  225   -0.00021    0.00175   -0.01645
  226   -0.00201   -0.00799   -0.01441
  227   -0.00146   -0.01333   -0.00855
  228   -0.00157   -0.01939   -0.00786
  229    0.00030   -0.02007   -0.00457
  230    0.00444   -0.02124   -0.00172
  231    0.00691   -0.02001   -0.00226
  232    0.01042   -0.01957   -0.00038
  233    0.01279   -0.01530   -0.00265
  234    0.01459   -0.01517   -0.00019
  235    0.02039   -0.01060   -0.00159
  236    0.02251   -0.01013   -0.00729
  237    0.01789   -0.01693   -0.00045
  238    0.01505   -0.02250    0.00682
  239    0.00955   -0.02362    0.01122
  240    0.00924   -0.02618    0.01225
  241    0.00676   -0.02476    0.01803
  242    0.00614   -0.02183    0.01652
  243    0.00630   -0.01951    0.02314
  244    0.00641   -0.01469    0.02195
  245    0.00656   -0.00710    0.02490
  246    0.00531   -0.00469    0.01643
  247    0.00387   -0.00734    0.00771
  248    0.00420   -0.01244    0.00875
  249    0.00288   -0.01317    0.00333
  250    0.00390   -0.01649    0.00630
  251    0.00414   -0.01946    0.00279
  252    0.00360   -0.01918    0.00035
  253    0.00390   -0.02143   -0.00384
  254    0.00534   -0.01988   -0.00558
  255    0.00707   -0.01682   -0.00968
  256    0.01320   -0.01147   -0.01426
  257    0.01470   -0.00691   -0.01272
  258    0.01628   -0.00035   -0.01073
  259    0.00799    0.00180   -0.00654
  260    0.00423    0.01058   -0.00155
  261   -0.00022    0.02231   -0.00003
  262   -0.00419    0.02427    0.00413
  263   -0.00549    0.02193    0.00736
  264   -0.00617    0.01631    0.01018
  265   -0.00616    0.00914    0.01009
  266   -0.00741    0.00855    0.01627
  267   -0.00806    0.00039    0.02092
  268   -0.00858    0.00113    0.02553
  269   -0.00936   -0.00582    0.02884
  270   -0.00781    0.00166    0.02870
  271   -0.00635   -0.00348    0.02706
  272   -0.00613   -0.00154    0.02125
  273   -0.00338    0.00239    0.02526
  274   -0.00365    0.00473    0.02368
  275   -0.00675    0.01532    0.03161
  276   -0.00934    0.02085    0.02885
  277   -0.01301    0.02569    0.02920
  278   -0.01596    0.02875    0.02651
  279   -0.01575    0.02879    0.02719
  280   -0.01131    0.02290    0.02557
  281   -0.01352    0.02582    0.02609
  282   -0.01165    0.01522    0.02679
  283   -0.01120    0.01674    0.02802
  284   -0.01013    0.01763    0.02958
  285   -0.01066    0.02297    0.02944
  286   -0.01268    0.03569    0.02939
  287   -0.01499    0.04230    0.03451
  288   -0.02631    0.04269    0.03420
  289   -0.03435    0.03269    0.03671
  290   -0.02931    0.02431    0.02549
  291   -0.02438    0.00150    0.01967
  292   -0.02174    0.01522    0.01679
  293   -0.02703    0.03276    0.02126
  294   -0.03428    0.03892    0.01440
  295   -0.03162    0.03914    0.01848
  296   -0.02880    0.03868    0.02786
  297   -0.02240    0.03960    0.03173
  298   -0.01770    0.03288    0.02820
  299   -0.01379    0.02799    0.02537
  300   -0.01059    0.02589    0.02128
  301   -0.01216    0.02850    0.02138
  302   -0.02011    0.03111    0.02389
  303   -0.02000    0.02935    0.02703
  304   -0.02064    0.02227    0.02639
  305   -0.01449    0.01287    0.02733
  306   -0.01882    0.02549    0.02728
  307   -0.01414    0.01780    0.01974
  308   -0.02238    0.02867    0.01692
  309    0.01298   -0.00693   -0.08493
  310    0.02288    0.01205   -0.07655
  311    0.05050   -0.00657   -0.11228
  312    0.03340   -0.01378   -0.09389
  313    0.04453   -0.01526   -0.10783
  314    0.02956    0.00609   -0.07134
  315    0.00938    0.01608   -0.06531
  316    0.01251    0.02427   -0.07499
  317   -0.01616    0.02602   -0.03970
  318   -0.03368    0.04040   -0.01104
  319   -0.03183    0.05269    0.01974
  320   -0.04112    0.02477    0.05660
  321   -0.05322    0.03988    0.08748
  322   -0.07036    0.00019    0.07825
  323   -0.00826    0.02431    0.02472
  324    0.23848    0.15833   -0.01436
