    1    0.06030   -0.01168    0.04763
    2    0.17521    0.16975    0.13719
    3   -0.18932   -0.48977   -0.19197
    4    0.11963    0.11093   -0.03845
    5   -0.24545   -0.19307    0.09266
    6    0.18444    0.15770   -0.03328
    7    0.06375    0.08391   -0.00775
    8    0.02583    0.06170   -0.01055
    9    0.01695    0.03949    0.00393
   10    0.00595    0.01923    0.00281
   11   -0.00738   -0.00574   -0.00270
   12   -0.00997   -0.01340   -0.00480
   13   -0.01357   -0.03088    0.01584
   14   -0.01216   -0.02492   -0.00049
   15   -0.00900   -0.02136    0.01145
   16   -0.00655   -0.01458   -0.00574
   17   -0.00574   -0.00753   -0.00017
   18   -0.00046    0.02144    0.00706
   19   -0.00300    0.03739    0.00631
   20    0.01649    0.06177    0.06654
   21    0.00112    0.03325    0.05624
   22   -0.00380   -0.00453    0.04939
   23   -0.00603   -0.01884    0.04571
   24    0.00085    0.00293    0.04272
   25   -0.00150   -0.00239    0.03676
   26    0.00150    0.01075    0.00934
   27    0.00093    0.01491   -0.00515
   28   -0.00437    0.00788   -0.03658
   29   -0.00839   -0.00406   -0.03746
   30   -0.01787   -0.01276   -0.04163
   31   -0.02315   -0.02574   -0.03873
   32   -0.04013   -0.03180   -0.03642
   33   -0.03132   -0.03994   -0.04273
   34   -0.02477   -0.02665   -0.03124
   35    0.00046   -0.02143   -0.03919
   36    0.00706   -0.00339   -0.02562
   37    0.00865    0.00308   -0.01610
   38    0.01118    0.01490    0.00101
   39    0.02666    0.02234   -0.00661
   40    0.01902    0.02317    0.00597
   41    0.01073    0.01710    0.00805
   42   -0.00052    0.01404    0.02320
   43   -0.00986    0.01042    0.03292
   44   -0.02193    0.00060    0.02755
   45   -0.03405   -0.00316    0.03789
   46   -0.02464    0.00449    0.05187
   47   -0.01239    0.00873    0.03743
   48   -0.00188    0.01370    0.02909
   49    0.00177    0.01295    0.01688
   50    0.00646    0.01445    0.01338
   51    0.01317    0.01826    0.01053
   52    0.01364    0.01690    0.00702
   53    0.02044    0.02099    0.00564
   54    0.01906    0.01490    0.00323
   55    0.01268    0.01202    0.00599
   56    0.01064    0.01046    0.00619
   57    0.00827    0.01045    0.00540
   58    0.00849    0.00948    0.00673
   59    0.00842    0.00860    0.00682
   60    0.00851    0.01086    0.00570
   61    0.00758    0.01042    0.00432
   62    0.00665    0.00750    0.00422
   63    0.00563    0.00617    0.00317
   64    0.00554    0.00464    0.00575
   65    0.00368    0.00194    0.00415
   66    0.00955    0.00893    0.00515
   67    0.00977    0.01156    0.00463
   68    0.00656    0.01017    0.00169
   69    0.00942    0.01527    0.00647
   70    0.01113    0.01723    0.00867
   71    0.00830    0.01161    0.00844
   72    0.00841    0.01378    0.01348
   73    0.00618    0.01198    0.01512
   74    0.00310    0.01018    0.01762
   75   -0.00112    0.00962    0.02035
   76   -0.00285    0.00992    0.01967
   77   -0.01029    0.00596    0.01817
   78   -0.00518    0.00635    0.00997
   79    0.00304    0.01044    0.00604
   80    0.00997    0.01332    0.00278
   81    0.01412    0.01278   -0.00157
   82    0.02310    0.01422   -0.00749
   83    0.03538    0.01037   -0.01748
   84    0.02792    0.01380   -0.00666
   85    0.01653    0.01134    0.00262
   86    0.01227    0.00715    0.01002
   87    0.00969    0.00755    0.00981
   88    0.00883    0.00684    0.01018
   89    0.00805    0.00417    0.01331
   90    0.00459    0.00007    0.01457
   91    0.00262   -0.00311    0.01617
   92    0.00516   -0.00111    0.02120
   93    0.00666    0.00313    0.01982
   94    0.00918    0.00891    0.01921
   95    0.00933    0.01206    0.01319
   96    0.00879    0.01651    0.01228
   97    0.00492    0.02075    0.01077
   98    0.00602    0.01307    0.00754
   99    0.00286    0.01135    0.00441
  100    0.00202    0.01726    0.00570
  101    0.00388    0.01481    0.00463
  102    0.00392    0.01030    0.00291
  103   -0.00037    0.00926    0.00253
  104   -0.00027    0.01423    0.00444
  105    0.00140    0.01273    0.00563
  106   -0.00207    0.00893    0.00508
  107   -0.00656    0.00756    0.01105
  108   -0.00334    0.01036    0.01236
  109   -0.00615    0.00915    0.01591
  110   -0.00015    0.00894    0.01259
  111    0.00321    0.00877    0.00904
  112    0.00633    0.00843    0.00364
  113    0.00694    0.00880    0.00160
  114    0.00722    0.00737   -0.00529
  115    0.00597    0.00572   -0.00996
  116    0.00778    0.00674   -0.01288
  117    0.00524    0.00279   -0.01503
  118    0.00260   -0.00171   -0.01729
  119   -0.00080   -0.00501   -0.01550
  120   -0.00357   -0.01046   -0.02170
  121   -0.00135   -0.00853   -0.02706
  122    0.00110   -0.00381   -0.02342
  123   -0.00150   -0.00697   -0.02017
  124   -0.00415   -0.01271   -0.02575
  125   -0.00606   -0.01504   -0.02393
  126   -0.00599   -0.01404   -0.01605
  127   -0.00785   -0.01709   -0.01160
  128   -0.00569   -0.01228   -0.01091
  129   -0.00820   -0.01626   -0.00809
  130   -0.01021   -0.01961   -0.00240
  131   -0.00602   -0.01356    0.00017
  132   -0.00640   -0.01401    0.00413
  133   -0.00630   -0.01511    0.01082
  134   -0.00679   -0.01673    0.01568
  135   -0.00299   -0.01022    0.01680
  136   -0.00087   -0.00621    0.01097
  137   -0.00358   -0.01034    0.01009
  138   -0.00234   -0.00741    0.00577
  139   -0.00321   -0.00933    0.00687
  140   -0.00707   -0.01910    0.01270
  141   -0.01023   -0.02047    0.00765
  142   -0.00861   -0.01771    0.00819
  143   -0.00483   -0.01141    0.00386
  144   -0.00131   -0.00598    0.00382
  145    0.00215    0.00007    0.00286
  146    0.00278    0.00180   -0.00082
  147    0.00466    0.00457   -0.00160
  148    0.00331    0.00229   -0.00139
  149    0.00061   -0.00247   -0.00385
  150   -0.00165   -0.00642   -0.00047
  151   -0.00285   -0.00809   -0.00479
  152   -0.00613   -0.01425   -0.00281
  153   -0.00803   -0.01834   -0.00589
  154   -0.01061   -0.02284   -0.01265
  155   -0.01474   -0.03133   -0.01314
  156   -0.01314   -0.02878   -0.00798
  157   -0.00970   -0.02137   -0.01223
  158   -0.00523   -0.01359   -0.01052
  159   -0.00300   -0.00942   -0.01693
  160    0.00134   -0.00214   -0.01554
  161    0.00257    0.00001   -0.01721
  162    0.00636    0.00582   -0.02016
  163    0.00722    0.00612   -0.01993
  164    0.01100    0.01126   -0.02022
  165    0.01211    0.01261   -0.01924
  166    0.01493    0.01584   -0.02152
  167    0.01407    0.01696   -0.01709
  168    0.01562    0.01397   -0.01896
  169    0.01213    0.01232   -0.01186
  170    0.01187    0.01738   -0.01148
  171    0.00697    0.01543   -0.00407
  172    0.00712    0.01712   -0.00373
  173    0.00847    0.01514   -0.00443
  174    0.00762    0.01493   -0.00098
  175    0.00849    0.01356   -0.00296
  176    0.00758    0.01170    0.00033
  177    0.00666    0.00866    0.00081
  178    0.00575    0.00614    0.00532
  179    0.00488    0.00384    0.00813
  180    0.00185   -0.00208    0.01150
  181    0.00168   -0.00349    0.01859
  182   -0.00257   -0.01076    0.02074
  183   -0.00390   -0.01383    0.03006
  184   -0.00691   -0.01756    0.03112
  185   -0.00708   -0.01801    0.02522
  186   -0.01135   -0.02486    0.02370
  187   -0.00972   -0.02128    0.01852
  188   -0.00608   -0.01607    0.01428
  189   -0.00931   -0.02165    0.00982
  190   -0.01218   -0.02616    0.00877
  191   -0.00892   -0.01889    0.00594
  192   -0.00582   -0.01468    0.00198
  193   -0.00804   -0.01900    0.00114
  194   -0.00471   -0.01324    0.00056
  195   -0.00443   -0.01302    0.00871
  196   -0.00037   -0.00535    0.00759
  197    0.00111   -0.00214    0.00332
  198    0.00461    0.00457    0.00228
  199    0.00612    0.00742   -0.00058
  200    0.00905    0.01362   -0.00426
  201    0.01041    0.01713   -0.00612
  202    0.01299    0.02284   -0.01032
  203    0.01411    0.02703   -0.01294
  204    0.01594    0.03543   -0.01481
  205    0.01403    0.03338   -0.00752
  206    0.01315    0.02763   -0.00436
  207    0.01339    0.02745   -0.00382
  208    0.01213    0.02254    0.00210
  209    0.01037    0.01733    0.00305
  210    0.00839    0.01209    0.00846
  211    0.00622    0.00684    0.01235
  212    0.00303    0.00039    0.01602
  213    0.00420    0.00079    0.02487
  214    0.00037   -0.00652    0.02808
  215    0.00071   -0.00854    0.03841
  216   -0.00170   -0.01319    0.04674
  217    0.00128   -0.01046    0.04556
  218    0.00116   -0.01262    0.05160
  219   -0.00166   -0.01403    0.04001
  220    0.00212   -0.00840    0.03372
  221   -0.00053   -0.00971    0.02761
  222   -0.00430   -0.01616    0.03165
  223   -0.00314   -0.01396    0.02793
  224   -0.00275   -0.01386    0.03238
  225   -0.00100   -0.00960    0.02433
  226    0.00301   -0.00288    0.02156
  227    0.00442    0.00124    0.01483
  228    0.00734    0.00752    0.01404
  229    0.00778    0.00995    0.00858
  230    0.00845    0.01421    0.00615
  231    0.00804    0.01630    0.00286
  232    0.00841    0.01971   -0.00022
  233    0.00813    0.02043   -0.00225
  234    0.01054    0.02059   -0.00752
  235    0.01173    0.02455   -0.00965
  236    0.01355    0.02301   -0.01367
  237    0.01724    0.02573   -0.02133
  238    0.01608    0.02652   -0.01854
  239    0.01533    0.02189   -0.01916
  240    0.01259    0.01974   -0.01430
  241    0.01152    0.01602   -0.01573
  242    0.00851    0.01106   -0.01166
  243    0.00718    0.00862   -0.01217
  244    0.00406    0.00346   -0.00749
  245    0.00072   -0.00260   -0.00609
  246   -0.00065   -0.00516   -0.00055
  247    0.00059   -0.00325    0.00489
  248    0.00251    0.00045    0.00008
  249    0.00257    0.00047    0.00089
  250    0.00391    0.00306   -0.00478
  251    0.00564    0.00614   -0.00579
  252    0.00445    0.00365   -0.00774
  253    0.00619    0.00706   -0.00548
  254    0.00778    0.01026   -0.00383
  255    0.00722    0.01133   -0.00057
  256    0.00641    0.01068   -0.00030
  257    0.00260    0.01246    0.00339
  258   -0.00319    0.01300    0.00547
  259   -0.00315    0.01383    0.00633
  260   -0.00964    0.00901    0.00986
  261   -0.01845    0.00353    0.00777
  262   -0.01614   -0.00057    0.00387
  263   -0.01438   -0.00356    0.00434
  264   -0.00847   -0.00007   -0.00288
  265   -0.00062    0.00508   -0.00319
  266    0.00314    0.00612   -0.00897
  267    0.01236    0.00901   -0.01345
  268    0.02563    0.01247   -0.01865
  269    0.04010    0.02373   -0.01834
  270    0.03384    0.02517   -0.00950
  271    0.03099    0.03204    0.00653
  272    0.01866    0.02707    0.01726
  273    0.01633    0.03027    0.03244
  274    0.00651    0.02973    0.04811
  275   -0.00254    0.02206    0.04818
  276   -0.01837    0.00987    0.04545
  277   -0.02699   -0.00120    0.03025
  278   -0.04242   -0.01319    0.02217
  279   -0.03420   -0.01462    0.00345
  280   -0.01626   -0.00445   -0.00231
  281   -0.00566   -0.00600   -0.01983
  282    0.00997    0.00223   -0.02476
  283    0.02245    0.00521   -0.02893
  284    0.01256    0.00898   -0.01159
  285   -0.00487    0.00395    0.00184
  286   -0.01791   -0.00640   -0.00294
  287   -0.02885   -0.00272    0.01436
  288   -0.04862   -0.01551    0.00549
  289   -0.07445   -0.01992    0.01374
  290   -0.07098   -0.02636   -0.00651
  291   -0.08434   -0.05149   -0.02609
  292   -0.05573   -0.05371   -0.04533
  293   -0.03062   -0.04251   -0.04679
  294   -0.00617   -0.04546   -0.06457
  295    0.00140   -0.02641   -0.05321
  296   -0.00475   -0.02975   -0.05592
  297   -0.01847   -0.04399   -0.06551
  298   -0.01574   -0.02522   -0.04467
  299   -0.02199   -0.01809   -0.02585
  300   -0.02573   -0.01399   -0.00895
  301   -0.04150   -0.02148    0.00151
  302   -0.06368   -0.03410    0.00115
  303   -0.05586   -0.03671   -0.01496
  304   -0.06434   -0.04817   -0.02889
  305   -0.06646   -0.06919   -0.05513
  306   -0.03904   -0.06623   -0.06953
  307   -0.02786   -0.07866   -0.09049
  308    0.00479   -0.08772   -0.11407
  309    0.00464   -0.07571   -0.08638
  310    0.01998   -0.05703   -0.05839
  311   -0.00188   -0.04896   -0.04231
  312   -0.01676   -0.04789   -0.05412
  313   -0.01390   -0.03114   -0.03965
  314   -0.01399   -0.01045   -0.03552
  315   -0.00156    0.00975   -0.02551
  316    0.00309    0.02420   -0.04095
  317    0.00628    0.02984   -0.02405
  318    0.01525    0.04112   -0.00402
  319    0.01431    0.03603    0.01968
  320    0.00890    0.02490    0.02407
  321    0.01586    0.03145    0.03739
  322    0.01871    0.02824    0.02824
  323    0.02874    0.03201    0.03761
  324    0.02217    0.02445    0.03462
