    1    0.21238    0.21119   -0.17157
    2   -0.32937   -0.17034    0.32691
    3   -0.26691   -0.21082    0.15936
    4   -0.09529   -0.07552    0.03227
    5    0.06053    0.03966   -0.02979
    6    0.10229    0.02222   -0.04617
    7    0.13181    0.00846   -0.05638
    8    0.09430   -0.02011   -0.05701
    9    0.06306   -0.01747   -0.04668
   10    0.03141   -0.03724   -0.05419
   11   -0.00424   -0.05062   -0.04635
   12    0.00458   -0.04086   -0.03847
   13   -0.01732   -0.03417   -0.00562
   14    0.00321   -0.02006   -0.00152
   15    0.01208    0.00064    0.03149
   16    0.03841    0.01848    0.04144
   17    0.04569    0.04149    0.07650
   18    0.07816    0.06969    0.08948
   19    0.08995    0.10274    0.12002
   20    0.09043    0.10807    0.14610
   21    0.05515    0.07732    0.13290
   22    0.02284    0.05031    0.11850
   23    0.00441    0.02369    0.08882
   24    0.03171    0.02735    0.06381
   25    0.02408    0.00543    0.02653
   26    0.05427    0.00562   -0.00448
   27    0.06018   -0.01109   -0.04163
   28    0.06820   -0.01371   -0.05618
   29    0.06548   -0.00660   -0.03918
   30    0.05373   -0.00986   -0.03857
   31    0.02971   -0.00777   -0.01597
   32    0.03080   -0.00226   -0.00498
   33    0.01334   -0.00784    0.00288
   34    0.00217   -0.00999   -0.00252
   35   -0.00520   -0.01255    0.00183
   36   -0.01170   -0.01215   -0.00513
   37   -0.01599   -0.01260   -0.00486
   38   -0.01834   -0.01190   -0.00688
   39   -0.02188   -0.01216   -0.00359
   40   -0.02236   -0.01192   -0.00353
   41   -0.02199   -0.01229   -0.00152
   42   -0.02082   -0.01193   -0.00375
   43   -0.02022   -0.01193   -0.00208
   44   -0.01908   -0.01213   -0.00165
   45   -0.01852   -0.01105   -0.00200
   46   -0.01925   -0.01184   -0.00151
   47   -0.01999   -0.01193    0.00282
   48   -0.02063   -0.01181    0.00168
   49   -0.02124   -0.01176    0.00252
   50   -0.02043   -0.01078    0.00367
   51   -0.02074   -0.01011    0.00232
   52   -0.01860   -0.00818    0.00163
   53   -0.01982   -0.00800    0.00107
   54   -0.01714   -0.00490   -0.00042
   55   -0.01574   -0.00463   -0.00114
   56   -0.01742   -0.00442   -0.00290
   57   -0.01759   -0.00539   -0.00202
   58   -0.01474   -0.00240   -0.00415
   59   -0.01203   -0.00223   -0.00208
   60   -0.01291   -0.00506    0.00150
   61   -0.01239   -0.00472    0.00164
   62   -0.00882   -0.00134   -0.00041
   63   -0.00642   -0.00188    0.00227
   64   -0.00604    0.00001   -0.00048
   65   -0.00267    0.00039    0.00154
   66   -0.00659   -0.00212    0.00151
   67   -0.00915   -0.00438    0.00336
   68   -0.00574   -0.00496    0.00677
   69   -0.00955   -0.00670    0.00651
   70   -0.01220   -0.00748    0.00641
   71   -0.00815   -0.00675    0.00832
   72   -0.00949   -0.00885    0.01051
   73   -0.01402   -0.00910    0.00847
   74   -0.01525   -0.01039    0.01006
   75   -0.01869   -0.01150    0.00867
   76   -0.02046   -0.01221    0.00566
   77   -0.02138   -0.01332    0.00384
   78   -0.02198   -0.01317    0.00301
   79   -0.02171   -0.01177    0.00270
   80   -0.02218   -0.01098    0.00164
   81   -0.02154   -0.00878    0.00040
   82   -0.02301   -0.00769    0.00069
   83   -0.02429   -0.00491    0.00026
   84   -0.02138   -0.00365   -0.00202
   85   -0.01883   -0.00393   -0.00348
   86   -0.01619   -0.00037   -0.00691
   87   -0.01256   -0.00055   -0.00472
   88   -0.01226    0.00005   -0.00575
   89   -0.01005    0.00346   -0.00918
   90   -0.00604    0.00551   -0.00914
   91   -0.00352    0.00899   -0.01206
   92   -0.00709    0.01029   -0.01668
   93   -0.00926    0.00959   -0.01746
   94   -0.01342    0.00685   -0.01710
   95   -0.01509    0.00303   -0.01280
   96   -0.01691    0.00228   -0.01412
   97   -0.01975   -0.00153   -0.01258
   98   -0.01934   -0.00224   -0.01009
   99   -0.02286   -0.00405   -0.01023
  100   -0.02265   -0.00687   -0.00863
  101   -0.02038   -0.00664   -0.00479
  102   -0.02162   -0.00817   -0.00329
  103   -0.02379   -0.01090   -0.00388
  104   -0.02286   -0.01139   -0.00133
  105   -0.02156   -0.01137    0.00120
  106   -0.02327   -0.01361    0.00083
  107   -0.02405   -0.01541    0.00279
  108   -0.02213   -0.01392    0.00530
  109   -0.02184   -0.01399    0.00694
  110   -0.01905   -0.01290    0.00961
  111   -0.01621   -0.01156    0.01091
  112   -0.01220   -0.01033    0.01362
  113   -0.00879   -0.00826    0.01222
  114   -0.00480   -0.00699    0.01427
  115   -0.00030   -0.00432    0.01346
  116   -0.00146   -0.00361    0.01172
  117    0.00372   -0.00060    0.01051
  118    0.00788   -0.00047    0.01360
  119    0.01113    0.00246    0.01083
  120    0.01639    0.00315    0.01417
  121    0.01571    0.00239    0.01564
  122    0.01208    0.00304    0.01158
  123    0.01521    0.00656    0.00799
  124    0.02080    0.00898    0.00897
  125    0.02304    0.01259    0.00478
  126    0.01951    0.01219    0.00215
  127    0.02039    0.01228    0.00247
  128    0.01660    0.00893    0.00441
  129    0.01822    0.00967    0.00424
  130    0.01820    0.01258   -0.00026
  131    0.01264    0.01124   -0.00270
  132    0.01029    0.01078   -0.00384
  133    0.00813    0.01236   -0.00803
  134    0.00665    0.01231   -0.00917
  135    0.00142    0.01056   -0.01069
  136    0.00082    0.00709   -0.00590
  137    0.00393    0.00737   -0.00390
  138    0.00427    0.00421    0.00065
  139    0.00606    0.00350    0.00242
  140    0.00842    0.00826   -0.00154
  141    0.01153    0.00979   -0.00117
  142    0.00989    0.01026   -0.00332
  143    0.00722    0.00736   -0.00102
  144    0.00365    0.00574   -0.00126
  145   -0.00074    0.00249    0.00036
  146   -0.00006   -0.00014    0.00504
  147   -0.00243   -0.00100    0.00481
  148   -0.00034    0.00227    0.00122
  149    0.00538    0.00494    0.00147
  150    0.00787    0.00878   -0.00267
  151    0.01169    0.01062   -0.00235
  152    0.01588    0.01461   -0.00517
  153    0.02032    0.01739   -0.00573
  154    0.02497    0.01705   -0.00127
  155    0.02955    0.02108   -0.00373
  156    0.02749    0.02289   -0.00860
  157    0.02595    0.02023   -0.00545
  158    0.02004    0.01750   -0.00612
  159    0.01928    0.01593   -0.00414
  160    0.01400    0.01361   -0.00493
  161    0.01160    0.00997   -0.00087
  162    0.00731    0.00665    0.00108
  163    0.00513    0.00324    0.00506
  164    0.00036   -0.00019    0.00684
  165   -0.00294   -0.00356    0.00989
  166   -0.00667   -0.00679    0.01246
  167   -0.01078   -0.00936    0.01295
  168   -0.01062   -0.01156    0.01805
  169   -0.01320   -0.01268    0.01801
  170   -0.01775   -0.01554    0.01763
  171   -0.01882   -0.01437    0.01354
  172   -0.01849   -0.01215    0.00896
  173   -0.01442   -0.00911    0.00794
  174   -0.01426   -0.00723    0.00417
  175   -0.01053   -0.00398    0.00242
  176   -0.00937   -0.00133   -0.00101
  177   -0.00562    0.00228   -0.00375
  178   -0.00435    0.00578   -0.00823
  179   -0.00230    0.00958   -0.01255
  180    0.00087    0.01288   -0.01483
  181    0.00065    0.01623   -0.02046
  182    0.00533    0.01936   -0.02152
  183    0.00488    0.02229   -0.02673
  184    0.00982    0.02570   -0.02869
  185    0.01240    0.02663   -0.02806
  186    0.01741    0.02769   -0.02573
  187    0.01502    0.02376   -0.02106
  188    0.01317    0.02229   -0.02009
  189    0.01886    0.02468   -0.01904
  190    0.02072    0.02358   -0.01568
  191    0.01659    0.01957   -0.01259
  192    0.01592    0.01879   -0.01182
  193    0.01993    0.02252   -0.01450
  194    0.01717    0.02251   -0.01686
  195    0.01469    0.02446   -0.02230
  196    0.01001    0.02202   -0.02230
  197    0.00858    0.01812   -0.01718
  198    0.00354    0.01454   -0.01575
  199    0.00058    0.01045   -0.01175
  200   -0.00286    0.00745   -0.00994
  201   -0.00615    0.00357   -0.00636
  202   -0.00915    0.00077   -0.00459
  203   -0.01195   -0.00288   -0.00091
  204   -0.01622   -0.00568   -0.00070
  205   -0.01955   -0.00587   -0.00444
  206   -0.01618   -0.00257   -0.00652
  207   -0.01353    0.00120   -0.01005
  208   -0.01141    0.00423   -0.01362
  209   -0.00705    0.00847   -0.01558
  210   -0.00516    0.01092   -0.01774
  211   -0.00159    0.01510   -0.02114
  212    0.00064    0.01706   -0.02227
  213   -0.00194    0.01890   -0.02720
  214    0.00207    0.02178   -0.02840
  215    0.00030    0.02365   -0.03275
  216   -0.00024    0.02452   -0.03451
  217   -0.00447    0.02145   -0.03221
  218   -0.00558    0.02086   -0.03229
  219   -0.00286    0.01902   -0.02705
  220   -0.00571    0.01478   -0.02236
  221   -0.00282    0.01302   -0.01759
  222    0.00159    0.01681   -0.02031
  223    0.00123    0.01725   -0.02100
  224    0.00039    0.01974   -0.02558
  225    0.00078    0.01756   -0.02192
  226   -0.00345    0.01397   -0.01962
  227   -0.00427    0.01047   -0.01515
  228   -0.00852    0.00767   -0.01467
  229   -0.00982    0.00391   -0.00985
  230   -0.01201    0.00148   -0.00841
  231   -0.01385   -0.00213   -0.00448
  232   -0.01596   -0.00470   -0.00263
  233   -0.01760   -0.00799    0.00144
  234   -0.01558   -0.00822    0.00432
  235   -0.01866   -0.01137    0.00659
  236   -0.01786   -0.01325    0.01177
  237   -0.01491   -0.01184    0.01287
  238   -0.01401   -0.00891    0.00787
  239   -0.00919   -0.00550    0.00682
  240   -0.00790   -0.00270    0.00291
  241   -0.00338    0.00082    0.00116
  242   -0.00066    0.00399   -0.00183
  243    0.00314    0.00750   -0.00437
  244    0.00560    0.01072   -0.00764
  245    0.01030    0.01453   -0.00977
  246    0.00982    0.01489   -0.01080
  247    0.00572    0.01355   -0.01209
  248    0.00342    0.00970   -0.00778
  249    0.00220    0.00750   -0.00528
  250    0.00213    0.00468   -0.00075
  251   -0.00128    0.00088    0.00262
  252    0.00086   -0.00016    0.00664
  253   -0.00355   -0.00342    0.00842
  254   -0.00809   -0.00546    0.00789
  255   -0.01196   -0.00828    0.00903
  256   -0.01440   -0.01071    0.01147
  257   -0.01821   -0.01241    0.00942
  258   -0.02076   -0.01483    0.01073
  259   -0.02349   -0.01634    0.00793
  260   -0.02395   -0.01681    0.00706
  261   -0.02426   -0.01772    0.00424
  262   -0.02201   -0.01626    0.00232
  263   -0.02253   -0.01528    0.00268
  264   -0.02244   -0.01432    0.00202
  265   -0.02182   -0.01263    0.00132
  266   -0.02161   -0.01241    0.00162
  267   -0.02216   -0.01033    0.00142
  268   -0.02396   -0.01054    0.00248
  269   -0.02584   -0.01027    0.00194
  270   -0.02504   -0.01181    0.00048
  271   -0.02448   -0.01209   -0.00146
  272   -0.02285   -0.01188   -0.00170
  273   -0.02262   -0.01219   -0.00406
  274   -0.02220   -0.01153   -0.00604
  275   -0.02078   -0.01111   -0.00787
  276   -0.01842   -0.01090   -0.00774
  277   -0.01558   -0.01044   -0.00712
  278   -0.01376   -0.00978   -0.00514
  279   -0.01458   -0.01138   -0.00290
  280   -0.01790   -0.01295   -0.00117
  281   -0.01804   -0.01405    0.00185
  282   -0.02121   -0.01257    0.00314
  283   -0.02175   -0.01273    0.00341
  284   -0.02042   -0.01250   -0.00137
  285   -0.01764   -0.01217   -0.00413
  286   -0.01287   -0.01161   -0.00558
  287   -0.00741   -0.00922   -0.01016
  288    0.00003   -0.00475   -0.01120
  289    0.00611   -0.00086   -0.01062
  290    0.01207   -0.00256   -0.00778
  291    0.01431   -0.00460    0.00010
  292    0.01057   -0.00840    0.00540
  293    0.00210   -0.01211    0.00583
  294    0.00001   -0.01454    0.01136
  295   -0.00903   -0.01422    0.00810
  296   -0.01000   -0.01619    0.00821
  297   -0.00771   -0.01823    0.00970
  298   -0.01403   -0.01687    0.00648
  299   -0.01566   -0.01505    0.00292
  300   -0.01827   -0.01433    0.00110
  301   -0.01636   -0.01272   -0.00041
  302   -0.01128   -0.01093   -0.00116
  303   -0.00798   -0.01094   -0.00052
  304    0.00046   -0.00978    0.00182
  305    0.00490   -0.01253    0.00851
  306    0.00094   -0.01527    0.01015
  307    0.00895   -0.01495    0.01943
  308    0.00994   -0.01723    0.02715
  309    0.01450   -0.00897    0.03438
  310    0.00697   -0.01168    0.03849
  311    0.00960   -0.00359    0.03590
  312    0.03055    0.00207    0.02070
  313    0.04109    0.00404    0.00830
  314    0.07378    0.01706    0.00085
  315    0.08949    0.02079   -0.00715
  316    0.11471    0.01653   -0.04287
  317    0.10790    0.01217   -0.04894
  318    0.10569    0.02716   -0.02075
  319    0.07828    0.02713    0.00846
  320    0.05274    0.00357   -0.00802
  321    0.04261    0.00212   -0.00342
  322    0.02323   -0.01829   -0.01509
  323    0.01370   -0.01286   -0.00168
  324    0.00013   -0.03329   -0.01057
