    1    0.13024    0.18215    0.08155
    2   -0.19739   -0.19067    0.04796
    3    0.42865   -0.03152   -0.47934
    4    0.12721    0.09591   -0.02876
    5    0.03865    0.01762    0.01518
    6   -0.07738   -0.00777    0.05314
    7   -0.10997    0.00084    0.06366
    8   -0.08136    0.04076    0.05663
    9   -0.05328    0.03107    0.05497
   10   -0.02831    0.05100    0.06526
   11    0.00611    0.06502    0.06466
   12   -0.00419    0.04992    0.05308
   13    0.01596    0.03991    0.02085
   14   -0.00543    0.02580    0.01782
   15   -0.01017    0.00377   -0.01689
   16   -0.03779   -0.01496   -0.02832
   17   -0.04274   -0.03887   -0.06438
   18   -0.07780   -0.06422   -0.07433
   19   -0.09112   -0.09348   -0.10638
   20   -0.08894   -0.10503   -0.13516
   21   -0.05002   -0.07545   -0.11458
   22   -0.01839   -0.04961   -0.10823
   23   -0.00149   -0.02228   -0.07547
   24   -0.02687   -0.02197   -0.04769
   25   -0.01889    0.00131   -0.01048
   26   -0.05061    0.00175    0.01933
   27   -0.05727    0.02081    0.05448
   28   -0.06641    0.02196    0.06835
   29   -0.06546    0.01138    0.05109
   30   -0.05996    0.01133    0.04747
   31   -0.03506    0.00517    0.02006
   32   -0.04046   -0.00163    0.00486
   33   -0.01844    0.00238   -0.00537
   34   -0.00565    0.00502   -0.00019
   35    0.00271    0.00746   -0.00422
   36    0.00908    0.00768    0.00266
   37    0.01263    0.00785    0.00022
   38    0.01437    0.00671    0.00448
   39    0.01909    0.00819    0.00065
   40    0.01921    0.00805    0.00039
   41    0.01909    0.00842   -0.00180
   42    0.01728    0.00749    0.00098
   43    0.01671    0.00753    0.00032
   44    0.01585    0.00750   -0.00131
   45    0.01453    0.00708   -0.00108
   46    0.01553    0.00652    0.00082
   47    0.01783    0.00788   -0.00349
   48    0.01859    0.00806   -0.00341
   49    0.01952    0.00849   -0.00473
   50    0.01895    0.00818   -0.00574
   51    0.01901    0.00828   -0.00532
   52    0.01722    0.00739   -0.00518
   53    0.01782    0.00816   -0.00513
   54    0.01623    0.00609   -0.00446
   55    0.01473    0.00475   -0.00307
   56    0.01642    0.00401   -0.00162
   57    0.01630    0.00437   -0.00184
   58    0.01385    0.00213    0.00040
   59    0.01132    0.00242   -0.00110
   60    0.01185    0.00477   -0.00397
   61    0.01150    0.00400   -0.00321
   62    0.00810    0.00147   -0.00122
   63    0.00590    0.00269   -0.00381
   64    0.00594    0.00152   -0.00190
   65    0.00261    0.00204   -0.00375
   66    0.00652    0.00429   -0.00453
   67    0.00844    0.00565   -0.00607
   68    0.00491    0.00652   -0.00890
   69    0.00802    0.00791   -0.00919
   70    0.01196    0.00766   -0.00790
   71    0.00894    0.00759   -0.00900
   72    0.01201    0.00789   -0.00940
   73    0.01468    0.00781   -0.00877
   74    0.01528    0.00838   -0.01018
   75    0.01813    0.00844   -0.00825
   76    0.01917    0.00869   -0.00638
   77    0.01936    0.00927   -0.00546
   78    0.01967    0.00926   -0.00527
   79    0.01994    0.00882   -0.00545
   80    0.02070    0.00861   -0.00532
   81    0.02035    0.00721   -0.00489
   82    0.02197    0.00692   -0.00553
   83    0.02376    0.00486   -0.00608
   84    0.02095    0.00526   -0.00457
   85    0.01795    0.00446   -0.00258
   86    0.01584    0.00150    0.00067
   87    0.01221    0.00184   -0.00013
   88    0.01207    0.00070    0.00159
   89    0.01037   -0.00223    0.00511
   90    0.00685   -0.00333    0.00529
   91    0.00429   -0.00619    0.00827
   92    0.00785   -0.00774    0.01178
   93    0.00981   -0.00792    0.01284
   94    0.01352   -0.00632    0.01250
   95    0.01426   -0.00303    0.00845
   96    0.01608   -0.00294    0.00976
   97    0.01773    0.00012    0.00799
   98    0.01759    0.00080    0.00526
   99    0.01926    0.00339    0.00392
  100    0.02022    0.00435    0.00416
  101    0.01861    0.00449    0.00112
  102    0.01916    0.00572   -0.00085
  103    0.02054    0.00775   -0.00036
  104    0.02049    0.00799   -0.00165
  105    0.01915    0.00801   -0.00399
  106    0.02008    0.00896   -0.00448
  107    0.02019    0.00966   -0.00565
  108    0.01964    0.00955   -0.00748
  109    0.01908    0.01010   -0.00999
  110    0.01675    0.00957   -0.01194
  111    0.01492    0.00831   -0.01041
  112    0.01101    0.00775   -0.01193
  113    0.00819    0.00677   -0.01048
  114    0.00439    0.00630   -0.01202
  115    0.00011    0.00453   -0.01126
  116    0.00076    0.00351   -0.00904
  117   -0.00388    0.00131   -0.00733
  118   -0.00763    0.00183   -0.00996
  119   -0.01073    0.00006   -0.00773
  120   -0.01610   -0.00012   -0.00994
  121   -0.01574   -0.00019   -0.01044
  122   -0.01189   -0.00128   -0.00718
  123   -0.01426   -0.00400   -0.00347
  124   -0.01960   -0.00540   -0.00385
  125   -0.02150   -0.00851    0.00028
  126   -0.01855   -0.00843    0.00179
  127   -0.01884   -0.00825    0.00149
  128   -0.01542   -0.00517   -0.00141
  129   -0.01708   -0.00534   -0.00167
  130   -0.01668   -0.00771    0.00188
  131   -0.01135   -0.00682    0.00291
  132   -0.00917   -0.00604    0.00271
  133   -0.00669   -0.00728    0.00554
  134   -0.00532   -0.00714    0.00601
  135   -0.00041   -0.00636    0.00683
  136    0.00016   -0.00348    0.00297
  137   -0.00245   -0.00278    0.00104
  138   -0.00276    0.00028   -0.00287
  139   -0.00398    0.00159   -0.00447
  140   -0.00567   -0.00199   -0.00106
  141   -0.00922   -0.00335   -0.00103
  142   -0.00831   -0.00494    0.00150
  143   -0.00633   -0.00282   -0.00065
  144   -0.00316   -0.00251    0.00004
  145    0.00091   -0.00057   -0.00124
  146    0.00020    0.00185   -0.00504
  147    0.00239    0.00196   -0.00459
  148    0.00015   -0.00082   -0.00126
  149   -0.00501   -0.00274   -0.00056
  150   -0.00688   -0.00581    0.00331
  151   -0.01044   -0.00723    0.00383
  152   -0.01406   -0.01027    0.00681
  153   -0.01829   -0.01255    0.00831
  154   -0.02322   -0.01214    0.00547
  155   -0.02800   -0.01500    0.00759
  156   -0.02552   -0.01709    0.01210
  157   -0.02311   -0.01536    0.01052
  158   -0.01764   -0.01326    0.00972
  159   -0.01736   -0.01225    0.00824
  160   -0.01222   -0.01094    0.00865
  161   -0.01024   -0.00779    0.00449
  162   -0.00687   -0.00545    0.00230
  163   -0.00510   -0.00265   -0.00150
  164   -0.00066   -0.00041   -0.00319
  165    0.00225    0.00229   -0.00643
  166    0.00552    0.00439   -0.00885
  167    0.00933    0.00633   -0.01026
  168    0.00915    0.00806   -0.01444
  169    0.01139    0.00863   -0.01476
  170    0.01542    0.01049   -0.01490
  171    0.01676    0.00974   -0.01183
  172    0.01658    0.00805   -0.00805
  173    0.01300    0.00622   -0.00708
  174    0.01320    0.00495   -0.00429
  175    0.00971    0.00271   -0.00234
  176    0.00867    0.00078    0.00041
  177    0.00528   -0.00196    0.00312
  178    0.00456   -0.00473    0.00687
  179    0.00274   -0.00806    0.01110
  180   -0.00006   -0.01024    0.01282
  181    0.00069   -0.01322    0.01779
  182   -0.00355   -0.01532    0.01903
  183   -0.00271   -0.01755    0.02291
  184   -0.00656   -0.02038    0.02605
  185   -0.00969   -0.02138    0.02640
  186   -0.01416   -0.02161    0.02475
  187   -0.01250   -0.01816    0.01990
  188   -0.01082   -0.01754    0.01967
  189   -0.01623   -0.01894    0.01933
  190   -0.01856   -0.01772    0.01634
  191   -0.01462   -0.01468    0.01332
  192   -0.01373   -0.01451    0.01353
  193   -0.01756   -0.01739    0.01629
  194   -0.01478   -0.01774    0.01811
  195   -0.01241   -0.01985    0.02255
  196   -0.00826   -0.01863    0.02255
  197   -0.00664   -0.01517    0.01799
  198   -0.00216   -0.01255    0.01617
  199    0.00000   -0.00924    0.01205
  200    0.00295   -0.00735    0.01057
  201    0.00591   -0.00416    0.00702
  202    0.00819   -0.00242    0.00559
  203    0.01103    0.00040    0.00233
  204    0.01501    0.00210    0.00214
  205    0.01792    0.00238    0.00468
  206    0.01495   -0.00019    0.00662
  207    0.01267   -0.00366    0.01024
  208    0.01126   -0.00527    0.01290
  209    0.00741   -0.00866    0.01513
  210    0.00584   -0.00992    0.01634
  211    0.00296   -0.01339    0.01975
  212    0.00035   -0.01479    0.02050
  213    0.00368   -0.01605    0.02376
  214   -0.00018   -0.01830    0.02543
  215    0.00209   -0.01973    0.02849
  216    0.00203   -0.02043    0.02943
  217    0.00576   -0.01791    0.02636
  218    0.00684   -0.01666    0.02512
  219    0.00404   -0.01421    0.02003
  220    0.00701   -0.01092    0.01609
  221    0.00446   -0.00875    0.01199
  222    0.00039   -0.01152    0.01476
  223    0.00004   -0.01227    0.01552
  224    0.00049   -0.01500    0.01982
  225    0.00023   -0.01349    0.01751
  226    0.00439   -0.01105    0.01551
  227    0.00486   -0.00819    0.01170
  228    0.00869   -0.00668    0.01152
  229    0.00957   -0.00349    0.00717
  230    0.01142   -0.00208    0.00652
  231    0.01287    0.00078    0.00297
  232    0.01443    0.00232    0.00172
  233    0.01610    0.00497   -0.00172
  234    0.01426    0.00519   -0.00354
  235    0.01695    0.00747   -0.00572
  236    0.01574    0.00872   -0.00988
  237    0.01327    0.00775   -0.01006
  238    0.01230    0.00541   -0.00575
  239    0.00796    0.00292   -0.00407
  240    0.00681    0.00085   -0.00095
  241    0.00267   -0.00182    0.00126
  242    0.00018   -0.00391    0.00349
  243   -0.00291   -0.00682    0.00668
  244   -0.00515   -0.00916    0.00935
  245   -0.00926   -0.01209    0.01191
  246   -0.00837   -0.01198    0.01212
  247   -0.00442   -0.01094    0.01226
  248   -0.00292   -0.00781    0.00811
  249   -0.00157   -0.00548    0.00515
  250   -0.00178   -0.00338    0.00180
  251    0.00100   -0.00033   -0.00175
  252   -0.00148    0.00113   -0.00530
  253    0.00274    0.00343   -0.00722
  254    0.00702    0.00426   -0.00670
  255    0.01067    0.00606   -0.00798
  256    0.01279    0.00752   -0.01013
  257    0.01650    0.00866   -0.00930
  258    0.01933    0.01019   -0.00966
  259    0.02057    0.01000   -0.00667
  260    0.02147    0.01085   -0.00624
  261    0.02158    0.01190   -0.00540
  262    0.02084    0.01144   -0.00390
  263    0.01960    0.01080   -0.00460
  264    0.01889    0.01031   -0.00546
  265    0.01932    0.00902   -0.00520
  266    0.01913    0.00911   -0.00674
  267    0.02034    0.00764   -0.00659
  268    0.02248    0.00816   -0.00725
  269    0.02487    0.00903   -0.00647
  270    0.02299    0.00918   -0.00388
  271    0.02221    0.00973   -0.00167
  272    0.02030    0.00920   -0.00135
  273    0.01969    0.00851    0.00230
  274    0.01800    0.00827    0.00349
  275    0.01647    0.00642    0.00661
  276    0.01341    0.00559    0.00595
  277    0.01083    0.00485    0.00359
  278    0.00888    0.00454    0.00092
  279    0.00939    0.00622   -0.00205
  280    0.01395    0.00802   -0.00377
  281    0.01429    0.00924   -0.00758
  282    0.01829    0.00871   -0.00873
  283    0.01946    0.00875   -0.00784
  284    0.01729    0.00822   -0.00286
  285    0.01375    0.00717    0.00018
  286    0.00855    0.00624    0.00103
  287    0.00326    0.00400    0.00650
  288   -0.00242    0.00144    0.00326
  289   -0.01093   -0.00082    0.00464
  290   -0.01868   -0.00023    0.00293
  291   -0.02448    0.00246   -0.00579
  292   -0.01888    0.00351   -0.01158
  293   -0.00678    0.00608   -0.01109
  294   -0.00359    0.00809   -0.01743
  295    0.00600    0.00843   -0.01356
  296    0.00623    0.00983   -0.01625
  297    0.00262    0.01151   -0.02003
  298    0.00917    0.01114   -0.01499
  299    0.01115    0.00959   -0.00972
  300    0.01395    0.00940   -0.00628
  301    0.01169    0.00782   -0.00413
  302    0.00516    0.00565   -0.00373
  303    0.00204    0.00599   -0.00582
  304   -0.00811    0.00503   -0.00851
  305   -0.01369    0.00629   -0.01706
  306   -0.00766    0.00798   -0.02011
  307   -0.01424    0.00662   -0.02728
  308   -0.01209    0.00785   -0.03418
  309   -0.01425    0.00100   -0.04060
  310   -0.00290    0.00446   -0.03783
  311   -0.00993    0.00030   -0.03145
  312   -0.03400   -0.00535   -0.01820
  313   -0.04146   -0.00322   -0.00164
  314   -0.07582   -0.01468    0.00743
  315   -0.08958   -0.01638    0.01778
  316   -0.11467   -0.01004    0.05592
  317   -0.10565   -0.00298    0.06191
  318   -0.10213   -0.01907    0.03598
  319   -0.07155   -0.01770    0.00946
  320   -0.04643    0.00706    0.02593
  321   -0.03217    0.00991    0.02203
  322   -0.01940    0.02946    0.03218
  323   -0.00385    0.02729    0.02191
  324    0.01405    0.04804    0.02251
