    1   -0.11681   -0.00516    0.44212
    2    0.23555    0.01581   -0.23541
    3    0.21681    0.03095   -0.19397
    4    0.20466   -0.02624   -0.19254
    5    0.13823   -0.05003   -0.13622
    6    0.13722   -0.04469   -0.13348
    7    0.08336   -0.03004   -0.10374
    8    0.05946   -0.01362   -0.10926
    9    0.03988   -0.00546   -0.10672
   10    0.01443    0.01111   -0.10918
   11   -0.00952    0.02560   -0.10764
   12   -0.00963    0.02006   -0.07648
   13   -0.01790    0.02194   -0.06195
   14   -0.01763    0.01354   -0.03460
   15   -0.00653    0.00283   -0.01707
   16    0.00177   -0.00454    0.00273
   17    0.00828   -0.01239    0.01551
   18    0.02866   -0.03011    0.02124
   19    0.03710   -0.04180    0.03754
   20    0.05139   -0.04541    0.02550
   21    0.03631   -0.03114    0.00909
   22    0.01432   -0.01599    0.01052
   23    0.00815   -0.00702   -0.01003
   24    0.02205   -0.01337   -0.02094
   25    0.01373   -0.00348   -0.03986
   26    0.01702   -0.00642   -0.03987
   27    0.01704   -0.00166   -0.06123
   28    0.00689    0.00111   -0.04173
   29   -0.00230    0.00191   -0.00989
   30   -0.01614    0.00775    0.01268
   31   -0.02750    0.01280    0.02688
   32   -0.02955    0.00713    0.03672
   33   -0.03487    0.01040    0.03838
   34   -0.03570    0.01002    0.03566
   35   -0.04021    0.00813    0.03359
   36   -0.03728    0.00369    0.03508
   37   -0.03304    0.00275    0.03787
   38   -0.03065   -0.00032    0.03800
   39   -0.02969   -0.00183    0.03851
   40   -0.02701   -0.00259    0.03648
   41   -0.02547   -0.00121    0.03343
   42   -0.02513   -0.00118    0.03297
   43   -0.02367   -0.00094    0.03085
   44   -0.02584    0.00296    0.02936
   45   -0.02619    0.00364    0.02922
   46   -0.02346   -0.00021    0.03013
   47   -0.02136   -0.00040    0.02734
   48   -0.02009   -0.00281    0.02844
   49   -0.02034   -0.00157    0.02681
   50   -0.01665   -0.00317    0.02376
   51   -0.01680   -0.00541    0.02621
   52   -0.01409   -0.00600    0.02354
   53   -0.01351   -0.00958    0.02634
   54   -0.01204   -0.00989    0.02488
   55   -0.01069   -0.00661    0.02010
   56   -0.01322   -0.00156    0.01763
   57   -0.01292    0.00117    0.01420
   58   -0.00921    0.00114    0.00977
   59   -0.00648   -0.00396    0.01241
   60   -0.00684   -0.00511    0.01415
   61   -0.00603   -0.00185    0.00935
   62   -0.00205   -0.00294    0.00592
   63    0.00006   -0.00793    0.00932
   64   -0.00023   -0.00894    0.01075
   65    0.00364   -0.01423    0.01242
   66   -0.00015   -0.01498    0.01762
   67   -0.00276   -0.01266    0.01817
   68   -0.00168   -0.01507    0.01968
   69   -0.00143   -0.01185    0.01565
   70    0.00110   -0.01512    0.01656
   71   -0.00355   -0.01391    0.02070
   72   -0.00738   -0.00903    0.01967
   73   -0.00986   -0.00717    0.02074
   74   -0.01008   -0.00451    0.01800
   75   -0.01500   -0.00118    0.01983
   76   -0.01822    0.00016    0.02214
   77   -0.02226    0.00309    0.02381
   78   -0.02236    0.00352    0.02342
   79   -0.02003    0.00135    0.02277
   80   -0.02086   -0.00061    0.02595
   81   -0.01951   -0.00123    0.02501
   82   -0.02077   -0.00342    0.02850
   83   -0.02261   -0.00087    0.02886
   84   -0.01887   -0.00448    0.02741
   85   -0.01541   -0.00452    0.02336
   86   -0.01211   -0.00472    0.01968
   87   -0.00755   -0.00671    0.01675
   88   -0.00735   -0.00275    0.01198
   89   -0.00459   -0.00094    0.00658
   90   -0.00113   -0.00495    0.00716
   91    0.00143   -0.00261    0.00147
   92   -0.00247    0.00196    0.00069
   93   -0.00441    0.00672   -0.00258
   94   -0.00838    0.01045   -0.00228
   95   -0.00903    0.00935   -0.00014
   96   -0.01095    0.01406   -0.00352
   97   -0.01463    0.01592   -0.00085
   98   -0.01459    0.01161    0.00419
   99   -0.01921    0.01337    0.00801
  100   -0.01893    0.01538    0.00476
  101   -0.01536    0.01098    0.00551
  102   -0.01759    0.00859    0.01129
  103   -0.02098    0.01191    0.01135
  104   -0.01838    0.01127    0.00866
  105   -0.01641    0.00646    0.01205
  106   -0.02028    0.00663    0.01693
  107   -0.02033    0.00594    0.01749
  108   -0.01714    0.00431    0.01545
  109   -0.01675    0.00326    0.01636
  110   -0.01192    0.00079    0.01351
  111   -0.00869   -0.00136    0.01210
  112   -0.00346   -0.00467    0.01004
  113   -0.00007   -0.00659    0.00817
  114    0.00454   -0.00754    0.00397
  115    0.00889   -0.00840   -0.00004
  116    0.00816   -0.00382   -0.00477
  117    0.01288   -0.00572   -0.00796
  118    0.01584   -0.01110   -0.00490
  119    0.01871   -0.01355   -0.00537
  120    0.02398   -0.01753   -0.00676
  121    0.02412   -0.01403   -0.01104
  122    0.02080   -0.00895   -0.01328
  123    0.02330   -0.00936   -0.01572
  124    0.02885   -0.01231   -0.01866
  125    0.02958   -0.00969   -0.02264
  126    0.02580   -0.00913   -0.01892
  127    0.02552   -0.01271   -0.01432
  128    0.02167   -0.01316   -0.00931
  129    0.02310   -0.01770   -0.00552
  130    0.02198   -0.01581   -0.00657
  131    0.01699   -0.01141   -0.00607
  132    0.01468   -0.01388   -0.00066
  133    0.01190   -0.01228    0.00065
  134    0.01003   -0.01381    0.00451
  135    0.00527   -0.00912    0.00458
  136    0.00524   -0.01162    0.00750
  137    0.00717   -0.01682    0.01124
  138    0.00730   -0.01986    0.01453
  139    0.00942   -0.02518    0.01817
  140    0.01217   -0.02605    0.01590
  141    0.01470   -0.02375    0.01045
  142    0.01384   -0.01887    0.00591
  143    0.01134   -0.01656    0.00616
  144    0.00879   -0.01188    0.00381
  145    0.00510   -0.00922    0.00492
  146    0.00648   -0.01153    0.00603
  147    0.00435   -0.00699    0.00322
  148    0.00702   -0.00543   -0.00171
  149    0.01228   -0.00755   -0.00520
  150    0.01334   -0.00636   -0.00786
  151    0.01778   -0.00642   -0.01288
  152    0.02107   -0.00735   -0.01559
  153    0.02598   -0.00799   -0.02052
  154    0.03035   -0.01214   -0.02063
  155    0.03365   -0.01425   -0.02195
  156    0.03339   -0.00999   -0.02677
  157    0.03155   -0.00715   -0.02800
  158    0.02636   -0.00355   -0.02628
  159    0.02724   -0.00134   -0.02996
  160    0.02289    0.00306   -0.03019
  161    0.01968    0.00200   -0.02522
  162    0.01745    0.00427   -0.02537
  163    0.01547    0.00223   -0.02061
  164    0.01122    0.00456   -0.01851
  165    0.00842    0.00321   -0.01364
  166    0.00578    0.00568   -0.01362
  167    0.00225    0.00469   -0.00830
  168    0.00317    0.00217   -0.00626
  169   -0.00084    0.00180   -0.00104
  170   -0.00514    0.00522   -0.00033
  171   -0.00839    0.00681    0.00131
  172   -0.00841    0.00853   -0.00072
  173   -0.00447    0.00537   -0.00134
  174   -0.00568    0.00550    0.00002
  175   -0.00150    0.00462   -0.00383
  176   -0.00144    0.00406   -0.00316
  177    0.00218    0.00376   -0.00703
  178    0.00275    0.00405   -0.00797
  179    0.00415    0.00657   -0.01261
  180    0.00697    0.00381   -0.01256
  181    0.00573    0.00668   -0.01454
  182    0.00961    0.00334   -0.01505
  183    0.00896    0.00332   -0.01429
  184    0.01326    0.00341   -0.01940
  185    0.01745    0.00374   -0.02467
  186    0.02080   -0.00168   -0.02209
  187    0.01764   -0.00254   -0.01740
  188    0.01773    0.00065   -0.02128
  189    0.02329   -0.00220   -0.02436
  190    0.02404   -0.00707   -0.01943
  191    0.02108   -0.00591   -0.01735
  192    0.02201   -0.00262   -0.02234
  193    0.02590   -0.00234   -0.02723
  194    0.02352    0.00279   -0.03058
  195    0.02047    0.00624   -0.03116
  196    0.01700    0.01093   -0.03272
  197    0.01508    0.00978   -0.02913
  198    0.01105    0.01215   -0.02731
  199    0.00896    0.01067   -0.02317
  200    0.00675    0.01354   -0.02409
  201    0.00382    0.01283   -0.01990
  202    0.00147    0.01572   -0.02075
  203   -0.00090    0.01606   -0.01851
  204   -0.00405    0.02032   -0.02007
  205   -0.00825    0.02171   -0.01706
  206   -0.00568    0.01947   -0.01718
  207   -0.00271    0.02057   -0.02183
  208   -0.00145    0.01948   -0.02184
  209    0.00283    0.01821   -0.02516
  210    0.00302    0.01564   -0.02225
  211    0.00544    0.01539   -0.02467
  212    0.00657    0.01158   -0.02138
  213    0.00417    0.01347   -0.02081
  214    0.00778    0.00978   -0.02063
  215    0.00518    0.00995   -0.01780
  216    0.00448    0.00671   -0.01312
  217   -0.00042    0.00767   -0.00849
  218   -0.00249    0.00547   -0.00346
  219    0.00037    0.00014   -0.00052
  220   -0.00219   -0.00054    0.00326
  221    0.00052   -0.00566    0.00603
  222    0.00502   -0.00704    0.00241
  223    0.00468   -0.00276   -0.00215
  224    0.00421    0.00146   -0.00654
  225    0.00518    0.00263   -0.00904
  226    0.00154    0.00479   -0.00733
  227    0.00147    0.00423   -0.00662
  228   -0.00231    0.00821   -0.00692
  229   -0.00360    0.00699   -0.00401
  230   -0.00440    0.00960   -0.00625
  231   -0.00601    0.00963   -0.00450
  232   -0.00703    0.01209   -0.00638
  233   -0.00838    0.01153   -0.00421
  234   -0.00506    0.01118   -0.00786
  235   -0.00760    0.01314   -0.00747
  236   -0.00581    0.01028   -0.00595
  237   -0.00196    0.01112   -0.01135
  238   -0.00131    0.01292   -0.01428
  239    0.00318    0.01069   -0.01670
  240    0.00354    0.00992   -0.01612
  241    0.00773    0.00937   -0.02028
  242    0.00975    0.00696   -0.01967
  243    0.01263    0.00832   -0.02464
  244    0.01454    0.00655   -0.02469
  245    0.01848    0.00516   -0.02758
  246    0.01663    0.00306   -0.02291
  247    0.01214    0.00324   -0.01791
  248    0.01079    0.00246   -0.01543
  249    0.00897   -0.00060   -0.00966
  250    0.00987   -0.00108   -0.01012
  251    0.00678   -0.00145   -0.00610
  252    0.00925   -0.00631   -0.00313
  253    0.00501   -0.00574    0.00105
  254    0.00093   -0.00149    0.00070
  255   -0.00325   -0.00038    0.00437
  256   -0.00477    0.00109    0.00430
  257   -0.00997    0.00339    0.00766
  258   -0.01450    0.00678    0.00876
  259   -0.01763    0.00920    0.00991
  260   -0.02134    0.00923    0.01439
  261   -0.02466    0.01298    0.01410
  262   -0.02553    0.01238    0.01634
  263   -0.02517    0.00905    0.02020
  264   -0.02469    0.00831    0.02161
  265   -0.02315    0.00573    0.02242
  266   -0.02491    0.00390    0.02724
  267   -0.02412    0.00254    0.02741
  268   -0.02525   -0.00037    0.03155
  269   -0.02439   -0.00477    0.03432
  270   -0.02544   -0.00349    0.03495
  271   -0.02297   -0.00676    0.03533
  272   -0.02166   -0.00654    0.03378
  273   -0.02249   -0.00717    0.03575
  274   -0.02178   -0.00780    0.03571
  275   -0.02521   -0.00383    0.03574
  276   -0.02629   -0.00024    0.03385
  277   -0.02857    0.00334    0.03360
  278   -0.03023    0.00667    0.03221
  279   -0.03073    0.00714    0.03266
  280   -0.02958    0.00537    0.03251
  281   -0.03064    0.00572    0.03397
  282   -0.02922    0.00416    0.03322
  283   -0.03048    0.00204    0.03617
  284   -0.03014    0.00121    0.03643
  285   -0.02998    0.00277    0.03548
  286   -0.03211    0.00556    0.03597
  287   -0.03180    0.00675    0.03635
  288   -0.03233    0.00912    0.03533
  289   -0.03237    0.01007    0.03599
  290   -0.03152    0.00911    0.03609
  291   -0.02721    0.00676    0.03649
  292   -0.02903    0.00850    0.03842
  293   -0.03377    0.01013    0.03820
  294   -0.03584    0.01037    0.03976
  295   -0.03593    0.00831    0.03846
  296   -0.03361    0.00956    0.03700
  297   -0.03186    0.01177    0.03571
  298   -0.03037    0.01093    0.03189
  299   -0.03028    0.00958    0.03125
  300   -0.02897    0.00883    0.02824
  301   -0.03006    0.00917    0.02840
  302   -0.03140    0.01071    0.02946
  303   -0.03190    0.01070    0.03211
  304   -0.03109    0.01058    0.03514
  305   -0.02929    0.01170    0.03684
  306   -0.03152    0.01209    0.03821
  307   -0.03011    0.01130    0.04273
  308   -0.03300    0.01221    0.04593
  309   -0.03340    0.01210    0.05142
  310   -0.04264    0.01234    0.04250
  311   -0.03698    0.01058    0.03699
  312   -0.02440    0.00594    0.03857
  313   -0.01732    0.00355    0.02302
  314   -0.00163   -0.00772    0.01600
  315    0.01448   -0.01371   -0.00238
  316    0.02017   -0.01574   -0.01377
  317    0.03029   -0.01737   -0.03777
  318    0.04562   -0.02677   -0.04299
  319    0.04429   -0.02243   -0.04794
  320    0.03313   -0.01000   -0.07021
  321    0.04771   -0.01329   -0.08542
  322    0.03866   -0.00296   -0.11535
  323    0.05167   -0.00777   -0.11808
