    1   -0.01316    0.01098   -0.00434
    2    0.00456   -0.00300   -0.00633
    3    0.00257    0.00935   -0.00620
    4   -0.03243    0.01177    0.02183
    5   -0.04526   -0.05588    0.00835
    6   -0.24765   -0.18979    0.06229
    7    0.60283    0.25547   -0.21176
    8    0.14902    0.02585   -0.10309
    9    0.04206    0.00430   -0.03686
   10   -0.01317   -0.00635   -0.05030
   11   -0.06639   -0.02153   -0.04329
   12   -0.03680    0.00290    0.01186
   13   -0.03878   -0.01274    0.04140
   14   -0.02846   -0.01065    0.05952
   15   -0.02430   -0.01799    0.07001
   16   -0.02747   -0.01449    0.07099
   17   -0.02552   -0.02670    0.04200
   18   -0.03352   -0.05748    0.03769
   19   -0.04383   -0.12268    0.00141
   20   -0.00860   -0.17772   -0.00555
   21    0.00023   -0.09541    0.00407
   22    0.00049   -0.05478    0.01597
   23   -0.00345   -0.03458    0.04973
   24    0.00250   -0.01162    0.11668
   25   -0.00930   -0.01232    0.07809
   26   -0.01383   -0.00973    0.07263
   27   -0.01448   -0.00293    0.03463
   28   -0.03403   -0.00013    0.06370
   29   -0.04682   -0.00657    0.09011
   30   -0.04295   -0.00964    0.08010
   31   -0.01440   -0.03308    0.03125
   32    0.00085   -0.03086    0.00250
   33    0.02451   -0.03504   -0.01432
   34    0.02722   -0.03655   -0.01357
   35    0.02540   -0.02893   -0.00087
   36    0.01010   -0.02599   -0.01527
   37    0.00135   -0.02305   -0.02521
   38   -0.00121   -0.01855   -0.03268
   39   -0.01164   -0.01098   -0.03201
   40   -0.00777   -0.00932   -0.02635
   41   -0.00339   -0.00667   -0.01610
   42    0.00096   -0.00914   -0.02119
   43    0.00578   -0.00888   -0.01884
   44    0.01092   -0.01034   -0.01425
   45    0.01769   -0.01480   -0.01723
   46    0.01229   -0.01315   -0.02170
   47    0.00626   -0.00660   -0.01098
   48    0.00180   -0.00211   -0.00839
   49    0.00077    0.00134   -0.00276
   50   -0.00069    0.00700    0.00161
   51   -0.00415    0.00947   -0.00063
   52   -0.00393    0.01348    0.00267
   53   -0.00585    0.01353    0.00002
   54   -0.00231    0.01646    0.00311
   55   -0.00081    0.01755    0.00500
   56   -0.00149    0.01700    0.00612
   57   -0.00088    0.01603    0.00639
   58   -0.00005    0.01731    0.00721
   59    0.00078    0.01753    0.00700
   60   -0.00052    0.01684    0.00647
   61   -0.00095    0.01658    0.00612
   62   -0.00073    0.01695    0.00493
   63   -0.00005    0.01747    0.00559
   64    0.00211    0.01717    0.00582
   65    0.00355    0.01716    0.00583
   66    0.00482    0.01881    0.00667
   67    0.00160    0.01818    0.00719
   68    0.00193    0.01956    0.00836
   69    0.00106    0.02000    0.00734
   70   -0.00162    0.01622    0.00576
   71   -0.00135    0.01839    0.00725
   72   -0.00184    0.01691    0.00635
   73   -0.00141    0.01351    0.00593
   74   -0.00170    0.01196    0.00649
   75    0.00082    0.00645    0.00552
   76    0.00315    0.00280    0.00229
   77    0.00777   -0.00220   -0.00177
   78    0.00578    0.00055    0.00189
   79    0.00058    0.00548    0.00370
   80   -0.00436    0.00586    0.00074
   81   -0.00718    0.01094    0.00231
   82   -0.01282    0.01208   -0.00070
   83   -0.02244    0.01536    0.00234
   84   -0.01334    0.01611   -0.00128
   85   -0.00375    0.01643    0.00315
   86   -0.00069    0.01721    0.00575
   87    0.00264    0.01780    0.00647
   88    0.00181    0.01750    0.00738
   89    0.00242    0.01651    0.00711
   90    0.00380    0.01422    0.00575
   91    0.00435    0.00926    0.00547
   92    0.00516    0.00830    0.00825
   93    0.00332    0.01027    0.00766
   94    0.00188    0.01470    0.00833
   95    0.00097    0.01752    0.00718
   96   -0.00049    0.01892    0.00549
   97    0.00253    0.02022    0.00763
   98    0.00161    0.01835    0.00805
   99    0.00386    0.01701    0.00965
  100    0.00453    0.01724    0.00805
  101    0.00166    0.01534    0.00704
  102    0.00196    0.01293    0.00829
  103    0.00576    0.00966    0.00739
  104    0.00474    0.01110    0.00665
  105    0.00333    0.01046    0.00695
  106    0.00537    0.00661    0.00650
  107    0.00657    0.00347    0.00406
  108    0.00245    0.00734    0.00450
  109   -0.00083    0.00734    0.00365
  110   -0.00510    0.01053    0.00665
  111   -0.00450    0.01246    0.00827
  112   -0.00520    0.01494    0.00778
  113   -0.00435    0.01723    0.00632
  114   -0.00583    0.01889    0.00302
  115   -0.00635    0.01836    0.00010
  116   -0.00760    0.01802   -0.00302
  117   -0.00897    0.01598   -0.00551
  118   -0.00880    0.01588   -0.00488
  119   -0.00740    0.01351   -0.00554
  120   -0.00986    0.01281   -0.00821
  121   -0.01310    0.01330   -0.01233
  122   -0.01250    0.01227   -0.01258
  123   -0.01157    0.00859   -0.01369
  124   -0.01412    0.00486   -0.01837
  125   -0.01448   -0.00035   -0.02222
  126   -0.01033    0.00068   -0.01619
  127   -0.00654    0.00002   -0.01164
  128   -0.00539    0.00604   -0.00755
  129   -0.00188    0.00512   -0.00489
  130    0.00012    0.00080   -0.00392
  131   -0.00053    0.00350   -0.00235
  132    0.00172    0.00432    0.00105
  133    0.00399    0.00214    0.00352
  134    0.00666    0.00245    0.00580
  135    0.00627    0.00665    0.00518
  136    0.00431    0.01118    0.00426
  137    0.00628    0.01063    0.00523
  138    0.00716    0.01518    0.00613
  139    0.01198    0.02003    0.00728
  140    0.01350    0.01237    0.00787
  141    0.00915    0.00882    0.00619
  142    0.00504    0.00512    0.00450
  143    0.00324    0.00933    0.00363
  144    0.00145    0.01104    0.00306
  145    0.00020    0.01473    0.00359
  146   -0.00069    0.01679    0.00388
  147   -0.00230    0.01698    0.00244
  148   -0.00278    0.01467    0.00019
  149   -0.00346    0.01161   -0.00229
  150   -0.00269    0.00710   -0.00314
  151   -0.00537    0.00508   -0.00757
  152   -0.00479   -0.00126   -0.00942
  153   -0.00652   -0.00645   -0.01427
  154   -0.00831   -0.00844   -0.01805
  155   -0.00790   -0.01924   -0.02264
  156   -0.00711   -0.02082   -0.02350
  157   -0.01091   -0.01296   -0.02451
  158   -0.01072   -0.00529   -0.02033
  159   -0.01460   -0.00238   -0.02495
  160   -0.01395    0.00270   -0.02352
  161   -0.01333    0.00706   -0.01971
  162   -0.01348    0.01110   -0.01923
  163   -0.01167    0.01300   -0.01471
  164   -0.01012    0.01590   -0.01287
  165   -0.00933    0.01776   -0.00910
  166   -0.00926    0.01794   -0.00871
  167   -0.00985    0.01768   -0.00422
  168   -0.01058    0.01702   -0.00119
  169   -0.01009    0.01510    0.00260
  170   -0.01341    0.01537    0.00313
  171   -0.01206    0.01331    0.00355
  172   -0.00841    0.01440    0.00189
  173   -0.00647    0.01613    0.00228
  174   -0.00439    0.01632    0.00366
  175   -0.00517    0.01747    0.00040
  176   -0.00454    0.01709    0.00083
  177   -0.00423    0.01509   -0.00135
  178   -0.00291    0.01260   -0.00073
  179   -0.00312    0.00942   -0.00305
  180   -0.00129    0.00455   -0.00155
  181   -0.00002    0.00108   -0.00086
  182    0.00096   -0.00527   -0.00044
  183    0.00350   -0.00966    0.00365
  184    0.00244   -0.01530   -0.00011
  185    0.00182   -0.01795   -0.00794
  186    0.00317   -0.02292   -0.00740
  187    0.00108   -0.01499   -0.00479
  188   -0.00132   -0.01149   -0.00861
  189   -0.00249   -0.01691   -0.01336
  190   -0.00073   -0.01805   -0.01046
  191   -0.00304   -0.00894   -0.00894
  192   -0.00526   -0.00698   -0.01270
  193   -0.00624   -0.01349   -0.01787
  194   -0.00830   -0.01076   -0.02063
  195   -0.00625   -0.01301   -0.01866
  196   -0.00787   -0.00662   -0.01899
  197   -0.00824   -0.00107   -0.01654
  198   -0.00832    0.00535   -0.01496
  199   -0.00845    0.00999   -0.01262
  200   -0.00901    0.01441   -0.01404
  201   -0.00887    0.01817   -0.01173
  202   -0.00962    0.02138   -0.01447
  203   -0.01001    0.02436   -0.01331
  204   -0.01279    0.03108   -0.01623
  205   -0.01180    0.02535   -0.01137
  206   -0.00986    0.02337   -0.01001
  207   -0.01057    0.02495   -0.01340
  208   -0.00778    0.01913   -0.01029
  209   -0.00820    0.01608   -0.01210
  210   -0.00636    0.01182   -0.00887
  211   -0.00569    0.00660   -0.00966
  212   -0.00329    0.00145   -0.00688
  213   -0.00080    0.00092   -0.00255
  214    0.00092   -0.00596   -0.00195
  215    0.00435   -0.00872    0.00418
  216    0.00775   -0.01300    0.01177
  217    0.01005   -0.00856    0.01582
  218    0.01459   -0.00964    0.02618
  219    0.01279   -0.00761    0.01773
  220    0.01179    0.00068    0.01299
  221    0.01081    0.00394    0.00799
  222    0.01177   -0.00404    0.01115
  223    0.00855   -0.00410    0.00909
  224    0.00797   -0.00747    0.01033
  225    0.00449   -0.00297    0.00502
  226    0.00353    0.00349    0.00522
  227    0.00112    0.00831    0.00323
  228   -0.00006    0.01243    0.00311
  229   -0.00142    0.01510    0.00297
  230   -0.00385    0.01693    0.00105
  231   -0.00445    0.01781    0.00157
  232   -0.00575    0.01882   -0.00030
  233   -0.00581    0.01767    0.00083
  234   -0.00806    0.01751   -0.00267
  235   -0.01032    0.01585   -0.00312
  236   -0.01251    0.01648   -0.00226
  237   -0.01141    0.02021   -0.00774
  238   -0.01064    0.02164   -0.00963
  239   -0.00944    0.02027   -0.01140
  240   -0.00942    0.02043   -0.01076
  241   -0.00975    0.01767   -0.01396
  242   -0.00938    0.01484   -0.01258
  243   -0.01089    0.01146   -0.01676
  244   -0.01028    0.00750   -0.01615
  245   -0.01047    0.00166   -0.01827
  246   -0.00746    0.00093   -0.01318
  247   -0.00490    0.00327   -0.00778
  248   -0.00582    0.00807   -0.00768
  249   -0.00387    0.01005   -0.00359
  250   -0.00575    0.01303   -0.00552
  251   -0.00547    0.01615   -0.00331
  252   -0.00507    0.01641   -0.00197
  253   -0.00431    0.01831    0.00033
  254   -0.00449    0.01791    0.00158
  255   -0.00431    0.01680    0.00437
  256   -0.00705    0.01440    0.00573
  257   -0.00578    0.01279    0.00517
  258   -0.00264    0.01010    0.00262
  259    0.00335    0.00925    0.00372
  260    0.00867    0.00308    0.00107
  261    0.01897   -0.00315    0.00266
  262    0.01774   -0.00340    0.00446
  263    0.01417   -0.00478    0.00452
  264    0.00989    0.00028    0.00702
  265    0.00323    0.00413    0.00638
  266   -0.00060    0.00329    0.00334
  267   -0.00769    0.00814    0.00232
  268   -0.01373    0.00465   -0.00326
  269   -0.02090    0.00408   -0.00838
  270   -0.01605   -0.00181   -0.01587
  271   -0.01554   -0.00176   -0.02111
  272   -0.00844   -0.00236   -0.01848
  273   -0.00875   -0.00696   -0.02930
  274   -0.00303   -0.01083   -0.03268
  275    0.00267   -0.01613   -0.04012
  276    0.01159   -0.01848   -0.03404
  277    0.01706   -0.02021   -0.02839
  278    0.02536   -0.02188   -0.02220
  279    0.02256   -0.01880   -0.01693
  280    0.01173   -0.01137   -0.01264
  281    0.00827   -0.01060   -0.00884
  282   -0.00148   -0.00240   -0.00601
  283   -0.00592   -0.00610   -0.01354
  284   -0.00131   -0.00990   -0.02133
  285    0.00666   -0.01496   -0.02359
  286    0.01482   -0.02577   -0.02461
  287    0.02036   -0.03688   -0.03499
  288    0.03716   -0.04293   -0.03278
  289    0.05436   -0.04555   -0.03999
  290    0.04569   -0.03812   -0.03104
  291    0.04351   -0.01660   -0.01899
  292    0.03309   -0.02172   -0.01530
  293    0.03129   -0.02757   -0.01590
  294    0.02808   -0.02595   -0.00958
  295    0.01981   -0.02187   -0.01001
  296    0.01793   -0.01595   -0.00490
  297    0.02209   -0.01409    0.00264
  298    0.01720   -0.00796    0.00606
  299    0.01782   -0.00898   -0.00047
  300    0.01857   -0.00986   -0.00214
  301    0.02516   -0.01573   -0.00850
  302    0.03993   -0.02282   -0.01258
  303    0.03668   -0.02238   -0.01295
  304    0.04004   -0.02340   -0.01461
  305    0.03531   -0.01418   -0.00856
  306    0.02935   -0.01750   -0.00632
  307    0.02208   -0.01533   -0.00988
  308    0.02123   -0.01915   -0.01177
  309    0.01133   -0.01886    0.01408
  310    0.00988   -0.02473    0.02372
  311   -0.01434   -0.01972    0.04362
  312   -0.01761   -0.01873    0.03493
  313   -0.03970   -0.01547    0.06568
  314   -0.05021   -0.02403    0.05306
  315   -0.04301   -0.02894    0.07267
  316   -0.06179   -0.02868    0.08563
  317   -0.03555   -0.02124    0.06875
  318    0.00059   -0.03092    0.05405
  319    0.01966   -0.01052    0.06427
  320    0.01294    0.00153    0.05149
  321    0.03545    0.00909    0.04079
  322    0.03357    0.00746   -0.00353
  323    0.04414    0.00730    0.01168
  324   -0.10767   -0.06645    0.00102
