    1    0.07915    0.30007    0.19595
    2   -0.02198   -0.42939   -0.44144
    3   -0.26616   -0.26697    0.07382
    4   -0.16856   -0.12505    0.04865
    5   -0.08646   -0.07242    0.02119
    6   -0.07684   -0.04656    0.01746
    7   -0.05745   -0.03669    0.01499
    8   -0.04592   -0.04964    0.02139
    9   -0.04727   -0.03901    0.01562
   10   -0.04385   -0.04305    0.01563
   11   -0.04432   -0.04021    0.01384
   12   -0.03135   -0.02954    0.00996
   13   -0.03579   -0.01630    0.00769
   14   -0.02167   -0.00571    0.00470
   15   -0.02589    0.00906    0.00396
   16   -0.01652    0.02077    0.00266
   17   -0.01890    0.03564    0.00488
   18   -0.01913    0.04871    0.00241
   19   -0.02022    0.06685    0.00184
   20   -0.03704    0.06561    0.00470
   21   -0.04338    0.05282    0.00657
   22   -0.03886    0.04353    0.00749
   23   -0.04042    0.02746    0.00710
   24   -0.04119    0.02010    0.00545
   25   -0.03952    0.00332    0.00480
   26   -0.02768   -0.00387    0.00442
   27   -0.02366   -0.02102    0.00753
   28   -0.00712   -0.01912    0.00301
   29    0.00361   -0.00593   -0.00317
   30    0.01604   -0.00415   -0.00738
   31    0.01799    0.00610   -0.00561
   32    0.02699    0.01284   -0.00753
   33    0.02594    0.01689   -0.00647
   34    0.02775    0.01659   -0.00498
   35    0.02787    0.01825   -0.00507
   36    0.02909    0.01892   -0.00474
   37    0.03073    0.01965   -0.00461
   38    0.03104    0.02113   -0.00511
   39    0.03174    0.01967   -0.00486
   40    0.02965    0.01995   -0.00546
   41    0.02764    0.01935   -0.00604
   42    0.02640    0.02116   -0.00668
   43    0.02426    0.02203   -0.00816
   44    0.02452    0.02172   -0.00804
   45    0.02312    0.02309   -0.00932
   46    0.02126    0.02471   -0.01063
   47    0.01975    0.02246   -0.01059
   48    0.02077    0.02121   -0.00919
   49    0.02160    0.01852   -0.00780
   50    0.01908    0.01648   -0.00740
   51    0.02023    0.01524   -0.00628
   52    0.01817    0.01196   -0.00483
   53    0.02038    0.01213   -0.00462
   54    0.01871    0.00865   -0.00309
   55    0.01621    0.00727   -0.00237
   56    0.01755    0.00543   -0.00091
   57    0.01594    0.00547   -0.00110
   58    0.01266    0.00182    0.00067
   59    0.01065    0.00362   -0.00095
   60    0.01034    0.00745   -0.00346
   61    0.00797    0.00585   -0.00292
   62    0.00482    0.00242   -0.00126
   63    0.00323    0.00520   -0.00333
   64    0.00490    0.00334   -0.00181
   65    0.00267    0.00514   -0.00333
   66    0.00739    0.00740   -0.00387
   67    0.00844    0.00941   -0.00508
   68    0.00447    0.01197   -0.00733
   69    0.00815    0.01495   -0.00830
   70    0.00940    0.01396   -0.00777
   71    0.00411    0.01387   -0.00852
   72    0.00458    0.01773   -0.01080
   73    0.00917    0.01712   -0.00985
   74    0.00890    0.01766   -0.01051
   75    0.01355    0.01866   -0.01042
   76    0.01789    0.01858   -0.00910
   77    0.02156    0.01908   -0.00841
   78    0.02290    0.01667   -0.00658
   79    0.02166    0.01419   -0.00554
   80    0.02358    0.01355   -0.00485
   81    0.02352    0.01029   -0.00322
   82    0.02579    0.00983   -0.00301
   83    0.02755    0.00692   -0.00170
   84    0.02433    0.00601   -0.00132
   85    0.02119    0.00572   -0.00080
   86    0.01897    0.00162    0.00139
   87    0.01422    0.00262    0.00013
   88    0.01226    0.00066    0.00126
   89    0.00963   -0.00364    0.00372
   90    0.00722   -0.00419    0.00354
   91    0.00422   -0.00848    0.00584
   92    0.00781   -0.01174    0.00865
   93    0.00824   -0.01295    0.00955
   94    0.01101   -0.01181    0.00939
   95    0.01157   -0.00781    0.00685
   96    0.01206   -0.00935    0.00806
   97    0.01535   -0.00650    0.00695
   98    0.01619   -0.00329    0.00506
   99    0.02083   -0.00174    0.00503
  100    0.01906   -0.00061    0.00429
  101    0.01587    0.00158    0.00177
  102    0.01920    0.00446    0.00052
  103    0.02151    0.00540    0.00093
  104    0.01786    0.00641   -0.00073
  105    0.01741    0.00912   -0.00285
  106    0.02154    0.01129   -0.00297
  107    0.02034    0.01303   -0.00442
  108    0.01669    0.01373   -0.00623
  109    0.01709    0.01694   -0.00845
  110    0.01239    0.01711   -0.00973
  111    0.00777    0.01528   -0.00957
  112    0.00254    0.01540   -0.01082
  113    0.00005    0.01295   -0.00948
  114   -0.00526    0.01178   -0.00985
  115   -0.00938    0.00887   -0.00869
  116   -0.00987    0.00608   -0.00693
  117   -0.01424    0.00330   -0.00571
  118   -0.01726    0.00557   -0.00776
  119   -0.01838    0.00303   -0.00611
  120   -0.02397    0.00385   -0.00767
  121   -0.02568    0.00348   -0.00790
  122   -0.02284    0.00043   -0.00533
  123   -0.02428   -0.00310   -0.00308
  124   -0.02992   -0.00461   -0.00309
  125   -0.03163   -0.00930   -0.00017
  126   -0.02656   -0.00918    0.00072
  127   -0.02536   -0.00757   -0.00010
  128   -0.02131   -0.00383   -0.00188
  129   -0.02065   -0.00303   -0.00226
  130   -0.01877   -0.00626    0.00025
  131   -0.01392   -0.00680    0.00152
  132   -0.00984   -0.00576    0.00156
  133   -0.00600   -0.00787    0.00368
  134   -0.00259   -0.00704    0.00373
  135    0.00191   -0.00725    0.00460
  136    0.00113   -0.00293    0.00166
  137   -0.00064   -0.00102    0.00014
  138   -0.00116    0.00365   -0.00290
  139   -0.00144    0.00634   -0.00451
  140   -0.00227    0.00180   -0.00196
  141   -0.00672   -0.00027   -0.00143
  142   -0.00656   -0.00296    0.00033
  143   -0.00622   -0.00098   -0.00088
  144   -0.00444   -0.00123   -0.00049
  145   -0.00171    0.00112   -0.00158
  146   -0.00368    0.00502   -0.00452
  147   -0.00323    0.00414   -0.00399
  148   -0.00513   -0.00038   -0.00126
  149   -0.01054   -0.00233   -0.00092
  150   -0.01174   -0.00662    0.00179
  151   -0.01670   -0.00868    0.00228
  152   -0.01956   -0.01232    0.00421
  153   -0.02457   -0.01511    0.00519
  154   -0.02941   -0.01291    0.00278
  155   -0.03255   -0.01626    0.00448
  156   -0.03088   -0.02032    0.00760
  157   -0.03175   -0.01838    0.00609
  158   -0.02682   -0.01725    0.00622
  159   -0.02854   -0.01678    0.00557
  160   -0.02481   -0.01641    0.00603
  161   -0.02276   -0.01177    0.00318
  162   -0.02043   -0.00952    0.00203
  163   -0.01842   -0.00488   -0.00084
  164   -0.01519   -0.00221   -0.00211
  165   -0.01218    0.00197   -0.00449
  166   -0.01036    0.00456   -0.00603
  167   -0.00560    0.00733   -0.00703
  168   -0.00701    0.01137   -0.01023
  169   -0.00282    0.01381   -0.01119
  170    0.00075    0.01473   -0.01103
  171    0.00439    0.01326   -0.00914
  172    0.00547    0.00947   -0.00613
  173    0.00239    0.00741   -0.00532
  174    0.00442    0.00513   -0.00324
  175    0.00070    0.00171   -0.00166
  176    0.00158   -0.00079    0.00025
  177   -0.00157   -0.00458    0.00228
  178   -0.00134   -0.00857    0.00501
  179   -0.00306   -0.01328    0.00793
  180   -0.00422   -0.01553    0.00917
  181   -0.00297   -0.01999    0.01250
  182   -0.00583   -0.02167    0.01310
  183   -0.00355   -0.02499    0.01583
  184   -0.00819   -0.02838    0.01742
  185   -0.01248   -0.02993    0.01773
  186   -0.01602   -0.02884    0.01632
  187   -0.01419   -0.02405    0.01329
  188   -0.01480   -0.02403    0.01318
  189   -0.02038   -0.02531    0.01301
  190   -0.02089   -0.02196    0.01060
  191   -0.01824   -0.01842    0.00863
  192   -0.01992   -0.01901    0.00873
  193   -0.02368   -0.02302    0.01081
  194   -0.02264   -0.02531    0.01259
  195   -0.01906   -0.02861    0.01556
  196   -0.01625   -0.02801    0.01567
  197   -0.01592   -0.02338    0.01253
  198   -0.01215   -0.02083    0.01149
  199   -0.00994   -0.01628    0.00879
  200   -0.00865   -0.01467    0.00793
  201   -0.00601   -0.01037    0.00544
  202   -0.00523   -0.00897    0.00464
  203   -0.00401   -0.00542    0.00237
  204   -0.00149   -0.00464    0.00238
  205    0.00344   -0.00532    0.00407
  206    0.00209   -0.00745    0.00521
  207   -0.00047   -0.01196    0.00778
  208   -0.00043   -0.01466    0.00972
  209   -0.00387   -0.01789    0.01112
  210   -0.00345   -0.01908    0.01198
  211   -0.00565   -0.02288    0.01412
  212   -0.00554   -0.02327    0.01438
  213   -0.00157   -0.02597    0.01691
  214   -0.00364   -0.02724    0.01743
  215   -0.00004   -0.02926    0.01945
  216    0.00274   -0.02909    0.01979
  217    0.00719   -0.02563    0.01801
  218    0.01009   -0.02370    0.01726
  219    0.00805   -0.01982    0.01417
  220    0.01006   -0.01527    0.01133
  221    0.00800   -0.01152    0.00835
  222    0.00424   -0.01503    0.01020
  223    0.00258   -0.01686    0.01118
  224    0.00281   -0.02121    0.01422
  225    0.00030   -0.01941    0.01255
  226    0.00289   -0.01677    0.01120
  227    0.00194   -0.01327    0.00871
  228    0.00461   -0.01215    0.00850
  229    0.00492   -0.00768    0.00552
  230    0.00513   -0.00655    0.00490
  231    0.00572   -0.00278    0.00247
  232    0.00586   -0.00130    0.00158
  233    0.00630    0.00260   -0.00103
  234    0.00190    0.00300   -0.00224
  235    0.00303    0.00523   -0.00355
  236    0.00040    0.00853   -0.00656
  237   -0.00435    0.00669   -0.00633
  238   -0.00419    0.00232   -0.00313
  239   -0.00788    0.00011   -0.00232
  240   -0.00691   -0.00255   -0.00023
  241   -0.01104   -0.00589    0.00129
  242   -0.01156   -0.00830    0.00291
  243   -0.01524   -0.01226    0.00496
  244   -0.01547   -0.01483    0.00671
  245   -0.01892   -0.01795    0.00820
  246   -0.01622   -0.01716    0.00817
  247   -0.01092   -0.01592    0.00829
  248   -0.01013   -0.01182    0.00563
  249   -0.00776   -0.00810    0.00352
  250   -0.00956   -0.00486    0.00097
  251   -0.00704   -0.00070   -0.00143
  252   -0.00883    0.00278   -0.00419
  253   -0.00484    0.00628   -0.00587
  254   -0.00135    0.00679   -0.00560
  255    0.00247    0.00985   -0.00693
  256    0.00323    0.01209   -0.00844
  257    0.00849    0.01282   -0.00777
  258    0.01166    0.01610   -0.00944
  259    0.01584    0.01542   -0.00773
  260    0.01931    0.01774   -0.00836
  261    0.02319    0.01761   -0.00664
  262    0.02602    0.01823   -0.00590
  263    0.02416    0.01671   -0.00580
  264    0.02442    0.01405   -0.00426
  265    0.02409    0.01210   -0.00345
  266    0.02648    0.01256   -0.00355
  267    0.02737    0.01077   -0.00294
  268    0.02881    0.01309   -0.00407
  269    0.02928    0.01380   -0.00434
  270    0.02983    0.01675   -0.00504
  271    0.02795    0.01880   -0.00587
  272    0.02558    0.01995   -0.00672
  273    0.02558    0.02248   -0.00751
  274    0.02437    0.02425   -0.00831
  275    0.02642    0.02380   -0.00747
  276    0.02594    0.02364   -0.00757
  277    0.02740    0.02197   -0.00684
  278    0.02822    0.02077   -0.00686
  279    0.02961    0.01982   -0.00585
  280    0.02934    0.01918   -0.00546
  281    0.03016    0.01800   -0.00504
  282    0.03015    0.01583   -0.00463
  283    0.03178    0.01710   -0.00491
  284    0.03082    0.01894   -0.00503
  285    0.03008    0.02019   -0.00535
  286    0.03029    0.01994   -0.00509
  287    0.02935    0.02035   -0.00532
  288    0.02914    0.01580   -0.00528
  289    0.03062    0.01280   -0.00637
  290    0.03080    0.01111   -0.00650
  291    0.03212    0.01615   -0.00585
  292    0.02978    0.01989   -0.00534
  293    0.02916    0.01972   -0.00533
  294    0.02770    0.02064   -0.00575
  295    0.02998    0.01909   -0.00548
  296    0.02983    0.01875   -0.00473
  297    0.02918    0.02000   -0.00393
  298    0.02954    0.01722   -0.00421
  299    0.03022    0.01789   -0.00426
  300    0.02889    0.01824   -0.00504
  301    0.02885    0.01954   -0.00602
  302    0.03062    0.01942   -0.00593
  303    0.03198    0.01916   -0.00510
  304    0.03236    0.01878   -0.00486
  305    0.03167    0.02123   -0.00414
  306    0.02969    0.02249   -0.00380
  307    0.02603    0.02565   -0.00519
  308    0.02165    0.02809   -0.00750
  309    0.01685    0.02780   -0.01055
  310    0.01578    0.02418   -0.01055
  311    0.01074    0.02266   -0.00772
  312    0.01446    0.02309   -0.00633
  313    0.00896    0.01613   -0.00367
  314    0.01143    0.01622   -0.00377
  315    0.00030    0.00959   -0.00194
  316    0.00636   -0.00252   -0.00308
  317   -0.00825   -0.01240    0.00250
  318   -0.02388   -0.00437    0.00393
  319   -0.03966    0.00100    0.00518
  320   -0.04578   -0.01333    0.00710
  321   -0.06504   -0.01878    0.00583
  322   -0.06988   -0.03270    0.01093
  323   -0.09139   -0.03322    0.00704
  324   -0.09261   -0.04802    0.01398
