    1    0.01432   -0.02462    0.03558
    2    0.01515   -0.00693    0.01240
    3    0.02000   -0.00046    0.00879
    4    0.02753    0.00751   -0.01219
    5    0.02089    0.01016   -0.02006
    6    0.03020    0.00802   -0.03367
    7    0.02869    0.00318   -0.01768
    8    0.02338    0.00615   -0.00253
    9    0.02306    0.00218    0.00989
   10    0.02751    0.00303    0.03357
   11    0.02801   -0.00839    0.05640
   12    0.03592   -0.00923    0.08812
   13    0.02130   -0.01968    0.08014
   14    0.01470   -0.02656    0.08586
   15    0.00662   -0.01963    0.05766
   16    0.00549   -0.02550    0.06195
   17    0.01602   -0.01880    0.10922
   18    0.02256    0.01064    0.09793
   19    0.02922    0.00541    0.11050
   20    0.03244    0.01978    0.08564
   21    0.03280    0.01456    0.06514
   22    0.01887    0.00739    0.03870
   23    0.01418    0.00512    0.01919
   24    0.00638   -0.00313    0.01422
   25    0.00247    0.00405    0.00173
   26   -0.00490    0.00533   -0.00291
   27   -0.00181    0.00769   -0.00683
   28   -0.00241    0.00072   -0.00964
   29   -0.00735   -0.01167   -0.01667
   30   -0.00489   -0.01634   -0.01752
   31   -0.00198   -0.01026   -0.00410
   32    0.00358    0.01345   -0.00971
   33    0.00608    0.02756    0.00368
   34    0.00505    0.05363    0.00785
   35    0.00765    0.08022   -0.00621
   36    0.01429    0.06924    0.01238
   37    0.01599    0.07675    0.01056
   38    0.01044    0.03465    0.00943
   39    0.00793    0.01357    0.00350
   40    0.00660    0.01308   -0.05319
   41    0.01776    0.04160   -0.12589
   42    0.01968    0.03477   -0.11495
   43    0.04259    0.02385   -0.17993
   44    0.03143    0.05052   -0.17425
   45    0.02498    0.02665   -0.11829
   46    0.02034    0.03246   -0.09812
   47    0.01670    0.01936   -0.05282
   48    0.01217    0.01843   -0.02564
   49    0.00965    0.01173   -0.00731
   50    0.00616    0.00404    0.00419
   51    0.00438    0.00756   -0.00139
   52    0.01020    0.01360   -0.01108
   53    0.01410    0.02891   -0.04049
   54    0.00833    0.05120   -0.05931
   55    0.01186    0.06695   -0.09089
   56    0.00907    0.05526   -0.07120
   57    0.00932    0.05385   -0.07605
   58    0.00852    0.01088   -0.07137
   59   -0.00077   -0.00520   -0.04652
   60   -0.01694   -0.04621   -0.05002
   61   -0.02769   -0.08008   -0.01674
   62   -0.01246   -0.05070    0.01248
   63   -0.01415   -0.07389    0.04536
   64   -0.00675   -0.06164    0.05494
   65    0.00145   -0.06184    0.07879
   66    0.00843   -0.04392    0.06952
   67    0.01856   -0.04679    0.09165
   68    0.01264   -0.07962    0.11737
   69   -0.01542   -0.10345    0.07782
   70   -0.02386   -0.09701    0.04638
   71   -0.02705   -0.09248    0.02017
   72   -0.02273   -0.06645   -0.00821
   73   -0.01636   -0.04487   -0.03396
   74   -0.00311   -0.01618   -0.01990
   75    0.00484    0.01289   -0.03384
   76    0.00466    0.04286   -0.02691
   77    0.00461    0.06672   -0.03419
   78    0.00019    0.07246   -0.02423
   79    0.00221    0.05105   -0.00681
   80    0.00173    0.04797    0.00676
   81    0.01065    0.03282    0.01661
   82    0.00925    0.02192    0.01829
   83    0.00539    0.00931    0.00698
   84    0.00052   -0.00831    0.01152
   85   -0.00652   -0.01174   -0.00150
   86   -0.01785   -0.01904   -0.00207
   87   -0.02291   -0.04000   -0.00551
   88   -0.01719   -0.04472    0.01373
   89   -0.01514   -0.03139    0.01475
   90   -0.02862   -0.04182    0.01010
   91   -0.03173   -0.06912    0.01836
   92   -0.01745   -0.06407    0.03878
   93   -0.02714   -0.05311    0.02931
   94   -0.01567   -0.02929    0.01762
   95   -0.01932   -0.00765    0.00330
   96   -0.00657    0.01431   -0.00783
   97    0.00046    0.02600   -0.01786
   98    0.00382    0.05121   -0.03124
   99   -0.00804    0.06084   -0.02993
  100   -0.01187    0.03550   -0.01540
  101   -0.01964    0.02510   -0.00623
  102   -0.03282   -0.00085    0.00032
  103   -0.02510   -0.00461   -0.00207
  104   -0.04286   -0.01511   -0.00746
  105   -0.03632    0.00715    0.00171
  106   -0.02125    0.01058   -0.00412
  107   -0.01728    0.02659   -0.00285
  108   -0.01769    0.04162    0.00056
  109   -0.00973    0.06497    0.00298
  110   -0.00978    0.08390    0.01604
  111   -0.00103    0.07012    0.00853
  112    0.00041    0.07752    0.01954
  113    0.00285    0.04100    0.02529
  114    0.00110    0.01993    0.04410
  115   -0.00229    0.07703    0.05272
  116   -0.00078    0.08004    0.07434
  117   -0.00074    0.10460    0.06495
  118    0.00010    0.07077    0.05772
  119   -0.00197    0.05614    0.03376
  120   -0.00448    0.03828    0.01474
  121   -0.00686    0.02925    0.00171
  122   -0.00305    0.02610   -0.00930
  123    0.00071    0.01538   -0.00916
  124    0.00612    0.01177   -0.00915
  125    0.00774    0.00962   -0.00534
  126    0.00234    0.00755   -0.01141
  127    0.00031   -0.00117   -0.02024
  128   -0.00361   -0.00439   -0.01956
  129   -0.00197    0.00262   -0.01115
  130   -0.00078   -0.00675    0.01060
  131    0.00406   -0.00765    0.03255
  132    0.01255   -0.01422    0.06438
  133    0.01219   -0.04125    0.08965
  134    0.00711   -0.04249    0.09171
  135    0.00259   -0.06625    0.09198
  136   -0.00684   -0.05602    0.04734
  137   -0.01605   -0.08273    0.03248
  138   -0.03497   -0.13357    0.01177
  139   -0.06938   -0.22066    0.02020
  140   -0.04454   -0.15557    0.02263
  141   -0.05176   -0.16958    0.00755
  142   -0.03559   -0.14148    0.02130
  143   -0.03905   -0.08582    0.00154
  144   -0.02907   -0.05270    0.00244
  145   -0.01899   -0.01533   -0.00158
  146   -0.01071    0.00735   -0.00126
  147   -0.00261    0.01768   -0.00602
  148    0.00254    0.02519   -0.01316
  149    0.00218    0.02999   -0.01941
  150   -0.00266    0.02833   -0.01107
  151   -0.01293    0.00796   -0.00160
  152   -0.00856   -0.02015    0.00852
  153   -0.01592   -0.05492    0.02122
  154   -0.01124   -0.06255    0.02801
  155   -0.01408   -0.09240    0.03536
  156   -0.02251   -0.07670    0.00650
  157   -0.01812   -0.07009   -0.00083
  158   -0.02248   -0.06820   -0.03519
  159   -0.00934   -0.04513   -0.06507
  160   -0.00355   -0.01454   -0.03566
  161    0.00414    0.02685   -0.04559
  162    0.00371    0.04123   -0.02799
  163    0.00390    0.07593   -0.03076
  164    0.00052    0.07466   -0.02313
  165   -0.00677    0.10294   -0.01836
  166   -0.00227    0.12800   -0.04117
  167    0.01009    0.07834   -0.07021
  168    0.00962    0.04451   -0.07053
  169    0.01014    0.01395   -0.07733
  170   -0.00365   -0.02004   -0.06358
  171   -0.01095   -0.03769   -0.03801
  172   -0.00766   -0.02440   -0.01324
  173   -0.01123   -0.03905    0.00883
  174   -0.00214   -0.04189    0.03751
  175    0.00414   -0.05145    0.05992
  176    0.01013   -0.03636    0.05435
  177    0.00973   -0.01371    0.03375
  178    0.01552    0.00090    0.02519
  179    0.00667    0.01019    0.02812
  180    0.00434    0.01534    0.02425
  181    0.00090    0.01405    0.00429
  182    0.00130    0.02110   -0.01115
  183    0.00324    0.01252   -0.01752
  184    0.00805    0.01213   -0.02807
  185    0.01026    0.00763   -0.04374
  186    0.00820    0.02335   -0.04505
  187    0.00834    0.03071   -0.03796
  188    0.01702    0.02678   -0.05051
  189    0.01833    0.03883   -0.07551
  190    0.01029    0.06074   -0.06288
  191    0.01827    0.05024   -0.05565
  192    0.01113    0.03438   -0.03418
  193    0.01326    0.01645   -0.01737
  194    0.00501    0.00314   -0.00237
  195   -0.00253   -0.00776    0.00813
  196   -0.00464   -0.02867    0.02642
  197    0.03736    0.00766    0.01319
  198    0.02098    0.00819   -0.00889
  199    0.01275    0.00583   -0.01739
  200    0.00705    0.00779   -0.01055
  201    0.00294    0.00840   -0.00367
  202    0.00128    0.01067   -0.00597
  203   -0.00145    0.00727   -0.00654
  204   -0.00879    0.00324   -0.00866
  205   -0.02108   -0.01240   -0.00987
  206   -0.03470   -0.01059   -0.00861
