    1    0.01440   -0.01846    0.02188
    2    0.01200   -0.00411    0.00352
    3    0.00870    0.00009    0.00343
    4    0.01019    0.00272   -0.01000
    5    0.00480    0.00189   -0.00985
    6    0.00607   -0.00203   -0.01667
    7    0.00269   -0.00679   -0.01539
    8    0.00130   -0.00079   -0.00514
    9    0.00213    0.00089    0.00174
   10    0.00255    0.00637    0.01451
   11    0.00189    0.00492    0.02551
   12    0.00319    0.01059    0.04101
   13   -0.00137    0.00551    0.02210
   14   -0.00587    0.00773    0.01301
   15   -0.00649    0.01365   -0.01030
   16   -0.00498    0.01613   -0.02592
   17   -0.00801    0.01947   -0.01414
   18   -0.00976    0.02956    0.00396
   19   -0.01549    0.03577    0.03078
   20   -0.01094    0.03501    0.02133
   21   -0.00261    0.02159    0.01816
   22   -0.00330    0.01278    0.00567
   23   -0.00277    0.00508    0.00136
   24   -0.00119    0.00021    0.00134
   25   -0.00147    0.00058   -0.00206
   26   -0.00116    0.00222   -0.00050
   27    0.00030   -0.00065    0.00074
   28    0.00198   -0.00244   -0.00605
   29    0.00082   -0.00142   -0.00811
   30    0.00032    0.00334   -0.01758
   31   -0.00558    0.00875   -0.01790
   32   -0.00437    0.01746   -0.02392
   33   -0.00718    0.02349   -0.02283
   34   -0.01032    0.02639   -0.01621
   35   -0.00812    0.03733   -0.02293
   36   -0.00246    0.03525   -0.01945
   37   -0.00265    0.02284   -0.02059
   38   -0.00621    0.01694   -0.03741
   39   -0.01877    0.01639   -0.13326
   40   -0.04218   -0.08946    0.38364
   41   -0.03603   -0.04573    0.11523
   42    0.06063    0.10549   -0.34138
   43   -0.12001   -0.00514    0.22329
   44   -0.10404   -0.07352    0.36928
   45    0.01864    0.02565   -0.12345
   46    0.02153    0.02684   -0.11615
   47    0.01053    0.00757   -0.02619
   48    0.00147   -0.00422    0.00366
   49   -0.00023   -0.01182    0.01586
   50   -0.00495   -0.02154    0.02351
   51   -0.01245   -0.03352    0.02665
   52   -0.00613   -0.02909    0.03697
   53    0.00310   -0.00757    0.00594
   54    0.00173    0.01659   -0.03379
   55    0.01803    0.04546   -0.07873
   56    0.00906    0.03371   -0.06176
   57    0.00509    0.03136   -0.06771
   58    0.01152    0.03532   -0.07843
   59    0.00151    0.02719   -0.06897
   60   -0.01194    0.00663   -0.04278
   61   -0.00582    0.00740   -0.02829
   62   -0.00136    0.01233   -0.03467
   63   -0.00265   -0.00251   -0.01898
   64   -0.00459   -0.01145   -0.00616
   65    0.00120   -0.02150    0.01470
   66    0.00087   -0.01365    0.02171
   67    0.00670   -0.02270    0.05237
   68    0.01418   -0.06255    0.08274
   69   -0.00104   -0.06176    0.02220
   70   -0.00182   -0.05323   -0.00589
   71   -0.00908   -0.02344   -0.01553
   72   -0.01000   -0.00733   -0.02347
   73   -0.00766    0.00525   -0.03590
   74   -0.00248    0.01667   -0.03662
   75    0.00151    0.02577   -0.04614
   76   -0.00442    0.03223   -0.04115
   77   -0.00442    0.03259   -0.03370
   78   -0.01635    0.02579   -0.02532
   79   -0.01571    0.02074   -0.01442
   80   -0.02136    0.01814   -0.00797
   81   -0.01426    0.01681   -0.00787
   82   -0.01001    0.02074   -0.00991
   83   -0.00482    0.00663   -0.00762
   84   -0.00290   -0.00024   -0.00737
   85   -0.00112   -0.00515   -0.00977
   86   -0.00302   -0.00869   -0.00708
   87   -0.00359   -0.02072   -0.02015
   88   -0.00454   -0.01957   -0.01151
   89   -0.00433   -0.01477   -0.00225
   90   -0.00738   -0.02442   -0.00449
   91   -0.00937   -0.04564   -0.00757
   92   -0.00280   -0.03817    0.00943
   93   -0.00526   -0.03937    0.00928
   94   -0.00196   -0.01708    0.00431
   95   -0.00270   -0.00376    0.00007
   96    0.00101    0.00856   -0.00217
   97    0.00511    0.01574   -0.00862
   98    0.00441    0.02819   -0.01322
   99    0.00692    0.06721   -0.02257
  100    0.00339    0.03015   -0.00741
  101   -0.00166    0.02326   -0.00063
  102   -0.00795    0.00482    0.00042
  103   -0.00513    0.00015   -0.00045
  104   -0.01244   -0.00565   -0.00591
  105   -0.01242    0.01356    0.01411
  106   -0.00529    0.00869    0.00951
  107   -0.00452    0.01611    0.00978
  108   -0.00237    0.02304    0.01738
  109    0.00089    0.03059    0.01633
  110   -0.00107    0.02996    0.01763
  111    0.00019    0.01327    0.01064
  112   -0.00015    0.00145    0.00521
  113    0.00078   -0.00867    0.00277
  114    0.00840   -0.02854   -0.00775
  115    0.04475   -0.18329   -0.03870
  116    0.03649   -0.06160   -0.00192
  117    0.01337    0.00098    0.01852
  118    0.01233    0.00827    0.02462
  119    0.00641    0.01404    0.02398
  120    0.00167    0.00979    0.01583
  121   -0.00134    0.00919    0.01185
  122   -0.00038    0.00860    0.00467
  123   -0.00052    0.00248    0.00174
  124    0.00055    0.00204   -0.00208
  125   -0.00128   -0.00221   -0.00329
  126   -0.00189   -0.00661   -0.00112
  127    0.00263   -0.01118   -0.00263
  128    0.00573   -0.00995    0.00372
  129    0.00435   -0.00702    0.00734
  130    0.00192   -0.00979    0.01324
  131    0.00141   -0.00602    0.01307
  132    0.00045   -0.00513    0.01422
  133    0.00109   -0.00232   -0.00083
  134    0.00859    0.00345   -0.01900
  135    0.01354    0.00662   -0.03699
  136    0.01323   -0.00140   -0.01667
  137    0.01993   -0.02371   -0.02694
  138    0.03490    0.02561   -0.02349
  139    0.01625   -0.07799   -0.02830
  140    0.10055    0.19710   -0.03823
  141    0.13916    0.32768    0.00775
  142    0.00559   -0.01886    0.00454
  143    0.01467   -0.04156    0.00081
  144   -0.00130   -0.07938    0.00416
  145   -0.00165   -0.03620    0.00633
  146   -0.00954   -0.02857    0.00638
  147   -0.00941   -0.01186    0.00325
  148   -0.00724   -0.00998    0.00276
  149   -0.01216   -0.02162    0.00965
  150   -0.02154   -0.03638    0.00638
  151   -0.02065   -0.06264    0.00781
  152   -0.02135   -0.06650    0.02529
  153   -0.01331   -0.06524    0.02180
  154   -0.00584   -0.02855    0.01684
  155    0.00105   -0.00078    0.00138
  156    0.01337   -0.00676    0.00696
  157    0.01049   -0.00169    0.00508
  158    0.00711    0.00397    0.01303
  159   -0.02038   -0.01454    0.03191
  160   -0.00649   -0.01687    0.01088
  161   -0.01061   -0.01893    0.01097
  162   -0.00372   -0.00618    0.00387
  163   -0.00483    0.00156   -0.00018
  164   -0.00107    0.01686    0.00197
  165   -0.00554    0.03960    0.00169
  166   -0.01233    0.03869   -0.01653
  167   -0.00637    0.00336   -0.00887
  168   -0.00293   -0.00141   -0.00423
  169   -0.00957   -0.00473    0.01500
  170   -0.00175   -0.00402    0.01114
  171    0.00772   -0.00291    0.00893
  172    0.00622   -0.00785    0.00824
  173    0.00553   -0.01112    0.00843
  174    0.00217   -0.00680    0.00722
  175   -0.00521   -0.00849    0.01381
  176   -0.01258   -0.01558    0.03245
  177   -0.00804   -0.01548    0.02945
  178    0.00063   -0.01174    0.03557
  179    0.00054   -0.00436    0.02623
  180    0.00362   -0.00128    0.01884
  181    0.00046   -0.00121    0.01124
  182    0.00101    0.00187    0.00417
  183    0.00018   -0.00243   -0.00127
  184    0.00098   -0.00143   -0.00797
  185    0.00333   -0.00506   -0.01240
  186    0.00224    0.00227   -0.00715
  187    0.00321    0.00850   -0.00724
  188    0.00572    0.00705   -0.01796
  189    0.00576    0.01172   -0.02296
  190    0.00441    0.02232   -0.01815
  191    0.00811    0.02420   -0.02760
  192    0.00542    0.01469   -0.01266
  193    0.00652    0.00758   -0.00923
  194    0.00504    0.00188   -0.00186
  195    0.00493   -0.00412    0.00151
  196    0.00327   -0.01741    0.01103
  197    0.02745   -0.00464    0.05846
  198    0.00896   -0.00708    0.02536
  199    0.00841   -0.00214    0.00785
  200    0.00177   -0.00433    0.00538
  201    0.00017   -0.00648    0.00721
  202   -0.00356   -0.00538    0.00108
  203   -0.00450   -0.01138    0.00231
  204   -0.00224   -0.01633   -0.00161
  205    0.00867   -0.03095   -0.00362
  206    0.00423   -0.06423   -0.01412
