    1   -0.00599    0.02390   -0.02687
    2   -0.00827    0.01045   -0.00811
    3   -0.01141    0.00508   -0.00526
    4   -0.01643   -0.00173    0.00842
    5   -0.01138   -0.00367    0.01329
    6   -0.01834   -0.00390    0.02067
    7   -0.01781    0.00039    0.01257
    8   -0.01425    0.00147    0.00490
    9   -0.01014    0.00377   -0.00327
   10   -0.01014    0.00523   -0.01417
   11   -0.00558    0.00632   -0.02610
   12   -0.00400    0.00460   -0.03662
   13    0.00332    0.00419   -0.02636
   14    0.00970   -0.00382   -0.01978
   15    0.00629   -0.00546   -0.00415
   16    0.00358   -0.01789    0.01404
   17    0.01478   -0.02930    0.01834
   18    0.02004   -0.02493    0.00250
   19    0.01943   -0.01995   -0.02458
   20    0.01341   -0.01144   -0.01938
   21   -0.00116   -0.00022   -0.01905
   22   -0.00122    0.00515   -0.01245
   23   -0.00391    0.00608   -0.00612
   24   -0.00086    0.00869   -0.00500
   25   -0.00005    0.00427    0.00098
   26    0.00381    0.00194    0.00386
   27    0.00376   -0.00080    0.00585
   28    0.00357    0.00449    0.00182
   29    0.00558    0.00636   -0.00027
   30    0.00048    0.00940   -0.00182
   31    0.00006    0.00791   -0.00355
   32    0.00065    0.00638   -0.00316
   33    0.00343    0.00423   -0.00262
   34    0.00678    0.00473   -0.00072
   35    0.01407    0.00757    0.00454
   36    0.02554   -0.00726    0.01497
   37    0.03143   -0.01656    0.04255
   38    0.01705   -0.03372    0.05475
   39    0.00344   -0.07331    0.14052
   40   -0.06041   -0.17032    0.46606
   41    0.04278    0.17443   -0.61796
   42   -0.03916   -0.04154    0.07444
   43   -0.05902   -0.02356    0.06383
   44    0.01851    0.02329   -0.12526
   45   -0.00160    0.00229   -0.04214
   46    0.00083    0.01041   -0.03859
   47    0.00075    0.00643   -0.01132
   48    0.00205    0.00496   -0.00273
   49    0.00315    0.00125    0.00380
   50    0.00167   -0.00178    0.00755
   51    0.00050    0.00052    0.00502
   52    0.00122    0.00287    0.00124
   53    0.00122    0.00906   -0.01144
   54    0.00097    0.01864   -0.02039
   55   -0.00468    0.02525   -0.04067
   56    0.00006    0.01684   -0.01727
   57   -0.00322    0.00664   -0.00391
   58   -0.01263   -0.00736    0.00161
   59   -0.02006   -0.02039    0.01876
   60   -0.04272   -0.03276    0.02158
   61   -0.04280   -0.03110    0.02817
   62   -0.01584   -0.01408    0.01966
   63   -0.00681   -0.00109    0.00814
   64    0.00055    0.01052   -0.00774
   65    0.00213    0.02020   -0.02323
   66    0.00159    0.01882   -0.02875
   67   -0.00231    0.02480   -0.04964
   68   -0.00133    0.04733   -0.06821
   69    0.00854    0.04257   -0.03057
   70    0.00453    0.03885   -0.00981
   71   -0.00408    0.01722    0.00419
   72   -0.00975    0.00561    0.00315
   73   -0.01787   -0.00622    0.00452
   74   -0.00600   -0.00024    0.00113
   75   -0.00332    0.00229   -0.00104
   76    0.00255    0.00465   -0.00043
   77    0.00316    0.01491   -0.00621
   78    0.00452    0.01770   -0.00372
   79    0.00101    0.00863   -0.00313
   80   -0.00299    0.00757   -0.00179
   81    0.00013    0.00435   -0.00345
   82    0.00297    0.00330   -0.00558
   83    0.00039    0.00651   -0.00361
   84    0.00143    0.00974   -0.00578
   85    0.00329    0.00960   -0.00234
   86    0.00664    0.01493    0.00149
   87    0.00587    0.01887   -0.00205
   88    0.00475    0.02290   -0.00548
   89    0.00713    0.02198   -0.00602
   90    0.01324    0.03008   -0.00275
   91    0.01402    0.04311   -0.00611
   92    0.00952    0.03956   -0.01821
   93    0.01618    0.04206   -0.01576
   94    0.01007    0.02375   -0.00913
   95    0.01250    0.01215   -0.00018
   96    0.00523   -0.00325    0.00670
   97    0.00029   -0.01061    0.01298
   98   -0.00197   -0.02573    0.02161
   99    0.00517   -0.04081    0.02399
  100    0.00855   -0.01618    0.01217
  101    0.01491   -0.01002    0.00639
  102    0.02271    0.00752    0.00202
  103    0.01480    0.00862    0.00362
  104    0.02689    0.01621    0.00766
  105    0.02541    0.00208    0.00384
  106    0.01545   -0.00168    0.00640
  107    0.00937   -0.01013    0.00804
  108    0.00605   -0.01709    0.00696
  109   -0.00127   -0.02788    0.00374
  110   -0.00586   -0.02860   -0.00158
  111   -0.00882   -0.01697   -0.00135
  112   -0.01450   -0.00595   -0.01207
  113   -0.01090    0.01095   -0.01205
  114   -0.01479    0.04244   -0.02206
  115   -0.04008    0.08681   -0.03503
  116   -0.04746    0.04249   -0.03533
  117   -0.03550   -0.00320   -0.02706
  118   -0.02689   -0.00732   -0.01416
  119   -0.01120   -0.01449   -0.00252
  120   -0.00309   -0.01402    0.00654
  121    0.00266   -0.01255    0.01019
  122    0.00100   -0.01180    0.01209
  123   -0.00005   -0.00658    0.01026
  124   -0.00293   -0.00321    0.00823
  125   -0.00451   -0.00021    0.00610
  126   -0.00269   -0.00426    0.01053
  127   -0.00275   -0.00451    0.01222
  128   -0.00005   -0.00719    0.01255
  129   -0.00033   -0.00883    0.01036
  130   -0.00067   -0.00818    0.00880
  131   -0.00296   -0.00587    0.00624
  132   -0.00666   -0.00255    0.00632
  133   -0.00910    0.00180    0.00692
  134   -0.01711    0.01604   -0.00350
  135   -0.01555    0.03409   -0.00932
  136   -0.00076    0.03764   -0.01656
  137    0.01285    0.09018   -0.02821
  138    0.06530    0.15667   -0.04057
  139   -0.07331   -0.29650   -0.01565
  140    0.03106    0.02814   -0.01703
  141    0.01398   -0.02232   -0.01022
  142    0.00516   -0.04653    0.00043
  143    0.00689   -0.01522    0.00174
  144    0.00184   -0.01095    0.00711
  145   -0.00024   -0.00274    0.00826
  146   -0.00286    0.00222    0.00653
  147   -0.00208    0.00352    0.00499
  148    0.00048    0.00733    0.00123
  149   -0.00105    0.00968   -0.00282
  150   -0.00017    0.01105    0.00016
  151   -0.00094    0.00550    0.00479
  152    0.00167   -0.00615    0.00761
  153    0.00335   -0.01736    0.00932
  154    0.00262   -0.01490    0.01106
  155    0.00535   -0.01490    0.00805
  156    0.00897   -0.00419    0.00025
  157    0.01616    0.01292   -0.01049
  158    0.02997    0.01504   -0.01811
  159    0.04817    0.03006   -0.03434
  160    0.01980    0.02234   -0.01425
  161    0.01027    0.01384   -0.00876
  162   -0.00033   -0.00163    0.00044
  163   -0.00303   -0.01292    0.00693
  164   -0.00400   -0.02505    0.01005
  165    0.00034   -0.04345    0.01010
  166    0.00127   -0.04998    0.02201
  167   -0.00061   -0.01774    0.02159
  168    0.00182   -0.00826    0.02356
  169    0.00851    0.00166    0.00469
  170    0.01488    0.00485   -0.00050
  171    0.01226    0.00000   -0.00083
  172    0.00498   -0.00264    0.00276
  173    0.00361   -0.00431    0.00503
  174    0.00007   -0.00446    0.00531
  175   -0.00020   -0.00826    0.01104
  176   -0.00102   -0.00768    0.01444
  177    0.00051   -0.00724    0.00947
  178    0.00532   -0.00635    0.00745
  179   -0.00078   -0.00763    0.00678
  180   -0.00397   -0.00958    0.00628
  181   -0.00117   -0.01012    0.00987
  182   -0.00139   -0.01243    0.01280
  183   -0.00161   -0.00956    0.01354
  184   -0.00409   -0.00796    0.01649
  185   -0.00308   -0.00885    0.02041
  186   -0.00211   -0.01275    0.02031
  187   -0.00439   -0.01558    0.02129
  188   -0.00836   -0.01355    0.02887
  189   -0.00863   -0.01890    0.03820
  190   -0.00597   -0.02857    0.03226
  191   -0.01022   -0.02672    0.03563
  192   -0.00640   -0.01617    0.02116
  193   -0.00713   -0.00520    0.01201
  194   -0.00190    0.00311    0.00257
  195    0.00297    0.01145   -0.00439
  196    0.00531    0.02417   -0.01651
  197    0.01420   -0.00260    0.00475
  198    0.00897    0.00004    0.00200
  199    0.01026    0.00081    0.00213
  200    0.00492    0.00072    0.00356
  201    0.00250   -0.00258    0.00744
  202   -0.00096   -0.00002    0.00624
  203   -0.00287   -0.00161    0.00843
  204   -0.00561    0.00053    0.00827
  205   -0.00242   -0.00038    0.00874
  206   -0.00682    0.00400    0.00826
