    1    0.00027   -0.02925    0.02339
    2    0.00347   -0.02296    0.01747
    3    0.00431   -0.01614    0.01470
    4    0.01293   -0.01075    0.01552
    5    0.00975   -0.00693    0.00833
    6    0.02054   -0.00209    0.00649
    7    0.00818   -0.00720    0.00584
    8    0.00037   -0.01207    0.00282
    9   -0.00290   -0.01609    0.00208
   10   -0.01198   -0.01584   -0.00677
   11   -0.01926   -0.01074   -0.01462
   12   -0.02887   -0.00627   -0.03205
   13   -0.02340   -0.00055   -0.02622
   14   -0.02565    0.01172   -0.03276
   15   -0.01437    0.01170   -0.01733
   16   -0.00708    0.02125   -0.00793
   17   -0.02290    0.04093   -0.03508
   18   -0.02560    0.00757   -0.04913
   19   -0.03732    0.00336   -0.05408
   20   -0.02610   -0.01020   -0.03512
   21   -0.02248   -0.01479   -0.02679
   22   -0.01316   -0.01769   -0.01148
   23   -0.00856   -0.01863   -0.00372
   24   -0.00650   -0.01969   -0.00132
   25   -0.00448   -0.01956    0.00093
   26   -0.00397   -0.01833    0.00044
   27   -0.00505   -0.01538    0.00073
   28   -0.00359   -0.01984   -0.00098
   29    0.00058   -0.02334   -0.00591
   30    0.00298   -0.01961   -0.00465
   31   -0.00109   -0.01695   -0.00311
   32    0.00151   -0.01895   -0.00204
   33    0.00006   -0.01663   -0.00401
   34    0.00276   -0.02023   -0.00488
   35    0.01341   -0.01585    0.00127
   36    0.01980   -0.01054    0.00608
   37    0.02952    0.00136    0.02875
   38    0.01656    0.00650    0.02513
   39    0.01678    0.01352    0.07076
   40   -0.02643   -0.05068    0.32470
   41    0.06155    0.07991   -0.02890
   42    0.03168    0.01647    0.03454
   43    0.04553    0.01575   -0.03234
   44    0.09727    0.05735   -0.23223
   45    0.03197   -0.00412   -0.02169
   46    0.02063   -0.01168   -0.00369
   47    0.00941   -0.01799   -0.00681
   48    0.00071   -0.01595   -0.00315
   49   -0.00394   -0.01511   -0.00088
   50   -0.00576   -0.00870   -0.00114
   51   -0.00803   -0.00450   -0.00154
   52   -0.00700   -0.00905   -0.00134
   53   -0.00232   -0.01422   -0.00018
   54    0.00050   -0.01821    0.00308
   55    0.01030   -0.01006   -0.00155
   56    0.01362   -0.00605    0.00140
   57    0.02212    0.00741    0.00226
   58    0.01342   -0.00423    0.00597
   59    0.00673    0.00412    0.01173
   60   -0.00574    0.00481    0.01563
   61   -0.01068    0.02537    0.01908
   62   -0.00386    0.02181    0.00409
   63   -0.00794    0.03646   -0.00638
   64   -0.01529    0.02445   -0.01637
   65   -0.01531    0.01761   -0.02804
   66   -0.01537    0.00033   -0.02068
   67   -0.01518   -0.00221   -0.01675
   68   -0.02381    0.02379   -0.04453
   69   -0.00817    0.03189   -0.02756
   70   -0.00854    0.03108   -0.01026
   71   -0.00199    0.03172   -0.00038
   72   -0.00195    0.01151    0.00059
   73    0.00153   -0.00103   -0.00074
   74    0.00223   -0.00616   -0.00174
   75    0.00597   -0.01257    0.00048
   76    0.00685   -0.01179    0.00220
   77    0.00945   -0.01112    0.00197
   78    0.00051   -0.01754   -0.00306
   79   -0.00133   -0.02128   -0.00262
   80    0.00084   -0.02434   -0.00214
   81   -0.00379   -0.02385   -0.00635
   82   -0.00577   -0.02029   -0.00709
   83   -0.00569   -0.01992   -0.00249
   84   -0.00519   -0.01727   -0.00357
   85   -0.00271   -0.01844   -0.00255
   86   -0.00174   -0.01915   -0.00371
   87    0.00152   -0.01312   -0.00517
   88   -0.00011   -0.00825   -0.00689
   89   -0.00293   -0.01772   -0.00491
   90   -0.00028   -0.02338   -0.00450
   91    0.00159   -0.01040   -0.00732
   92   -0.00242   -0.00882   -0.00945
   93    0.00109   -0.02817   -0.00166
   94   -0.00083   -0.02674    0.00052
   95    0.00053   -0.02994    0.00359
   96    0.00328   -0.02025    0.00523
   97    0.00726   -0.01915    0.00837
   98    0.01411   -0.00753    0.00846
   99    0.01115   -0.02272    0.01094
  100    0.00408   -0.02799    0.00669
  101   -0.00292   -0.02578    0.00054
  102   -0.00165   -0.03446   -0.00175
  103   -0.00254   -0.02822   -0.00326
  104   -0.00429   -0.03822   -0.01186
  105   -0.01058   -0.02665   -0.00822
  106   -0.01071   -0.01804   -0.00340
  107   -0.00886   -0.01108    0.00035
  108   -0.01386    0.00297    0.00029
  109   -0.01127    0.02125    0.00534
  110   -0.01579    0.04394    0.01347
  111   -0.00756    0.03955    0.00941
  112   -0.00848    0.05214    0.01283
  113   -0.00338    0.02418    0.00866
  114    0.00326   -0.00131    0.01709
  115    0.00326    0.02098    0.02921
  116   -0.00075    0.05470    0.06795
  117   -0.00860    0.07222    0.03841
  118   -0.00808    0.04180    0.03096
  119   -0.01340    0.02815    0.01295
  120   -0.01116    0.01272    0.00556
  121   -0.01007    0.00130    0.00260
  122   -0.00427   -0.00296    0.00269
  123   -0.00263   -0.00932    0.00308
  124   -0.00067   -0.01261    0.00345
  125   -0.00227   -0.01544    0.00367
  126    0.00003   -0.00721    0.00517
  127    0.00407    0.00085    0.01010
  128    0.00233    0.00571    0.00771
  129   -0.00232    0.00735    0.00610
  130   -0.00129    0.00736    0.00648
  131   -0.00079    0.01026    0.00721
  132    0.00042    0.01007    0.00636
  133    0.01207    0.00811    0.00498
  134    0.01755   -0.00068    0.01406
  135    0.03897   -0.03719    0.01582
  136    0.01847   -0.03843    0.01344
  137    0.02775   -0.16096   -0.00386
  138   -0.02205   -0.62670   -0.10418
  139    0.04692    0.30745   -0.00633
  140   -0.00194   -0.01610    0.00381
  141    0.02235    0.10327    0.01876
  142    0.07465    0.28774    0.02279
  143    0.01947    0.05951    0.01558
  144    0.00839    0.03244    0.00727
  145    0.00403    0.00672    0.00563
  146    0.00105   -0.00922    0.00210
  147   -0.00076   -0.01570    0.00287
  148   -0.00376   -0.01767    0.00157
  149   -0.00686   -0.01520    0.00117
  150   -0.00668   -0.01503    0.00201
  151   -0.00524   -0.00389    0.00208
  152   -0.00749    0.01636   -0.00254
  153   -0.00222    0.04701   -0.00502
  154    0.00851    0.03318   -0.00962
  155    0.01249    0.03044   -0.01205
  156   -0.00089    0.01846    0.01024
  157   -0.01727   -0.00669    0.01487
  158   -0.04918   -0.01971    0.02596
  159   -0.07126   -0.04419    0.02412
  160   -0.02890   -0.01556   -0.00137
  161   -0.01223    0.01075   -0.01714
  162   -0.00718    0.02753   -0.01113
  163   -0.00222    0.04707   -0.00663
  164   -0.00340    0.04277    0.00077
  165   -0.00537    0.06450   -0.00137
  166   -0.00420    0.10690   -0.02176
  167    0.01081    0.06019   -0.02477
  168    0.00594    0.03504   -0.02640
  169   -0.00868    0.01137   -0.02466
  170   -0.01708    0.00706   -0.00071
  171   -0.01577    0.00926    0.01271
  172   -0.00539    0.00973    0.00668
  173   -0.00064    0.01071    0.00752
  174    0.00313    0.01081    0.00241
  175    0.00362    0.01656   -0.00430
  176   -0.00261    0.01754   -0.01385
  177   -0.01031    0.00725   -0.00242
  178   -0.01269    0.00057    0.00131
  179   -0.01101    0.00475    0.00582
  180   -0.00799    0.01013    0.00741
  181   -0.00570    0.00200    0.00434
  182   -0.00265    0.00589    0.00335
  183   -0.00032    0.00247    0.00336
  184    0.00342    0.00064    0.00171
  185    0.00564    0.00969   -0.00125
  186    0.00429    0.01560   -0.00462
  187    0.00503    0.00753   -0.00177
  188    0.01325    0.00811   -0.00664
  189    0.01591    0.02141   -0.01614
  190    0.01274    0.02835   -0.01062
  191    0.01982    0.01099   -0.00015
  192    0.01078   -0.00214    0.00413
  193    0.01121   -0.01382    0.00997
  194    0.00277   -0.02020    0.00786
  195    0.00161   -0.02654    0.00992
  196   -0.00052   -0.02709    0.00625
  197   -0.01832   -0.00705   -0.01034
  198   -0.00261   -0.01156   -0.00799
  199   -0.00276   -0.01755   -0.00688
  200   -0.00343   -0.01883   -0.00219
  201   -0.00451   -0.01471    0.00152
  202   -0.00252   -0.01585    0.00291
  203   -0.00007   -0.01046    0.00616
  204    0.00501   -0.00788    0.00657
  205    0.01021    0.00191    0.00766
  206    0.02484    0.00963    0.01013
